3
3 3
17 12
0 0 0 0 1 2 3 4 5 6 7 8 9 10 11 12 13 14 14 14 14 
0 0 0 0 1 2 3 4 5 6 7 8 9 9 9 9 
0.745855913890469 1.29186008212142 1.41269538109489 1
0.683336940904168 1.23999006467441 1.40730829643025 1
0.566295970786604 1.14388368760672 1.39756430233575 1
0.418506656106273 1.00436550647608 1.37905763656311 1
0.281709583917589 0.878353084625583 1.36299591288544 1
0.149899325997926 0.760363882169592 1.34869090090347 1
0.0222529283542063 0.643738591098258 1.33403069606724 1
-0.112683475668497 0.538304699419593 1.32462970882994 1
-0.257395422750147 0.44576375003272 1.32155908104185 1
-0.40979339861627 0.366760533717573 1.32462702907539 1
-0.568750555440019 0.302549588947753 1.33403980379475 1
-0.733513737011875 0.250345721713362 1.34869776102937 1
-0.901772229324679 0.195128824132182 1.36301591967665 1
-1.07933981609985 0.139663302580467 1.37908460712213 1
-1.27380116491948 0.0815033249179469 1.39756400469567 1
-1.41547851501684 0.0282280008093834 1.40730432355955 1
-1.49171157295599 -5.48350671752397E-08 1.41269494872654 1
0.745716699702787 1.29161884696127 1.40064579502602 1
0.684436329164407 1.24397619872619 1.39141816727104 1
0.568592394179426 1.15487727972795 1.37446037164856 1
0.422150339790725 1.0191077333069 1.34563974770157 1
0.286096658261486 0.892150939127898 1.32065958889242 1
0.154407755090298 0.770859614770328 1.29912150658293 1
0.0261022709798548 0.650193181339358 1.27911351402453 1
-0.110175348141647 0.540742523735566 1.26630305672804 1
-0.257162636078238 0.445366140737226 1.26190407615456 1
-0.413193840127095 0.365843553771689 1.26620297224788 1
-0.576271282753679 0.302467491254475 1.27906997916952 1
-0.744843411475488 0.251706189630894 1.29913311383621 1
-0.915875317273675 0.198246816596939 1.32070272371279 1
-1.09388169849583 0.143897717867591 1.34569315512602 1
-1.28446504328364 0.0850118493732154 1.37446041170087 1
-1.41948533152103 0.0292672862446263 1.39141395090937 1
-1.49143301900285 -6.17127613850556E-10 1.40064535728777 1
0.745437429295352 1.29113491753868 1.37647374139464 1
0.686749069196316 1.25178673731473 1.35953203332497 1
0.573466948488991 1.17646716838905 1.328088397605 1
0.428777144013571 1.04986344200043 1.27866395461859 1
0.292693001229386 0.923647443552156 1.23593144933178 1
0.159583589796822 0.798613430291351 1.20003488430259 1
0.028424114462826 0.672493000049428 1.16943835539461 1
-0.111682917407441 0.556956739659238 1.14989196441795 1
-0.263710428947675 0.456716264748468 1.14287153608717 1
-0.426554228647961 0.375327771757484 1.14959647618824 1
-0.596758558815587 0.311654757721751 1.16928923591254 1
-0.771437372331509 0.26113039820645 1.20005581363448 1
-0.946369137422641 0.208315539199695 1.23602079824591 1
-1.12373420053318 0.153571094457919 1.27877023001095 1
-1.30558989310667 0.0915870407496182 1.32808915245456 1
-1.42741579254636 0.0311661423450377 1.35952732003086 1
-1.49087422627288 1.08146686791852E-07 1.37647329288411 1
0.745024369496818 1.29041915323112 1.34072164114592 1
0.690413765359452 1.26291651205719 1.3123034903985 1
0.581285675209605 1.20734556256595 1.25933441415375 1
0.437026617295789 1.09804090021767 1.18002711278939 1
0.297437473548897 0.978912307928587 1.11198488337341 1
0.15844374134258 0.854894275212465 1.05588686734101 1
0.0195801254985704 0.726738474354595 1.01058265567314 1
-0.128780292529705 0.606685402282199 0.981782245416754 1
-0.289344405555689 0.5011239489411 0.971180664368027 1
-0.461182595489869 0.415102089969713 0.981197706616822 1
-0.639339249826691 0.346506701226782 1.0102774989887 1
-0.819561874880318 0.290291823354034 1.05592021045455 1
-0.996478977872431 0.231879397562782 1.11214134206523 1
-1.16943594596806 0.170559190628075 1.18021045022612 1
-1.33622697525698 0.100259300405132 1.25933648187 1
-1.43890127088143 0.0335517724789531 1.3122979841148 1
-1.49004773407636 2.69015715769049E-07 1.34072117670248 1
0.744615496048285 1.28971064317565 1.30533188747617 1
0.694211317354924 1.27363909593671 1.26545235926312 1
0.589449413038096 1.23717630908887 1.19102457057953 1
0.444111163402592 1.14760264162777 1.08303397203779 1
0.298641934133487 1.03966416406248 0.991374257993183 1
0.151187629643336 0.921216482214983 0.916849432813801 1
0.00227135862131675 0.79524816589739 0.858431848887085 1
-0.15606289780104 0.673848287355609 0.821545706805003 1
-0.325830783072049 0.564324974905576 0.807848155145687 1
-0.505818426703476 0.472411362403914 0.820674993562911 1
-0.690043127994034 0.395819986038553 0.857972432866825 1
-0.873322955124949 0.32976340870628 0.916892980927443 1
-1.0495697171204 0.261246053945147 0.991595260711671 1
-1.21575294030156 0.189242678803424 1.08329187275369 1
-1.36612994829116 0.108110097628318 1.19102832533656 1
-1.45010019917947 0.0356185778313888 1.26544598012311 1
-1.48922961835613 4.28254341443906E-07 1.30533140726128 1
0.744202412329056 1.28899483741748 1.26957771678856 1
0.698153222667731 1.2842898293311 1.2179793497886 1
0.597959879282453 1.26685936449269 1.12166332886453 1
0.450599193475732 1.19883407393758 0.985929022811745 1
0.297696872040453 1.10478548323173 0.872385934259648 1
0.140062940322083 0.994791592733461 0.781406647098045 1
-0.0205118571782245 0.873634972697008 0.7117310788793 1
-0.19003961141614 0.752808694003676 0.668155760477552 1
-0.369572667165203 0.640090797532985 0.651948572957545 1
-0.557327001204841 0.54141659522035 0.666995852452568 1
-0.746565536972869 0.454813069587889 0.711116085608463 1
-0.931429320841765 0.37620766041643 0.781457636597788 1
-1.10536711000024 0.294655597840284 0.872669548758393 1
-1.26321455387624 0.209274804670157 0.986259888899314 1
-1.39607857800649 0.115587568304084 1.12166932167791 1
-1.46130910523758 0.0375242437722062 1.21797196774188 1
-1.48840307829665 5.89132686503032E-07 1.26957722063983 1
0.743787941564577 1.28827662813931 1.23370349137519 1
0.70219554935233 1.29482534353584 1.17022888675927 1
0.606716505642227 1.29626529117054 1.05177457718362 1
0.456554440955441 1.25119789618573 0.88924890520616 1
0.294957758316913 1.17322679597633 0.755422935324574 1
0.125758169732835 1.07405612925205 0.649764348172767 1
-0.0477588111592024 0.959882526420607 0.57047806915754 1
-0.229442903870568 0.841234072541262 0.521443915787599 1
-0.419160458253688 0.725980248963628 0.503242041871615 1
-0.614320976743942 0.619853293000524 0.51999377967493 1
-0.807665142152801 0.52160207308146 0.569707205271777 1
-0.992871728420184 0.428247132469822 0.649820375425936 1
-1.16314111300791 0.331275842257016 0.755767173346436 1
-1.31138862205262 0.230331998482026 0.889650978878734 1
-1.42591051854349 0.122713926544608 1.05178326734728 1
-1.47246838735771 0.0392851954070723 1.17022039594776 1
-1.48757376289548 7.50551226040902E-07 1.23370297923911 1
0.743373684217388 1.28755878867801 1.19784773814516 1
0.706302842641078 1.30523932323586 1.12240905815156 1
0.615635951417343 1.32536630761352 0.981687338652273 1
0.462080142953874 1.30427330504869 0.793216185641615 1
0.290842817095061 1.2440178811575 0.640450056542731 1
0.109043915737728 1.15746519846139 0.521576513068066 1
-0.0783656491716869 1.05192840165947 0.434025586396588 1
-0.272911369335705 0.936688866030749 0.380532486590467 1
-0.47310543789438 0.819415196758435 0.360753497047109 1
-0.675371032227162 0.705324487827325 0.378792222288252 1
-0.872107330201413 0.594199642859801 0.433099114436153 1
-1.05669796814742 0.484442767103324 0.521635642595976 1
-1.22226135654501 0.370260081895564 0.64085313713878 1
-1.35996322618891 0.252114929290381 0.793687836257988 1
-1.45556002642107 0.129547290993258 0.9816990843383 1
-1.4835548171234 0.040929029886396 1.1223993775762 1
-1.48674487452141 9.11886648721913E-07 1.19784721002997 1
0.742959931391321 1.28684182346837 1.16203565338595 1
0.710452240076825 1.31555904394244 1.07457738628374 1
0.624662095217343 1.35422829747425 0.911510557162943 1
0.46729948109323 1.35780296128326 0.697746205382222 1
0.285765272446562 1.31639840505727 0.527056774940523 1
0.0906519965086026 1.24371321087237 0.396071034208002 1
-0.111305643937626 1.14796714075929 0.301265907408454 1
-0.319197244693806 1.03699809684753 0.244063045254391 1
-0.530063915829345 0.918068711085072 0.223019574686595 1
-0.739217060267116 0.795662235918521 0.242032969150665 1
-0.938841558559615 0.670813920721139 0.300184152856156 1
-1.12214352663672 0.543508809738644 0.396131820429156 1
-1.28227633565085 0.410870978359696 0.527517321262527 1
-1.408777506609 0.27438883437126 0.698286159205643 1
-1.48505604369272 0.136169060670428 0.911525622858604 1
-1.49458059751542 0.0424892156465744 1.07456645654777 1
-1.48591699564469 1.07302558212124E-06 1.1620351093111 1
0.742546505360886 1.28612542454149 1.12625185419264 1
0.714638013621033 1.3258019444663 1.02671874690667 1
0.633780070885925 1.38289611673599 0.841227619053442 1
0.472262469385241 1.41172712961436 0.602763470009929 1
0.279877214711643 1.39013230088345 0.415083017393696 1
0.0708452353675203 1.33236839195127 0.272998571153039 1
-0.146215015532299 1.24738552271224 0.171869186004366 1
-0.367862778540287 1.14141235172678 0.111646615165944 1
-0.589569427458143 1.02113300484822 0.0896267181441712 1
-0.805428856296951 0.890112847666443 0.109326922020514 1
-1.00751854887849 0.750823316742575 0.170632397123567 1
-1.18896594673582 0.605002077532077 0.273059680735735 1
-1.34305769795974 0.452859060587555 0.415599778246835 1
-1.45780478659513 0.297080773351236 0.603370574624185 1
-1.51442995477711 0.142614488607732 0.841246249923419 1
-1.50555798151583 0.0439794401750153 1.0267065127838 1
-1.48508977065401 1.23403724267539E-06 1.12625129417074 1
0.742270852702652 1.28564776407986 1.10239293229815 1
0.71745041934904 1.33259413073539 0.994769203642075 1
0.639913237713822 1.40191738469348 0.794267255974161 1
0.475434587668539 1.44791836632829 0.53968603848231 1
0.27550903801681 1.44006047875125 0.341239697442871 1
0.0568628617392025 1.39282354726633 0.192370683402522 1
-0.170574448628447 1.31554933591669 0.0875912300911633 1
-0.401622676057755 1.21330290114751 0.0257765448959238 1
-0.630652367918033 1.09228878587548 0.00328161045600846 1
-0.850887748948788 0.955360097821713 0.0232637280572792 1
-1.05439265316 0.806046220902634 0.0862511487686822 1
-1.23429566492819 0.647346204021413 0.192431191909867 1
-1.38402569765146 0.481619957335144 0.341793200158007 1
-1.49063042569376 0.312447224118964 0.540337242542557 1
-1.53396141521374 0.146819074034725 0.79428841585223 1
-1.51285562365092 0.0449357293029865 0.994756065351809 1
-1.48453821668582 1.34139209933858E-06 1.10239236164352 1
0.74213292052023 1.28540875042278 1.09045430929255 1
0.71886186915022 1.335985616082 0.978773085592374 1
0.642992575552712 1.41141731429678 0.770746387001635 1
0.476995359840812 1.46607378231815 0.5081808403801 1
0.273237678778343 1.46519196594932 0.304476141967321 1
0.0497161016598082 1.42333445390591 0.152352989247285 1
-0.182973203610313 1.35002053588331 0.0458766749751884 1
-0.418769494892308 1.24971548079448 -0.0166383438859589 1
-0.651481994630556 1.12836569176967 -0.0393307341517178 1
-0.873888555681214 0.988448472939066 -0.0192478015194633 1
-1.07805739767191 0.834042010911975 0.0444849253779648 1
-1.2571280492491 0.668794492981634 0.152413010236144 1
-1.40461094547377 0.496159541142921 0.305047860668311 1
-1.50708228500685 0.320182127789972 0.508853957092452 1
-1.54372426242095 0.148905000238444 0.770768847094706 1
-1.51650307652038 0.045407018772715 0.978759486990138 1
-1.48426222789963 1.39511075298064E-06 1.09045373331747 1
1
