3
3 3
17 12
0 0 0 0 1 2 3 4 5 6 7 8 9 10 11 12 13 14 14 14 14 
0 0 0 0 1 2 3 4 5 6 7 8 9 9 9 9 
-1.49171157295599 -5.48350671752397E-08 1.41269494872654 1
-1.39929083719356 -0.0216829667905767 1.41873849939486 1
-1.23037725204412 -0.06039879881284 1.42995841925843 1
-1.02000332990753 -0.0850622892299752 1.44843035913982 1
-0.838366815754959 -0.111263084849979 1.46344209262356 1
-0.66716301275386 -0.139746666813476 1.47686830420599 1
-0.497717644983391 -0.165839577224138 1.49055726659982 1
-0.329286667928276 -0.210841785335643 1.50052357475903 1
-0.16607261900831 -0.287564702515304 1.503857703024 1
-0.0179363023158547 -0.390606965100962 1.5005044969649 1
0.105175014120047 -0.513879207216951 1.49053065379739 1
0.212402959743305 -0.647460472348405 1.47683799534638 1
0.322626772901397 -0.781434225790872 1.4634005102905 1
0.436179008725232 -0.925660173533324 1.4483720569179 1
0.562763612983795 -1.09560210738353 1.42986900690954 1
0.68080502987228 -1.22259487794516 1.41862603540212 1
0.74585311479549 -1.29185549872189 1.41256799602813 1
-1.49143539615569 -1.0798183334009E-09 1.40074818735062 1
-1.4041286962983 -0.0233615660548815 1.40221416234608 1
-1.2426669469804 -0.0655237904939135 1.40480664433963 1
-1.0353410044392 -0.0907165247107024 1.4102046463009 1
-0.852640948959064 -0.115512366810415 1.41400251337684 1
-0.678428548839744 -0.141883062023991 1.4177788895038 1
-0.505090888867408 -0.166293985214761 1.42357767304006 1
-0.332583960840719 -0.21019071935889 1.42806704601592 1
-0.165810495783189 -0.287107616106672 1.42928747053558 1
-0.0157145791726309 -0.393084306499137 1.42814565136997 1
0.10847592507857 -0.520468140660517 1.42360243775411 1
0.216204609190138 -0.658296737819425 1.41774588230099 1
0.326117349909048 -0.79594212108474 1.41393769763871 1
0.438986734139571 -0.941797836939172 1.41011194763026 1
0.564486358891496 -1.10882493805799 1.40470447951924 1
0.681775202075985 -1.22762919084897 1.40209877576736 1
0.745714994160841 -1.29161626642329 1.40061976637194 1
-1.49088361002323 1.06320226950294E-07 1.37687921194057 1
-1.41375546451488 -0.026647752387911 1.36920293330626 1
-1.26714714945041 -0.0756351897754173 1.35456139308562 1
-1.06625222332488 -0.102476478645997 1.33380782838474 1
-0.881875927924742 -0.12524235979298 1.31516084127312 1
-0.702127970406824 -0.148215094628237 1.29961481260318 1
-0.521453259936501 -0.170026761190826 1.2896101042837 1
-0.34114088591713 -0.212300363496978 1.28312659624797 1
-0.167404188485578 -0.28986164753317 1.28011068210649 1
-0.0132448682643689 -0.401444434440779 1.2834003621685 1
0.113439957421013 -0.536457317371062 1.28973752081001 1
0.222608473324262 -0.682010854001287 1.29957640294324 1
0.332374715121376 -0.826169257269577 1.315049555026 1
0.444328405732502 -0.974504189578168 1.33364635149352 1
0.568002230258951 -1.13511540435636 1.35443374808388 1
0.683752597071166 -1.23761984959954 1.36908171065063 1
0.74543903669184 -1.29113829338333 1.37674785741827 1
-1.49005570893461 2.67463483688165E-07 1.34106615038728 1
-1.42804707771702 -0.0313143805829341 1.31965279114724 1
-1.30358843133074 -0.0903060424386173 1.27913535962881 1
-1.11367615475363 -0.121930498608645 1.21931912992198 1
-0.928537732163488 -0.144686634373737 1.16722613397024 1
-0.742341817414474 -0.165778410404895 1.12293278149544 1
-0.552375851158193 -0.186664437441158 1.08944209659694 1
-0.361673053326567 -0.228790443650027 1.06666839323877 1
-0.178068062362018 -0.308322003554727 1.0573723836578 1
-0.0172328665453505 -0.427313133101152 1.06723500726046 1
0.114515649705592 -0.571484346044644 1.08972351866818 1
0.22756116646463 -0.725655140343715 1.12288633085931 1
0.338963454720113 -0.876371377447002 1.16704541821912 1
0.451295944352793 -1.02539046384957 1.21905477914379 1
0.573566254302222 -1.17406147258364 1.27896949237283 1
0.686872029933439 -1.25234564891452 1.31952279431123 1
0.745024989517478 -1.29042114161594 1.34093039436987 1
-1.4892308423818 4.28016096217931E-07 1.30538435574399 1
-1.44210450076279 -0.0356490161479401 1.27024864948208 1
-1.33955156236186 -0.104326308850928 1.20391828157617 1
-1.16217242629088 -0.143471562569827 1.10549420514785 1
-0.978365669849479 -0.169839587317071 1.02048743562461 1
-0.787961323536827 -0.192895209432963 0.947986239713533 1
-0.590786647226045 -0.216406961780561 0.891496978625527 1
-0.391307160393232 -0.261114929483881 0.852801472109019 1
-0.198561145198605 -0.343806522114882 0.837383777774983 1
-0.0303837056565378 -0.468982314103805 0.853659912022557 1
0.107985974823666 -0.619548608093078 0.891931817830251 1
0.22694206083867 -0.778758334727014 0.94793189298336 1
0.342188201749071 -0.932174076383826 1.02023806949028 1
0.456988864388538 -1.07825362188757 1.10512792871182 1
0.57945439059295 -1.2122681076935 1.20371434686322 1
0.690161996487741 -1.26670230672534 1.27010987910972 1
0.744612459965203 -1.28970661845087 1.30524421436444 1
-1.48840207414601 5.89328135097656E-07 1.26953378343562 1
-1.45598815810957 -0.0395880200757747 1.22047463856003 1
-1.37522943572516 -0.117624184438734 1.12808730924211 1
-1.2125449025215 -0.167966848179351 0.992064330280992 1
-1.03283937891571 -0.20274990958793 0.875554384305992 1
-0.841135007897085 -0.232850593471089 0.77637175283137 1
-0.639424614732534 -0.263689254193614 0.698309570041478 1
-0.433209155129721 -0.31459788255339 0.64479720378067 1
-0.232192168652707 -0.402046302151293 0.623746542191651 1
-0.0557248105162809 -0.531854761406633 0.645949045622908 1
0.0913800901032002 -0.685239021882424 0.698898460560358 1
0.218980853874199 -0.844824380171762 0.776309913927175 1
0.34101458176205 -0.99588524992137 0.875238049029678 1
0.461058046036008 -1.13422583066027 0.991597829916725 1
0.58582564514396 -1.24986692713014 1.12784518321539 1
0.693707995837695 -1.28071036962473 1.22032693264875 1
0.744197979116047 -1.28898871553564 1.26938923595082 1
-1.48757437390869 7.50432297995138E-07 1.23372941023913 1
-1.46953458937471 -0.0429688436379443 1.17051423396099 1
-1.41025609153142 -0.129856615013341 1.05187921293972 1
-1.26504129620131 -0.196221734711851 0.880497882842087 1
-1.0931044641948 -0.245770370365619 0.735406822385934 1
-0.903993854319593 -0.289648373486361 0.61263070873587 1
-0.701351666774602 -0.334036556405827 0.515846289738878 1
-0.491176471283923 -0.395931405460312 0.449707454592253 1
-0.283113054613823 -0.490233029414148 0.423983440958552 1
-0.0971530369508586 -0.622566473439822 0.451152680253856 1
0.0614440570039654 -0.773970352105811 0.516588864731821 1
0.201275186722125 -0.927700966086231 0.612562199108749 1
0.333976196254745 -1.06967501734127 0.735027294607738 1
0.462928032721128 -1.19392594697004 0.879935305292457 1
0.592793798529935 -1.2863692142329 1.05159904821462 1
0.697569042975268 -1.29414678717165 1.170357382338 1
0.74378403239078 -1.28827173775143 1.23358046232704 1
-1.48674862278075 9.11157084858366E-07 1.19800935094781 1
-1.48270998868019 -0.0457542971502317 1.12025943875647 1
-1.44455750156469 -0.140946913740543 0.975069628715929 1
-1.31973859695957 -0.228436386204186 0.772018419999635 1
-1.15945260027013 -0.299471749755774 0.603152515258015 1
-0.977063047923615 -0.364254072775878 0.461860494845494 1
-0.777312402702667 -0.428778448181196 0.351040551158357 1
-0.566125928759268 -0.506724500977206 0.275875977264216 1
-0.352321813202714 -0.610096099068694 0.247055897522477 1
-0.155602839058252 -0.742716517887002 0.27761448791583 1
0.0173992338323278 -0.887052585628725 0.351936171895036 1
0.173251744581621 -1.02832596296473 0.461786665314626 1
0.320724423736687 -1.15408189871509 0.602716013058392 1
0.46246364936345 -1.25752119915599 0.771366598989144 1
0.600388166274318 -1.32167246006508 0.974751684923214 1
0.701760430166257 -1.30696363548765 1.1200930983627 1
0.743371060447692 -1.2875564483419 1.19785601297077 1
-1.48591574097715 1.07326979150311E-06 1.16198083533277 1
-1.49567363047295 -0.0479999245520059 1.0688962986192 1
-1.47853813048586 -0.151064250341251 0.896318608204783 1
-1.3771395385321 -0.264794247534451 0.667224597639272 1
-1.23234900705902 -0.363987195117608 0.482134694747949 1
-1.06070619557733 -0.456727021343271 0.330386288282607 1
-0.867539967341641 -0.547914937547571 0.213008087328823 1
-0.658154748439981 -0.646937737796225 0.134584397918418 1
-0.439797801237885 -0.761601099720003 0.105205010412295 1
-0.230989990304912 -0.892368314674381 0.13661969517398 1
-0.0406365932746223 -1.02468741374336 0.214057622342244 1
0.135042280816492 -1.14704472277969 0.330309278051881 1
0.301378092809067 -1.24957630561428 0.481650659561115 1
0.459758726861683 -1.32553968700649 0.666493576814739 1
0.608664966784782 -1.35621206451778 0.895962837433265 1
0.706313831738255 -1.31932678365778 1.0687197907903 1
0.742954522334505 -1.28683498213575 1.1618230693809 1
-1.48508969165118 1.23405261984245E-06 1.12624787669338 1
-1.50824752374446 -0.0497362026515759 1.01712155040185 1
-1.51170286453233 -0.160168126510232 0.816634888524126 1
-1.43601213313995 -0.304218835573287 0.568999846060106 1
-1.30984942744714 -0.436984649945538 0.377399120024188 1
-1.15231935611758 -0.563436145611029 0.225432390351396 1
-0.968876741793692 -0.686600353741288 0.110935053300085 1
-0.763734144733421 -0.810781686837767 0.0364979523159065 1
-0.541939007805381 -0.93851033688289 0.00973016905218979 1
-0.3200646439384 -1.06557410062717 0.0388287983633501 1
-0.110045522073487 -1.18171908925243 0.112136680346863 1
0.0884891743684222 -1.27978594365911 0.22535492451368 1
0.276984280157863 -1.35330581987934 0.376880211152596 1
0.455128912369454 -1.39637304873099 0.568203632512646 1
0.617410889845564 -1.38953806507912 0.816241944860643 1
0.711113532971821 -1.33109714987309 1.01693422149481 1
0.7425414012576 -1.2861194344185 1.12608571909122 1
-1.48454035675946 1.34097555388415E-06 1.10248493621537 1
-1.51651958167434 -0.0507353340304205 0.982201470231547 1
-1.53358776461026 -0.165927579504824 0.762717020543724 1
-1.47577855118289 -0.33150274402125 0.507031509613875 1
-1.36303603186216 -0.488383666026297 0.316726414441619 1
-1.21598521294065 -0.639149408715269 0.170575917122781 1
-1.04002036503496 -0.785330615626245 0.0635054562147814 1
-0.838477134709467 -0.927590566624355 -0.00404152787061586 1
-0.614736774131741 -1.06459899644119 -0.0272132911197339 1
-0.383831867464674 -1.188608962438 -0.00151343475929044 1
-0.159956600355526 -1.29264977761099 0.0648078980808064 1
0.0547886221484534 -1.37281143593219 0.170499733152405 1
0.25911302492519 -1.4251443960422 0.316191518631668 1
0.451433297518538 -1.44454674527917 0.506199785404721 1
0.623397153095254 -1.41140564949154 0.762299558228439 1
0.714395249094633 -1.3387689590946 0.982006512353051 1
0.742266669695072 -1.28564358471387 1.10231985810148 1
-1.48426222789963 1.39511075298064E-06 1.09045373331747 1
-1.52070604679378 -0.0512382620949951 0.964403657171397 1
-1.54466491636138 -0.168838037446017 0.735195193613261 1
-1.49592389501754 -0.345336722386078 0.476463889829417 1
-1.38999543233591 -0.5144608859131 0.288168906875574 1
-1.24827083077279 -0.677572709610567 0.146398187324792 1
-1.0761109913181 -0.835440498475816 0.0444145655339131 1
-0.876404744134882 -0.986879095003668 -0.0186235525539941 1
-0.651685927101801 -1.12859703764942 -0.0395270909537185 1
-0.416202436689552 -1.25104971657805 -0.0159954238636695 1
-0.185297164641436 -1.34893674783118 0.0457679709521664 1
0.0376744655259661 -1.41999994699969 0.146323033865618 1
0.250033799733553 -1.46157023088374 0.2876276511214 1
0.449550613958506 -1.46895729337087 0.475616074582659 1
0.626431201292715 -1.42247167329551 0.734765366069964 1
0.716058473977288 -1.34265026869386 0.964204732555051 1
0.742127572802821 -1.28540266148509 1.09028717654528 1
1
