3
3 3
17 12
0 0 0 0 1 2 3 4 5 6 7 8 9 10 11 12 13 14 14 14 14 
0 0 0 0 1 2 3 4 5 6 7 8 9 9 9 9 
-1.49171157295599 -5.48350671752397E-08 1.41269494872654 1
-1.40945652528233 -0.0071225086311982 1.38785098078959 1
-1.25361952492531 -0.0202877349294738 1.34058038363218 1
-1.03232957962966 -0.0119561768939132 1.25682560036039 1
-0.821169510635554 -0.00147839255713182 1.17534949742104 1
-0.618394230944701 -0.00146846095975543 1.10329384470128 1
-0.421748936913537 0.00408278958398781 1.0300065379133 1
-0.230045552699035 -0.0171507993179072 0.974956708916162 1
-0.0514825650506011 -0.0890406660158146 0.955746248297469 1
0.100256411030359 -0.207879213573967 0.974955781633041 1
0.214447854656278 -0.363334675791689 1.03003810790091 1
0.307821869158563 -0.536123901634972 1.10318322028409 1
0.409183326075249 -0.711707703965788 1.1752098456449 1
0.505746679306896 -0.899869389540842 1.25668087660289 1
0.609159301116877 -1.09570308492723 1.34043906741385 1
0.698524663299556 -1.22413385283947 1.38771340469552 1
0.74585311479549 -1.29185549872189 1.41256799602813 1
-1.49128643821215 2.79134617435493E-08 1.39430461568 1
-1.41560339626905 -0.00943742847138004 1.36359792333311 1
-1.27069142171451 -0.0278893640941084 1.30522831888824 1
-1.05862539467692 -0.0265783887022257 1.22390803857239 1
-0.850314715340112 -0.0213238787313688 1.15900785725347 1
-0.646603826932345 -0.02513779742405 1.10891532838799 1
-0.447060284221582 -0.0237677976008179 1.05820115764091 1
-0.252150364487379 -0.0484503097536101 1.02001641375411 1
-0.0706540693959097 -0.12226360669649 1.0075528010422 1
0.0842194108260283 -0.242597874076102 1.02015479160267 1
0.202991929851971 -0.399133869128485 1.05830119050815 1
0.301463055910298 -0.57241459644895 1.10880515088817 1
0.406614761626818 -0.746910534488222 1.15887110743171 1
0.506275099143837 -0.929998258806325 1.22375048647289 1
0.611130458684847 -1.11430679698775 1.3050761122253 1
0.699599252353014 -1.23062030884799 1.3634577172828 1
0.745640497803163 -1.29148723476245 1.3941754027738 1
-1.49087065927857 1.0884096910234E-07 1.37631899306652 1
-1.42099117049285 -0.0106210946507947 1.34137701807147 1
-1.28558054589203 -0.032194296033878 1.27499482332834 1
-1.08799918952675 -0.0472112527497032 1.18293159917625 1
-0.892867072057804 -0.0650612367803102 1.1092813302378 1
-0.699792722639463 -0.0926193018616167 1.05292181663471 1
-0.507985765531083 -0.113644991708316 0.998892415226825 1
-0.317309589132234 -0.154463052060911 0.959499603994169 1
-0.135798951883353 -0.235100589256353 0.946778080815918 1
0.0249970474548248 -0.351950050591963 0.959780423668484 1
0.155620502165119 -0.496778610960592 0.999067914988363 1
0.269643616098275 -0.652240507278248 1.05281096324471 1
0.390040496621723 -0.805690970772336 1.10911454829599 1
0.503123082202886 -0.965817560877846 1.18273233064138 1
0.614867380339462 -1.12936811429598 1.27483692875422 1
0.70127401212593 -1.2358837191416 1.34123422653443 1
0.745432559807939 -1.29112707507531 1.37618756969222 1
-1.48998921449845 2.80406008036117E-07 1.338189756857 1
-1.43342321503872 -0.0148798241573344 1.29410004926715 1
-1.32007113258449 -0.0463882251919343 1.21041073482238 1
-1.14435058479147 -0.0806983049959417 1.09705282033747 1
-0.960331087713961 -0.118387759233055 1.00766776583654 1
-0.771102646033471 -0.163889284273723 0.941151774405435 1
-0.578581298320667 -0.202749332641359 0.882957938873936 1
-0.384948122153755 -0.257107790395207 0.843000571993051 1
-0.198785435734857 -0.344208048015641 0.830505571284403 1
-0.0300596141609258 -0.461681577864252 0.843582666557508 1
0.113753612419536 -0.602359966540077 0.883292467383055 1
0.243637352315442 -0.749679137131296 0.94103961366595 1
0.377671782546391 -0.890870206512559 1.00744102355413 1
0.502381105464485 -1.03146556634947 1.09676840361333 1
0.619860371633336 -1.16637120479251 1.21024022222692 1
0.703814437275959 -1.24879142615792 1.29395177805116 1
0.744991734538376 -1.29036354222023 1.33805364732522 1
-1.48918559736731 4.36822618019507E-07 1.30342716241344 1
-1.44459144734924 -0.0184748249160705 1.25112750731268 1
-1.35103514807031 -0.0584954870934234 1.15190594869709 1
-1.19670013489525 -0.112915018147964 1.0179942609446 1
-1.02557931394728 -0.173484840813502 0.912096798750972 1
-0.842933265068692 -0.240672966758137 0.833912348966019 1
-0.652575567508763 -0.300667948360159 0.769717484653647 1
-0.458208960734758 -0.370770088447771 0.727708663535959 1
-0.268565081286758 -0.465078865096032 0.714824976907121 1
-0.0918488169500963 -0.58180374208051 0.728565970196723 1
0.0659523185327301 -0.715299115811933 0.770197739207026 1
0.213110158100834 -0.850321105712106 0.833798899690853 1
0.362650544050281 -0.975013859824034 0.911812536830837 1
0.500727675974591 -1.09300916458138 1.01762968189672 1
0.624894260213538 -1.19927272776963 1.15172436303202 1
0.70629667077397 -1.26027174080086 1.25097423908508 1
0.744589832177099 -1.28966742591621 1.30328678049101 1
-1.48836126803612 5.97270665350622E-07 1.26776860671897 1
-1.45613222735489 -0.0223091874615674 1.20709133455581 1
-1.38304258025724 -0.0713397696664979 1.09202053574386 1
-1.24990243761952 -0.145102135416154 0.936640557083727 1
-1.09060176445562 -0.226698173059956 0.813073278569279 1
-0.913139328356667 -0.313415255786392 0.722106140745014 1
-0.723565743218769 -0.39260389397404 0.651011138323879 1
-0.527446167010121 -0.477122348616166 0.606378995360861 1
-0.333843808411024 -0.578154160234471 0.592895589903278 1
-0.149319071343569 -0.694782970420288 0.607518789198938 1
0.0218297273623134 -0.822643563199277 0.651641124341821 1
0.185272125304236 -0.947536488569477 0.721991337093279 1
0.349151475460997 -1.0580191836978 0.812729050815551 1
0.499529770205882 -1.15527617377774 0.936192894402434 1
0.629812251328851 -1.23344770270341 1.0918277371183 1
0.708758180569347 -1.27219464976177 1.20693294013196 1
0.744177571298338 -1.28895336810799 1.26762384229051 1
-1.4875423959874 7.56656503340517E-07 1.23234612027921 1
-1.46759594174147 -0.026117021305749 1.16338058399772 1
-1.41483619537561 -0.0840957051767455 1.03262975443471 1
-1.30275641037392 -0.177082872155841 0.855626779064126 1
-1.15520866929672 -0.279584985821288 0.713942097818427 1
-0.982907797589284 -0.385722925652678 0.609649328842864 1
-0.794124361002633 -0.483997542134811 0.531125569558059 1
-0.596271247617894 -0.582850388597347 0.483487093295384 1
-0.39873964764433 -0.690565962300916 0.469252866024371 1
-0.206455097721664 -0.807094101520396 0.484907644452082 1
-0.0220391727738957 -0.929343698197886 0.531904488269294 1
0.157591198283682 -1.04415523463395 0.609533154608034 1
0.335726839322464 -1.1405007821674 0.713537557772782 1
0.498335898377213 -1.21713768772378 0.855095923018311 1
0.634699605447208 -1.26739311184908 1.03242592933016 1
0.711204057043401 -1.28403748167311 1.16321709701119 1
0.743768039697768 -1.28824403755501 1.23219700235809 1
-1.48672166175613 9.16404797866772E-07 1.19684308018484 1
-1.47910065388816 -0.0299593721050724 1.11959001351336 1
-1.44674535574533 -0.0969555523607983 0.973160637943185 1
-1.35564307222949 -0.208984766408442 0.77431398592083 1
-1.21962630925222 -0.33200975317583 0.614144499186295 1
-1.05222230709984 -0.457133900745857 0.496133190685335 1
-0.863977847072961 -0.574099726694099 0.409831954299154 1
-0.664210894586655 -0.687014086714835 0.358948971894536 1
-0.462672810761836 -0.801310306042289 0.343872615017157 1
-0.262679170379731 -0.91785596827984 0.360650999889546 1
-0.0651423313672511 -1.03478732467274 0.410760255609216 1
0.130459952614346 -1.13993255211087 0.496015628205867 1
0.32260818824428 -1.22258706898593 0.613679080133871 1
0.497227107391908 -1.2789878071527 0.773699366112623 1
0.639554780418887 -1.3014907049207 0.972945826141103 1
0.713640567447328 -1.29593310255629 1.11942142220804 1
0.743357576788574 -1.28753309392587 1.19668959887085 1
-1.4859015280402 1.07603620765989E-06 1.16136601697728 1
-1.49060376881498 -0.0338107263285768 1.07584848120538 1
-1.47865092638708 -0.10984021500779 0.913784271613896 1
-1.40845105797843 -0.240794064014653 0.69296105395724 1
-1.28384321700214 -0.384130092813451 0.514037137226319 1
-1.12120620304598 -0.528007777869934 0.382002579280065 1
-0.933384747107131 -0.663450928947193 0.287641524909626 1
-0.73162477942269 -0.790276936779512 0.233315606310422 1
-0.526051934624821 -0.911094926220823 0.217319961263253 1
-0.318386081195848 -1.02771220813862 0.235298975549276 1
-0.107818515359974 -1.1394688109105 0.288719196059403 1
0.103628460898317 -1.2351549344623 0.381883616946629 1
0.309652884514472 -1.3043469661524 0.513510510845501 1
0.496159240426476 -1.34072318739541 0.692262400778408 1
0.644386622776309 -1.33559761333929 0.913558537449721 1
0.716068474609616 -1.3078318343362 1.07567478916391 1
0.742947414207141 -1.28682267048042 1.16120817546304 1
-1.48508031617017 1.23587747013435E-06 1.12584231534907 1
-1.50212971002096 -0.037680488184842 1.03205992404868 1
-1.5106207576285 -0.12278047221934 0.854360201331764 1
-1.46128330592813 -0.272566956423625 0.611439755419508 1
-1.34797104612403 -0.436018429251254 0.413562206143713 1
-1.18996462601516 -0.598427198851371 0.267291937208722 1
-1.00243617835556 -0.75214583358217 0.164682911991444 1
-0.798589559906522 -0.892744127505973 0.10678574522885 1
-0.588941398175032 -1.02003140012758 0.0898216591829311 1
-0.373628529471064 -1.13678151161685 0.109050868936375 1
-0.150104133919536 -1.24351422863358 0.165910208856638 1
0.0770778617570497 -1.32995485949179 0.267171565398312 1
0.296854217315752 -1.38591353177509 0.41297406211743 1
0.495135279199824 -1.4024612437147 0.610656754417564 1
0.649202474303475 -1.36978805944846 0.854123565151024 1
0.718491869390675 -1.319759552774 1.03188112447184 1
0.742536712422818 -1.28611131310683 1.12568010790262 1
-1.48453474685019 1.34206747061359E-06 1.10224226468301 1
-1.50978841860501 -0.0402539307290523 1.00297999951188 1
-1.53186411882146 -0.131384760080603 0.814913465879561 1
-1.49637350465714 -0.293660050174307 0.55721772948478 1
-1.3905406275444 -0.470432181775657 0.346567574780484 1
-1.2355829610404 -0.645104251266823 0.190638856574143 1
-1.04822394652576 -0.810920432484713 0.0823663782140553 1
-0.842973482228387 -0.960637825738015 0.0219684280943915 1
-0.630611085975902 -1.0922111422977 0.0043112933242717 1
-0.410224766318857 -1.20906131173522 0.0244207793582956 1
-0.178110133685375 -1.31248690348134 0.0836931400685309 1
0.0595001524117243 -1.39282901514725 0.1905175403199 1
0.288385023145644 -1.44004385859527 0.34593832359698 1
0.494463768980831 -1.44346154224145 0.556378480976671 1
0.65239755173555 -1.39250984675777 0.814669622933095 1
0.720100354861177 -1.32768627141426 1.00279780666413 1
0.742263864085668 -1.2856387252489 1.10207715674432 1
-1.48426222789963 1.39511075298064E-06 1.09045373331747 1
-1.51361450356311 -0.0415401967724558 0.988456179608006 1
-1.54247678776962 -0.135685025419689 0.795215044188716 1
-1.51389881352166 -0.304191645726305 0.530121520988759 1
-1.41179431059393 -0.487604323802364 0.313058308620576 1
-1.25835100515653 -0.668387291603191 0.152268414228088 1
-1.07106881790696 -0.840232829610081 0.0411334234043809 1
-0.865111671823588 -0.994495902454011 -0.0205370860823652 1
-0.651391372226724 -1.1282065016186 -0.0385494653294931 1
-0.428472907931907 -1.24511030652831 -0.0179912040322396 1
-0.192072783761941 -1.34689337632846 0.0425098805541172 1
0.0507387648104493 -1.42420271801173 0.152146624741585 1
0.284164935865471 -1.46706466766963 0.312408480454983 1
0.494131050355285 -1.46393702920887 0.529254137585636 1
0.653992198285236 -1.40386198879772 0.794967607925623 1
0.720903353519293 -1.33164656828459 0.988272291759706 1
0.742127572802821 -1.28540266148509 1.09028717654528 1
1
