          80  8.000000000000007E-003  8.000000000000007E-003
  0.000000000000000E+000  0.000000000000000E+000  0.000000000000000E+000
  0.000000000000000E+000  0.000000000000000E+000  0.000000000000000E+000
  4.172979255128374E-002  3.063992312947223E-002 -0.104575730641825     
  3.774817694362980E-002  1.824613306861372E-002 -0.158983697864574     
  5.348483091445753E-002  2.033158083790326E-002 -0.226936405728907     
  4.715509787012129E-002  2.631159365777841E-002 -0.260794772374949     
  5.313704526875603E-002  2.499901504962087E-002 -0.287549313838632     
  4.458513352190719E-002  5.141702788649788E-002 -0.312888671206003     
  7.430185035829505E-002  0.128766538495829      -0.320302531005295     
  2.228265713303113E-002  6.439028198929292E-002 -0.312887165632740     
 -4.818240599700676E-003  5.861328029801614E-002 -0.287544650694473     
 -5.945409289201812E-004  5.414246464328522E-002 -0.260803937085354     
 -8.988365485867107E-003  5.659915952293058E-002 -0.226990746823902     
 -3.005125698262254E-003  4.184618134451044E-002 -0.158986341712888     
  5.689039084926161E-003  5.148290052469993E-002 -0.104678309158401     
  0.000000000000000E+000  0.000000000000000E+000  0.000000000000000E+000
  0.000000000000000E+000  0.000000000000000E+000  0.000000000000000E+000
  0.000000000000000E+000  0.000000000000000E+000  0.000000000000000E+000
  0.000000000000000E+000  0.000000000000000E+000  0.000000000000000E+000
  2.642575576755226E-002  3.806743359315262E-002 -9.005314506230279E-002
  3.246034580978942E-002  2.445148129993700E-002 -0.156779204755744     
  3.786678375743822E-002  2.730936560383380E-002 -0.216029554389316     
  4.027870156493141E-002  2.658707714462087E-002 -0.260071743331808     
  4.273836748758238E-002  2.765209446129403E-002 -0.284681579674896     
  3.910626655520728E-002  5.285735221657590E-002 -0.311592459560549     
  7.173886604245683E-002  0.124313495927724      -0.322550344836901     
  2.621006526592920E-002  6.032954229034090E-002 -0.311591892885864     
  2.639925074289388E-003  5.091720424018873E-002 -0.284681135111918     
  2.989280244200000E-003  4.827415550044135E-002 -0.260079736224595     
  4.774382492084896E-003  4.650468204456283E-002 -0.216066763318774     
  4.983799687012970E-003  4.035163471739527E-002 -0.156777750211227     
  1.976006974875646E-002  4.191833446116279E-002 -9.013157153762422E-002
  0.000000000000000E+000  0.000000000000000E+000  0.000000000000000E+000
  0.000000000000000E+000  0.000000000000000E+000  0.000000000000000E+000
  0.000000000000000E+000  0.000000000000000E+000  0.000000000000000E+000
  0.000000000000000E+000  0.000000000000000E+000  0.000000000000000E+000
  1.328410779993635E-002  5.087002025935767E-002 -7.357314887667975E-002
  1.623613096153890E-002  4.087120727461926E-002 -0.142473810934302     
  2.073498089681849E-002  3.771933706324655E-002 -0.205431410004335     
  2.113299989133218E-002  4.198718197852060E-002 -0.248165019928782     
  2.907736482782453E-002  2.940617704668298E-002 -0.284356160158058     
  3.090772022436949E-002  5.831391482704427E-002 -0.303256412759938     
  6.558219573955304E-002  0.113651056184589      -0.326009289920185     
  3.497831538143973E-002  5.592190097861612E-002 -0.303267884636190     
  1.092141766817681E-002  3.993860153201767E-002 -0.284363570566598     
  2.576184700097232E-002  3.930856756205631E-002 -0.248166053549864     
  2.226034685197145E-002  3.681934919055022E-002 -0.205447047956710     
  2.725260777887135E-002  3.445740414953767E-002 -0.142440713996362     
  3.739010644029785E-002  3.690296168999010E-002 -7.361520875535627E-002
  0.000000000000000E+000  0.000000000000000E+000  0.000000000000000E+000
  0.000000000000000E+000  0.000000000000000E+000  0.000000000000000E+000
  0.000000000000000E+000  0.000000000000000E+000  0.000000000000000E+000
  0.000000000000000E+000  0.000000000000000E+000  0.000000000000000E+000
  7.771882615193605E-003  7.027025530620383E-002 -6.176931341429498E-002
  6.679864109453158E-004  6.407751677605902E-002 -0.126448342726648     
  3.120451725944315E-004  6.736013173466172E-002 -0.191214085802907     
  3.975767475806672E-003  5.891035637663729E-002 -0.239254885419732     
  1.217884271255746E-002  5.831880530465797E-002 -0.273097938302648     
  2.899333201061439E-002  9.294802371668796E-002 -0.300483022623214     
  4.783852434995776E-002  8.288459372347044E-002 -0.316814312402057     
  6.583426037723630E-002  7.153020663927320E-002 -0.300488107143491     
  4.427324531976048E-002  3.969031100693474E-002 -0.273132328918113     
  4.897498749022716E-002  3.290898327216459E-002 -0.239235196559481     
  5.807553724538733E-002  3.391680512210553E-002 -0.191190975957426     
  5.504779563524644E-002  3.252624817913477E-002 -0.126368896087118     
  5.694616603970878E-002  4.181846874103114E-002 -6.178249467848058E-002
  0.000000000000000E+000  0.000000000000000E+000  0.000000000000000E+000
  0.000000000000000E+000  0.000000000000000E+000  0.000000000000000E+000
  0.000000000000000E+000  0.000000000000000E+000  0.000000000000000E+000
  0.000000000000000E+000  0.000000000000000E+000  0.000000000000000E+000
  5.304830907293501E-003  9.265254410417496E-002 -5.594937272112672E-002
 -7.224035277796418E-003  9.297109415687953E-002 -0.117955426740836     
 -1.437013368861931E-002  0.102336835901167      -0.182719543008697     
 -1.069471816863524E-002  0.108923820122836      -0.230741284937681     
  1.579820677532821E-003  0.116775018044396      -0.273087918290842     
  2.098696779715861E-002  8.780315705804027E-002 -0.295923538096365     
  3.773689934287693E-002  6.539595644731871E-002 -0.298356015134300     
  6.550110838577589E-002  6.214014645734025E-002 -0.295995460424667     
  0.100197366285984       5.974662012141732E-002 -0.273119286966700     
  9.959457201121986E-002  4.521504349638657E-002 -0.230720070647305     
  9.570201913281320E-002  3.870399942119847E-002 -0.182648162909315     
  8.405040891166529E-002  4.018394449320394E-002 -0.117844963451894     
  7.757036594272192E-002  5.085698846397677E-002 -5.594115860128231E-002
  0.000000000000000E+000  0.000000000000000E+000  0.000000000000000E+000
  0.000000000000000E+000  0.000000000000000E+000  0.000000000000000E+000
  0.000000000000000E+000  0.000000000000000E+000  0.000000000000000E+000
  0.000000000000000E+000  0.000000000000000E+000  0.000000000000000E+000
  1.294047919804940E-002  7.015617374438118E-002 -5.030532983920909E-002
 -2.143226728892700E-002  0.140573514975497      -0.117540587591914     
 -2.684637020353616E-002  0.147628102091145      -0.179030346239009     
 -2.561405892627548E-002  0.149400717112908      -0.234321043050774     
 -1.018308195725193E-002  0.110212198499518      -0.265775516674190     
  8.406022179221683E-003  7.320515460982657E-002 -0.275318711651014     
  2.705885497547926E-002  4.688482654007847E-002 -0.277728556836190     
  5.927524111578324E-002  4.404949193621632E-002 -0.275555268705827     
  0.100489926451228       4.635239298608781E-002 -0.265871935458013     
  0.141990913009994       5.250880731627637E-002 -0.234267762097700     
  0.141145913970280       5.058514393815544E-002 -0.178936614285034     
  0.132326140274544       5.165751143571548E-002 -0.117395220603334     
  5.420628350222749E-002  4.619911380106007E-002 -5.028902586651889E-002
  0.000000000000000E+000  0.000000000000000E+000  0.000000000000000E+000
  0.000000000000000E+000  0.000000000000000E+000  0.000000000000000E+000
  0.000000000000000E+000  0.000000000000000E+000  0.000000000000000E+000
  0.000000000000000E+000  0.000000000000000E+000  0.000000000000000E+000
  2.568031586607888E-002  3.828168332378224E-002 -4.011042685368800E-002
 -3.128189105048625E-002  0.145029192476828      -0.114029578901656     
 -3.440502867285495E-002  0.146991251959293      -0.173067537580569     
 -3.566450608875045E-002  0.130179141492664      -0.217231928034769     
 -2.021433929646048E-002  9.597121281048729E-002 -0.242287831319124     
 -2.220512185232138E-003  5.584972350155456E-002 -0.249758313241356     
  1.778546284704517E-002  3.081297402295805E-002 -0.248316229353882     
  4.973289737538632E-002  2.626247444419248E-002 -0.250212241847124     
  9.325100104949197E-002  3.058458491364742E-002 -0.242496117814120     
  0.130370544779308       3.423693716747164E-002 -0.217178803492079     
  0.144328378400170       4.373111668139586E-002 -0.172953865217856     
  0.140951008107734       4.536756159063594E-002 -0.113818661451830     
  2.022102822136243E-002  4.126288341906123E-002 -4.008883064893511E-002
  0.000000000000000E+000  0.000000000000000E+000  0.000000000000000E+000
  0.000000000000000E+000  0.000000000000000E+000  0.000000000000000E+000
  0.000000000000000E+000  0.000000000000000E+000  0.000000000000000E+000
  0.000000000000000E+000  0.000000000000000E+000  0.000000000000000E+000
  2.752424341407678E-002  1.743036657179712E-002 -3.151466139262137E-002
 -2.884181549817554E-002  0.133271887277052      -0.102954386012900     
 -4.019151164021278E-002  0.123964471147788      -0.153766958024027     
 -3.895604183067852E-002  0.109515506509239      -0.191109496846060     
 -2.848853978274125E-002  7.454596302917417E-002 -0.213737171306901     
 -1.113308159731970E-002  4.082013662257419E-002 -0.218596708116645     
  9.917275717894641E-003  1.712502777771943E-002 -0.219481829197908     
  4.134541680410952E-002  1.106674423085766E-002 -0.219452676371166     
  7.886456940418986E-002  1.272993425248714E-002 -0.214037083007618     
  0.114124305685977       2.110468480335635E-002 -0.191094728621585     
  0.127344903441180       2.724420139472532E-002 -0.153691092500579     
  0.129642731323350       4.165486635154391E-002 -0.102739449709657     
  1.231223906167674E-003  3.240973337148133E-002 -3.149742358389046E-002
  0.000000000000000E+000  0.000000000000000E+000  0.000000000000000E+000
  0.000000000000000E+000  0.000000000000000E+000  0.000000000000000E+000
  0.000000000000000E+000  0.000000000000000E+000  0.000000000000000E+000
  0.000000000000000E+000  0.000000000000000E+000  0.000000000000000E+000
  2.595313576856855E-002  1.021241819141962E-002 -2.090021298045629E-002
 -3.523244984745358E-002  0.103356809592296      -8.172475938143439E-002
 -3.106090569347652E-002  7.969529278252276E-002 -0.110661932746826     
 -3.816783072354068E-002  7.401297562028109E-002 -0.143345112697926     
 -2.985170864810302E-002  4.749195965107132E-002 -0.160930091789450     
 -1.662098408454745E-002  2.366262866304536E-002 -0.169938874728352     
  2.949756743634025E-003  5.010718382726982E-003 -0.172175977625854     
  2.921666305034819E-002 -2.380581642625358E-003 -0.170849309945569     
  5.607528109328482E-002 -2.029006105436379E-003 -0.161214512528531     
  8.299839926408117E-002  4.041881007116938E-003 -0.143390373471196     
  8.459970904428561E-002  1.303029928120482E-002 -0.110750790026588     
  0.107026556829534       2.118642455018040E-002 -8.153706942742471E-002
 -4.189057201603385E-003  2.748743528603884E-002 -2.089605239062113E-002
  0.000000000000000E+000  0.000000000000000E+000  0.000000000000000E+000
  0.000000000000000E+000  0.000000000000000E+000  0.000000000000000E+000
  0.000000000000000E+000  0.000000000000000E+000  0.000000000000000E+000
  0.000000000000000E+000  0.000000000000000E+000  0.000000000000000E+000
  9.299544456339594E-003 -3.808452689770990E-003 -9.819693558589058E-003
  4.750059130635167E-003  3.598568321554123E-002 -3.070099231455146E-002
 -1.775692583666654E-002  4.198402408541897E-002 -6.034742682075003E-002
 -2.579062292237921E-002  3.962717870963377E-002 -8.861598425669821E-002
 -2.748611608836058E-002  2.599236282945757E-002 -0.106884759733319     
 -1.945204017384862E-002  9.965240564711401E-003 -0.123047402198001     
 -2.699276140263218E-003 -5.209143253370298E-003 -0.128204779430769     
  1.860265172545379E-002 -1.194054370027556E-002 -0.123916045796156     
  3.603395881801982E-002 -1.065574337660624E-002 -0.107061936193717     
  4.706785589031077E-002 -2.444906842663527E-003 -8.865018327558630E-002
  4.530989392862123E-002  5.651478542801328E-003 -6.045031051199437E-002
  2.882290046824811E-002  2.207521553502268E-002 -3.066743893447521E-002
 -7.964823249220578E-003  6.106552604198637E-003 -9.815721368187766E-003
  0.000000000000000E+000  0.000000000000000E+000  0.000000000000000E+000
  0.000000000000000E+000  0.000000000000000E+000  0.000000000000000E+000
  0.000000000000000E+000  0.000000000000000E+000  0.000000000000000E+000
  0.000000000000000E+000  0.000000000000000E+000  0.000000000000000E+000
  0.000000000000000E+000  0.000000000000000E+000  0.000000000000000E+000
  0.000000000000000E+000  0.000000000000000E+000  0.000000000000000E+000
  0.000000000000000E+000  0.000000000000000E+000  0.000000000000000E+000
  0.000000000000000E+000  0.000000000000000E+000  0.000000000000000E+000
  0.000000000000000E+000  0.000000000000000E+000  0.000000000000000E+000
  0.000000000000000E+000  0.000000000000000E+000  0.000000000000000E+000
  0.000000000000000E+000  0.000000000000000E+000  0.000000000000000E+000
  0.000000000000000E+000  0.000000000000000E+000  0.000000000000000E+000
  0.000000000000000E+000  0.000000000000000E+000  0.000000000000000E+000
  0.000000000000000E+000  0.000000000000000E+000  0.000000000000000E+000
  0.000000000000000E+000  0.000000000000000E+000  0.000000000000000E+000
  0.000000000000000E+000  0.000000000000000E+000  0.000000000000000E+000
  0.000000000000000E+000  0.000000000000000E+000  0.000000000000000E+000
  0.000000000000000E+000  0.000000000000000E+000  0.000000000000000E+000
  0.000000000000000E+000  0.000000000000000E+000  0.000000000000000E+000
  0.000000000000000E+000  0.000000000000000E+000  0.000000000000000E+000
  0.000000000000000E+000  0.000000000000000E+000  0.000000000000000E+000
  0.000000000000000E+000  0.000000000000000E+000  0.000000000000000E+000
  0.000000000000000E+000  0.000000000000000E+000  0.000000000000000E+000
  0.000000000000000E+000  0.000000000000000E+000  0.000000000000000E+000
  0.000000000000000E+000  0.000000000000000E+000  0.000000000000000E+000
  0.000000000000000E+000  0.000000000000000E+000  0.000000000000000E+000
  0.000000000000000E+000  0.000000000000000E+000  0.000000000000000E+000
  0.000000000000000E+000  0.000000000000000E+000  0.000000000000000E+000
  0.000000000000000E+000  0.000000000000000E+000  0.000000000000000E+000
  0.000000000000000E+000  0.000000000000000E+000  0.000000000000000E+000
  0.000000000000000E+000  0.000000000000000E+000  0.000000000000000E+000
  0.000000000000000E+000  0.000000000000000E+000  0.000000000000000E+000
  0.000000000000000E+000  0.000000000000000E+000  0.000000000000000E+000
  0.000000000000000E+000  0.000000000000000E+000  0.000000000000000E+000
  0.000000000000000E+000  0.000000000000000E+000  0.000000000000000E+000
  0.000000000000000E+000  0.000000000000000E+000  0.000000000000000E+000
  0.000000000000000E+000  0.000000000000000E+000  0.000000000000000E+000
  0.000000000000000E+000  0.000000000000000E+000  0.000000000000000E+000
 -1.921766941547708E-003  5.736173161367875E-003 -1.686491103448508E-002
 -1.147333073630134E-002 -5.095044562250199E-003 -3.705628851199277E-002
 -2.272170686521039E-002  3.925258519067797E-003 -5.787468478610231E-002
 -3.250874081073338E-002 -2.406534311397450E-003 -4.579441411729007E-002
 -3.127175572535357E-002  1.935498145074675E-003 -2.420479916850995E-002
 -2.054406620201910E-002 -1.145055814923384E-002  7.115410616274569E-003
  1.541995705647259E-002  2.781894571659287E-002 -5.541799728059854E-004
  3.405200730584849E-005 -2.259229956063879E-002  6.681947372043543E-003
  1.631734673448959E-002 -2.561529225164241E-002 -2.488144905605382E-002
  1.265902501834736E-002 -2.915901209642224E-002 -4.636859320557005E-002
  1.500700602745970E-002 -1.660594349815480E-002 -5.787831700128217E-002
  5.528629172318135E-004 -1.240136700352563E-002 -3.651953445559770E-002
  6.618373592035803E-003  1.524943234094252E-003 -1.669034962066894E-002
  0.000000000000000E+000  0.000000000000000E+000  0.000000000000000E+000
  0.000000000000000E+000  0.000000000000000E+000  0.000000000000000E+000
  0.000000000000000E+000  0.000000000000000E+000  0.000000000000000E+000
  0.000000000000000E+000  0.000000000000000E+000  0.000000000000000E+000
 -4.016871901250108E-003  3.493669815247472E-003 -1.407200796023683E-002
 -1.384906197611915E-002 -2.040344970448527E-003 -3.444074458337040E-002
 -2.444136915667864E-002 -3.790525550428082E-003 -5.861935166618214E-002
 -2.848622349724736E-002  1.283308685214462E-003 -4.740003428259620E-002
 -2.018454504287530E-002  4.525120893260706E-003 -2.990469524023152E-002
 -1.312508097404209E-002  1.243288900899407E-003  1.519736953342045E-002
  7.327379911076038E-003  1.413553110344369E-002 -3.361582231080590E-003
  7.579740938733583E-003 -9.487178590772024E-003  1.465724285688122E-002
  1.404964087951844E-002 -1.414314919858839E-002 -3.051338156906416E-002
  1.451506276395198E-002 -2.351658701422163E-002 -4.800159029816337E-002
  8.722623009064772E-003 -2.239019688550953E-002 -5.842296187059598E-002
  4.715243352083482E-003 -1.270818816761118E-002 -3.389314439163596E-002
  5.652514364084212E-003 -1.409761636849038E-003 -1.394030460398991E-002
  0.000000000000000E+000  0.000000000000000E+000  0.000000000000000E+000
  0.000000000000000E+000  0.000000000000000E+000  0.000000000000000E+000
  0.000000000000000E+000  0.000000000000000E+000  0.000000000000000E+000
  0.000000000000000E+000  0.000000000000000E+000  0.000000000000000E+000
 -4.928413777559901E-003  5.807709262434190E-004 -1.160832245376606E-002
 -1.499529992971882E-002 -3.588193453735658E-003 -3.192634976494646E-002
 -2.716914332974157E-002  5.397194769842059E-003 -5.466184260557340E-002
 -1.910097670913961E-002 -4.811355024391774E-004 -5.672476370283755E-002
 -1.171702877970383E-002 -1.769313742975845E-002 -2.289338479878671E-002
  5.763455145747388E-003  1.910414213628779E-002 -6.350981483551720E-003
 -8.941561561769577E-002 -0.154401077122085       4.405953570060248E-002
  1.240120987525604E-002  1.452307678560998E-002 -6.456849214216613E-003
 -1.014333466824601E-002 -1.848089164614535E-002 -2.364150397170738E-002
  1.057513799295354E-002 -1.543532734968588E-002 -5.692264362141727E-002
  1.732242919946289E-002 -2.077353974874664E-002 -5.429452837750255E-002
  4.466225254128778E-003 -1.428242921819762E-002 -3.133646782028626E-002
  3.470112487537035E-003 -3.683673071002415E-003 -1.151938784248879E-002
  0.000000000000000E+000  0.000000000000000E+000  0.000000000000000E+000
  0.000000000000000E+000  0.000000000000000E+000  0.000000000000000E+000
  0.000000000000000E+000  0.000000000000000E+000  0.000000000000000E+000
  0.000000000000000E+000  0.000000000000000E+000  0.000000000000000E+000
 -5.290730927852384E-003 -1.451489578587314E-003 -1.062010933462234E-002
 -1.582867714182610E-002  2.130787537565987E-003 -2.823360100687696E-002
 -2.091179116412367E-002 -8.565524410090378E-003 -5.520398199857290E-002
 -8.037116586653693E-003 -3.434227060499185E-003 -4.619906762717164E-002
  2.077175878808057E-002  3.112957538709167E-002 -2.974862092200132E-002
  8.335729385960987E-003 -3.249934385358474E-002 -2.177158687704229E-002
  5.791811314612618E-002  9.971837455918246E-002 -2.474467370629625E-002
 -2.913015518238760E-002 -7.470341639832658E-003 -2.275741130299586E-002
  1.527303081578509E-002  3.223316872484580E-002 -2.969947850665229E-002
  1.636747714389244E-003 -8.484504436933469E-003 -4.623054447618048E-002
  2.882292208094956E-003 -2.219781688050785E-002 -5.463820424687522E-002
  8.934138312153627E-003 -1.255030713993732E-002 -2.770582381205414E-002
  2.367310943027848E-003 -4.781903765372007E-003 -1.051595670963368E-002
  0.000000000000000E+000  0.000000000000000E+000  0.000000000000000E+000
  0.000000000000000E+000  0.000000000000000E+000  0.000000000000000E+000
  0.000000000000000E+000  0.000000000000000E+000  0.000000000000000E+000
  0.000000000000000E+000  0.000000000000000E+000  0.000000000000000E+000
 -5.082614088582953E-003 -7.288335394776612E-003 -9.655068033177316E-003
 -1.743927008508712E-002  9.549225858933384E-004 -2.831285501018104E-002
 -2.795731421440563E-002  5.265822749207434E-003 -4.562966881558216E-002
  3.375171866393299E-003  2.536871627104782E-002 -4.856118617543351E-002
  2.284617069275649E-002 -7.215726082560114E-002 -3.007108951419675E-002
  2.361837962141840E-002  2.624209805676100E-002 -2.812806490215245E-002
  1.991689080389131E-002  3.344404770088436E-002 -6.223386219114851E-002
  9.887230757825841E-003  3.180670893154634E-002 -2.794076128317837E-002
 -7.358314655464027E-002 -1.687003536321380E-002 -3.032234567184565E-002
  2.126588748775177E-002  1.562994897603632E-002 -4.859483058672110E-002
  1.916777068415857E-002 -2.103107557012966E-002 -4.524953323456751E-002
  1.087828136482907E-002 -1.342620360026685E-002 -2.776957744023722E-002
 -4.294364272514773E-003 -8.297242277334220E-003 -9.574041198772006E-003
  0.000000000000000E+000  0.000000000000000E+000  0.000000000000000E+000
  0.000000000000000E+000  0.000000000000000E+000  0.000000000000000E+000
  0.000000000000000E+000  0.000000000000000E+000  0.000000000000000E+000
  0.000000000000000E+000  0.000000000000000E+000  0.000000000000000E+000
 -3.345289900217754E-003 -8.687872188291002E-003 -1.032729971707813E-002
 -1.799842695288529E-002  5.831729660371153E-003 -2.729550559166032E-002
 -2.618810592587170E-002 -2.159625418635560E-002 -4.855641706926039E-002
  1.212397971190172E-002 -0.163355502284425       8.967108598588208E-003
  2.884735946451891E-004 -7.044970413312582E-002  1.731208492861818E-004
  1.835142617187769E-002  3.904983824915598E-002 -9.512591952849411E-002
  2.225213087592746E-003  3.573876447620360E-003 -1.356801788294669E-002
  2.522170208590373E-002  3.507139765407721E-002 -9.560554795894652E-002
 -6.096947645456053E-002 -3.544007375673454E-002 -2.411006842443419E-004
 -0.147034165119479      -7.153658527383559E-002  8.897787593311429E-003
 -6.665110167436721E-003 -3.412814033550779E-002 -4.807889209585894E-002
  1.252829658638461E-002 -1.290665037898680E-002 -2.683039890257360E-002
 -6.235693631177333E-003 -7.184113103671473E-003 -1.013851431673531E-002
  0.000000000000000E+000  0.000000000000000E+000  0.000000000000000E+000
  0.000000000000000E+000  0.000000000000000E+000  0.000000000000000E+000
  0.000000000000000E+000  0.000000000000000E+000  0.000000000000000E+000
  0.000000000000000E+000  0.000000000000000E+000  0.000000000000000E+000
 -1.388547600927281E-003 -1.666917167715289E-003 -1.268918848987148E-002
 -3.216181983418823E-002  3.766166677027123E-002 -3.962606484868023E-002
 -3.473798695588621E-002 -9.528487700934781E-003 -3.999732912269501E-002
 -1.038165911410553E-002 -3.859055486792228E-002 -1.405994091519659E-002
  8.158201024855019E-003 -7.656629719477274E-002 -1.391956058995376E-003
 -1.710036324387395E-002 -9.711397115194977E-002  5.305989872352725E-002
  6.605273987700482E-003  1.135471070858003E-002 -5.785578255591417E-002
 -7.364557575731469E-002 -6.235047209906606E-002  4.962497914743341E-002
 -7.020088220207017E-002 -3.178116890302628E-002 -1.777371274732964E-003
 -2.959970896683524E-002 -2.875017870235870E-002 -1.321460792033828E-002
  9.684776342723442E-003 -3.523286439476204E-002 -4.012831747083475E-002
  4.546715728449498E-002 -9.454506462000281E-003 -3.859816421344815E-002
 -8.127024138895130E-004 -2.026385665941069E-003 -1.254316408891647E-002
  0.000000000000000E+000  0.000000000000000E+000  0.000000000000000E+000
  0.000000000000000E+000  0.000000000000000E+000  0.000000000000000E+000
  0.000000000000000E+000  0.000000000000000E+000  0.000000000000000E+000
  0.000000000000000E+000  0.000000000000000E+000  0.000000000000000E+000
  3.353463106268366E-003 -6.228584515574753E-004 -1.567192327910375E-002
 -4.032205416257627E-002  4.290160091940715E-002 -3.699419553601299E-002
 -7.690872929866122E-002  8.034322295863755E-002 -9.688960941523378E-002
 -2.806565525772920E-002  1.493117682285796E-002 -4.137022386953389E-002
 -3.312035027567301E-002  4.256237166927301E-002 -0.105042196361872     
  7.876657899866578E-003  1.035994327849001E-002 -8.580641260326274E-002
 -1.843456662655913E-002 -3.202595390527265E-002 -8.693749668456372E-003
  2.970386335638376E-003  1.081966336733560E-002 -8.299037483534778E-002
  5.198338499745507E-002 -7.885880801646853E-003 -0.104163351029334     
  2.747772735430384E-002 -1.700399679254653E-002 -4.170896750247612E-002
  0.109865173594466      -2.635877907259610E-002 -9.791324168546113E-002
  5.698419897471267E-002 -1.374880731214016E-002 -3.683167245172070E-002
 -2.354756609461754E-003  2.632918435978429E-003 -1.548341960654421E-002
  0.000000000000000E+000  0.000000000000000E+000  0.000000000000000E+000
  0.000000000000000E+000  0.000000000000000E+000  0.000000000000000E+000
  0.000000000000000E+000  0.000000000000000E+000  0.000000000000000E+000
  0.000000000000000E+000  0.000000000000000E+000  0.000000000000000E+000
  7.090723571414866E-003 -4.093356701901811E-003 -9.637560179603098E-003
 -4.713241158046381E-002  4.495054240301749E-002 -3.703862435083508E-002
 -8.927474264927138E-002  6.839362841362268E-002 -9.583047493838927E-002
 -4.071098456284872E-002  4.283614993277722E-002 -6.861130893885579E-002
  2.273049796182972E-002 -2.733901183602703E-002  2.855008081907080E-002
 -7.205003535954451E-003  8.631974092096155E-004 -9.658143481165490E-002
 -5.645225434156905E-005  7.750020951867916E-004 -0.114777780256010     
  3.622770912235657E-003 -6.006757555086121E-003 -9.622790295994292E-002
 -3.535535686126309E-002  5.599758671675454E-003  2.846192549133745E-002
  5.712260478647990E-002 -1.387444761994568E-002 -6.832559131289999E-002
  0.107320860452607      -4.355243364793155E-002 -9.891401957269447E-002
  6.356048404973125E-002 -1.868773989075350E-002 -3.735146624413927E-002
 -7.194160812615657E-003  4.158349945781258E-003 -9.491600244654641E-003
  0.000000000000000E+000  0.000000000000000E+000  0.000000000000000E+000
  0.000000000000000E+000  0.000000000000000E+000  0.000000000000000E+000
  0.000000000000000E+000  0.000000000000000E+000  0.000000000000000E+000
  0.000000000000000E+000  0.000000000000000E+000  0.000000000000000E+000
  1.577104076099481E-004 -3.124844759151516E-003 -3.530473210145673E-003
  8.627362681648741E-004  6.534122414146624E-003 -1.121437996339337E-002
  1.351828990857083E-002 -1.728580954823944E-002  2.285248478660323E-002
  2.419579996778956E-002 -1.838569170583125E-002  2.814503786804540E-002
  0.104414332137072      -2.543571641466810E-002  0.196446912001025     
  2.692026609637777E-002 -1.840049655138404E-002  6.119107999826664E-002
 -1.393130654694963E-002 -2.396368030081064E-002 -5.716881765592549E-002
 -3.001525176086604E-002  1.381227283501044E-002  5.709636018946376E-002
 -7.388424550411385E-002  7.781146845990318E-002  0.196792245014167     
 -2.855663316398945E-002  1.192559261401049E-002  2.911841411961722E-002
 -2.111110580725412E-002  2.857060522320064E-003  2.248501668117481E-002
  5.209885910020412E-003  4.170604785792367E-003 -1.153015387590224E-002
 -2.765662327216941E-003 -1.471352897251471E-003 -3.461381056693072E-003
  0.000000000000000E+000  0.000000000000000E+000  0.000000000000000E+000
  0.000000000000000E+000  0.000000000000000E+000  0.000000000000000E+000
  0.000000000000000E+000  0.000000000000000E+000  0.000000000000000E+000
  0.000000000000000E+000  0.000000000000000E+000  0.000000000000000E+000
  0.000000000000000E+000  0.000000000000000E+000  0.000000000000000E+000
  0.000000000000000E+000  0.000000000000000E+000  0.000000000000000E+000
  0.000000000000000E+000  0.000000000000000E+000  0.000000000000000E+000
  0.000000000000000E+000  0.000000000000000E+000  0.000000000000000E+000
  0.000000000000000E+000  0.000000000000000E+000  0.000000000000000E+000
  0.000000000000000E+000  0.000000000000000E+000  0.000000000000000E+000
  0.000000000000000E+000  0.000000000000000E+000  0.000000000000000E+000
  0.000000000000000E+000  0.000000000000000E+000  0.000000000000000E+000
  0.000000000000000E+000  0.000000000000000E+000  0.000000000000000E+000
  0.000000000000000E+000  0.000000000000000E+000  0.000000000000000E+000
  0.000000000000000E+000  0.000000000000000E+000  0.000000000000000E+000
  0.000000000000000E+000  0.000000000000000E+000  0.000000000000000E+000
  0.000000000000000E+000  0.000000000000000E+000  0.000000000000000E+000
  0.000000000000000E+000  0.000000000000000E+000  0.000000000000000E+000
  0.000000000000000E+000  0.000000000000000E+000  0.000000000000000E+000
  0.000000000000000E+000  0.000000000000000E+000  0.000000000000000E+000
  0.000000000000000E+000  0.000000000000000E+000  0.000000000000000E+000
  0.000000000000000E+000  0.000000000000000E+000  0.000000000000000E+000
  0.000000000000000E+000  0.000000000000000E+000  0.000000000000000E+000
  0.000000000000000E+000  0.000000000000000E+000  0.000000000000000E+000
  0.000000000000000E+000  0.000000000000000E+000  0.000000000000000E+000
  0.000000000000000E+000  0.000000000000000E+000  0.000000000000000E+000
  0.000000000000000E+000  0.000000000000000E+000  0.000000000000000E+000
  0.000000000000000E+000  0.000000000000000E+000  0.000000000000000E+000
  0.000000000000000E+000  0.000000000000000E+000  0.000000000000000E+000
  0.000000000000000E+000  0.000000000000000E+000  0.000000000000000E+000
  0.000000000000000E+000  0.000000000000000E+000  0.000000000000000E+000
  0.000000000000000E+000  0.000000000000000E+000  0.000000000000000E+000
  0.000000000000000E+000  0.000000000000000E+000  0.000000000000000E+000
  0.000000000000000E+000  0.000000000000000E+000  0.000000000000000E+000
  0.000000000000000E+000  0.000000000000000E+000  0.000000000000000E+000
  0.000000000000000E+000  0.000000000000000E+000  0.000000000000000E+000
  0.000000000000000E+000  0.000000000000000E+000  0.000000000000000E+000
  0.000000000000000E+000  0.000000000000000E+000  0.000000000000000E+000
   35.4156378924513        174.715649960680        395.190073082917     
   389.908007864367       -145.613580050568        1103.89756408731     
   9.66709576591254       -52.3832435975749        562.773996888828     
  -640.271590828295        33.1353843512262        197.493689898460     
  -739.410777025602       -594.537880700552        268.698459656431     
  -423.133179500865        152.336970017250        68.2481137207485     
  -153.677236311904       -277.374960990094        375.049050249651     
   346.152299796466       -304.889139473847        70.7213064431400     
  -125.085802630360       -937.402431738777        255.726377102446     
   327.502950482653       -546.407705283835        192.018992703082     
  -5.71737317481734        9.63920944249477        569.549930066526     
  -340.412414668841        252.051940418293        1108.30026648758     
   148.816759497144        125.025529735073        391.462084011317     
  0.000000000000000E+000  0.000000000000000E+000  0.000000000000000E+000
  0.000000000000000E+000  0.000000000000000E+000  0.000000000000000E+000
  0.000000000000000E+000  0.000000000000000E+000  0.000000000000000E+000
  0.000000000000000E+000  0.000000000000000E+000  0.000000000000000E+000
   106.266772651832        109.821260650618        305.787162817468     
   404.840384704563       -150.072740629301        1090.95303622304     
  -140.012005866988       -42.4619418211787        632.783912737869     
  -706.899043866997        117.048679942389        144.621378460210     
  -743.498913278854       -4.02773409679909        284.115446797103     
  -435.164869857195        181.752203004616        203.584717703362     
   289.592975577304        489.802502804641        278.277718762781     
   388.678423562528       -288.296298259923        204.866170407444     
   376.918597951612       -652.558567285155        267.773293296355     
   444.832786990366       -561.022212185786        140.285400062205     
   37.9321390150046       -138.904197600395        641.615419075154     
  -338.035899829357        272.783102480722        1093.47577802138     
   54.5266276183548        151.917009529714        302.418556177301     
  0.000000000000000E+000  0.000000000000000E+000  0.000000000000000E+000
  0.000000000000000E+000  0.000000000000000E+000  0.000000000000000E+000
  0.000000000000000E+000  0.000000000000000E+000  0.000000000000000E+000
  0.000000000000000E+000  0.000000000000000E+000  0.000000000000000E+000
   156.130560555877       -31.4890600877443        254.058189943038     
   488.410655544323       -68.3678340037194        910.512654669162     
  -271.471292195565       -122.077830197982        699.235860958733     
  -685.180820883716       -30.5527438100782        24.7163059812513     
  -770.658560425117       -493.550106540857        426.336565342276     
  -517.126449445924        304.362188244923        148.973734894524     
  -2255.24117532237       -3924.50714617908        1149.16960504152     
   503.749857073044       -312.561301172181        151.332391259205     
  -46.9036319608489       -915.653423012410        409.439653108285     
   311.403104338592       -618.486352701611        26.3874735781035     
   2.21839381602553       -307.852119118490        705.874162280772     
  -306.793615461592        386.564363139820        912.089266504491     
  -93.4794524469929        124.098494711134        250.771481209544     
  0.000000000000000E+000  0.000000000000000E+000  0.000000000000000E+000
  0.000000000000000E+000  0.000000000000000E+000  0.000000000000000E+000
  0.000000000000000E+000  0.000000000000000E+000  0.000000000000000E+000
  0.000000000000000E+000  0.000000000000000E+000  0.000000000000000E+000
   248.811142364269       -116.650960539093        207.969698089451     
   437.865885039148       -154.652618327884        668.322539267808     
   96.6930111699647        111.521127802748        427.146188984257     
  -274.288822223469       -257.486581917900       -15.7704688405996     
  -206.340459347935        710.275088600514        222.075554034499     
  -83.0151984095630       -621.260023957943       -472.286945677817     
   1157.05204693669        2008.29836584662        522.479504598961     
  -453.900640568809       -354.989207089737       -493.439119822841     
   729.281952167060        173.868407765902        221.178867857730     
  -79.2999887427446       -358.256867334655       -16.8149349211548     
   49.8803463734650        149.052264062948        433.126726680987     
  -359.268124037528        305.003336034592        670.082150828124     
  -210.079440758190        161.486924955134        205.159414213644     
  0.000000000000000E+000  0.000000000000000E+000  0.000000000000000E+000
  0.000000000000000E+000  0.000000000000000E+000  0.000000000000000E+000
  0.000000000000000E+000  0.000000000000000E+000  0.000000000000000E+000
  0.000000000000000E+000  0.000000000000000E+000  0.000000000000000E+000
   235.759413554338        162.748021986522        234.334565957824     
   598.280189366047        8.97314068883832        439.116776698428     
   154.729043931046       -358.970636704265        436.714540804976     
   68.5388651334149        583.650093828878       -290.142777169477     
   268.586501721275       -1672.37466969419       -158.562468532669     
  -153.859812572683       -792.970285170742        750.864126882464     
   1921.62422361765        3316.40695945835       -2905.74295930732     
  -658.672264655263       -571.345514640403        771.684247713514     
  -1606.97342408495       -609.190591145693       -165.006110598052     
   464.799560489773        355.058587568886       -292.811446198863     
  -390.341958929620       -29.2258822025786        442.624492255264     
  -277.983555198642        532.944774796144        441.437839645316     
   7.05049151298159        275.055992676698        231.758971730060     
  0.000000000000000E+000  0.000000000000000E+000  0.000000000000000E+000
  0.000000000000000E+000  0.000000000000000E+000  0.000000000000000E+000
  0.000000000000000E+000  0.000000000000000E+000  0.000000000000000E+000
  0.000000000000000E+000  0.000000000000000E+000  0.000000000000000E+000
   160.802641978197        481.508363139217        133.683764707142     
   450.823040225253       -161.176714809208        460.397020032435     
   291.348910056829        950.788971067306       -152.379611447054     
   489.862024841916       -2560.73888552205        766.503753846958     
  -228.434562189164        1295.31726597065       -902.726977034779     
   739.851658090116        746.211851210494       -1503.89534586083     
  -2147.72586322629       -3706.73459140692        3336.92774496756     
   315.043043080898        1040.92497384439       -1549.35881106769     
   1240.00657492740        446.869664069648       -909.080787447188     
  -2445.38946771066       -837.407148205395        764.789509961359     
   641.644372266241        722.214602556380       -139.931761567070     
  -397.220126751210        308.323438379253        465.757671200361     
   326.022423672810        374.349808768639        132.746927226965     
  0.000000000000000E+000  0.000000000000000E+000  0.000000000000000E+000
  0.000000000000000E+000  0.000000000000000E+000  0.000000000000000E+000
  0.000000000000000E+000  0.000000000000000E+000  0.000000000000000E+000
  0.000000000000000E+000  0.000000000000000E+000  0.000000000000000E+000
   210.248050611625        169.961514904149        237.461352486908     
   1300.18091129312       -2207.84328757806        687.872730148749     
   33.8244525469436        399.663196137618        195.177031744399     
  -451.720769613444        2051.62207510109       -1103.62167981158     
   466.897388371297       -293.558438751125       -898.071162966762     
  -462.228385959711       -1024.71468148045        471.600910885496     
   1026.65691776661        1764.33548728838       -3747.66546063692     
  -667.900106527891       -922.861635301942        483.525062495073     
  -503.360355484122        252.028224469557       -898.992602154770     
   2049.93232018694        657.525648689522       -1130.94748915759     
   289.398301485773        224.943974063009        220.712363115912     
  -2533.31762201028        29.6269305068070        684.966286028805     
   41.0926675267937        261.244343012283        236.019581481678     
  0.000000000000000E+000  0.000000000000000E+000  0.000000000000000E+000
  0.000000000000000E+000  0.000000000000000E+000  0.000000000000000E+000
  0.000000000000000E+000  0.000000000000000E+000  0.000000000000000E+000
  0.000000000000000E+000  0.000000000000000E+000  0.000000000000000E+000
   181.659841491042       -149.224322007947        134.464208740817     
   1176.40553094753       -1489.06551851552        901.653321806622     
  -1316.68196347776        2801.44731219485       -1612.91400636359     
   496.528940022721       -431.412107708431        726.025194370371     
  -203.492059724759       -908.928597586361        1434.98324200321     
  -336.203051546804       -663.787764225383       -803.431058785199     
  -702.691016527756       -1204.68987437369        1273.95313069890     
  -399.120863677353       -615.835691285714       -839.213398728190     
  -710.099736017830       -642.150641393668        1481.73513946765     
  -642.580867526685        208.655977856890        753.732365128330     
   3068.89041611578        269.419758713123       -1594.12393961184     
  -1876.89432779617        274.042880430634        897.703697042783     
  -214.916773630425        82.5851156158114        131.594406637158     
  0.000000000000000E+000  0.000000000000000E+000  0.000000000000000E+000
  0.000000000000000E+000  0.000000000000000E+000  0.000000000000000E+000
  0.000000000000000E+000  0.000000000000000E+000  0.000000000000000E+000
  0.000000000000000E+000  0.000000000000000E+000  0.000000000000000E+000
   252.646652177779        57.2915564156305        183.654673921839     
  -336.005281787489        479.904496968960       -207.589258436915     
  -1312.51485056241        1664.01169935588       -1422.41796927297     
  -39.1560387643409        195.561471345722        1245.97379248221     
  -688.682097922809        391.461567873650       -1300.69745183771     
  -17.4642041544587       -1586.67998687119        2237.94174944775     
  -152.308946992149       -266.676379282131        48.1582895031491     
  -1366.00122098986       -810.595968536336        2251.56587213378     
   654.073796971992       -399.449122053675       -1265.74704129466     
   203.144986983844        62.8393897936990        1230.31071827897     
   2160.71070745425       -315.911323253765       -1468.42924430297     
   599.173445059274       -49.3409542716900       -203.822491361741     
  -79.1592095690580        247.546092722537        179.047061799241     
  0.000000000000000E+000  0.000000000000000E+000  0.000000000000000E+000
  0.000000000000000E+000  0.000000000000000E+000  0.000000000000000E+000
  0.000000000000000E+000  0.000000000000000E+000  0.000000000000000E+000
  0.000000000000000E+000  0.000000000000000E+000  0.000000000000000E+000
   100.769375190764       -28.1822225539202        165.862326328643     
  -123.113862559629        339.161869906873       -269.677877659108     
   33.4242523858737       -104.614033287476        698.570896057384     
   1050.14077359108       -277.713922983547        2176.65475375898     
  -512.847468841981       -62.1562253422118       -40.2163844583292     
  -319.938803578771       -138.058232583806       -1148.49887105731     
  -753.724927506166       -1328.30130779441       -4520.63578009979     
   35.5961988649167       -362.880140847987       -1196.47299868825     
   213.500539281618       -481.365970506486       -46.2464521300396     
  -726.703434460816        750.219687021341        2145.66188585039     
  -154.523823573527       -7.73109612833386        747.028340384243     
   364.903523984002        61.6486132057600       -280.548272454035     
  -76.1047539390322        74.3292332420407        169.371941888822     
  0.000000000000000E+000  0.000000000000000E+000  0.000000000000000E+000
  0.000000000000000E+000  0.000000000000000E+000  0.000000000000000E+000
  0.000000000000000E+000  0.000000000000000E+000  0.000000000000000E+000
  0.000000000000000E+000  0.000000000000000E+000  0.000000000000000E+000
  0.000000000000000E+000  0.000000000000000E+000  0.000000000000000E+000
  0.000000000000000E+000  0.000000000000000E+000  0.000000000000000E+000
  0.000000000000000E+000  0.000000000000000E+000  0.000000000000000E+000
  0.000000000000000E+000  0.000000000000000E+000  0.000000000000000E+000
  0.000000000000000E+000  0.000000000000000E+000  0.000000000000000E+000
  0.000000000000000E+000  0.000000000000000E+000  0.000000000000000E+000
  0.000000000000000E+000  0.000000000000000E+000  0.000000000000000E+000
  0.000000000000000E+000  0.000000000000000E+000  0.000000000000000E+000
  0.000000000000000E+000  0.000000000000000E+000  0.000000000000000E+000
  0.000000000000000E+000  0.000000000000000E+000  0.000000000000000E+000
  0.000000000000000E+000  0.000000000000000E+000  0.000000000000000E+000
  0.000000000000000E+000  0.000000000000000E+000  0.000000000000000E+000
  0.000000000000000E+000  0.000000000000000E+000  0.000000000000000E+000
  0.000000000000000E+000  0.000000000000000E+000  0.000000000000000E+000
  0.000000000000000E+000  0.000000000000000E+000  0.000000000000000E+000
  0.000000000000000E+000  0.000000000000000E+000  0.000000000000000E+000
  0.000000000000000E+000  0.000000000000000E+000  0.000000000000000E+000
  0.000000000000000E+000  0.000000000000000E+000  0.000000000000000E+000
  0.000000000000000E+000  0.000000000000000E+000  0.000000000000000E+000
  0.000000000000000E+000  0.000000000000000E+000  0.000000000000000E+000
  0.000000000000000E+000  0.000000000000000E+000  0.000000000000000E+000
  0.000000000000000E+000  0.000000000000000E+000  0.000000000000000E+000
  0.000000000000000E+000  0.000000000000000E+000  0.000000000000000E+000
  0.000000000000000E+000  0.000000000000000E+000  0.000000000000000E+000
  0.000000000000000E+000  0.000000000000000E+000  0.000000000000000E+000
  0.000000000000000E+000  0.000000000000000E+000  0.000000000000000E+000
  0.000000000000000E+000  0.000000000000000E+000  0.000000000000000E+000
  0.000000000000000E+000  0.000000000000000E+000  0.000000000000000E+000
  0.000000000000000E+000  0.000000000000000E+000  0.000000000000000E+000
  0.000000000000000E+000  0.000000000000000E+000  0.000000000000000E+000
  0.000000000000000E+000  0.000000000000000E+000  0.000000000000000E+000
  0.000000000000000E+000  0.000000000000000E+000  0.000000000000000E+000
