         140  1.399999999999997E-002  1.399999999999997E-002
  0.000000000000000E+000  0.000000000000000E+000  0.000000000000000E+000
  0.000000000000000E+000  0.000000000000000E+000  0.000000000000000E+000
  4.377821370762937E-002  7.389110222036206E-002 -7.011877797895250E-002
  5.559647381058915E-002  0.142037389804830      -0.119672482323796     
  8.269577220371260E-002  0.194350282031221      -0.173702445131821     
  9.728594533916654E-002  0.227800773336278      -0.207692455394012     
  0.112093007730032       0.239307357810773      -0.233103249761469     
  0.124807484425815       0.240874849738089      -0.246151492475703     
  0.136784484306024       0.236973878739082      -0.250893743978289     
  0.146142250153649       0.228516296774794      -0.246127105016673     
  0.151141930664061       0.216721736001500      -0.233068225805308     
  0.148606548094039       0.198185608883751      -0.207709210147892     
  0.126983034724836       0.168849883181183      -0.173738524716115     
  9.524344624523731E-002  0.119216980440937      -0.119727847837477     
  4.213486866705145E-002  7.490629138420588E-002 -7.017156412992838E-002
  0.000000000000000E+000  0.000000000000000E+000  0.000000000000000E+000
  0.000000000000000E+000  0.000000000000000E+000  0.000000000000000E+000
  0.000000000000000E+000  0.000000000000000E+000  0.000000000000000E+000
  0.000000000000000E+000  0.000000000000000E+000  0.000000000000000E+000
  3.518764355931671E-002  6.831850765589946E-002 -6.004768656572902E-002
  5.278019253522686E-002  0.136638825770465      -0.116189677719392     
  7.292436614921191E-002  0.188142688253069      -0.164645114732423     
  9.004495928567897E-002  0.218156178955372      -0.203195164407810     
  0.103486369179986       0.229009886503803      -0.227493566393087     
  0.117198525601209       0.228919019738047      -0.242578116544523     
  0.129424065772805       0.224219191369778      -0.246720556076783     
  0.139606865465002       0.215967397796029      -0.242571684461065     
  0.146531484713334       0.204127405606721      -0.227468274742529     
  0.143870583885898       0.187086981382540      -0.203209495323553     
  0.126473539846898       0.157257952214173      -0.164664055703395     
  9.195922832393193E-002  0.114062520329441      -0.116233816941571     
  4.160038848795298E-002  6.466365400468022E-002 -6.008637103202837E-002
  0.000000000000000E+000  0.000000000000000E+000  0.000000000000000E+000
  0.000000000000000E+000  0.000000000000000E+000  0.000000000000000E+000
  0.000000000000000E+000  0.000000000000000E+000  0.000000000000000E+000
  0.000000000000000E+000  0.000000000000000E+000  0.000000000000000E+000
  3.000541434430096E-002  5.632417629544213E-002 -4.709231597691467E-002
  4.241793074944335E-002  0.128067156917768      -0.104317912058955     
  6.216829630881140E-002  0.175725440989872      -0.151461460961131     
  7.511257098675751E-002  0.202404958516947      -0.189888343812473     
  9.008725256456539E-002  0.209473188711360      -0.216083784521167     
  0.102574323652188       0.206570308104851      -0.230892619816699     
  0.115791528660592       0.200600059538998      -0.236120533653888     
  0.127583146325377       0.192155566015811      -0.230918672776444     
  0.136319960293988       0.182768954225122      -0.216077983648936     
  0.137687610688227       0.166261070242850      -0.189889696790095     
  0.121059595424248       0.141700458010321      -0.151455091151260     
  8.969028573127114E-002  0.100756584888233      -0.104325570542956     
  3.379199051819019E-002  5.416064068598554E-002 -4.711205771715298E-002
  0.000000000000000E+000  0.000000000000000E+000  0.000000000000000E+000
  0.000000000000000E+000  0.000000000000000E+000  0.000000000000000E+000
  0.000000000000000E+000  0.000000000000000E+000  0.000000000000000E+000
  0.000000000000000E+000  0.000000000000000E+000  0.000000000000000E+000
  2.610854972117219E-002  3.557996378396512E-002 -3.428912888941243E-002
  3.647200408014344E-002  0.114466411104788      -8.860063822892252E-002
  4.940641239877520E-002  0.160601113106782      -0.134164565614312     
  6.295274001993208E-002  0.184458357112724      -0.172163325138128     
  7.456939840126581E-002  0.187272493432338      -0.197560469083528     
  8.741796855370683E-002  0.181379585373195      -0.211820964919129     
  0.100044818505409       0.173318587986020      -0.216395222563519     
  0.113367416120196       0.166469074206273      -0.211884060106917     
  0.124865376793053       0.158243836682649      -0.197577078418555     
  0.128211860533386       0.146744474398991      -0.172147629689112     
  0.114310290489404       0.123041297956779      -0.134122315444687     
  8.082908226460096E-002  8.876745615443739E-002 -8.856149309419641E-002
  1.776150844418327E-002  4.038770851113054E-002 -3.429222639703458E-002
  0.000000000000000E+000  0.000000000000000E+000  0.000000000000000E+000
  0.000000000000000E+000  0.000000000000000E+000  0.000000000000000E+000
  0.000000000000000E+000  0.000000000000000E+000  0.000000000000000E+000
  0.000000000000000E+000  0.000000000000000E+000  0.000000000000000E+000
  2.577520106251218E-002  1.015987004257516E-002 -2.424873207058706E-002
  2.827680930480560E-002  0.102303623938557      -7.402917238921017E-002
  4.537157260897275E-002  0.149153657628267      -0.120469742229302     
  5.255847424244638E-002  0.170486007963920      -0.157559714942146     
  6.505676359041186E-002  0.171768727474967      -0.181723342546347     
  7.630039701094656E-002  0.163558708656158      -0.194790014413169     
  8.946359794645327E-002  0.154986398049818      -0.199045698044556     
  0.103527656209232       0.147972590691101      -0.194895938949542     
  0.116218539683075       0.142282590242895      -0.181769146431354     
  0.121308325781060       0.130750337598778      -0.157535539241531     
  0.106392847401423       0.113817621406163      -0.120401472252522     
  7.436889402788717E-002  7.553907400329234E-002 -7.394911592315938E-002
 -4.122573133019129E-003  2.736979837061126E-002 -2.423963573723641E-002
  0.000000000000000E+000  0.000000000000000E+000  0.000000000000000E+000
  0.000000000000000E+000  0.000000000000000E+000  0.000000000000000E+000
  0.000000000000000E+000  0.000000000000000E+000  0.000000000000000E+000
  0.000000000000000E+000  0.000000000000000E+000  0.000000000000000E+000
  1.076922744613219E-002 -1.111479847882355E-002 -1.211647820734153E-002
  3.373768330421263E-002  9.692698622598316E-002 -6.498957651955814E-002
  3.702717951034742E-002  0.135727925473564      -0.108604284573656     
  4.671127568682470E-002  0.157902777376638      -0.144280036076905     
  5.656069485601996E-002  0.157204714254238      -0.167044742315047     
  6.769574669535822E-002  0.148768457843936      -0.179126889248112     
  8.070154210961830E-002  0.139798344382154      -0.182828068145411     
  9.508467332788251E-002  0.133199683122793      -0.179310103929504     
  0.107890389457853       0.127686720898127      -0.167136661841374     
  0.113354163863583       0.119425816662819      -0.144268300279094     
  9.895019396878431E-002  9.987187588015094E-002 -0.108522662394779     
  6.697787290402828E-002  7.760708096728862E-002 -6.490436901684687E-002
 -1.503588926171357E-002  3.690548374661592E-003 -1.208531353338425E-002
  0.000000000000000E+000  0.000000000000000E+000  0.000000000000000E+000
  0.000000000000000E+000  0.000000000000000E+000  0.000000000000000E+000
  0.000000000000000E+000  0.000000000000000E+000  0.000000000000000E+000
  0.000000000000000E+000  0.000000000000000E+000  0.000000000000000E+000
  1.159521494459302E-002 -1.587245420487101E-002 -1.098080359694014E-002
  3.060408093350695E-002  8.736350530399913E-002 -5.469535256149358E-002
  3.073641411653861E-002  0.116497159416376      -9.503722854142828E-002
  4.013334748493922E-002  0.140909054714047      -0.128736705039454     
  4.735836032566011E-002  0.138193713391751      -0.149652229728991     
  5.861444632424537E-002  0.131624525883136      -0.160919762481253     
  7.070289542933823E-002  0.122466463159967      -0.164399227496114     
  8.485152051708560E-002  0.116845673234903      -0.161210477706880     
  9.608247433670286E-002  0.110261054253887      -0.149818066889927     
  0.101951882415458       0.105268337950918      -0.128756018521693     
  8.548941747467284E-002  8.484719615499700E-002 -9.497140159419552E-002
  6.028098705032884E-002  7.010245391994770E-002 -5.460694613245919E-002
 -1.955997097569859E-002  2.066731823352654E-003 -1.096314480387866E-002
  0.000000000000000E+000  0.000000000000000E+000  0.000000000000000E+000
  0.000000000000000E+000  0.000000000000000E+000  0.000000000000000E+000
  0.000000000000000E+000  0.000000000000000E+000  0.000000000000000E+000
  0.000000000000000E+000  0.000000000000000E+000  0.000000000000000E+000
  8.525771043014722E-003 -1.047440213665484E-002 -6.020195918088918E-003
  2.542186916488829E-002  6.219705085549986E-002 -4.154483074362114E-002
  2.559668945781832E-002  9.249968835558750E-002 -7.620357106512263E-002
  3.143719497354787E-002  0.111414589253638      -0.105310640690047     
  3.768051269590152E-002  0.112648823550671      -0.124458210419990     
  4.730847089363932E-002  0.107542291583282      -0.135239261068914     
  5.793130024260634E-002  0.100301471414696      -0.138438928768639     
  6.972140935290408E-002  9.508321694202457E-002 -0.135651731887215     
  7.881723059603674E-002  8.915886234947203E-002 -0.124695602226797     
  8.079257151972459E-002  8.300547056094389E-002 -0.105372761814145     
  6.733084485864575E-002  6.845488329075876E-002 -7.618165890410732E-002
  4.110721554380253E-002  5.302658155771161E-002 -4.146667917568335E-002
 -1.335143476162595E-002  2.116848016054800E-003 -5.975326884694637E-003
  0.000000000000000E+000  0.000000000000000E+000  0.000000000000000E+000
  0.000000000000000E+000  0.000000000000000E+000  0.000000000000000E+000
  0.000000000000000E+000  0.000000000000000E+000  0.000000000000000E+000
  0.000000000000000E+000  0.000000000000000E+000  0.000000000000000E+000
  2.904403205925646E-003 -9.596861567060317E-003 -2.606700054032152E-003
  2.005020579658858E-002  3.754479596144649E-002 -2.577637423061986E-002
  1.700337990695112E-002  5.427262029395189E-002 -4.703862308755299E-002
  2.079433780406003E-002  7.265648144173639E-002 -7.005243274592517E-002
  2.486063274045754E-002  7.443269506646094E-002 -8.610896923897257E-002
  3.110881905432425E-002  7.223090238076954E-002 -9.495786733400420E-002
  3.908706484243279E-002  6.762747888683883E-002 -9.840666965488246E-002
  4.724075638980456E-002  6.336584654114466E-002 -9.542039708966268E-002
  5.211860073198298E-002  5.890634803111564E-002 -8.635366461217830E-002
  5.254195136015162E-002  5.440909028405184E-002 -7.012062212874073E-002
  3.855246195139107E-002  4.189131477502341E-002 -4.706078793595508E-002
  2.247045477721132E-002  3.610697982220489E-002 -2.571882517988287E-002
 -9.753504087337474E-003 -2.321323280311583E-003 -2.585356858624674E-003
  0.000000000000000E+000  0.000000000000000E+000  0.000000000000000E+000
  0.000000000000000E+000  0.000000000000000E+000  0.000000000000000E+000
  0.000000000000000E+000  0.000000000000000E+000  0.000000000000000E+000
  0.000000000000000E+000  0.000000000000000E+000  0.000000000000000E+000
 -6.326999605319775E-004 -2.800785157974493E-003 -1.046827707912858E-003
  1.008612742322761E-002  6.888950420554398E-003 -7.408411350056827E-003
  8.132298620075095E-003  1.295419284976357E-002 -1.088841198107129E-002
  1.336890697035903E-002  2.352890634751812E-002 -2.194903079017291E-002
  1.193350195335642E-002  2.614154850946314E-002 -2.702519248536464E-002
  1.455058746444959E-002  2.841383904098574E-002 -3.337710566697431E-002
  1.576277053675199E-002  2.720277886268249E-002 -3.434582743156993E-002
  1.748410393043785E-002  2.706577866611246E-002 -3.366361236008766E-002
  1.668739861438030E-002  2.352671893928101E-002 -2.711450071614831E-002
  1.372093525020810E-002  2.334588732143313E-002 -2.199016429925138E-002
  7.196301774245264E-003  1.354885517879624E-002 -1.086085323015218E-002
  9.171016564089938E-004  1.213775031247975E-002 -7.471267930922042E-003
 -2.071808205935037E-003 -1.905706831097124E-003 -9.191590404155743E-004
  0.000000000000000E+000  0.000000000000000E+000  0.000000000000000E+000
  0.000000000000000E+000  0.000000000000000E+000  0.000000000000000E+000
  0.000000000000000E+000  0.000000000000000E+000  0.000000000000000E+000
  0.000000000000000E+000  0.000000000000000E+000  0.000000000000000E+000
  0.000000000000000E+000  0.000000000000000E+000  0.000000000000000E+000
  0.000000000000000E+000  0.000000000000000E+000  0.000000000000000E+000
  0.000000000000000E+000  0.000000000000000E+000  0.000000000000000E+000
  0.000000000000000E+000  0.000000000000000E+000  0.000000000000000E+000
  0.000000000000000E+000  0.000000000000000E+000  0.000000000000000E+000
  0.000000000000000E+000  0.000000000000000E+000  0.000000000000000E+000
  0.000000000000000E+000  0.000000000000000E+000  0.000000000000000E+000
  0.000000000000000E+000  0.000000000000000E+000  0.000000000000000E+000
  0.000000000000000E+000  0.000000000000000E+000  0.000000000000000E+000
  0.000000000000000E+000  0.000000000000000E+000  0.000000000000000E+000
  0.000000000000000E+000  0.000000000000000E+000  0.000000000000000E+000
  0.000000000000000E+000  0.000000000000000E+000  0.000000000000000E+000
  0.000000000000000E+000  0.000000000000000E+000  0.000000000000000E+000
  0.000000000000000E+000  0.000000000000000E+000  0.000000000000000E+000
  0.000000000000000E+000  0.000000000000000E+000  0.000000000000000E+000
  0.000000000000000E+000  0.000000000000000E+000  0.000000000000000E+000
  0.000000000000000E+000  0.000000000000000E+000  0.000000000000000E+000
  0.000000000000000E+000  0.000000000000000E+000  0.000000000000000E+000
  0.000000000000000E+000  0.000000000000000E+000  0.000000000000000E+000
  0.000000000000000E+000  0.000000000000000E+000  0.000000000000000E+000
  0.000000000000000E+000  0.000000000000000E+000  0.000000000000000E+000
  0.000000000000000E+000  0.000000000000000E+000  0.000000000000000E+000
  0.000000000000000E+000  0.000000000000000E+000  0.000000000000000E+000
  0.000000000000000E+000  0.000000000000000E+000  0.000000000000000E+000
  0.000000000000000E+000  0.000000000000000E+000  0.000000000000000E+000
  0.000000000000000E+000  0.000000000000000E+000  0.000000000000000E+000
  0.000000000000000E+000  0.000000000000000E+000  0.000000000000000E+000
  0.000000000000000E+000  0.000000000000000E+000  0.000000000000000E+000
  0.000000000000000E+000  0.000000000000000E+000  0.000000000000000E+000
  0.000000000000000E+000  0.000000000000000E+000  0.000000000000000E+000
  0.000000000000000E+000  0.000000000000000E+000  0.000000000000000E+000
  0.000000000000000E+000  0.000000000000000E+000  0.000000000000000E+000
  0.000000000000000E+000  0.000000000000000E+000  0.000000000000000E+000
  0.000000000000000E+000  0.000000000000000E+000  0.000000000000000E+000
 -7.481879315949485E-004  8.293083426578387E-003  6.678199134730280E-003
 -2.328883075675102E-003  8.661851884656363E-005  1.557516635672746E-002
 -6.926194038364694E-003  7.513980369446644E-003  2.260171834629614E-002
 -4.779292255602743E-003  2.165108896471364E-002  2.234531376432826E-002
  7.704625134027851E-004  3.177847019010509E-002  2.030175727725821E-002
  9.440924434904439E-003  3.423514559890278E-002  1.974681284843513E-002
  1.665142440143190E-002  2.903938066072808E-002  2.111821136860865E-002
  2.471924898895358E-002  2.525995452642601E-002  1.986330927670804E-002
  2.713240199193169E-002  1.664840638453075E-002  2.029397851639377E-002
  2.175164194910910E-002  7.139196857528159E-003  2.205963289976444E-002
  1.041452286689223E-002 -1.986591527453043E-003  2.236059222573103E-002
  1.066700961569764E-003 -2.038636740672988E-003  1.553301365714478E-002
  7.795785414123759E-003  3.620125810414376E-003  6.552268179587278E-003
  0.000000000000000E+000  0.000000000000000E+000  0.000000000000000E+000
  0.000000000000000E+000  0.000000000000000E+000  0.000000000000000E+000
  0.000000000000000E+000  0.000000000000000E+000  0.000000000000000E+000
  0.000000000000000E+000  0.000000000000000E+000  0.000000000000000E+000
  6.965207844564686E-004  7.006592124772346E-003  5.706201667809782E-003
 -2.515137457521030E-003  4.395076879964107E-003  1.375457140902177E-002
 -5.026747097374281E-003  6.575663658252033E-003  2.139062079676262E-002
 -4.959268435426209E-003  1.078685397416321E-002  2.569383218843421E-002
 -3.157303706768210E-003  1.155140545789719E-002  2.654861866142725E-002
  1.644082105533999E-004  9.692900232182174E-003  2.792209417262812E-002
  2.931957195255328E-003  5.250504237807109E-003  2.945377168497126E-002
  8.116551517014452E-003  4.972768670362883E-003  2.801786074314746E-002
  1.151157297585287E-002  3.091502504532104E-003  2.656591674445266E-002
  1.226056608955699E-002  1.444892149957691E-003  2.546330624781020E-002
  8.668996315539069E-003 -7.875693993577759E-004  2.114997878210954E-002
  5.165302873606651E-003  7.926813305806714E-005  1.362846561972792E-002
  5.938968217382647E-003  4.202454608921349E-003  5.599057685558483E-003
  0.000000000000000E+000  0.000000000000000E+000  0.000000000000000E+000
  0.000000000000000E+000  0.000000000000000E+000  0.000000000000000E+000
  0.000000000000000E+000  0.000000000000000E+000  0.000000000000000E+000
  0.000000000000000E+000  0.000000000000000E+000  0.000000000000000E+000
  1.342300233795983E-003  4.845913494332364E-003  5.266066460331512E-003
 -2.842891109068626E-003  1.093002936139885E-002  1.015023223301716E-002
 -4.168128264787169E-003  8.090886591117386E-003  1.941722973656462E-002
 -6.333053557304889E-003 -1.040353309280174E-002  3.210051084228213E-002
 -1.202207165467515E-002 -2.849030932794432E-002  4.275310357939485E-002
 -1.881139680659938E-002 -3.926215541828012E-002  4.959133152433980E-002
 -2.494194911574751E-002 -4.304934083491412E-002  5.278012323715755E-002
 -2.476888767666947E-002 -3.593121502466209E-002  4.965879526727768E-002
 -1.890838036100509E-002 -2.477053144762812E-002  4.286798724234369E-002
 -5.666095712466966E-003 -1.053222286449892E-002  3.198558966683036E-002
  9.764078977803908E-003  8.254473169237704E-004  1.911672429826670E-002
  1.145269547777413E-002  3.260971919007261E-003  9.895378498631740E-003
  3.696731168148834E-003  3.668094260014236E-003  5.171841427181714E-003
  0.000000000000000E+000  0.000000000000000E+000  0.000000000000000E+000
  0.000000000000000E+000  0.000000000000000E+000  0.000000000000000E+000
  0.000000000000000E+000  0.000000000000000E+000  0.000000000000000E+000
  0.000000000000000E+000  0.000000000000000E+000  0.000000000000000E+000
  1.128835828787852E-003  2.640633151933195E-003  5.388362066579113E-003
 -3.865948842721575E-003  1.306530948833827E-002  7.994141206227589E-003
 -5.090139049406463E-003  1.159514223018095E-002  1.588866875196204E-002
 -8.347787936366410E-003 -1.644558999111101E-002  3.290980974397642E-002
 -1.766167303061763E-002 -4.862662170984041E-002  5.235011420945481E-002
 -3.046506015616578E-002 -6.770541396851851E-002  6.639687916636251E-002
 -4.143812156441910E-002 -7.169477980959973E-002  7.200178898520368E-002
 -4.359923194559893E-002 -6.036948306046425E-002  6.652179961093725E-002
 -3.373935446431507E-002 -3.996890307136890E-002  5.264242263351034E-002
 -1.016537620075835E-002 -1.551165343861235E-002  3.293234618578057E-002
  1.335747621352331E-002  1.807926228323269E-003  1.553589085177120E-002
  1.410745772875844E-002  3.580442600388423E-003  7.638706803066077E-003
  1.816842178204967E-003  2.385337258708589E-003  5.291785321194953E-003
  0.000000000000000E+000  0.000000000000000E+000  0.000000000000000E+000
  0.000000000000000E+000  0.000000000000000E+000  0.000000000000000E+000
  0.000000000000000E+000  0.000000000000000E+000  0.000000000000000E+000
  0.000000000000000E+000  0.000000000000000E+000  0.000000000000000E+000
  9.386128147253608E-004  1.098480371542166E-003  5.211497061988949E-003
 -3.916827901503744E-003  9.837052735768671E-003  7.846197083041996E-003
 -5.635017607852888E-003  1.362906015208888E-002  1.273641795711568E-002
 -8.688846689167997E-003 -8.667924739004936E-003  2.712415566491303E-002
 -1.630789976637547E-002 -3.859696237933404E-002  4.595433316009279E-002
 -2.461564727760942E-002 -5.093022309960339E-002  5.559990847928642E-002
 -2.977388756636063E-002 -5.155332410005974E-002  5.779997013206642E-002
 -3.216965555062156E-002 -4.720496096368350E-002  5.591345305546605E-002
 -2.577024348260097E-002 -3.384771441027122E-002  4.627617215110558E-002
 -3.389961194229254E-003 -1.202009737711395E-002  2.718206192101082E-002
  1.516630927961319E-002  2.275919456352012E-003  1.240472710062258E-002
  1.132470020326128E-002  1.919494762585494E-003  7.495037009840785E-003
  4.438769815429177E-004  1.435239169034453E-003  5.124249624605092E-003
  0.000000000000000E+000  0.000000000000000E+000  0.000000000000000E+000
  0.000000000000000E+000  0.000000000000000E+000  0.000000000000000E+000
  0.000000000000000E+000  0.000000000000000E+000  0.000000000000000E+000
  0.000000000000000E+000  0.000000000000000E+000  0.000000000000000E+000
  1.609499599728453E-004  5.633312421965199E-004  4.637744519276132E-003
 -3.177794329895279E-003  5.173553012565485E-003  7.814855148980721E-003
 -5.632670654588544E-003  9.924223415845037E-003  1.148693529304421E-002
 -8.276117382533067E-003 -1.125294786462208E-002  2.585130730184139E-002
 -1.437609039001795E-002 -3.376934715865059E-002  4.292027796533803E-002
 -1.670375228177253E-002 -3.056414958403007E-002  4.120656795989328E-002
 -1.398400806582048E-002 -2.414487826945848E-002  3.540147323986882E-002
 -1.848272960826299E-002 -3.009318609697041E-002  4.146015690615296E-002
 -2.233076778328871E-002 -2.953206179835989E-002  4.296846155782832E-002
 -5.711334086705548E-003 -1.282585211897413E-002  2.575179434580437E-002
  1.164767999609491E-002  2.804483468879259E-004  1.120270961256386E-002
  6.693507817217580E-003  2.159422216987337E-004  7.490967923593650E-003
  3.536145836268329E-004  4.378533230258899E-004  4.581074661096161E-003
  0.000000000000000E+000  0.000000000000000E+000  0.000000000000000E+000
  0.000000000000000E+000  0.000000000000000E+000  0.000000000000000E+000
  0.000000000000000E+000  0.000000000000000E+000  0.000000000000000E+000
  0.000000000000000E+000  0.000000000000000E+000  0.000000000000000E+000
 -7.258585035255047E-004  9.710531240023671E-004  3.793526698450650E-003
 -2.593217181599112E-003  1.769905755511743E-003  7.350657840145536E-003
 -5.022803025748261E-003  5.150395738281048E-003  1.047494578484134E-002
 -7.138165078968286E-003 -1.467554229434419E-002  2.579814790400809E-002
 -1.144851998448331E-002 -2.498465663679851E-002  3.681596286449175E-002
 -1.255534010621892E-002 -2.159936864687581E-002  3.433191732359565E-002
 -1.063667082320270E-002 -1.816241255334869E-002  3.087687281035976E-002
 -1.269045079481840E-002 -2.166110209082518E-002  3.425527660778693E-002
 -1.604556217088715E-002 -2.238293321091278E-002  3.658204922310073E-002
 -9.006097877304981E-003 -1.334072659541272E-002  2.542054999239953E-002
  6.983225287458462E-003 -1.690542473252501E-003  1.025546094622422E-002
  3.268625468257596E-003 -1.020582508266856E-003  7.062759981350111E-003
  1.121380974550322E-003 -1.534538326388086E-004  3.711806722775561E-003
  0.000000000000000E+000  0.000000000000000E+000  0.000000000000000E+000
  0.000000000000000E+000  0.000000000000000E+000  0.000000000000000E+000
  0.000000000000000E+000  0.000000000000000E+000  0.000000000000000E+000
  0.000000000000000E+000  0.000000000000000E+000  0.000000000000000E+000
 -8.780900178998433E-004  9.877798477597088E-004  2.736596393188278E-003
 -1.993727343388913E-003  4.001588532269640E-004  6.082779752693958E-003
 -4.335902528620553E-003  2.672195618972996E-003  8.398027422769086E-003
 -5.898140177409568E-003 -1.212084102130003E-002  2.177757475124301E-002
 -8.145874167957225E-003 -1.357320172851136E-002  2.509166826994964E-002
 -1.072304445956398E-002 -2.125714997587713E-002  3.512387311827866E-002
 -1.395577388067473E-002 -2.369832356849133E-002  4.199768049508060E-002
 -1.343320119951208E-002 -1.980536326815858E-002  3.503319677592378E-002
 -8.009208716887073E-003 -1.383789113513147E-002  2.499920125778698E-002
 -7.572738797709992E-003 -1.105509844171963E-002  2.145269813563137E-002
  4.398827932057991E-003 -2.364573855002315E-003  8.246099156966275E-003
  1.559556707988687E-003 -1.303242850043674E-003  5.868442691955883E-003
  1.241187219552190E-003 -2.593613167639852E-004  2.673954063543005E-003
  0.000000000000000E+000  0.000000000000000E+000  0.000000000000000E+000
  0.000000000000000E+000  0.000000000000000E+000  0.000000000000000E+000
  0.000000000000000E+000  0.000000000000000E+000  0.000000000000000E+000
  0.000000000000000E+000  0.000000000000000E+000  0.000000000000000E+000
 -3.773342556143250E-004  1.344371337473335E-003  1.450440171629962E-003
 -1.506370416617891E-003 -4.481897512999062E-004  4.000967751387734E-003
 -3.125958269834588E-003  7.889001702990714E-004  5.782780827209924E-003
 -3.910333965764352E-003 -9.055977818223759E-003  1.610330948395920E-002
 -5.267460117129119E-003 -6.898071128568586E-003  1.475709249559509E-002
 -6.848212156382541E-003 -1.486395259265291E-002  2.800808353047980E-002
 -8.934290353300884E-003 -1.498909175084842E-002  3.188583724437800E-002
 -9.838526094764806E-003 -1.326063422480460E-002  2.806152287229292E-002
 -3.721894422955773E-003 -8.012284921876766E-003  1.485761933697703E-002
 -6.139622043772653E-003 -7.920606019332603E-003  1.611395868171826E-002
  2.100457706270183E-003 -2.317025987732751E-003  5.741557464407736E-003
  4.438029393011203E-004 -1.387442945482198E-003  3.869665235859800E-003
  1.309125162987017E-003  3.368882585633779E-004  1.415248574226019E-003
  0.000000000000000E+000  0.000000000000000E+000  0.000000000000000E+000
  0.000000000000000E+000  0.000000000000000E+000  0.000000000000000E+000
  0.000000000000000E+000  0.000000000000000E+000  0.000000000000000E+000
  0.000000000000000E+000  0.000000000000000E+000  0.000000000000000E+000
  1.604038782446898E-004  4.397799574983557E-004  5.330675880394712E-004
 -1.215083143048670E-003  8.968181689351094E-004  1.704475314764209E-003
 -2.083331985698143E-003  3.704334975002993E-004  2.309674603976401E-003
 -3.536055266717607E-003 -2.339093466497548E-003  5.336749417056455E-003
 -3.264602968273880E-003 -1.759125431072607E-003  3.337960782363161E-003
 -3.601899619100073E-003 -4.362768329543483E-003  7.099729917518601E-003
 -2.124483871993273E-003 -3.386376387276914E-003  3.357027342009284E-003
 -2.197770902350247E-003 -5.229329899505074E-003  7.079187287580140E-003
 -5.374548271698855E-005 -3.674871867609607E-003  3.305917176345266E-003
 -4.198327478081635E-004 -4.222215543831381E-003  5.350648010233675E-003
  1.296757857576295E-003 -1.639960714013129E-003  2.280276777487170E-003
  1.361732302900980E-003 -5.498676366897490E-004  1.702343342404347E-003
  2.811009508109948E-004  3.336179039450054E-004  4.735259442848312E-004
  0.000000000000000E+000  0.000000000000000E+000  0.000000000000000E+000
  0.000000000000000E+000  0.000000000000000E+000  0.000000000000000E+000
  0.000000000000000E+000  0.000000000000000E+000  0.000000000000000E+000
  0.000000000000000E+000  0.000000000000000E+000  0.000000000000000E+000
  0.000000000000000E+000  0.000000000000000E+000  0.000000000000000E+000
  0.000000000000000E+000  0.000000000000000E+000  0.000000000000000E+000
  0.000000000000000E+000  0.000000000000000E+000  0.000000000000000E+000
  0.000000000000000E+000  0.000000000000000E+000  0.000000000000000E+000
  0.000000000000000E+000  0.000000000000000E+000  0.000000000000000E+000
  0.000000000000000E+000  0.000000000000000E+000  0.000000000000000E+000
  0.000000000000000E+000  0.000000000000000E+000  0.000000000000000E+000
  0.000000000000000E+000  0.000000000000000E+000  0.000000000000000E+000
  0.000000000000000E+000  0.000000000000000E+000  0.000000000000000E+000
  0.000000000000000E+000  0.000000000000000E+000  0.000000000000000E+000
  0.000000000000000E+000  0.000000000000000E+000  0.000000000000000E+000
  0.000000000000000E+000  0.000000000000000E+000  0.000000000000000E+000
  0.000000000000000E+000  0.000000000000000E+000  0.000000000000000E+000
  0.000000000000000E+000  0.000000000000000E+000  0.000000000000000E+000
  0.000000000000000E+000  0.000000000000000E+000  0.000000000000000E+000
  0.000000000000000E+000  0.000000000000000E+000  0.000000000000000E+000
  0.000000000000000E+000  0.000000000000000E+000  0.000000000000000E+000
  0.000000000000000E+000  0.000000000000000E+000  0.000000000000000E+000
  0.000000000000000E+000  0.000000000000000E+000  0.000000000000000E+000
  0.000000000000000E+000  0.000000000000000E+000  0.000000000000000E+000
  0.000000000000000E+000  0.000000000000000E+000  0.000000000000000E+000
  0.000000000000000E+000  0.000000000000000E+000  0.000000000000000E+000
  0.000000000000000E+000  0.000000000000000E+000  0.000000000000000E+000
  0.000000000000000E+000  0.000000000000000E+000  0.000000000000000E+000
  0.000000000000000E+000  0.000000000000000E+000  0.000000000000000E+000
  0.000000000000000E+000  0.000000000000000E+000  0.000000000000000E+000
  0.000000000000000E+000  0.000000000000000E+000  0.000000000000000E+000
  0.000000000000000E+000  0.000000000000000E+000  0.000000000000000E+000
  0.000000000000000E+000  0.000000000000000E+000  0.000000000000000E+000
  0.000000000000000E+000  0.000000000000000E+000  0.000000000000000E+000
  0.000000000000000E+000  0.000000000000000E+000  0.000000000000000E+000
  0.000000000000000E+000  0.000000000000000E+000  0.000000000000000E+000
  0.000000000000000E+000  0.000000000000000E+000  0.000000000000000E+000
  0.000000000000000E+000  0.000000000000000E+000  0.000000000000000E+000
  -3.88625739816333        52.6410029216340       -33.2573331336587     
   9.36569118212280       -29.3365902973990       -31.2561816952809     
   11.2302578923974        132.514183235638       -85.1328076726350     
   55.6838788547006        533.205694076930       -202.475159810265     
   120.353321588558        573.794890478069       -204.815474605768     
   95.3405537615253        304.833469907392       -65.9574328271373     
   46.7222916111726        80.2730795841066        38.3772169880980     
   217.194137201428        235.867741994874       -65.5340519269440     
   437.795336542423        393.517245600148       -202.865741161462     
   432.754062311929        315.650674135652       -197.654062507892     
   106.457059791423        74.9705206486770       -80.2279857446086     
  -30.4165987569290       -7.25862646194982       -29.7993527465254     
   50.1010857885206        23.9352636163109       -34.5173022827508     
  0.000000000000000E+000  0.000000000000000E+000  0.000000000000000E+000
  0.000000000000000E+000  0.000000000000000E+000  0.000000000000000E+000
  0.000000000000000E+000  0.000000000000000E+000  0.000000000000000E+000
  0.000000000000000E+000  0.000000000000000E+000  0.000000000000000E+000
  -6.19171839231654        44.5650498752644       -27.6776720359376     
   6.72387659413492       -9.32564644267580       -34.9225485383227     
   15.1438806200670        84.3160378656184       -68.2943921740048     
   44.9966541536168        393.625016256424       -159.773673234959     
   103.391797584078        464.858474325920       -171.006008708898     
   92.5465164504035        244.281769258815       -45.2339739054631     
   41.9502857994477        71.8344713414414        53.3343627811204     
   166.325635360264        202.770567061619       -44.9253761009833     
   352.049728885461        323.474124506026       -168.848991130410     
   317.685063026486        236.769746512339       -154.889153262727     
   63.7751195783410        55.3353303780599       -63.9727095337700     
  -11.2422086678062        1.02969657403662       -33.9732144030838     
   43.7111214687580        17.6290742605484       -28.7523856105530     
  0.000000000000000E+000  0.000000000000000E+000  0.000000000000000E+000
  0.000000000000000E+000  0.000000000000000E+000  0.000000000000000E+000
  0.000000000000000E+000  0.000000000000000E+000  0.000000000000000E+000
  0.000000000000000E+000  0.000000000000000E+000  0.000000000000000E+000
  -4.89610972526193        32.4357759730780       -22.5029253465161     
   2.61334416361258        20.8315423250169       -37.7044861726803     
   20.5530901546100       -12.2270143657869       -33.6174225304483     
   32.3943434330251        132.515642761659       -71.4229461740203     
   75.7896230226957        283.207641548786       -102.189587746517     
   65.8271967078111        144.039993550245       -3.51820978395457     
  -1.43250288984287       -3.61480442191450        90.7709719953713     
   92.9241756692897        128.814161246077       -2.96448330121160     
   208.061401984186        207.591478930512       -99.5568595578949     
   98.6070228455069        95.7954716681519       -67.0215901965026     
  -20.1679920677775        13.6851501231296       -30.7308322797931     
   17.6123267015444        13.2848795859618       -37.4114917720313     
   31.6156289546299        12.2472101847564       -23.2787387450983     
  0.000000000000000E+000  0.000000000000000E+000  0.000000000000000E+000
  0.000000000000000E+000  0.000000000000000E+000  0.000000000000000E+000
  0.000000000000000E+000  0.000000000000000E+000  0.000000000000000E+000
  0.000000000000000E+000  0.000000000000000E+000  0.000000000000000E+000
  0.108547886052089        19.2111558935766       -19.0747824945409     
   2.33255897586550        46.8608868575989       -41.9383054100647     
   27.1786800865535       -118.124337142779        2.83394244865034     
   23.1480025197665       -121.160942540153        27.4072916310045     
   35.5197350244068        61.1838894045918       -15.9835283447415     
   5.46727685566157       -20.7608075910760        66.8277503348490     
  -77.2398103475798       -134.707355470896        166.121954789829     
  -17.9225961319798       -3.44923864729895        65.8202914291943     
   38.0053444117766        64.1040890778081       -15.4013656637183     
  -113.026692492120       -36.1080826903377        28.7427489282435     
  -114.150860918633       -32.2481295024552        4.13422623114978     
   38.2488427080757        25.8020139585580       -41.4305135221000     
   17.0235300892022        9.74460967434324       -19.7201596316391     
  0.000000000000000E+000  0.000000000000000E+000  0.000000000000000E+000
  0.000000000000000E+000  0.000000000000000E+000  0.000000000000000E+000
  0.000000000000000E+000  0.000000000000000E+000  0.000000000000000E+000
  0.000000000000000E+000  0.000000000000000E+000  0.000000000000000E+000
   6.59750806278928       0.825523015719847       -14.2265965175300     
  -2.64335427381570        74.9558529971478       -48.4584219770271     
   28.6261183856796       -73.8220893173231       -12.4150644106131     
   20.0298719788378       -78.1774124633760       -3.85157088085498     
   20.2105712506041        18.8187964240356       -24.9558074173071     
  -24.9425928542909       -81.4239924819994        79.3280511191709     
  -86.4160651062401       -150.209106728473        163.248696148382     
  -54.7260931169228       -58.5740176251792        76.6905248259244     
   8.95860540633643        30.9849759338388       -26.2202427983938     
  -76.0504437524859       -17.3621578420563       -3.67230641392504     
  -80.0836871798535       -9.82962469739172       -10.9053814242422     
   62.0369612831132        34.8211385942472       -47.1921614773803     
  -2.15212093124242        5.96635206562492       -14.8282042377245     
  0.000000000000000E+000  0.000000000000000E+000  0.000000000000000E+000
  0.000000000000000E+000  0.000000000000000E+000  0.000000000000000E+000
  0.000000000000000E+000  0.000000000000000E+000  0.000000000000000E+000
  0.000000000000000E+000  0.000000000000000E+000  0.000000000000000E+000
   2.64275877487195       -5.45836784301219       -8.88773112651953     
   4.29085841280552        86.2933984565993       -49.1920241310740     
   24.3656700829896       -32.6258041638624       -25.1344904381293     
   21.6293214887227        120.154336903197       -116.454873672868     
   52.0000604535293        260.637810197251       -210.250589614679     
   49.5732814615368        148.703460674830       -114.485883336208     
   60.4945062877973        104.699914667141       -66.4161304269824     
   103.708930083580        118.051776910744       -115.064709433437     
   196.693329669718        175.940126278646       -209.189978053765     
   87.1513016742898        79.2811982761754       -113.701658149260     
  -48.6866130680024        4.34479546401298       -21.8558433191555     
   66.3798184554120        45.9355976924361       -47.5665774084871     
  -5.42257408282338      -0.630220311012959       -9.48216604549117     
  0.000000000000000E+000  0.000000000000000E+000  0.000000000000000E+000
  0.000000000000000E+000  0.000000000000000E+000  0.000000000000000E+000
  0.000000000000000E+000  0.000000000000000E+000  0.000000000000000E+000
  0.000000000000000E+000  0.000000000000000E+000  0.000000000000000E+000
   1.73205248255226       -5.04313378799878       -9.82431484656731     
   9.29670960453802        55.9387084622951       -37.6145496898456     
   22.0912924011722       -102.153572109991        20.5646959856782     
   12.3783074117899        233.156838561808       -191.292955184024     
   64.0905606598206        413.971778689635       -369.340171772784     
   79.7406275136363        249.658982197765       -222.987053000403     
   119.211282304389        207.640288197147       -191.036615282151     
   175.937035059077        195.562507789556       -225.578003373261     
   326.150183472420        265.926674386028       -373.213262447030     
   191.462430877633        129.384243881771       -191.132207003111     
  -108.837016709806       -32.6319488096020        24.1881413743492     
   37.6668262233567        34.9965322635410       -36.1813927012634     
  -4.96436095258011       -1.08771981148212       -10.3699766941202     
  0.000000000000000E+000  0.000000000000000E+000  0.000000000000000E+000
  0.000000000000000E+000  0.000000000000000E+000  0.000000000000000E+000
  0.000000000000000E+000  0.000000000000000E+000  0.000000000000000E+000
  0.000000000000000E+000  0.000000000000000E+000  0.000000000000000E+000
  0.245229589202998        2.71998635922629       -7.58617528710660     
   8.82054794015826       -5.55537133698057       -12.8361126843444     
   21.2834300036886       -151.450769027249        80.1861274030326     
   2.46039666010501        136.495257962924       -134.204881200953     
   31.5792023297268        160.310477712953       -179.624381691451     
   47.8233174598689        93.0322428261123       -60.8733814105535     
   85.8346005973161        151.327646272407       -125.228429843585     
   55.0069100456723        89.5556548865863       -64.0473202066603     
   125.850843361760        112.449051381856       -189.368730730977     
   119.254435080514        74.8106890976264       -140.277017401263     
  -143.943313724758       -55.0229828460616        79.7564406255823     
  -12.9923658763456        4.40750244015645       -12.0349919667004     
   2.22629997187550        1.77705254716586       -8.10327318416346     
  0.000000000000000E+000  0.000000000000000E+000  0.000000000000000E+000
  0.000000000000000E+000  0.000000000000000E+000  0.000000000000000E+000
  0.000000000000000E+000  0.000000000000000E+000  0.000000000000000E+000
  0.000000000000000E+000  0.000000000000000E+000  0.000000000000000E+000
  0.212659079919142       -1.13103549805968       -7.58105167904698     
  -1.11257096712930       -19.4905608723815        5.54286368651106     
   13.4724088807732       -116.684016668473        76.5012618670460     
   19.8303256070373       -32.2224466599300        20.4872384148228     
   19.1491286467312       -116.515217417876        164.930363566615     
   22.9590785933596        56.4110237145317       -10.8128334558286     
   122.015882723549        213.629264023142       -320.168963517995     
   33.4091581596328        47.1098359178588       -7.85177085642993     
  -113.359241851498       -41.9165614412871        165.613596063780     
  -37.9783910048299        2.91253253922414        17.4894089107647     
  -104.983963969549       -43.3090706972535        72.2748683102185     
  -16.8224989359024       -9.96679254254768        5.30827285607055     
  -1.65525971190639      -0.435135702030354       -7.79141924789693     
  0.000000000000000E+000  0.000000000000000E+000  0.000000000000000E+000
  0.000000000000000E+000  0.000000000000000E+000  0.000000000000000E+000
  0.000000000000000E+000  0.000000000000000E+000  0.000000000000000E+000
  0.000000000000000E+000  0.000000000000000E+000  0.000000000000000E+000
 -0.113488617956102      -0.922139033113546       -1.01352560386532     
 -0.897398802171091       -3.80852866343042       -1.79169541854437     
  -7.10876896765277       -28.1147326556350        11.5595075504101     
   5.75603119385230       -46.2246234927738        32.2425375174552     
   15.3008715661945       -87.7051843868200        109.511258786166     
   53.9027238937497        49.2751525702185       -70.4464840593344     
   93.7399035489507        163.473167780103       -274.973526674986     
   12.1647315084189        71.3563981557444       -68.7398546166041     
  -87.1706757088866       -32.3410711667780        114.399902508253     
  -44.3882186864905       -18.6364037774046        33.3829214151465     
  -19.9475000753739       -18.4754039305659        10.4284761773316     
  -3.34423808437885       -2.14208895538333       -2.11971104121644     
 -0.806422010684758      -0.585980718789347      -0.783268012362671     
  0.000000000000000E+000  0.000000000000000E+000  0.000000000000000E+000
  0.000000000000000E+000  0.000000000000000E+000  0.000000000000000E+000
  0.000000000000000E+000  0.000000000000000E+000  0.000000000000000E+000
  0.000000000000000E+000  0.000000000000000E+000  0.000000000000000E+000
  0.000000000000000E+000  0.000000000000000E+000  0.000000000000000E+000
  0.000000000000000E+000  0.000000000000000E+000  0.000000000000000E+000
  0.000000000000000E+000  0.000000000000000E+000  0.000000000000000E+000
  0.000000000000000E+000  0.000000000000000E+000  0.000000000000000E+000
  0.000000000000000E+000  0.000000000000000E+000  0.000000000000000E+000
  0.000000000000000E+000  0.000000000000000E+000  0.000000000000000E+000
  0.000000000000000E+000  0.000000000000000E+000  0.000000000000000E+000
  0.000000000000000E+000  0.000000000000000E+000  0.000000000000000E+000
  0.000000000000000E+000  0.000000000000000E+000  0.000000000000000E+000
  0.000000000000000E+000  0.000000000000000E+000  0.000000000000000E+000
  0.000000000000000E+000  0.000000000000000E+000  0.000000000000000E+000
  0.000000000000000E+000  0.000000000000000E+000  0.000000000000000E+000
  0.000000000000000E+000  0.000000000000000E+000  0.000000000000000E+000
  0.000000000000000E+000  0.000000000000000E+000  0.000000000000000E+000
  0.000000000000000E+000  0.000000000000000E+000  0.000000000000000E+000
  0.000000000000000E+000  0.000000000000000E+000  0.000000000000000E+000
  0.000000000000000E+000  0.000000000000000E+000  0.000000000000000E+000
  0.000000000000000E+000  0.000000000000000E+000  0.000000000000000E+000
  0.000000000000000E+000  0.000000000000000E+000  0.000000000000000E+000
  0.000000000000000E+000  0.000000000000000E+000  0.000000000000000E+000
  0.000000000000000E+000  0.000000000000000E+000  0.000000000000000E+000
  0.000000000000000E+000  0.000000000000000E+000  0.000000000000000E+000
  0.000000000000000E+000  0.000000000000000E+000  0.000000000000000E+000
  0.000000000000000E+000  0.000000000000000E+000  0.000000000000000E+000
  0.000000000000000E+000  0.000000000000000E+000  0.000000000000000E+000
  0.000000000000000E+000  0.000000000000000E+000  0.000000000000000E+000
  0.000000000000000E+000  0.000000000000000E+000  0.000000000000000E+000
  0.000000000000000E+000  0.000000000000000E+000  0.000000000000000E+000
  0.000000000000000E+000  0.000000000000000E+000  0.000000000000000E+000
  0.000000000000000E+000  0.000000000000000E+000  0.000000000000000E+000
  0.000000000000000E+000  0.000000000000000E+000  0.000000000000000E+000
  0.000000000000000E+000  0.000000000000000E+000  0.000000000000000E+000
