         140  1.399999999999997E-002  1.399999999999997E-002
  0.000000000000000E+000  0.000000000000000E+000  0.000000000000000E+000
  0.000000000000000E+000  0.000000000000000E+000  0.000000000000000E+000
  2.331136023659530E-002  5.288181630827114E-002 -5.714130043663655E-002
  2.139255785403203E-002  8.263638987264812E-002 -9.076377915859957E-002
  2.549326862014604E-002  0.102482521884015      -0.130647175060026     
  2.623239500531541E-002  0.135647060209507      -0.156107772467800     
  3.110314137115731E-002  0.126130263647986      -0.169263264926241     
  3.760646248573728E-002  0.100284899725203      -0.167947781809043     
  4.825373191477227E-002  8.362475880841594E-002 -0.166476147621285     
  6.800155082572672E-002  8.271495022737746E-002 -0.167955379526883     
  9.363129195798740E-002  9.002661825403588E-002 -0.169279791998598     
  0.104333774942503       9.059163916518903E-002 -0.156123192248381     
  7.602252238050901E-002  7.338206344283180E-002 -0.130678477888742     
  6.084736294885176E-002  5.985742071837852E-002 -9.076158994150078E-002
  3.418102484183407E-002  4.666637784146478E-002 -5.717462144664479E-002
  0.000000000000000E+000  0.000000000000000E+000  0.000000000000000E+000
  0.000000000000000E+000  0.000000000000000E+000  0.000000000000000E+000
  0.000000000000000E+000  0.000000000000000E+000  0.000000000000000E+000
  0.000000000000000E+000  0.000000000000000E+000  0.000000000000000E+000
  2.050516839895901E-002  4.845231434007972E-002 -5.087729763418999E-002
  1.888677879094313E-002  8.404396327826527E-002 -8.922648337420126E-002
  2.103685435386444E-002  0.107972846372674      -0.126484366000211     
  2.339268237377094E-002  0.132707759907214      -0.154804021764032     
  3.009259350159371E-002  0.119894817468819      -0.167091119818740     
  3.783114520268105E-002  9.424305917520709E-002 -0.166078277348184     
  4.591105793460523E-002  7.956731421772577E-002 -0.163699185551512     
  6.266057272546123E-002  7.989586714488142E-002 -0.166096293435489     
  8.874008458550996E-002  8.603183766814215E-002 -0.167110605103310     
  0.103187120030916       8.664697661940773E-002 -0.154814777746322     
  8.298247951346480E-002  7.225011531391190E-002 -0.126502918493457     
  6.331216373949147E-002  5.838509426664550E-002 -8.921637930544274E-002
  3.174104612097631E-002  4.201122201954884E-002 -5.090086502165370E-002
  0.000000000000000E+000  0.000000000000000E+000  0.000000000000000E+000
  0.000000000000000E+000  0.000000000000000E+000  0.000000000000000E+000
  0.000000000000000E+000  0.000000000000000E+000  0.000000000000000E+000
  0.000000000000000E+000  0.000000000000000E+000  0.000000000000000E+000
  1.809640499310320E-002  3.886399257160120E-002 -4.140808369023776E-002
  1.314392557499597E-002  8.851995900066693E-002 -8.419326840546620E-002
  1.514711373567057E-002  0.117383892289380      -0.121465793557199     
  1.873803302479017E-002  0.128795556329338      -0.150116936320302     
  2.744637064208591E-002  0.110367397358732      -0.161233300524017     
  3.423979323868030E-002  8.422311451348914E-002 -0.160245273450513     
  4.094014617815169E-002  7.095274174717484E-002 -0.158504745372290     
  5.578382490384590E-002  7.179324918969167E-002 -0.160279352870936     
  8.181118444336542E-002  7.897570550407196E-002 -0.161261247385229     
  0.102098058492639       8.063530138966629E-002 -0.150112588142278     
  9.402998512329448E-002  7.182686742974206E-002 -0.121462721105137     
  7.004049487812916E-002  5.563184383411981E-002 -8.416012695105675E-002
  2.462748320204606E-002  3.511708909633608E-002 -4.141753325894126E-002
  0.000000000000000E+000  0.000000000000000E+000  0.000000000000000E+000
  0.000000000000000E+000  0.000000000000000E+000  0.000000000000000E+000
  0.000000000000000E+000  0.000000000000000E+000  0.000000000000000E+000
  0.000000000000000E+000  0.000000000000000E+000  0.000000000000000E+000
  1.804054503963297E-002  2.201243197161275E-002 -3.152660146579774E-002
  7.836565548411719E-003  9.142348731877950E-002 -7.617146958134227E-002
  9.793267469496075E-003  0.121026808503810      -0.114727692398193     
  1.377290139150380E-002  0.123220156667679      -0.142041288296901     
  2.178823293243590E-002  0.100517250745940      -0.151201031604442     
  2.839688730453112E-002  7.334288817843648E-002 -0.149471465380256     
  3.445734041877099E-002  5.971422508609935E-002 -0.147290197236867     
  4.932176484382958E-002  6.133353863228766E-002 -0.149547104708663     
  7.611969920563982E-002  6.916102068366055E-002 -0.151246371976098     
  9.972589835468335E-002  7.353574130435941E-002 -0.142020506682125     
  9.981007138728176E-002  6.898184085897374E-002 -0.114687275687448     
  7.516148596533161E-002  5.246082779437374E-002 -7.610475690843904E-002
  1.003941942070725E-002  2.662959818930002E-002 -3.152228418365804E-002
  0.000000000000000E+000  0.000000000000000E+000  0.000000000000000E+000
  0.000000000000000E+000  0.000000000000000E+000  0.000000000000000E+000
  0.000000000000000E+000  0.000000000000000E+000  0.000000000000000E+000
  0.000000000000000E+000  0.000000000000000E+000  0.000000000000000E+000
  1.671394542926961E-002  2.155491027856033E-003 -2.179177348005049E-002
  6.127626523443943E-003  9.225725226778175E-002 -6.818951988438640E-002
  7.449127653750920E-003  0.116893312588664      -0.107561242060904     
  9.006225366202511E-003  0.116071450788256      -0.132387829226461     
  1.730378208685860E-002  9.325234817054355E-002 -0.141365829808501     
  2.313740431295439E-002  6.583857617685079E-002 -0.138145073598213     
  3.048501486786961E-002  5.282603293854646E-002 -0.136120743208509     
  4.552736460117721E-002  5.308146720598435E-002 -0.138305649030723     
  7.209857622575432E-002  6.166878828764798E-002 -0.141445267939453     
  9.590547891683736E-002  6.583581845826936E-002 -0.132357428108465     
  9.737974638575471E-002  6.487637141652196E-002 -0.107494280804128     
  7.672093631012733E-002  5.138625150145546E-002 -6.809665929155061E-002
 -6.523740514332401E-003  1.553059508109742E-002 -2.177144569503041E-002
  0.000000000000000E+000  0.000000000000000E+000  0.000000000000000E+000
  0.000000000000000E+000  0.000000000000000E+000  0.000000000000000E+000
  0.000000000000000E+000  0.000000000000000E+000  0.000000000000000E+000
  0.000000000000000E+000  0.000000000000000E+000  0.000000000000000E+000
  1.237809915126576E-002 -1.028307092849622E-002 -1.471568668888442E-002
  9.757788122456262E-003  9.126441522655560E-002 -6.234044331700015E-002
  3.691993351292188E-003  0.103623467092599      -9.674089703239368E-002
  7.311291999716070E-003  0.108923156358147      -0.122375779721112     
  1.243501348108841E-002  8.510244738015132E-002 -0.130128705819239     
  1.965412023744245E-002  6.166473726854719E-002 -0.127713219311135     
  2.770621991750961E-002  4.799318011821514E-002 -0.125463167831736     
  4.374185972895307E-002  4.803606871873183E-002 -0.128002701242185     
  6.751587893989489E-002  5.340545538376946E-002 -0.130261518723957     
  9.056447868380577E-002  6.081940259355758E-002 -0.122353051414111     
  8.777275392742162E-002  5.498019308757516E-002 -9.665335338704945E-002
  7.407709153927135E-002  5.404842601118978E-002 -6.225446637514034E-002
 -1.512692216721681E-002  5.554187839729402E-003 -1.468233958980301E-002
  0.000000000000000E+000  0.000000000000000E+000  0.000000000000000E+000
  0.000000000000000E+000  0.000000000000000E+000  0.000000000000000E+000
  0.000000000000000E+000  0.000000000000000E+000  0.000000000000000E+000
  0.000000000000000E+000  0.000000000000000E+000  0.000000000000000E+000
  1.346088701414613E-002 -6.564883287055498E-003 -1.200211639009584E-002
  8.699850650779654E-003  7.345593886377570E-002 -5.150594059354221E-002
  3.950066223980709E-003  9.042646735970156E-002 -8.414099752962938E-002
  4.538482459344254E-003  9.411938803003182E-002 -0.107985083381898     
  9.000621947152246E-003  7.603276103837338E-002 -0.116319298672472     
  1.609137197845709E-002  5.602438634763011E-002 -0.115754495184939     
  2.532815256894467E-002  4.385120878848790E-002 -0.114210716380743     
  4.071184359767026E-002  4.216735092410569E-002 -0.116183388394531     
  6.141663597285354E-002  4.592017518723464E-002 -0.116515621020535     
  7.914330985217563E-002  5.103123996192677E-002 -0.107980130762268     
  7.625574337756968E-002  4.864245055148235E-002 -8.406565644766212E-002
  5.920911580722320E-002  4.419207807021492E-002 -5.142071645191809E-002
 -1.241156992667308E-002  8.400285723739732E-003 -1.196147811499630E-002
  0.000000000000000E+000  0.000000000000000E+000  0.000000000000000E+000
  0.000000000000000E+000  0.000000000000000E+000  0.000000000000000E+000
  0.000000000000000E+000  0.000000000000000E+000  0.000000000000000E+000
  0.000000000000000E+000  0.000000000000000E+000  0.000000000000000E+000
  8.680078792983464E-003 -7.949411881758984E-003 -6.722840679397195E-003
  1.106141809308779E-002  5.378571570664209E-002 -3.984745275726650E-002
  3.354136939621370E-003  6.775594881394530E-002 -6.524481551549735E-002
  3.548317779928437E-003  7.383511019342885E-002 -8.672186449101678E-002
  6.194134920195517E-003  6.177273801917233E-002 -9.649351823673662E-002
  1.247282957266878E-002  4.734468446293143E-002 -9.823033419587730E-002
  2.161355028853131E-002  3.736973105992056E-002 -9.840416605301176E-002
  3.504338371902081E-002  3.471192110183006E-002 -9.877680322568981E-002
  5.047315293593230E-002  3.636846862927946E-002 -9.672070997749951E-002
  6.210510105547193E-002  4.003930369849600E-002 -8.675641262629510E-002
  5.695671035765475E-002  3.681295955864725E-002 -6.517303310352664E-002
  4.101855025811562E-002  3.639884617676499E-002 -3.981465250915118E-002
 -1.117508604989635E-002  3.587591166852326E-003 -6.621354197832757E-003
  0.000000000000000E+000  0.000000000000000E+000  0.000000000000000E+000
  0.000000000000000E+000  0.000000000000000E+000  0.000000000000000E+000
  0.000000000000000E+000  0.000000000000000E+000  0.000000000000000E+000
  0.000000000000000E+000  0.000000000000000E+000  0.000000000000000E+000
  5.386605122620678E-003 -7.376832843227847E-003 -5.647225922886938E-003
  9.407241657249618E-003  3.118408064952368E-002 -2.291483183610865E-002
  3.823525227112646E-003  3.823354693046962E-002 -3.911831102507601E-002
  3.142140540620244E-003  4.733189837119299E-002 -5.664273911600336E-002
  3.508427094869330E-003  4.041166413090291E-002 -6.579940236516629E-002
  7.838802991295772E-003  3.253583578449230E-002 -6.967210076013575E-002
  1.486736227051031E-002  2.565643625070312E-002 -7.118032115297705E-002
  2.449793237265570E-002  2.323156335586598E-002 -7.020444487247283E-002
  3.328450418124595E-002  2.333933666394727E-002 -6.599072708880667E-002
  3.938505570645830E-002  2.641423513947425E-002 -5.669913693692807E-002
  3.119664806985373E-002  2.247559859910944E-002 -3.905579269479952E-002
  2.225784372839586E-002  2.364870253149742E-002 -2.294316931115022E-002
 -9.011671141925187E-003  1.059485384835478E-003 -5.499766246531194E-003
  0.000000000000000E+000  0.000000000000000E+000  0.000000000000000E+000
  0.000000000000000E+000  0.000000000000000E+000  0.000000000000000E+000
  0.000000000000000E+000  0.000000000000000E+000  0.000000000000000E+000
  0.000000000000000E+000  0.000000000000000E+000  0.000000000000000E+000
  9.833159876264466E-004 -3.371780048680870E-003 -3.141815510321579E-003
  5.735250075254921E-003  6.289203444161639E-003 -5.868936404767753E-003
  4.444160114369427E-003  8.940627448782606E-003 -1.042329242379748E-002
  5.203428632527090E-003  1.526787817104257E-002 -1.803191933237359E-002
  3.366928566428542E-003  1.446677217268608E-002 -2.177090353141765E-002
  4.526636851489184E-003  1.333661372617034E-002 -2.596883536594444E-002
  6.393916291254595E-003  1.097064498251310E-002 -2.683567511176581E-002
  9.413221932273504E-003  1.073962226743763E-002 -2.625597600166984E-002
  1.084726804944913E-002  1.021764859739065E-002 -2.185730870434798E-002
  1.062228926402603E-002  1.212972073270539E-002 -1.801369864259791E-002
  5.537333416686160E-003  8.327447850981193E-003 -1.044857335054564E-002
  2.594826531360250E-003  8.086871839042813E-003 -5.828073541350089E-003
 -3.425714845320665E-003 -8.281219487747307E-004 -3.163647816518012E-003
  0.000000000000000E+000  0.000000000000000E+000  0.000000000000000E+000
  0.000000000000000E+000  0.000000000000000E+000  0.000000000000000E+000
  0.000000000000000E+000  0.000000000000000E+000  0.000000000000000E+000
  0.000000000000000E+000  0.000000000000000E+000  0.000000000000000E+000
  0.000000000000000E+000  0.000000000000000E+000  0.000000000000000E+000
  0.000000000000000E+000  0.000000000000000E+000  0.000000000000000E+000
  0.000000000000000E+000  0.000000000000000E+000  0.000000000000000E+000
  0.000000000000000E+000  0.000000000000000E+000  0.000000000000000E+000
  0.000000000000000E+000  0.000000000000000E+000  0.000000000000000E+000
  0.000000000000000E+000  0.000000000000000E+000  0.000000000000000E+000
  0.000000000000000E+000  0.000000000000000E+000  0.000000000000000E+000
  0.000000000000000E+000  0.000000000000000E+000  0.000000000000000E+000
  0.000000000000000E+000  0.000000000000000E+000  0.000000000000000E+000
  0.000000000000000E+000  0.000000000000000E+000  0.000000000000000E+000
  0.000000000000000E+000  0.000000000000000E+000  0.000000000000000E+000
  0.000000000000000E+000  0.000000000000000E+000  0.000000000000000E+000
  0.000000000000000E+000  0.000000000000000E+000  0.000000000000000E+000
  0.000000000000000E+000  0.000000000000000E+000  0.000000000000000E+000
  0.000000000000000E+000  0.000000000000000E+000  0.000000000000000E+000
  0.000000000000000E+000  0.000000000000000E+000  0.000000000000000E+000
  0.000000000000000E+000  0.000000000000000E+000  0.000000000000000E+000
  0.000000000000000E+000  0.000000000000000E+000  0.000000000000000E+000
  0.000000000000000E+000  0.000000000000000E+000  0.000000000000000E+000
  0.000000000000000E+000  0.000000000000000E+000  0.000000000000000E+000
  0.000000000000000E+000  0.000000000000000E+000  0.000000000000000E+000
  0.000000000000000E+000  0.000000000000000E+000  0.000000000000000E+000
  0.000000000000000E+000  0.000000000000000E+000  0.000000000000000E+000
  0.000000000000000E+000  0.000000000000000E+000  0.000000000000000E+000
  0.000000000000000E+000  0.000000000000000E+000  0.000000000000000E+000
  0.000000000000000E+000  0.000000000000000E+000  0.000000000000000E+000
  0.000000000000000E+000  0.000000000000000E+000  0.000000000000000E+000
  0.000000000000000E+000  0.000000000000000E+000  0.000000000000000E+000
  0.000000000000000E+000  0.000000000000000E+000  0.000000000000000E+000
  0.000000000000000E+000  0.000000000000000E+000  0.000000000000000E+000
  0.000000000000000E+000  0.000000000000000E+000  0.000000000000000E+000
  0.000000000000000E+000  0.000000000000000E+000  0.000000000000000E+000
  0.000000000000000E+000  0.000000000000000E+000  0.000000000000000E+000
  0.000000000000000E+000  0.000000000000000E+000  0.000000000000000E+000
 -2.546135219508300E-003 -2.830763314114729E-003  9.526147668581992E-003
 -4.238040912946221E-003 -4.778274200046782E-004  1.918653328878848E-002
 -4.923557113047592E-003  6.092857761995580E-003  3.338474123231579E-002
 -9.331712291613210E-004 -8.579482146174388E-003  4.492870253222033E-002
  1.210213680980283E-003 -2.234743833385276E-002  5.334472698114651E-002
  5.396332203962513E-003  3.491764771213622E-004  4.143713119340869E-002
  5.889812080954909E-003  1.029323744556603E-002  3.506923062473043E-002
 -2.474574272513090E-003  4.777333257384463E-003  4.142597749934269E-002
 -1.979852795848134E-002 -1.006056700063007E-002  5.307153543140646E-002
 -7.144379650805921E-003 -5.144287810039119E-003  4.474497083086137E-002
  7.305195290358188E-003 -1.257995270194117E-003  3.343588250886111E-002
  2.094949023428487E-003 -3.623829100980689E-003  1.928983874313215E-002
 -9.295328203131377E-004 -3.534542351066126E-003  9.577608079799375E-003
  0.000000000000000E+000  0.000000000000000E+000  0.000000000000000E+000
  0.000000000000000E+000  0.000000000000000E+000  0.000000000000000E+000
  0.000000000000000E+000  0.000000000000000E+000  0.000000000000000E+000
  0.000000000000000E+000  0.000000000000000E+000  0.000000000000000E+000
 -1.829336243202732E-003 -2.814657558404682E-003  8.473138594289971E-003
 -3.204604775139349E-003 -4.391134526661080E-003  1.890934299955691E-002
 -3.087587744826261E-003  9.968842908353608E-005  3.137472340500512E-002
  1.034109298979586E-003 -1.571722436351878E-002  4.537509298993491E-002
  1.677121681828527E-003 -2.000018587707076E-002  5.346469107561218E-002
  1.970465216548938E-003 -1.907780855390605E-003  4.171758506301974E-002
  1.095544357460282E-003  1.964481357592029E-003  3.544159798675930E-002
 -2.827392221987923E-003  6.145523423011981E-004  4.172609890922541E-002
 -1.810329763762151E-002 -8.537880873958095E-003  5.319247910867166E-002
 -1.419187603485178E-002 -6.998915531453313E-003  4.518674949416503E-002
  1.293995709440962E-003 -2.633628411109266E-003  3.144619902443061E-002
 -1.903512558943191E-003 -4.718547683504371E-003  1.902113482860711E-002
 -1.305324487580225E-003 -2.897732634564896E-003  8.518500207106797E-003
  0.000000000000000E+000  0.000000000000000E+000  0.000000000000000E+000
  0.000000000000000E+000  0.000000000000000E+000  0.000000000000000E+000
  0.000000000000000E+000  0.000000000000000E+000  0.000000000000000E+000
  0.000000000000000E+000  0.000000000000000E+000  0.000000000000000E+000
 -1.484116708347204E-003 -2.834838668901766E-003  7.349499577155974E-003
 -8.434960112969152E-004 -1.238677032341059E-002  1.802410760138267E-002
  1.025314420907257E-004 -1.402291621240131E-002  2.965801858429499E-002
  3.267812732898858E-003 -2.688290447307076E-002  4.723040580135095E-002
  1.165416455121748E-003 -1.720113472768214E-002  5.204090961938487E-002
 -2.045151869512184E-003 -8.148716505551160E-003  4.230259054334058E-002
 -7.751941950563188E-003 -1.334384109419582E-002  3.980254783231568E-002
 -6.409292723964260E-003 -6.175024946744156E-003  4.240735284528283E-002
 -1.560749935231497E-002 -7.706637205588705E-003  5.186214827099191E-002
 -2.483152973387708E-002 -1.061192772277601E-002  4.701048253618578E-002
 -1.236026736824553E-002 -6.898052343887917E-003  2.974677864284767E-002
 -1.015458164467337E-002 -6.732408395503030E-003  1.814864776216193E-002
 -1.553759023923985E-003 -2.609471299593205E-003  7.395120935227231E-003
  0.000000000000000E+000  0.000000000000000E+000  0.000000000000000E+000
  0.000000000000000E+000  0.000000000000000E+000  0.000000000000000E+000
  0.000000000000000E+000  0.000000000000000E+000  0.000000000000000E+000
  0.000000000000000E+000  0.000000000000000E+000  0.000000000000000E+000
 -2.148117369607834E-003 -1.659592674068179E-003  6.540814233281524E-003
  2.532204579825605E-003 -2.127766522755742E-002  1.708537682964885E-002
  3.490466402573525E-003 -2.489863322026492E-002  2.916108071695058E-002
  4.429952019447042E-003 -3.270745421693916E-002  4.780191401039037E-002
 -2.303048975150062E-004 -2.595937008954345E-002  5.330610791636713E-002
 -9.661629462957384E-003 -3.197507418681234E-002  5.353741616233729E-002
 -2.329249927849968E-002 -4.025497027765114E-002  5.921817481686471E-002
 -2.333659369415647E-002 -2.478357707175737E-002  5.378844729287163E-002
 -2.234312800311833E-002 -1.324021489765436E-002  5.308774945703885E-002
 -3.033151232621087E-002 -1.250144092372477E-002  4.755417894223868E-002
 -2.344263419013556E-002 -9.433344282486437E-003  2.926922294632502E-002
 -1.964021870129987E-002 -8.316028441627980E-003  1.722798204109606E-002
 -2.861411657589131E-004 -2.617495963037216E-003  6.594319608876192E-003
  0.000000000000000E+000  0.000000000000000E+000  0.000000000000000E+000
  0.000000000000000E+000  0.000000000000000E+000  0.000000000000000E+000
  0.000000000000000E+000  0.000000000000000E+000  0.000000000000000E+000
  0.000000000000000E+000  0.000000000000000E+000  0.000000000000000E+000
 -2.696720013400064E-003  8.583391572269248E-004  4.799002363996652E-003
  4.078721826020891E-003 -2.316500671845298E-002  1.532486715090018E-002
  3.027223123013280E-003 -1.764785497285537E-002  2.455538023360899E-002
  4.803741914376078E-003 -2.982642678970481E-002  4.264303164651903E-002
 -1.032159305268938E-003 -4.848635882259152E-002  6.457568568743587E-002
 -1.387154503477475E-002 -4.694491727849183E-002  6.444521231057466E-002
 -2.073346820621747E-002 -3.584202706062543E-002  5.609976697324463E-002
 -3.434100125544017E-002 -3.608450370559203E-002  6.498883338831897E-002
 -4.144119417029088E-002 -2.522897075893420E-002  6.432634404487236E-002
 -2.800095770182586E-002 -1.076104082880242E-002  4.241183319100614E-002
 -1.702515542884066E-002 -6.262875731627341E-003  2.471317564757682E-002
 -2.213029760074705E-002 -7.966723126729436E-003  1.547318053545006E-002
  2.119415762087507E-003 -1.872026985428327E-003  4.865459118560277E-003
  0.000000000000000E+000  0.000000000000000E+000  0.000000000000000E+000
  0.000000000000000E+000  0.000000000000000E+000  0.000000000000000E+000
  0.000000000000000E+000  0.000000000000000E+000  0.000000000000000E+000
  0.000000000000000E+000  0.000000000000000E+000  0.000000000000000E+000
 -1.646473231385456E-003  1.769333322044553E-003  3.306471551966579E-003
  2.014150607766791E-003 -1.746782802940350E-002  1.287056973943516E-002
  8.889078602205918E-004 -2.681935540037971E-003  1.498365177159358E-002
  4.289382777780144E-003 -2.915076533468357E-002  3.758935120429240E-002
  2.334282827103076E-004 -6.012587316419803E-002  7.303894463303039E-002
 -1.190680838184859E-002 -4.096450097908307E-002  5.751372637567266E-002
 -8.068934690606426E-003 -1.390588972138119E-002  2.266385443548210E-002
 -3.009901320553707E-002 -3.132434732728155E-002  5.812170532159560E-002
 -5.254315301520019E-002 -3.021218047042032E-002  7.316798863063725E-002
 -2.727570929223630E-002 -1.091468532613504E-002  3.742800772962256E-002
 -2.965478712250943E-003 -6.345954349065710E-004  1.514625075534579E-002
 -1.624376092092494E-002 -6.926965190183492E-003  1.303521693983735E-002
  2.363788597259644E-003 -5.452281320061217E-004  3.352868553647626E-003
  0.000000000000000E+000  0.000000000000000E+000  0.000000000000000E+000
  0.000000000000000E+000  0.000000000000000E+000  0.000000000000000E+000
  0.000000000000000E+000  0.000000000000000E+000  0.000000000000000E+000
  0.000000000000000E+000  0.000000000000000E+000  0.000000000000000E+000
 -1.615900456020560E-003  2.788189071830953E-004  3.136080666965910E-003
  1.978700936392139E-004 -6.228487326032041E-003  7.891907756982506E-003
 -3.229095924078117E-004 -7.382526939389485E-004  9.632547296318138E-003
  5.727588875288888E-003 -3.623740643605489E-002  4.111278686462153E-002
  9.919607861479196E-004 -4.658473449175574E-002  6.015796510795116E-002
 -8.025400031238092E-003 -2.986681279981565E-002  4.198114381043086E-002
 -7.969679966407626E-003 -1.367583034065901E-002  1.664059769103512E-002
 -2.203530916165859E-002 -2.199262950186555E-002  4.188929535954970E-002
 -4.123495933948249E-002 -2.278255169440411E-002  6.045239707881774E-002
 -3.401122917214412E-002 -1.316932652879500E-002  4.082915676816880E-002
 -4.347915266775994E-004 -6.420544353614371E-004  9.688860083492448E-003
 -5.672684925303461E-003 -2.917597623572456E-003  8.061962660677945E-003
  1.084358952613564E-003 -1.242627563679196E-003  3.153327787247471E-003
  0.000000000000000E+000  0.000000000000000E+000  0.000000000000000E+000
  0.000000000000000E+000  0.000000000000000E+000  0.000000000000000E+000
  0.000000000000000E+000  0.000000000000000E+000  0.000000000000000E+000
  0.000000000000000E+000  0.000000000000000E+000  0.000000000000000E+000
 -5.863653996905045E-004  3.654724676971444E-004  2.155649288250322E-003
 -1.546058323514819E-003  3.428429073896998E-004  3.574493377217188E-003
  1.944389641485765E-003 -1.126330727291590E-002  1.323478622235482E-002
  6.738212554655085E-003 -3.848813807890128E-002  4.516649926928058E-002
 -8.327982863906340E-004 -2.029584198856912E-002  2.896854920815659E-002
 -4.835440055658332E-003 -1.829510753265020E-002  2.292056299439435E-002
 -9.769971731897557E-003 -1.668073133257436E-002  2.499861209488699E-002
 -1.369216548810108E-002 -1.344307495530428E-002  2.287920952314564E-002
 -1.739562470895683E-002 -1.108009259351231E-002  2.911316852996920E-002
 -3.603503037981055E-002 -1.331606179379941E-002  4.451152235646464E-002
 -1.040764156562595E-002 -3.880811103015298E-003  1.308108423302764E-002
  9.458472051562021E-004 -1.148791100429169E-003  3.764299067196729E-003
  5.938668585421514E-004 -3.241599347761161E-004  2.090555535495781E-003
  0.000000000000000E+000  0.000000000000000E+000  0.000000000000000E+000
  0.000000000000000E+000  0.000000000000000E+000  0.000000000000000E+000
  0.000000000000000E+000  0.000000000000000E+000  0.000000000000000E+000
  0.000000000000000E+000  0.000000000000000E+000  0.000000000000000E+000
 -5.293543701310012E-004  6.019471689633574E-004  1.759085131329224E-003
 -1.095851968607412E-003  9.823585546537995E-004  1.049807714800838E-003
  2.264283851744759E-003 -1.641416991861604E-002  1.651328583063156E-002
  4.480832243406663E-003 -2.457570102036962E-002  3.265681527592414E-002
 -2.876952457530525E-003 -4.883930934856914E-003  4.427544740624964E-003
 -3.531876732650923E-003 -8.940291153442425E-003  8.045210782499141E-003
 -4.754782821619509E-003 -8.033301416129381E-003  8.465858804457453E-003
 -6.503639997586365E-003 -7.791550630473537E-003  8.909198782055778E-003
 -3.142258321605642E-003 -5.085243008567526E-003  4.766538711465015E-003
 -2.279155190717148E-002 -8.319650787880157E-003  3.189552233388417E-002
 -1.493476426292762E-002 -6.136364884546972E-003  1.621640793269151E-002
  1.358176528467127E-003 -4.357877580039253E-004  1.191028173846738E-003
  7.617911011037191E-004 -1.737960851072416E-004  1.685258162830478E-003
  0.000000000000000E+000  0.000000000000000E+000  0.000000000000000E+000
  0.000000000000000E+000  0.000000000000000E+000  0.000000000000000E+000
  0.000000000000000E+000  0.000000000000000E+000  0.000000000000000E+000
  0.000000000000000E+000  0.000000000000000E+000  0.000000000000000E+000
  3.978587456894505E-005  6.279622631501064E-004  1.179880136985396E-003
 -6.742424211622377E-004  4.733144361431025E-004  1.580049323320172E-004
 -2.183914972026739E-003 -5.415109693039843E-003  6.012041787411995E-003
 -1.645249321912238E-003 -6.131044825245768E-003  6.922279807551563E-003
 -2.186697219388835E-003 -2.118524757106830E-003 -9.198570069889177E-004
 -2.677896737497013E-003 -3.953536233072583E-003  3.130670436525699E-003
 -1.862832641537930E-003 -2.975251655093138E-003 -4.348497655781237E-003
 -2.467063486839343E-003 -4.436365797502738E-003  3.768842942922286E-003
 -9.420512584004966E-004 -3.113490948020226E-003 -5.453864312544584E-004
 -4.234612800789656E-003 -4.435557367792275E-003  6.696108327557309E-003
 -3.475896797036824E-003 -4.499967989576559E-003  5.963002332192680E-003
  7.446251674697791E-004 -3.473552839473635E-004  1.630713418842727E-004
  5.286661708900844E-004  3.620883713953532E-004  1.227366572800787E-003
  0.000000000000000E+000  0.000000000000000E+000  0.000000000000000E+000
  0.000000000000000E+000  0.000000000000000E+000  0.000000000000000E+000
  0.000000000000000E+000  0.000000000000000E+000  0.000000000000000E+000
  0.000000000000000E+000  0.000000000000000E+000  0.000000000000000E+000
  0.000000000000000E+000  0.000000000000000E+000  0.000000000000000E+000
  0.000000000000000E+000  0.000000000000000E+000  0.000000000000000E+000
  0.000000000000000E+000  0.000000000000000E+000  0.000000000000000E+000
  0.000000000000000E+000  0.000000000000000E+000  0.000000000000000E+000
  0.000000000000000E+000  0.000000000000000E+000  0.000000000000000E+000
  0.000000000000000E+000  0.000000000000000E+000  0.000000000000000E+000
  0.000000000000000E+000  0.000000000000000E+000  0.000000000000000E+000
  0.000000000000000E+000  0.000000000000000E+000  0.000000000000000E+000
  0.000000000000000E+000  0.000000000000000E+000  0.000000000000000E+000
  0.000000000000000E+000  0.000000000000000E+000  0.000000000000000E+000
  0.000000000000000E+000  0.000000000000000E+000  0.000000000000000E+000
  0.000000000000000E+000  0.000000000000000E+000  0.000000000000000E+000
  0.000000000000000E+000  0.000000000000000E+000  0.000000000000000E+000
  0.000000000000000E+000  0.000000000000000E+000  0.000000000000000E+000
  0.000000000000000E+000  0.000000000000000E+000  0.000000000000000E+000
  0.000000000000000E+000  0.000000000000000E+000  0.000000000000000E+000
  0.000000000000000E+000  0.000000000000000E+000  0.000000000000000E+000
  0.000000000000000E+000  0.000000000000000E+000  0.000000000000000E+000
  0.000000000000000E+000  0.000000000000000E+000  0.000000000000000E+000
  0.000000000000000E+000  0.000000000000000E+000  0.000000000000000E+000
  0.000000000000000E+000  0.000000000000000E+000  0.000000000000000E+000
  0.000000000000000E+000  0.000000000000000E+000  0.000000000000000E+000
  0.000000000000000E+000  0.000000000000000E+000  0.000000000000000E+000
  0.000000000000000E+000  0.000000000000000E+000  0.000000000000000E+000
  0.000000000000000E+000  0.000000000000000E+000  0.000000000000000E+000
  0.000000000000000E+000  0.000000000000000E+000  0.000000000000000E+000
  0.000000000000000E+000  0.000000000000000E+000  0.000000000000000E+000
  0.000000000000000E+000  0.000000000000000E+000  0.000000000000000E+000
  0.000000000000000E+000  0.000000000000000E+000  0.000000000000000E+000
  0.000000000000000E+000  0.000000000000000E+000  0.000000000000000E+000
  0.000000000000000E+000  0.000000000000000E+000  0.000000000000000E+000
  0.000000000000000E+000  0.000000000000000E+000  0.000000000000000E+000
  0.000000000000000E+000  0.000000000000000E+000  0.000000000000000E+000
  0.000000000000000E+000  0.000000000000000E+000  0.000000000000000E+000
  -10.0529884153364        135.219148239874        50.7042005722498     
   90.4614036548084       -29.4307660994492        98.1663115520001     
   96.4963457364643       -9.38255300890266        18.8312933812711     
   53.6587713171384        42.7671339946232       -106.899371667739     
  -47.8906419658171       -45.1731106917908       -147.020423248124     
  -149.720234631476       -187.788310335833       -17.3089634791727     
  -102.095494555041       -171.758232674365        42.4163159113596     
  -90.9853916143246       -219.798420192703       -16.7359218963920     
  -16.1195116366439       -59.3736327833506       -145.340159180745     
   10.1362200864842        71.1108617840161       -103.899740717429     
  -60.4852801936943        78.4272985007255        22.9483105346729     
  -71.0023793230520        63.1626647763429        100.692086083532     
   116.869788695210        55.9198422857335        51.8937261904859     
  0.000000000000000E+000  0.000000000000000E+000  0.000000000000000E+000
  0.000000000000000E+000  0.000000000000000E+000  0.000000000000000E+000
  0.000000000000000E+000  0.000000000000000E+000  0.000000000000000E+000
  0.000000000000000E+000  0.000000000000000E+000  0.000000000000000E+000
 -0.295037104600910        122.016060362550        43.6621157021353     
   87.5922243752274        40.1201196356839        92.3842496279825     
   86.5419456896846        20.2553784443394        33.4968524585215     
   22.1744395828684        5.81968201577214       -96.4956753746616     
  -69.0021931364688       -60.7566134164461       -154.035045353283     
  -95.1339826296880       -138.362174895384       -29.9757791375098     
  -94.0761539955878       -157.968522222629        51.8379957482770     
  -75.1238090468092       -147.717479402277       -29.2738815786546     
  -19.1834999780604       -85.6616846262522       -152.183775117341     
  -5.99842945540950        25.5935864313157       -93.3228423354260     
  -29.5732483202935        84.9181519805438        37.5633186615393     
  -10.6902120780106        95.1563505785290        94.8818054680942     
   101.267338126230        58.0185862775182        44.6400459179984     
  0.000000000000000E+000  0.000000000000000E+000  0.000000000000000E+000
  0.000000000000000E+000  0.000000000000000E+000  0.000000000000000E+000
  0.000000000000000E+000  0.000000000000000E+000  0.000000000000000E+000
  0.000000000000000E+000  0.000000000000000E+000  0.000000000000000E+000
   15.2597363586028        99.0346016192474        34.5449630420547     
   69.2739235332432        174.370139763802        78.3021757813569     
   60.9428070605000        101.474784913237        40.6583098250916     
  -22.9354612721364       -103.710263470572       -71.2703911211711     
  -77.6552036509002       -50.5430529242532       -153.098373080239     
  -49.7151468387990       -20.9864600250573       -64.0417646413123     
  -84.3318747484217       -141.942955550666        41.3258509460268     
   5.08273212991750       -49.1810539890896       -63.2355162130073     
  -6.21736339742568       -88.6911175887490       -150.525328069538     
  -77.8777304337072       -67.6706105332105       -67.8039966090064     
   53.5364598784898        103.837499782630        44.6808509745460     
   112.275208481753        145.880987759347        80.7890515749784     
   74.8553686144006        60.4227022510788        35.2107895605655     
  0.000000000000000E+000  0.000000000000000E+000  0.000000000000000E+000
  0.000000000000000E+000  0.000000000000000E+000  0.000000000000000E+000
  0.000000000000000E+000  0.000000000000000E+000  0.000000000000000E+000
  0.000000000000000E+000  0.000000000000000E+000  0.000000000000000E+000
   36.1160216805777        65.2550714805904        28.4745223453761     
   37.3083831442560        267.352688635442        60.3165342234340     
   34.2464151489777        92.3473260201406        36.5091546585795     
  -46.9035148446371       -291.500794612033        29.7894989456450     
  -91.0557157868296        90.0296042650026       -207.714550521786     
  -10.5647102632047        107.590056624071       -149.935371308800     
  -136.234301241560       -233.727925820914        168.885226304171     
   99.6513385931076        49.2097048187442       -150.090602090168     
   125.810014563661       -28.7442471127463       -206.017488737188     
  -221.769599621097       -178.848417167117        30.1252027013402     
   63.1221410889927        78.6500615439632        39.5232021697385     
   207.726697503407        164.978153917480        62.6130133867516     
   36.9541589820405        62.1089665654890        28.6796883118722     
  0.000000000000000E+000  0.000000000000000E+000  0.000000000000000E+000
  0.000000000000000E+000  0.000000000000000E+000  0.000000000000000E+000
  0.000000000000000E+000  0.000000000000000E+000  0.000000000000000E+000
  0.000000000000000E+000  0.000000000000000E+000  0.000000000000000E+000
   47.5022194477483        18.1531180183491        36.6805020017920     
   26.1231292950938        273.176663455863        45.7449313124405     
   18.4761522066334        59.5363920948238        41.2226899363387     
  -70.6597243681597       -234.260528182411        47.0879669303088     
  -96.2741493869493        74.8670009321452       -205.613978661679     
  -21.2352658910232        84.4728092324989       -143.631962796760     
  -67.5049940090603       -116.653671335918        170.039424598422     
   82.8130614364710        23.5872578891106       -139.466916233298     
   117.163608833858       -41.2675726192689       -204.856868402627     
  -155.464699555775       -169.442715655023        43.7846319578735     
   46.4514014225748        50.2782653473887        42.5880439382410     
   219.169713807223        158.865577852442        47.7745954810790     
  -7.94951136893835        49.0903050991789        36.2603611662284     
  0.000000000000000E+000  0.000000000000000E+000  0.000000000000000E+000
  0.000000000000000E+000  0.000000000000000E+000  0.000000000000000E+000
  0.000000000000000E+000  0.000000000000000E+000  0.000000000000000E+000
  0.000000000000000E+000  0.000000000000000E+000  0.000000000000000E+000
   44.8027119231557       -15.7075850602676        38.5678995978936     
   30.5579215713661        285.758760294249        21.1290210806555     
  -38.2097756173431        174.649362145639       -14.5534820336512     
  -91.5041993168521       -63.7547368363088       -43.8682777646031     
  -93.9834468916271       -179.393196222639        6.65003507729863     
  -48.1593136211322       -37.2981181201507        6.22631305065179     
   57.8486993193415        99.3028500498665       -49.1058759517107     
  -10.4718546191069       -63.5341379268433        14.9470217262291     
  -107.020865462225       -169.894727142841        10.2605164612954     
  -3.48236840214744       -106.187984313138       -43.9027558809344     
   170.845483325143        57.6952411495034       -12.0045307594338     
   228.545608160306        169.101993260155        23.1398603851851     
  -35.3177840884443        30.5141577566645        37.7911859871002     
  0.000000000000000E+000  0.000000000000000E+000  0.000000000000000E+000
  0.000000000000000E+000  0.000000000000000E+000  0.000000000000000E+000
  0.000000000000000E+000  0.000000000000000E+000  0.000000000000000E+000
  0.000000000000000E+000  0.000000000000000E+000  0.000000000000000E+000
   67.7465947630295       -3.97680195297613        25.9388996203055     
 -0.189247523710951        288.170612805689       -3.61538613685669     
  -82.3937978527725        308.316107993084       -109.655045213570     
  -97.8757177454436       -62.5717061919522       -36.3566626415731     
  -75.0709657642660       -237.495570195881        110.929479448915     
  -44.9919699319036       -118.774771193136        138.354635436650     
   71.3956513236937        122.264871135409       -78.3058600690843     
  -78.4836381854052       -97.9762788347695        140.789653439620     
  -166.844487841079       -183.888644432903        114.413065244839     
  -4.93967371134635       -114.311917435522       -32.4848840981009     
   301.320501010801        83.4916080790218       -102.638166706805     
   245.600418293460        143.860819905348       -1.73282265460565     
  -36.4378275301515        56.0926516791919        25.3518149977070     
  0.000000000000000E+000  0.000000000000000E+000  0.000000000000000E+000
  0.000000000000000E+000  0.000000000000000E+000  0.000000000000000E+000
  0.000000000000000E+000  0.000000000000000E+000  0.000000000000000E+000
  0.000000000000000E+000  0.000000000000000E+000  0.000000000000000E+000
   54.4231893771426       -25.3969471580132        30.8862913521696     
  -7.58084288965517        288.773516869834       -32.8440542499401     
  -77.5360773041684        209.937691384350       -90.2710807980509     
  -75.1106140388950       -115.057622173513        74.8329122817178     
  -88.2188236193674        62.2981982076134       -207.712380136506     
  -29.5018274130267       -132.661487987795        172.188087183075     
  -15.6520802032242       -28.6340555951366        213.148799294104     
  -95.3797899824083       -89.0563331032224        167.778766307167     
   101.689333681075       -44.0790687534918       -209.704126317615     
  -59.2885363011612       -120.822952559133        75.4569945238170     
   212.197879999916        37.4618161739042       -81.7120229049713     
   249.721724806781        137.119163861805       -30.1753416532465     
  -48.7702206432372        34.1729718259814        29.3306211183087     
  0.000000000000000E+000  0.000000000000000E+000  0.000000000000000E+000
  0.000000000000000E+000  0.000000000000000E+000  0.000000000000000E+000
  0.000000000000000E+000  0.000000000000000E+000  0.000000000000000E+000
  0.000000000000000E+000  0.000000000000000E+000  0.000000000000000E+000
   29.3070624608611       -23.0186601439863        28.1030114814340     
   11.8491710074849        194.289483930537       -36.6255074139724     
  -33.3042460341411        16.2555346840008        42.2660608497981     
  -54.8317750586316       -38.0368059450696        73.4884074436700     
  -120.262916753637        248.781923697110       -541.042557099947     
   9.50114785272548       -175.193641860442        309.033322740506     
  -78.4290734306527       -135.847728474213        568.952497570050     
  -151.650143751773       -76.5475446146692        302.344950208614     
   279.127643953632        21.8293780068240       -547.750598955331     
 -0.605923900454401       -65.0078877805296        70.2867722106531     
   27.2948433854771       -20.6579758784056        46.4390744192167     
   159.699845055537        106.178111916492       -34.0606998577996     
  -34.3885225204558        13.8382940799483        26.7372685516023     
  0.000000000000000E+000  0.000000000000000E+000  0.000000000000000E+000
  0.000000000000000E+000  0.000000000000000E+000  0.000000000000000E+000
  0.000000000000000E+000  0.000000000000000E+000  0.000000000000000E+000
  0.000000000000000E+000  0.000000000000000E+000  0.000000000000000E+000
   6.43926236867970        1.53460708933403        21.9349740224803     
   15.7477971910402        45.4860200544913        12.2910123547041     
  -29.6518510785277       -15.5643335757661        59.3690910773269     
  -17.4949355497495        20.4139479444015       0.513893762354737     
  -45.7476410182255        111.061861366199       -257.587939257098     
  -22.5107330318838       -111.087435028267        270.109087445681     
  -59.0640221426741       -102.671646403908        352.350304822533     
  -80.7756971625898       -74.2078356292290        266.372110195785     
   120.883425707051        17.7052224872472       -261.778385400978     
   28.3517301638699       -4.04941293160651      -0.751428370367530     
   1.35763843163520       -33.2356457421874        59.9851120084532     
   31.2573131128843        36.0673026244312        12.4441818658455     
  -1.97906830193553        6.40049227711494        22.1226815853608     
  0.000000000000000E+000  0.000000000000000E+000  0.000000000000000E+000
  0.000000000000000E+000  0.000000000000000E+000  0.000000000000000E+000
  0.000000000000000E+000  0.000000000000000E+000  0.000000000000000E+000
  0.000000000000000E+000  0.000000000000000E+000  0.000000000000000E+000
  0.000000000000000E+000  0.000000000000000E+000  0.000000000000000E+000
  0.000000000000000E+000  0.000000000000000E+000  0.000000000000000E+000
  0.000000000000000E+000  0.000000000000000E+000  0.000000000000000E+000
  0.000000000000000E+000  0.000000000000000E+000  0.000000000000000E+000
  0.000000000000000E+000  0.000000000000000E+000  0.000000000000000E+000
  0.000000000000000E+000  0.000000000000000E+000  0.000000000000000E+000
  0.000000000000000E+000  0.000000000000000E+000  0.000000000000000E+000
  0.000000000000000E+000  0.000000000000000E+000  0.000000000000000E+000
  0.000000000000000E+000  0.000000000000000E+000  0.000000000000000E+000
  0.000000000000000E+000  0.000000000000000E+000  0.000000000000000E+000
  0.000000000000000E+000  0.000000000000000E+000  0.000000000000000E+000
  0.000000000000000E+000  0.000000000000000E+000  0.000000000000000E+000
  0.000000000000000E+000  0.000000000000000E+000  0.000000000000000E+000
  0.000000000000000E+000  0.000000000000000E+000  0.000000000000000E+000
  0.000000000000000E+000  0.000000000000000E+000  0.000000000000000E+000
  0.000000000000000E+000  0.000000000000000E+000  0.000000000000000E+000
  0.000000000000000E+000  0.000000000000000E+000  0.000000000000000E+000
  0.000000000000000E+000  0.000000000000000E+000  0.000000000000000E+000
  0.000000000000000E+000  0.000000000000000E+000  0.000000000000000E+000
  0.000000000000000E+000  0.000000000000000E+000  0.000000000000000E+000
  0.000000000000000E+000  0.000000000000000E+000  0.000000000000000E+000
  0.000000000000000E+000  0.000000000000000E+000  0.000000000000000E+000
  0.000000000000000E+000  0.000000000000000E+000  0.000000000000000E+000
  0.000000000000000E+000  0.000000000000000E+000  0.000000000000000E+000
  0.000000000000000E+000  0.000000000000000E+000  0.000000000000000E+000
  0.000000000000000E+000  0.000000000000000E+000  0.000000000000000E+000
  0.000000000000000E+000  0.000000000000000E+000  0.000000000000000E+000
  0.000000000000000E+000  0.000000000000000E+000  0.000000000000000E+000
  0.000000000000000E+000  0.000000000000000E+000  0.000000000000000E+000
  0.000000000000000E+000  0.000000000000000E+000  0.000000000000000E+000
  0.000000000000000E+000  0.000000000000000E+000  0.000000000000000E+000
  0.000000000000000E+000  0.000000000000000E+000  0.000000000000000E+000
