         140  1.399999999999997E-002  1.399999999999997E-002
  0.000000000000000E+000  0.000000000000000E+000  0.000000000000000E+000
  0.000000000000000E+000  0.000000000000000E+000  0.000000000000000E+000
  2.460600813470511E-002  6.327998918652172E-002 -7.183809087508529E-002
  2.074650212240019E-002  7.586995590271441E-002 -0.114176601050079     
  2.392745569511916E-002  0.101585294583400      -0.165583722140888     
  2.478220599792854E-002  0.132497278851150      -0.193835637497694     
  3.235801457637567E-002  0.150455000592438      -0.217962933811668     
  4.436903337935125E-002  0.127594520549100      -0.225072263663828     
  6.343966193476469E-002  0.109971932721962      -0.226366540416384     
  8.824301818157890E-002  0.102247988343203      -0.225076410721790     
  0.114066886199993       0.103306047952477      -0.217985101217243     
  0.102366471428392       8.780034181406411E-002 -0.193848474245192     
  7.603172613637332E-002  7.159186969076405E-002 -0.165615465648683     
  5.531850264386509E-002  5.590314764327212E-002 -0.114168877514179     
  4.251303120827373E-002  5.295865816318806E-002 -7.190099356788734E-002
  0.000000000000000E+000  0.000000000000000E+000  0.000000000000000E+000
  0.000000000000000E+000  0.000000000000000E+000  0.000000000000000E+000
  0.000000000000000E+000  0.000000000000000E+000  0.000000000000000E+000
  0.000000000000000E+000  0.000000000000000E+000  0.000000000000000E+000
  1.992439626188224E-002  6.242647225962374E-002 -6.475297535673392E-002
  1.728086735658768E-002  8.326972369901971E-002 -0.112136058255156     
  1.823667034724823E-002  0.106995906795920      -0.160038492027609     
  2.123840623009128E-002  0.136749017210466      -0.192394837540352     
  3.048007028908920E-002  0.144933007786664      -0.215396186787258     
  4.359432292581827E-002  0.119495394845183      -0.221934598583262     
  5.942794228324980E-002  0.103019902388966      -0.222184557567412     
  8.161319483961259E-002  9.752580114963505E-002 -0.221949930750284     
  0.110214026578267       9.890927215336835E-002 -0.215417272812128     
  0.107798210700463       8.684329318600804E-002 -0.192405541640980     
  8.354473682297896E-002  6.935352131702772E-002 -0.160054311740953     
  6.345338006891864E-002  5.660151065373218E-002 -0.112121655279591     
  4.411455221250411E-002  4.846535375955779E-002 -6.480176262128494E-002
  0.000000000000000E+000  0.000000000000000E+000  0.000000000000000E+000
  0.000000000000000E+000  0.000000000000000E+000  0.000000000000000E+000
  0.000000000000000E+000  0.000000000000000E+000  0.000000000000000E+000
  0.000000000000000E+000  0.000000000000000E+000  0.000000000000000E+000
  1.579678025867192E-002  6.095316651174194E-002 -5.543776576529947E-002
  1.001177681485293E-002  9.942359197020803E-002 -0.106287406143492     
  1.056084622233128E-002  0.118562861303772      -0.152201941185250     
  1.481502024307456E-002  0.147415146713247      -0.188069556078116     
  2.595194429782325E-002  0.134497706779592      -0.209465109446605     
  3.757790393238605E-002  0.105823298235287      -0.214285728456593     
  5.056419208993933E-002  8.765809401568969E-002 -0.215372862081522     
  7.276291218989171E-002  8.547486107674893E-002 -0.214317221996935     
  0.103422574708601       8.976171696123002E-002 -0.209489953890896     
  0.120206154111357       8.658238462065442E-002 -0.188069644229097     
  9.737631783026943E-002  6.847878148350507E-002 -0.152196521324240     
  8.106971532743880E-002  5.837284428362137E-002 -0.106246678449399     
  4.489454709675702E-002  4.414228191587932E-002 -5.546996632379418E-002
  0.000000000000000E+000  0.000000000000000E+000  0.000000000000000E+000
  0.000000000000000E+000  0.000000000000000E+000  0.000000000000000E+000
  0.000000000000000E+000  0.000000000000000E+000  0.000000000000000E+000
  0.000000000000000E+000  0.000000000000000E+000  0.000000000000000E+000
  1.536178062108390E-002  5.142638238234951E-002 -4.631400928697647E-002
  4.855926640974205E-004  0.114768561260811      -9.866209223112393E-002
  1.526513088215558E-003  0.140990758717704      -0.144869440253634     
  6.066471306999852E-003  0.145806534991741      -0.180998088318010     
  1.688871247285340E-002  0.118767615947876      -0.197740594043405     
  2.652402752334613E-002  8.390523406178527E-002 -0.200772739088226     
  3.708390694190110E-002  6.428951225561058E-002 -0.200406628476794     
  5.932064390723151E-002  6.496923892700075E-002 -0.200836936616319     
  9.434168055071288E-002  7.405768809318154E-002 -0.197786258014761     
  0.123138434402947       7.817771753349334E-002 -0.180979233070684     
  0.121261694997158       7.183963674319323E-002 -0.144833017260808     
  9.905652690021391E-002  5.776965024913751E-002 -9.858480773359579E-002
  3.684717921102494E-002  3.898375093794348E-002 -4.632908513119131E-002
  0.000000000000000E+000  0.000000000000000E+000  0.000000000000000E+000
  0.000000000000000E+000  0.000000000000000E+000  0.000000000000000E+000
  0.000000000000000E+000  0.000000000000000E+000  0.000000000000000E+000
  0.000000000000000E+000  0.000000000000000E+000  0.000000000000000E+000
  1.850198338086011E-002  3.056846650523766E-002 -3.751755546082865E-002
 -5.743329228108924E-003  0.116697314171286      -9.026805847087492E-002
 -4.608976123680808E-003  0.140259055038852      -0.136784884629072     
 -1.693982840335687E-003  0.133433641201208      -0.169955309595573     
  7.460427541377803E-003  0.101023065505516      -0.183369727003470     
  1.657775547414568E-002  6.413013367630056E-002 -0.183833003252545     
  2.532208535585148E-002  4.390023900889684E-002 -0.181899673340536     
  4.724653408327578E-002  4.652936372420231E-002 -0.183968241343572     
  8.370605690419623E-002  5.703525919416805E-002 -0.183448992196460     
  0.116284127463143       6.527004335696737E-002 -0.169928290513695     
  0.123637883749694       6.614667685492763E-002 -0.136714926724734     
  0.103750769597209       5.330867707565499E-002 -9.014301280945601E-002
  1.718067069170538E-002  3.125949969279376E-002 -3.752733375455114E-002
  0.000000000000000E+000  0.000000000000000E+000  0.000000000000000E+000
  0.000000000000000E+000  0.000000000000000E+000  0.000000000000000E+000
  0.000000000000000E+000  0.000000000000000E+000  0.000000000000000E+000
  0.000000000000000E+000  0.000000000000000E+000  0.000000000000000E+000
  1.911489393164115E-002  2.528517551723244E-003 -2.589763236706517E-002
 -7.314921321497294E-003  0.115165858597251      -8.057960796259077E-002
 -6.993505283652448E-003  0.129347057706272      -0.127300769902210     
 -9.410644666747221E-003  0.117752548138375      -0.154777311434332     
  3.437500387397389E-004  8.616762848576834E-002 -0.167476804784775     
  7.735250469002800E-003  4.911198341785788E-002 -0.164526672463860     
  1.788916315057925E-002  3.100968290329377E-002 -0.162549659092613     
  3.878480426064190E-002  3.143175357264248E-002 -0.164806634063372     
  7.441980995930304E-002  4.346120654392219E-002 -0.167594807292612     
  0.106536620216128       5.075878468389831E-002 -0.154746412120155     
  0.115384206665508       5.863105551261349E-002 -0.127221840113126     
  0.103197040960328       5.120651381188079E-002 -8.043792907440085E-002
 -7.445394861999045E-003  1.772098016584460E-002 -2.588097775376599E-002
  0.000000000000000E+000  0.000000000000000E+000  0.000000000000000E+000
  0.000000000000000E+000  0.000000000000000E+000  0.000000000000000E+000
  0.000000000000000E+000  0.000000000000000E+000  0.000000000000000E+000
  0.000000000000000E+000  0.000000000000000E+000  0.000000000000000E+000
  1.188320472039403E-002 -1.406878922895659E-002 -1.638170688780016E-002
 -1.217704575147836E-003  0.112675318869808      -7.433635753610698E-002
 -1.344373653092539E-002  0.106917496641139      -0.111036982447005     
 -1.184260053302834E-002  0.102383739240011      -0.137709059682819     
 -7.229217496583206E-003  6.960523484847114E-002 -0.147299049021323     
  1.959144531108216E-003  3.933708762601342E-002 -0.145017313014337     
  1.227778554502530E-002  2.126724266278534E-002 -0.142623058445892     
  3.332963926329494E-002  2.158230860676552E-002 -0.145486186067150     
  6.387228923250150E-002  2.861879893904525E-002 -0.147448583408948     
  9.444267183300667E-002  4.100580846373270E-002 -0.137696466327232     
  9.918931721287014E-002  4.182502003518027E-002 -0.110955297543059     
  9.811258974440072E-002  5.529326720315245E-002 -7.423023570120379E-002
 -1.820523522936051E-002  3.170126790696988E-003 -1.638684313091856E-002
  0.000000000000000E+000  0.000000000000000E+000  0.000000000000000E+000
  0.000000000000000E+000  0.000000000000000E+000  0.000000000000000E+000
  0.000000000000000E+000  0.000000000000000E+000  0.000000000000000E+000
  0.000000000000000E+000  0.000000000000000E+000  0.000000000000000E+000
  1.273978704790297E-002 -9.780644373931273E-003 -1.385339555759261E-002
 -1.777981275110245E-003  8.746964665163774E-002 -5.862961257038480E-002
 -1.042145214675187E-002  8.358960022865770E-002 -9.097513168203855E-002
 -1.491735834420100E-002  8.096481020945138E-002 -0.114514710999885     
 -1.065508163040851E-002  5.490541180690443E-002 -0.123124133123291     
 -2.727240971341261E-003  3.102442740271850E-002 -0.124313220912027     
  8.919132830127189E-003  1.539033431677257E-002 -0.122943680105613     
  2.855130617076330E-002  1.335749358376754E-002 -0.124996842878046     
  5.285806179860592E-002  1.830819879369734E-002 -0.123291686363435     
  7.741044439349311E-002  2.763207721982204E-002 -0.114509559036568     
  7.756693777990512E-002  3.282914503435702E-002 -9.093629471217506E-002
  7.658382204329996E-002  4.215085146501287E-002 -5.854607160038438E-002
 -1.483202870049662E-002  6.160336470629588E-003 -1.386775325642296E-002
  0.000000000000000E+000  0.000000000000000E+000  0.000000000000000E+000
  0.000000000000000E+000  0.000000000000000E+000  0.000000000000000E+000
  0.000000000000000E+000  0.000000000000000E+000  0.000000000000000E+000
  0.000000000000000E+000  0.000000000000000E+000  0.000000000000000E+000
  7.977480487680316E-004 -6.953102257402672E-003 -5.502631057918179E-003
  1.052829519743687E-002  4.959954084152236E-002 -3.808572483411671E-002
 -1.234766555994952E-002  5.553705301348130E-002 -6.198665097486036E-002
 -1.216541776879721E-002  5.266165386949385E-002 -7.989103811602778E-002
 -1.185718886258013E-002  3.658881151509982E-002 -8.918687408142957E-002
 -6.164050032367562E-003  2.029299008926690E-002 -9.383469590581131E-002
  5.109560478910401E-003  8.725703648080842E-003 -9.546978725272307E-002
  2.092728270161880E-002  4.904334792832522E-003 -9.448502902462644E-002
  3.754490042752329E-002  8.085651340101410E-003 -8.929674434109129E-002
  5.157406524090973E-002  1.585354884025162E-002 -7.991577887425129E-002
  5.423606936084609E-002  1.714845037989291E-002 -6.198309827684707E-002
  3.771840083984603E-002  3.386235335451572E-002 -3.802640648105812E-002
 -6.456112413807263E-003 -2.749317996015800E-003 -5.542502623565012E-003
  0.000000000000000E+000  0.000000000000000E+000  0.000000000000000E+000
  0.000000000000000E+000  0.000000000000000E+000  0.000000000000000E+000
  0.000000000000000E+000  0.000000000000000E+000  0.000000000000000E+000
  0.000000000000000E+000  0.000000000000000E+000  0.000000000000000E+000
 -2.120477333336470E-003 -3.476324089413345E-003 -6.266788672786461E-003
  1.204516488814012E-002  1.053970495511066E-002 -9.999505040620988E-003
 -1.775173182411847E-003  1.876741377754419E-002 -2.064627985560109E-002
  7.181640578130484E-004  2.072789993001253E-002 -3.236769606907910E-002
 -6.485154621646757E-003  1.667215146063236E-002 -4.043767264802348E-002
 -3.438701603373658E-003  1.025151400977068E-002 -4.940218399025589E-002
  1.878717097369200E-003  3.017689997689060E-003 -5.138556221568424E-002
  1.074570567283761E-002  2.195833553580053E-003 -4.990796134110955E-002
  1.758970069511033E-002  2.798390109183038E-003 -4.047331589750892E-002
  1.755630529258684E-002  1.097342291613230E-002 -3.235491729964717E-002
  1.716173483547880E-002  7.875900823548687E-003 -2.066476817552974E-002
  3.122670167023828E-003  1.565935729623403E-002 -9.987802537857044E-003
 -1.958834360955030E-003 -3.550876149014411E-003 -6.258042931740333E-003
  0.000000000000000E+000  0.000000000000000E+000  0.000000000000000E+000
  0.000000000000000E+000  0.000000000000000E+000  0.000000000000000E+000
  0.000000000000000E+000  0.000000000000000E+000  0.000000000000000E+000
  0.000000000000000E+000  0.000000000000000E+000  0.000000000000000E+000
  0.000000000000000E+000  0.000000000000000E+000  0.000000000000000E+000
  0.000000000000000E+000  0.000000000000000E+000  0.000000000000000E+000
  0.000000000000000E+000  0.000000000000000E+000  0.000000000000000E+000
  0.000000000000000E+000  0.000000000000000E+000  0.000000000000000E+000
  0.000000000000000E+000  0.000000000000000E+000  0.000000000000000E+000
  0.000000000000000E+000  0.000000000000000E+000  0.000000000000000E+000
  0.000000000000000E+000  0.000000000000000E+000  0.000000000000000E+000
  0.000000000000000E+000  0.000000000000000E+000  0.000000000000000E+000
  0.000000000000000E+000  0.000000000000000E+000  0.000000000000000E+000
  0.000000000000000E+000  0.000000000000000E+000  0.000000000000000E+000
  0.000000000000000E+000  0.000000000000000E+000  0.000000000000000E+000
  0.000000000000000E+000  0.000000000000000E+000  0.000000000000000E+000
  0.000000000000000E+000  0.000000000000000E+000  0.000000000000000E+000
  0.000000000000000E+000  0.000000000000000E+000  0.000000000000000E+000
  0.000000000000000E+000  0.000000000000000E+000  0.000000000000000E+000
  0.000000000000000E+000  0.000000000000000E+000  0.000000000000000E+000
  0.000000000000000E+000  0.000000000000000E+000  0.000000000000000E+000
  0.000000000000000E+000  0.000000000000000E+000  0.000000000000000E+000
  0.000000000000000E+000  0.000000000000000E+000  0.000000000000000E+000
  0.000000000000000E+000  0.000000000000000E+000  0.000000000000000E+000
  0.000000000000000E+000  0.000000000000000E+000  0.000000000000000E+000
  0.000000000000000E+000  0.000000000000000E+000  0.000000000000000E+000
  0.000000000000000E+000  0.000000000000000E+000  0.000000000000000E+000
  0.000000000000000E+000  0.000000000000000E+000  0.000000000000000E+000
  0.000000000000000E+000  0.000000000000000E+000  0.000000000000000E+000
  0.000000000000000E+000  0.000000000000000E+000  0.000000000000000E+000
  0.000000000000000E+000  0.000000000000000E+000  0.000000000000000E+000
  0.000000000000000E+000  0.000000000000000E+000  0.000000000000000E+000
  0.000000000000000E+000  0.000000000000000E+000  0.000000000000000E+000
  0.000000000000000E+000  0.000000000000000E+000  0.000000000000000E+000
  0.000000000000000E+000  0.000000000000000E+000  0.000000000000000E+000
  0.000000000000000E+000  0.000000000000000E+000  0.000000000000000E+000
  0.000000000000000E+000  0.000000000000000E+000  0.000000000000000E+000
  0.000000000000000E+000  0.000000000000000E+000  0.000000000000000E+000
 -6.635868397341648E-005 -4.346346074859544E-006 -9.250615415267815E-004
 -7.836899513108100E-004  1.146269931554615E-004 -1.764131682747586E-003
 -1.164266514366178E-003 -1.388263013159862E-004 -1.874963535371152E-003
 -1.045368512158325E-003  5.474901223569805E-004 -1.281460707985426E-003
 -6.962271328430337E-004 -2.558277028963558E-003 -2.073225325586569E-004
  4.615829765154859E-004  6.980212031206187E-004 -4.379396844324118E-004
  2.766563992769744E-003  4.762009523305111E-003 -1.983987562485189E-003
  3.950998488529164E-004  7.130606426781679E-004 -4.551292808969221E-004
 -1.757534569207222E-003 -1.847265873790211E-003 -2.595696366180460E-004
  9.276272504100912E-004 -6.821859535061638E-004 -1.300927160414597E-003
  4.826525268668246E-004 -1.033328927706111E-003 -1.852714155296734E-003
  4.867257629712001E-004 -5.842272365240565E-004 -1.708901399742910E-003
 -2.850176079698874E-005 -8.032551278170016E-005 -8.807803059064475E-004
  0.000000000000000E+000  0.000000000000000E+000  0.000000000000000E+000
  0.000000000000000E+000  0.000000000000000E+000  0.000000000000000E+000
  0.000000000000000E+000  0.000000000000000E+000  0.000000000000000E+000
  0.000000000000000E+000  0.000000000000000E+000  0.000000000000000E+000
 -1.562577518699018E-004 -6.794065859017684E-005 -7.944824418754564E-004
 -8.675546659510162E-004  3.994407554530686E-005 -1.734580964349655E-003
 -1.169334888702165E-003 -2.702573053141849E-006 -1.886992864859029E-003
 -8.629335924933385E-004  2.052695800297529E-004 -1.389204729297340E-003
 -4.398836841619419E-004 -2.450375300598117E-003 -1.811266663416996E-004
  7.473855750065203E-004  1.610131299302034E-003 -5.248185216398031E-004
  2.789832153596601E-003  4.801857011509185E-003 -1.924821918816161E-003
  1.004251168023126E-003  1.380442148496070E-003 -5.324035286512822E-004
 -1.805058762918921E-003 -1.579575828317183E-003 -2.355511133824609E-004
  5.867950813639994E-004 -6.817458309699149E-004 -1.404588934992627E-003
  5.983998592561128E-004 -9.808133027659463E-004 -1.860269869168794E-003
  4.605675268619546E-004 -6.955360938830181E-004 -1.676973027186739E-003
 -4.234869151785768E-005 -1.866694790676508E-004 -7.547686217674269E-004
  0.000000000000000E+000  0.000000000000000E+000  0.000000000000000E+000
  0.000000000000000E+000  0.000000000000000E+000  0.000000000000000E+000
  0.000000000000000E+000  0.000000000000000E+000  0.000000000000000E+000
  0.000000000000000E+000  0.000000000000000E+000  0.000000000000000E+000
 -2.222934424360271E-004 -1.972950470165312E-004 -6.682252852050364E-004
 -9.625514487623737E-004 -1.119217330552170E-004 -1.682640246569077E-003
 -1.091763309433668E-003  5.207373707933161E-004 -1.994315454279030E-003
 -5.016068027277256E-004 -9.355281245440946E-004 -1.507719475914504E-003
  7.763698133822447E-006 -2.224408020015823E-003 -1.592887852533517E-004
  1.418363571871002E-003  2.977339605391934E-003 -1.191387545454767E-003
  3.192363190175253E-003  5.507870353045035E-003 -2.412331087367533E-003
  1.758072744030784E-003  2.558372655764362E-003 -1.152660438460481E-003
 -1.871224039887968E-003 -1.112742113732492E-003 -2.162223022761857E-004
 -4.917017953480514E-004 -9.012887275311221E-004 -1.527550171618130E-003
  1.015683154248471E-003 -6.651671939620613E-004 -1.960215252776239E-003
  3.696072917603604E-004 -8.621488085396420E-004 -1.624772501162150E-003
 -1.293669909052785E-004 -3.074072074701270E-004 -6.317291999805774E-004
  0.000000000000000E+000  0.000000000000000E+000  0.000000000000000E+000
  0.000000000000000E+000  0.000000000000000E+000  0.000000000000000E+000
  0.000000000000000E+000  0.000000000000000E+000  0.000000000000000E+000
  0.000000000000000E+000  0.000000000000000E+000  0.000000000000000E+000
 -2.324163772675643E-004 -2.788400828498700E-004 -6.060889558234902E-004
 -8.181702106337814E-004 -5.304713957577625E-004 -1.640255443204740E-003
 -6.650198567159586E-004 -8.816804076559940E-004 -2.046189401439620E-003
  1.893268727948052E-004 -1.523002058461113E-003 -1.392876229489696E-003
  8.483743419119262E-004 -2.124146162605665E-003 -3.894489369484812E-004
  9.596675102042234E-004 -4.562089918037687E-004 -4.033862944159179E-004
  1.000814837758347E-004  1.819548435149384E-004 -5.133489452228655E-004
 -8.929656483679872E-004  5.591958941515282E-004 -3.963889470828118E-004
 -2.306098945644993E-003 -4.111554439186018E-004 -3.910615287718767E-004
 -1.393392801886211E-003 -6.263327244459848E-004 -1.408088874533247E-003
 -4.043195442242649E-004 -1.011112720200399E-003 -2.008966381695623E-003
 -1.152852923305504E-004 -9.720069094751874E-004 -1.576126931657617E-003
 -1.746069625010434E-004 -3.465913551895618E-004 -5.722602255865567E-004
  0.000000000000000E+000  0.000000000000000E+000  0.000000000000000E+000
  0.000000000000000E+000  0.000000000000000E+000  0.000000000000000E+000
  0.000000000000000E+000  0.000000000000000E+000  0.000000000000000E+000
  0.000000000000000E+000  0.000000000000000E+000  0.000000000000000E+000
 -1.928605508739417E-004 -3.174549540987484E-004 -5.738257559548270E-004
 -6.532702733088213E-004 -2.345554655045951E-004 -1.717108788489918E-003
 -2.807209413026490E-004 -7.173431465756458E-004 -1.951602433217733E-003
  9.439932394777026E-004 -7.926252910260607E-004 -1.752775192754832E-003
  1.594856384918531E-003 -5.499725808606375E-004 -1.571353201559881E-003
  1.435800181351373E-003  9.237137953697138E-004 -1.891459759207022E-003
  5.744443436344870E-005  1.097892494603016E-004 -1.392059695180324E-003
  4.228321526320882E-005  1.655614649671142E-003 -1.868840712071562E-003
 -1.189178459041690E-003  1.112981799276723E-003 -1.640795063054250E-003
 -1.140317819785797E-003  3.921522791589870E-004 -1.754258268451773E-003
 -4.567089787033453E-004 -5.995896931366352E-004 -1.914018257155446E-003
  8.540160055712176E-005 -6.750026459013729E-004 -1.655024305180993E-003
 -2.002777007907671E-004 -3.295414096955062E-004 -5.456474331303890E-004
  0.000000000000000E+000  0.000000000000000E+000  0.000000000000000E+000
  0.000000000000000E+000  0.000000000000000E+000  0.000000000000000E+000
  0.000000000000000E+000  0.000000000000000E+000  0.000000000000000E+000
  0.000000000000000E+000  0.000000000000000E+000  0.000000000000000E+000
 -3.227362884881463E-005 -3.034204033888251E-004 -6.230386145576835E-004
 -9.604190486680271E-004  9.966448266497175E-004 -1.882000048856199E-003
  2.041737053074773E-004 -6.480031858483331E-004 -1.989415381418452E-003
  1.876013027981288E-003 -2.413497684967757E-003 -6.977710409969397E-004
  1.581533428812375E-003  2.216258355151930E-003 -3.860169426704825E-003
  1.774850553987011E-003  3.062530033675293E-003 -5.490403456062349E-003
 -1.469346486184082E-003 -2.572991292959726E-003  5.012035296360694E-004
  1.585487976482346E-003  2.908298148672650E-003 -5.255814779773239E-003
  1.214788948843714E-003  2.491486155237338E-003 -3.968757545962924E-003
 -2.900443487219633E-003  4.368902227187997E-004 -7.585686280986963E-004
 -6.419085347537378E-004 -1.470907505850781E-004 -1.943942376245839E-003
  1.359795689483620E-003 -3.191481570996008E-004 -1.836144280060080E-003
 -2.530465258705771E-004 -1.806078373877377E-004 -6.010769318541809E-004
  0.000000000000000E+000  0.000000000000000E+000  0.000000000000000E+000
  0.000000000000000E+000  0.000000000000000E+000  0.000000000000000E+000
  0.000000000000000E+000  0.000000000000000E+000  0.000000000000000E+000
  0.000000000000000E+000  0.000000000000000E+000  0.000000000000000E+000
  2.563538978141563E-005 -9.235334039200354E-005 -4.800801577612287E-004
 -1.013722273092758E-003  1.367320972093184E-003 -2.034405140147264E-003
  1.503659200579949E-003 -3.364482166992963E-003 -2.944732927455576E-004
  2.374831484526599E-003 -2.790138860519798E-003  4.012814489163779E-004
  1.230888501122917E-003  3.005284514881285E-003 -5.032171703544320E-003
  9.687815094445204E-004  1.370387023160335E-003 -5.191784443171103E-003
 -2.251593122791223E-003 -3.894702729958492E-003  3.886187865065076E-003
  6.724920902451062E-004  1.477121114886879E-003 -5.135006629564734E-003
  2.041943170577804E-003  2.558212753863180E-003 -5.102892145072584E-003
 -3.629634584753277E-003  6.386528707463243E-004  4.508294702882815E-004
 -3.707730914468639E-003 -3.887829564929655E-004 -2.219439729900521E-004
  1.712889660929040E-003 -1.881199958959159E-004 -1.996571339575452E-003
 -9.230396409303385E-005 -1.930179301710250E-005 -4.577524884507290E-004
  0.000000000000000E+000  0.000000000000000E+000  0.000000000000000E+000
  0.000000000000000E+000  0.000000000000000E+000  0.000000000000000E+000
  0.000000000000000E+000  0.000000000000000E+000  0.000000000000000E+000
  0.000000000000000E+000  0.000000000000000E+000  0.000000000000000E+000
 -7.719359324346284E-005 -3.636954030736812E-005 -3.496514557473756E-004
 -4.313519489378867E-004  3.884715751036907E-004 -1.706905639065943E-003
  2.866852639086222E-003 -5.686645013346488E-003  2.306603650275024E-003
  1.766081107829834E-003 -9.078060851354803E-004 -5.466736366463216E-004
  7.001414915736128E-004  1.709912531388018E-003 -3.804673882282288E-003
 -2.745915879453971E-004  9.897649641802497E-004 -4.360176420407169E-003
 -2.914556910703171E-004 -5.039505867926690E-004 -3.519460161238686E-003
  9.806516250397677E-004  2.373874929381673E-004 -4.374578252038527E-003
  1.239462262068390E-003  1.463603569272809E-003 -3.977669928240131E-003
 -1.762328363476974E-003  1.059203366109148E-003 -4.094564846696859E-004
 -6.499394826278698E-003 -3.813235164257986E-004  2.438726015400175E-003
  5.554888363476063E-004 -1.777057749114431E-004 -1.677831237637697E-003
  1.278741377366904E-005 -8.278180971767954E-005 -3.290040603435628E-004
  0.000000000000000E+000  0.000000000000000E+000  0.000000000000000E+000
  0.000000000000000E+000  0.000000000000000E+000  0.000000000000000E+000
  0.000000000000000E+000  0.000000000000000E+000  0.000000000000000E+000
  0.000000000000000E+000  0.000000000000000E+000  0.000000000000000E+000
 -3.045622252054197E-005  4.108019230205779E-005 -3.377180332195553E-004
 -2.671800656837995E-005 -6.610261750752837E-004 -6.262725692644204E-004
  2.544646842091366E-003 -4.104779620606639E-003  2.496058492191330E-003
  6.411118018445858E-004  2.848657984458118E-004 -1.612478952178309E-003
  6.059862623204844E-004  3.488444767278936E-005 -7.989320273054360E-004
 -4.850403448216213E-004  3.552695975890253E-004 -2.042596303620733E-003
 -7.302166966867319E-004 -1.248746121786379E-003 -2.878398842412279E-004
  5.206094357891595E-004 -2.440823695283091E-004 -1.999278394990209E-003
 -2.548964328413679E-004  5.309404113469884E-004 -8.779324488042159E-004
 -4.110688835347567E-005  6.952676293428947E-004 -1.631847891224720E-003
 -4.940064489288497E-003  1.435425589607290E-004  2.620975908401253E-003
 -5.682857234062713E-004 -3.625378936896878E-004 -6.017209217897576E-004
  5.611032301527562E-005 -2.331580194991301E-006 -3.257148030661739E-004
  0.000000000000000E+000  0.000000000000000E+000  0.000000000000000E+000
  0.000000000000000E+000  0.000000000000000E+000  0.000000000000000E+000
  0.000000000000000E+000  0.000000000000000E+000  0.000000000000000E+000
  0.000000000000000E+000  0.000000000000000E+000  0.000000000000000E+000
 -1.490949800924014E-005 -4.144377401201352E-005 -2.379592760851758E-004
 -2.344627962933406E-005 -3.234756489359940E-004 -2.664677835510535E-004
  3.766207377281802E-004 -1.000560814809858E-003  8.393101954719057E-005
  3.838515685491577E-004 -1.303755584261256E-004 -1.102843109908586E-003
  3.174205143968199E-004 -3.767401677221990E-005  9.368656128321760E-004
 -6.116655814681479E-004  9.277866972544651E-005 -1.403907869279107E-003
 -1.330675226654362E-004 -1.657179417337409E-004  5.446387859079666E-003
  4.008503413542750E-004 -4.845582627174189E-004 -1.479695305931566E-003
 -2.333893180431878E-004  2.690445327596027E-004  1.026331657670173E-003
 -2.735797698452579E-004  2.595210063260330E-004 -1.174241564099867E-003
 -1.071697202132268E-003 -1.800546864852308E-004  1.165112579891510E-004
 -2.643804239235840E-004 -1.904301818347969E-004 -2.599699302269254E-004
 -2.594978913745828E-005 -3.019472839483943E-005 -2.292554675807322E-004
  0.000000000000000E+000  0.000000000000000E+000  0.000000000000000E+000
  0.000000000000000E+000  0.000000000000000E+000  0.000000000000000E+000
  0.000000000000000E+000  0.000000000000000E+000  0.000000000000000E+000
  0.000000000000000E+000  0.000000000000000E+000  0.000000000000000E+000
  0.000000000000000E+000  0.000000000000000E+000  0.000000000000000E+000
  0.000000000000000E+000  0.000000000000000E+000  0.000000000000000E+000
  0.000000000000000E+000  0.000000000000000E+000  0.000000000000000E+000
  0.000000000000000E+000  0.000000000000000E+000  0.000000000000000E+000
  0.000000000000000E+000  0.000000000000000E+000  0.000000000000000E+000
  0.000000000000000E+000  0.000000000000000E+000  0.000000000000000E+000
  0.000000000000000E+000  0.000000000000000E+000  0.000000000000000E+000
  0.000000000000000E+000  0.000000000000000E+000  0.000000000000000E+000
  0.000000000000000E+000  0.000000000000000E+000  0.000000000000000E+000
  0.000000000000000E+000  0.000000000000000E+000  0.000000000000000E+000
  0.000000000000000E+000  0.000000000000000E+000  0.000000000000000E+000
  0.000000000000000E+000  0.000000000000000E+000  0.000000000000000E+000
  0.000000000000000E+000  0.000000000000000E+000  0.000000000000000E+000
  0.000000000000000E+000  0.000000000000000E+000  0.000000000000000E+000
  0.000000000000000E+000  0.000000000000000E+000  0.000000000000000E+000
  0.000000000000000E+000  0.000000000000000E+000  0.000000000000000E+000
  0.000000000000000E+000  0.000000000000000E+000  0.000000000000000E+000
  0.000000000000000E+000  0.000000000000000E+000  0.000000000000000E+000
  0.000000000000000E+000  0.000000000000000E+000  0.000000000000000E+000
  0.000000000000000E+000  0.000000000000000E+000  0.000000000000000E+000
  0.000000000000000E+000  0.000000000000000E+000  0.000000000000000E+000
  0.000000000000000E+000  0.000000000000000E+000  0.000000000000000E+000
  0.000000000000000E+000  0.000000000000000E+000  0.000000000000000E+000
  0.000000000000000E+000  0.000000000000000E+000  0.000000000000000E+000
  0.000000000000000E+000  0.000000000000000E+000  0.000000000000000E+000
  0.000000000000000E+000  0.000000000000000E+000  0.000000000000000E+000
  0.000000000000000E+000  0.000000000000000E+000  0.000000000000000E+000
  0.000000000000000E+000  0.000000000000000E+000  0.000000000000000E+000
  0.000000000000000E+000  0.000000000000000E+000  0.000000000000000E+000
  0.000000000000000E+000  0.000000000000000E+000  0.000000000000000E+000
  0.000000000000000E+000  0.000000000000000E+000  0.000000000000000E+000
  0.000000000000000E+000  0.000000000000000E+000  0.000000000000000E+000
  0.000000000000000E+000  0.000000000000000E+000  0.000000000000000E+000
  0.000000000000000E+000  0.000000000000000E+000  0.000000000000000E+000
  0.323859669715831       5.240280400274465E-002  0.267662116775930     
   1.03733576530009       0.324549222239883      -0.376624559854961     
  -4.25923211540641      -0.684553276325202       -1.17339086723815     
  -2.96855548251140      -0.488222103301014        8.68677899735884     
   3.10228614269853       -43.4429701622098        24.8672817476458     
   1.08899474375001       -31.4529617330823        2.24697323340228     
  -32.5893670199154       -56.0354418677013       -13.2563808909243     
  -31.2094742485187       -18.0938849674644        3.48241743422643     
  -33.9921412599122       -15.0325936244005        23.3031572556694     
 -0.978431748646643       -4.12565621295067        8.26451607582871     
  0.533796657721811       -4.00400238832470       -1.51758676344069     
  0.296008391580310        1.88941782914739       4.528757321135421E-003
  -1.05346775778594      -7.045334897588724E-002  0.620341115009564     
  0.000000000000000E+000  0.000000000000000E+000  0.000000000000000E+000
  0.000000000000000E+000  0.000000000000000E+000  0.000000000000000E+000
  0.000000000000000E+000  0.000000000000000E+000  0.000000000000000E+000
  0.000000000000000E+000  0.000000000000000E+000  0.000000000000000E+000
  0.428358679914819       0.267333198590231       0.151470921469031     
  0.820337289340213       0.412363054240322      -3.100867186579990E-002
  -4.76326723919454      -0.590602835720633       -1.93506374427570     
  9.954237246685343E-002  -1.62903735085517        7.49233043363624     
   7.35107132098607       -13.9192883132513        23.3464593334527     
   2.37785382623061       -2.52158528484390       -3.26805769537358     
  -10.3073548763250       -17.6517480875824       -20.5535846790648     
  -6.68619716746756       -2.15973253581046       -1.95075444623008     
  -12.4384691351328        2.05987125756094        21.9377808587888     
  -1.98441124193404       -1.09704910349647        7.07966807229498     
   1.17375379716385       -4.38546658363645       -2.20426145076081     
  0.269392507053918        1.65006415814638       0.395796579679111     
  -1.15580319464122       7.427906920584278E-002  0.491195437900642     
  0.000000000000000E+000  0.000000000000000E+000  0.000000000000000E+000
  0.000000000000000E+000  0.000000000000000E+000  0.000000000000000E+000
  0.000000000000000E+000  0.000000000000000E+000  0.000000000000000E+000
  0.000000000000000E+000  0.000000000000000E+000  0.000000000000000E+000
  0.795474973706266       6.012277107695595E-002 -4.161609404170761E-002
  5.765300311413019E-002   2.96990118161039       1.190744919751979E-002
  -3.53008723939196       -7.28877278265733       -3.51602656627194     
   3.55018611352466        17.9009111557295        9.66038350261529     
   10.8878244319102        44.1647957730671        9.62814339097615     
   15.6321699473183        54.0037013097668       -22.7402764314820     
   34.4692175432997        59.7506993047681       -46.4310631876231     
   35.6580253151580        37.5786892888359       -21.0927685255609     
   32.9105875395113        31.7897530368815        8.80330466679978     
   15.6388449453179        13.0648304181060        9.00529503494649     
  -4.22991436688130       -6.25916515252595       -3.52386223293262     
   2.43057203885953        1.91549446554445       0.405005690718656     
  -2.04160497516594       0.121170806270906       0.346001756974652     
  0.000000000000000E+000  0.000000000000000E+000  0.000000000000000E+000
  0.000000000000000E+000  0.000000000000000E+000  0.000000000000000E+000
  0.000000000000000E+000  0.000000000000000E+000  0.000000000000000E+000
  0.000000000000000E+000  0.000000000000000E+000  0.000000000000000E+000
   1.09579454409218        4.05872959855702      -0.210901864878246     
   1.65465108130656       -11.0182013104877      -0.407811954291088     
  -5.82279761640549        10.8569908277343       -3.12213176110161     
  0.229429391828659        43.6786678470509        1.69244892332574     
   1.50244298720899        14.1477708721719        16.6451399038414     
  -3.91563335259859        10.3597623849581       -1.08054386222629     
  -8.27352810480997       -14.4788346196296       -16.0817973743026     
   11.6205849959341        2.35859677407068       -1.62139585039086     
   9.91640410313560        7.24490464611544        17.1351817626167     
   38.1856631028667        22.2459740262354        1.18825153518491     
   14.0684231926611        1.11668475220229       -3.12505488658621     
  -12.6036090553152       -4.68199433882779       0.266569123367463     
   1.53070174036397        2.56809395857867       0.210266955913366     
  0.000000000000000E+000  0.000000000000000E+000  0.000000000000000E+000
  0.000000000000000E+000  0.000000000000000E+000  0.000000000000000E+000
  0.000000000000000E+000  0.000000000000000E+000  0.000000000000000E+000
  0.000000000000000E+000  0.000000000000000E+000  0.000000000000000E+000
   2.03877960287790        2.34931527158362      -0.432944239759624     
   1.57220465840479       -5.81402620395247       -1.19452486127317     
  -9.98755844746486        23.4112009525813       -8.53422697704367     
  -4.24534451164622       0.444423281725148        13.4050115122547     
  -8.93649123456035        5.98793880466254        26.5513634712325     
  0.706676537168649        35.9092698473724       -18.7201493378481     
  -25.4607153493958       -44.3827793547450        24.4424929189217     
   32.0064961508798        19.4101850962881       -20.3919087902178     
   11.7230901842291       -3.72855191306947        25.1278487260752     
  0.365406130929350       -4.69718260909991        14.6417909888054     
   26.2686680355133        3.28991058728854       -8.52152608136228     
  -7.70716755617700       -1.90776800741657      -0.344741633522734     
  0.240824062886175        2.54839299448119      -0.134620120218376     
  0.000000000000000E+000  0.000000000000000E+000  0.000000000000000E+000
  0.000000000000000E+000  0.000000000000000E+000  0.000000000000000E+000
  0.000000000000000E+000  0.000000000000000E+000  0.000000000000000E+000
  0.000000000000000E+000  0.000000000000000E+000  0.000000000000000E+000
   5.25440061750391       -2.97933716774723       -1.09848264333990     
  -11.9310733865908        32.1923437052662       -10.3056890236930     
  -11.4089226057313        20.6343799114010       -11.6451241656655     
  -6.16974673676309       -26.0206919241345        23.6742242065692     
  -7.78720598752089       -4.38751404672416        35.4184087929053     
  -8.15695806954615        27.9189777821349       -22.9056516260144     
   5.96132478774143        9.89500699841761       -17.8445308769357     
   27.2623806245041        5.73006974687441       -21.7235500567026     
   1.39113923181449       -8.61644501859932        34.0990542916398     
  -19.9162986510722       -18.7490998693347        24.5482044032478     
   23.5715086405174       0.128586638754389       -11.1767048972304     
   33.3296052910442        5.69940873429902       -9.75318083039297     
  -5.36754673196797        2.78924013305397      -0.978326811192608     
  0.000000000000000E+000  0.000000000000000E+000  0.000000000000000E+000
  0.000000000000000E+000  0.000000000000000E+000  0.000000000000000E+000
  0.000000000000000E+000  0.000000000000000E+000  0.000000000000000E+000
  0.000000000000000E+000  0.000000000000000E+000  0.000000000000000E+000
   7.47155998102294       -4.43260218197803        1.95205801838922     
  -24.4331553011049        63.0601428136825       -23.7232315794739     
  -2.35912557894626       -16.1741094451603        3.35690161265922     
  -14.4231550184924        6.68560090587204       -4.55654411835524     
  -4.12824172428694        7.40522521593684        10.2948886089019     
  -12.1759660186030       -29.6779129327176        56.2031011920690     
   20.5886883823502        35.9580362101257       -63.0022697748478     
  -19.5766352903522       -25.7515346689280        56.0200903921893     
   7.55314705132062      -0.624890058343592        11.5982672171707     
   14.8578759088818       -8.86126771144200       -5.56052790433898     
  -13.5520358689889       -10.5099941321907        4.32313541349799     
   66.3247749846795        10.1026654952367       -23.2002302397336     
  -7.42428918433741        4.26787488040880        2.08840022090165     
  0.000000000000000E+000  0.000000000000000E+000  0.000000000000000E+000
  0.000000000000000E+000  0.000000000000000E+000  0.000000000000000E+000
  0.000000000000000E+000  0.000000000000000E+000  0.000000000000000E+000
  0.000000000000000E+000  0.000000000000000E+000  0.000000000000000E+000
   5.77785777414250       -2.25194892046337        4.31474961143169     
  -20.9583620530777        50.8957425432948       -26.9441976573671     
   18.2704736684208       -61.7514828771917        38.1421402494387     
  -26.1644063722567        46.4090796156499       -50.1027250466569     
  -7.42674742607087        9.40632582983926       -21.9112821333624     
  -2.52254357519172        2.04418150608170        34.7749619259953     
   19.2371615515129        33.3904792686656       -103.763077613410     
   2.29688488306488       -1.56794018487008        35.2190281462437     
   11.0494231354814       -2.05771840021246       -20.6829990156211     
   55.4679872102030       0.840839621948737       -51.8876484980767     
  -63.6532261902336       -15.3754363012785        39.4411505579014     
   53.4846505612456        6.98840194602684       -26.3699453934632     
  -4.55931085288720        3.81875103055610        4.46886932029570     
  0.000000000000000E+000  0.000000000000000E+000  0.000000000000000E+000
  0.000000000000000E+000  0.000000000000000E+000  0.000000000000000E+000
  0.000000000000000E+000  0.000000000000000E+000  0.000000000000000E+000
  0.000000000000000E+000  0.000000000000000E+000  0.000000000000000E+000
  0.554914125974579        1.21585854061668        2.31928134128359     
  -2.91587336547366        12.3632439531882       -9.56722649564016     
   21.9559624385264       -52.5381582000894        45.0521049666326     
  -21.9552148212084        35.1282876408931       -58.3385796140751     
   3.54859799659113       -16.0410048258164        19.5171163094756     
  -1.63861746043757        28.3002378222416       -58.1248594188461     
  -4.20891687942597       -6.30499792192594        44.4238093139808     
   24.9922670953535        12.5942995545711       -59.1023831979575     
  -16.0324790311461       -4.96463871548320        20.4616450834128     
   42.9935646408149       -1.41992805925456       -60.1678862997116     
  -57.1724036609243       -7.24700672370071        45.9579259179262     
   11.3764571398062        3.19665240216952       -9.01034086625593     
  0.895293699095694        1.13384578349993        2.31954528952875     
  0.000000000000000E+000  0.000000000000000E+000  0.000000000000000E+000
  0.000000000000000E+000  0.000000000000000E+000  0.000000000000000E+000
  0.000000000000000E+000  0.000000000000000E+000  0.000000000000000E+000
  0.000000000000000E+000  0.000000000000000E+000  0.000000000000000E+000
 -0.651721054809852        1.26273090863525       -1.03805650421486     
  0.512749201678754      -0.710635760428945       0.834566096632296     
  0.414195121695595       -11.5829082231440        8.38544468063026     
   1.66245683667923      -0.321698630034970       -19.8695994670704     
   8.58621109460971       -2.25778443117813        27.8619142058123     
  -12.1830389460221        6.41001897219671       -102.606255627503     
   6.28530956172086        12.5350555444964        154.711448860139     
   11.7114791989563       -7.54890073221965       -103.732225185402     
  -6.82663549665578        6.55959203886250        29.4443584312624     
 -0.348763241768973        1.21603601189900       -20.9202186229714     
  -10.5155315303701       -5.30512387373075        8.61237442419697     
 -0.908616928292383      -0.215345846701529       0.845600054013061     
   1.42954380742812       0.130463640136587      -0.946099381862218     
  0.000000000000000E+000  0.000000000000000E+000  0.000000000000000E+000
  0.000000000000000E+000  0.000000000000000E+000  0.000000000000000E+000
  0.000000000000000E+000  0.000000000000000E+000  0.000000000000000E+000
  0.000000000000000E+000  0.000000000000000E+000  0.000000000000000E+000
  0.000000000000000E+000  0.000000000000000E+000  0.000000000000000E+000
  0.000000000000000E+000  0.000000000000000E+000  0.000000000000000E+000
  0.000000000000000E+000  0.000000000000000E+000  0.000000000000000E+000
  0.000000000000000E+000  0.000000000000000E+000  0.000000000000000E+000
  0.000000000000000E+000  0.000000000000000E+000  0.000000000000000E+000
  0.000000000000000E+000  0.000000000000000E+000  0.000000000000000E+000
  0.000000000000000E+000  0.000000000000000E+000  0.000000000000000E+000
  0.000000000000000E+000  0.000000000000000E+000  0.000000000000000E+000
  0.000000000000000E+000  0.000000000000000E+000  0.000000000000000E+000
  0.000000000000000E+000  0.000000000000000E+000  0.000000000000000E+000
  0.000000000000000E+000  0.000000000000000E+000  0.000000000000000E+000
  0.000000000000000E+000  0.000000000000000E+000  0.000000000000000E+000
  0.000000000000000E+000  0.000000000000000E+000  0.000000000000000E+000
  0.000000000000000E+000  0.000000000000000E+000  0.000000000000000E+000
  0.000000000000000E+000  0.000000000000000E+000  0.000000000000000E+000
  0.000000000000000E+000  0.000000000000000E+000  0.000000000000000E+000
  0.000000000000000E+000  0.000000000000000E+000  0.000000000000000E+000
  0.000000000000000E+000  0.000000000000000E+000  0.000000000000000E+000
  0.000000000000000E+000  0.000000000000000E+000  0.000000000000000E+000
  0.000000000000000E+000  0.000000000000000E+000  0.000000000000000E+000
  0.000000000000000E+000  0.000000000000000E+000  0.000000000000000E+000
  0.000000000000000E+000  0.000000000000000E+000  0.000000000000000E+000
  0.000000000000000E+000  0.000000000000000E+000  0.000000000000000E+000
  0.000000000000000E+000  0.000000000000000E+000  0.000000000000000E+000
  0.000000000000000E+000  0.000000000000000E+000  0.000000000000000E+000
  0.000000000000000E+000  0.000000000000000E+000  0.000000000000000E+000
  0.000000000000000E+000  0.000000000000000E+000  0.000000000000000E+000
  0.000000000000000E+000  0.000000000000000E+000  0.000000000000000E+000
  0.000000000000000E+000  0.000000000000000E+000  0.000000000000000E+000
  0.000000000000000E+000  0.000000000000000E+000  0.000000000000000E+000
  0.000000000000000E+000  0.000000000000000E+000  0.000000000000000E+000
  0.000000000000000E+000  0.000000000000000E+000  0.000000000000000E+000
