         140  1.399999999999997E-002  1.399999999999997E-002
  0.000000000000000E+000  0.000000000000000E+000  0.000000000000000E+000
  0.000000000000000E+000  0.000000000000000E+000  0.000000000000000E+000
  4.538054563992188E-002  8.878709646601821E-002 -9.103173911023048E-002
  5.828958815459055E-002  0.136497768014879      -0.155646472323914     
  8.916315975154653E-002  0.195077768144727      -0.234391747069664     
  0.106947734403776       0.243659500683085      -0.280528616566982     
  0.132126337440599       0.302173525258378      -0.326863159778581     
  0.159752029400889       0.325104140847895      -0.356434180579037     
  0.187846901781920       0.325446638579507      -0.368858226538780     
  0.201618313922799       0.300931914548199      -0.356422678129428     
  0.195618358377316       0.265565329600254      -0.326848419835509     
  0.157619197223037       0.214571578959308      -0.280561250250682     
  0.124436610346590       0.174849937847626      -0.234419876726618     
  8.911827008461858E-002  0.118788804831083      -0.155705888377378     
  5.423451868006470E-002  8.373442063225997E-002 -9.110176122287789E-002
  0.000000000000000E+000  0.000000000000000E+000  0.000000000000000E+000
  0.000000000000000E+000  0.000000000000000E+000  0.000000000000000E+000
  0.000000000000000E+000  0.000000000000000E+000  0.000000000000000E+000
  0.000000000000000E+000  0.000000000000000E+000  0.000000000000000E+000
  3.350912809724881E-002  9.182969587102928E-002 -7.918733781846586E-002
  5.315517831088228E-002  0.141162777476221      -0.151484186036933     
  7.497360153350704E-002  0.197479685944976      -0.221902282356202     
  9.738034411792727E-002  0.247318995881986      -0.276020759652986     
  0.121011344417891       0.294965393867955      -0.318958619450153     
  0.149573932092658       0.310727796229506      -0.350418696429608     
  0.176725066935687       0.306176835364865      -0.360211460598547     
  0.194256970947136       0.284927723270182      -0.350421292974735     
  0.194890579440370       0.252306408923801      -0.318938921770535     
  0.165531852675199       0.208087499008649      -0.276049595869569     
  0.133571967925373       0.163726448952044      -0.221911692557411     
  9.571495802914429E-002  0.116657677798460      -0.151529016953201     
  6.280245178302131E-002  7.495701475330283E-002 -7.923841370757097E-002
  0.000000000000000E+000  0.000000000000000E+000  0.000000000000000E+000
  0.000000000000000E+000  0.000000000000000E+000  0.000000000000000E+000
  0.000000000000000E+000  0.000000000000000E+000  0.000000000000000E+000
  0.000000000000000E+000  0.000000000000000E+000  0.000000000000000E+000
  2.525444165649774E-002  9.752658388389591E-002 -6.622855995860327E-002
  4.019687531702721E-002  0.150904247812433      -0.137844583667996     
  5.856250661538000E-002  0.201826861112604      -0.206797313966113     
  7.727079236726449E-002  0.255005456830734      -0.260766987931010     
  0.102270381502486       0.282581979892218      -0.307208857565019     
  0.128553231892261       0.282327465979455      -0.334557952249899     
  0.157379662898061       0.272664322148799      -0.345907002449503     
  0.180142471983813       0.252510731831483      -0.334585209696844     
  0.193497614022790       0.229860979927819      -0.307194174917298     
  0.182191742104290       0.194469486698467      -0.260776451906528     
  0.145506775297494       0.151648509435397      -0.206779457906582     
  0.110594874311447       0.110257509348258      -0.137846534978615     
  7.185534358989389E-002  7.063627739158251E-002 -6.625310331062390E-002
  0.000000000000000E+000  0.000000000000000E+000  0.000000000000000E+000
  0.000000000000000E+000  0.000000000000000E+000  0.000000000000000E+000
  0.000000000000000E+000  0.000000000000000E+000  0.000000000000000E+000
  0.000000000000000E+000  0.000000000000000E+000  0.000000000000000E+000
  2.334899467878570E-002  0.108124285531228      -5.745820436544618E-002
  3.077488335173727E-002  0.164826483989562      -0.123491479770664     
  4.102543932038624E-002  0.220194647139757      -0.190243761062885     
  5.774906413467060E-002  0.255734988911078      -0.245051979791012     
  7.829079437619740E-002  0.257237172382663      -0.287276359753308     
  0.103471124008713       0.245351003286217      -0.312977847643709     
  0.130705660130572       0.226462772957823      -0.321847930034672     
  0.160637913358032       0.212306920511969      -0.313042369401371     
  0.183548747511956       0.196435478091884      -0.287284604220290     
  0.192561701145699       0.177899896259697      -0.245034616719260     
  0.170169080683144       0.145621279400145      -0.190186736402235     
  0.127356309577372       0.109039620264012      -0.123440384354901     
  8.196544223362770E-002  7.426527295260910E-002 -5.746175025495733E-002
  0.000000000000000E+000  0.000000000000000E+000  0.000000000000000E+000
  0.000000000000000E+000  0.000000000000000E+000  0.000000000000000E+000
  0.000000000000000E+000  0.000000000000000E+000  0.000000000000000E+000
  0.000000000000000E+000  0.000000000000000E+000  0.000000000000000E+000
  2.820899309159144E-002  9.743503565845982E-002 -5.225861874790853E-002
  2.277710228212207E-002  0.185838554070269      -0.117648005658382     
  2.964457065408436E-002  0.224696501925733      -0.180302177841065     
  4.086317633905201E-002  0.239556579833027      -0.230870739674231     
  5.829755386857216E-002  0.228862634260325      -0.269010207919541     
  7.967685590297142E-002  0.204696601444995      -0.290001134952752     
  0.105241866646638       0.182355879997202      -0.297317270377327     
  0.137355990732782       0.171435742130779      -0.290112373113034     
  0.169005597743737       0.164976640720439      -0.269055264453112     
  0.187013696491711       0.155196538420234      -0.230844438771453     
  0.179726372784752       0.138002790688925      -0.180217139366522     
  0.149503802625408       0.112592845047174      -0.117561429003723     
  7.025918823431926E-002  7.311820568470426E-002 -5.225226152576428E-002
  0.000000000000000E+000  0.000000000000000E+000  0.000000000000000E+000
  0.000000000000000E+000  0.000000000000000E+000  0.000000000000000E+000
  0.000000000000000E+000  0.000000000000000E+000  0.000000000000000E+000
  0.000000000000000E+000  0.000000000000000E+000  0.000000000000000E+000
  3.962762671979245E-002  7.124293927281426E-002 -4.569971121033532E-002
  1.569323693050568E-002  0.178883989685889      -0.113559220812423     
  1.860904878867087E-002  0.207031533542261      -0.169573671424245     
  2.407833771649235E-002  0.210688574085148      -0.215069055727584     
  3.738712052079617E-002  0.189130226265567      -0.246556813061346     
  5.547584889479363E-002  0.159449595891691      -0.263020038928151     
  7.775768302972209E-002  0.134742990444458      -0.267914755954354     
  0.110354239403365       0.127965326375208      -0.263219794222767     
  0.145104562339251       0.127069017263651      -0.246669291355563     
  0.170428134025449       0.126260171838429      -0.215063894689527     
  0.169959456952296       0.119629257964611      -0.169487296630010     
  0.146950346263346       0.102948967173690      -0.113430057935593     
  4.184340252233054E-002  6.989804917808845E-002 -4.569672669801610E-002
  0.000000000000000E+000  0.000000000000000E+000  0.000000000000000E+000
  0.000000000000000E+000  0.000000000000000E+000  0.000000000000000E+000
  0.000000000000000E+000  0.000000000000000E+000  0.000000000000000E+000
  0.000000000000000E+000  0.000000000000000E+000  0.000000000000000E+000
  4.529890218613909E-002  4.664650147586884E-002 -3.810776972575498E-002
  7.466454461760872E-003  0.163390551125928      -0.105378653481134     
  6.708290497979744E-003  0.173637167633078      -0.152890407444855     
  6.673114060791060E-003  0.168807418275419      -0.190858791245580     
  1.703302764985689E-002  0.141971521037951      -0.216317110066100     
  3.084525599152092E-002  0.110550202565388      -0.228339485000980     
  5.030028405648931E-002  8.716271483064959E-002 -0.231505590689117     
  8.044026152570877E-002  8.230332853463081E-002 -0.228662851338968     
  0.114471393224933       8.590088798483626E-002 -0.216504262434896     
  0.142868408188455       9.027476880963928E-002 -0.190899834608079     
  0.147014206699022       9.265364972130968E-002 -0.152833788696858     
  0.137662832335336       8.808332604410586E-002 -0.105224915316060     
  1.767924660167847E-002  6.248453934189459E-002 -3.810393941908252E-002
  0.000000000000000E+000  0.000000000000000E+000  0.000000000000000E+000
  0.000000000000000E+000  0.000000000000000E+000  0.000000000000000E+000
  0.000000000000000E+000  0.000000000000000E+000  0.000000000000000E+000
  0.000000000000000E+000  0.000000000000000E+000  0.000000000000000E+000
  4.487782568982171E-002  2.778236556061402E-002 -3.056089811483034E-002
 -6.607216289121546E-004  0.137677783813549      -9.151562530845832E-002
 -5.595188112101094E-003  0.131410658324684      -0.127873359968088     
 -6.910383019882548E-003  0.118960693274456      -0.156295400328641     
 -2.489192499754609E-003  9.069715007523339E-002 -0.175787272974888     
  8.294705230780660E-003  6.062210243748812E-002 -0.182605390198634     
  2.285252541516146E-002  3.956969075660717E-002 -0.183751480445021     
  4.861426653706772E-002  3.786890500513552E-002 -0.183131719468741     
  7.979179211791516E-002  4.335087637390972E-002 -0.176001807020413     
  0.106457918325941       5.359128126184380E-002 -0.156368500172749     
  0.116645328514096       6.091614862509710E-002 -0.127874062926945     
  0.119495478787890       6.820677607374082E-002 -9.135331849070440E-002
  1.548598970117073E-003  5.267442084356925E-002 -3.055909329734413E-002
  0.000000000000000E+000  0.000000000000000E+000  0.000000000000000E+000
  0.000000000000000E+000  0.000000000000000E+000  0.000000000000000E+000
  0.000000000000000E+000  0.000000000000000E+000  0.000000000000000E+000
  0.000000000000000E+000  0.000000000000000E+000  0.000000000000000E+000
  3.668186118934736E-002  1.178355547642679E-002 -1.880905646965141E-002
 -1.400504744158508E-002  0.102552134091313      -6.961736918121161E-002
 -5.042580038177530E-003  7.124943545862987E-002 -8.161815432027802E-002
 -1.682319087416561E-002  7.027507425111972E-002 -0.107919046886773     
 -1.221622096205460E-002  4.431180215202985E-002 -0.118542897750040     
 -6.372633134671912E-003  2.480998887660403E-002 -0.125890411112295     
  5.540443250736170E-003  9.534606103688297E-003 -0.127665024202194     
  2.495181844761049E-002  7.154945638293299E-003 -0.126417831093353     
  4.440154881840457E-002  1.166746167038176E-002 -0.118645866760349     
  6.917292160892864E-002  2.063469682877950E-002 -0.107973648769880     
  6.431346307551677E-002  3.131927705834489E-002 -8.171382156105776E-002
  9.581078730750109E-002  3.912606107396011E-002 -6.948134525428223E-002
 -8.199502539578794E-003  3.758430133776117E-002 -1.880563935012609E-002
  0.000000000000000E+000  0.000000000000000E+000  0.000000000000000E+000
  0.000000000000000E+000  0.000000000000000E+000  0.000000000000000E+000
  0.000000000000000E+000  0.000000000000000E+000  0.000000000000000E+000
  0.000000000000000E+000  0.000000000000000E+000  0.000000000000000E+000
  1.271457122485420E-002 -3.036986807894635E-003 -7.683540733087019E-003
  9.278615756391162E-003  3.297676031423862E-002 -2.245690561668325E-002
 -7.921122246015365E-003  3.811134509721321E-002 -4.474336708771921E-002
 -1.376398998039385E-002  3.223789903252727E-002 -5.964443954887903E-002
 -1.615696006005354E-002  2.094636052381767E-002 -6.909638099301783E-002
 -1.294855208747753E-002  7.226091463676285E-003 -8.029639770278049E-002
 -2.118409990944784E-003 -4.045557370008610E-003 -8.345288434378623E-002
  1.290958064382071E-002 -7.534703041825531E-003 -8.076685782727956E-002
  2.598454452643030E-002 -3.381348629829205E-003 -6.905453281750616E-002
  3.467655649756049E-002  4.240558000242096E-003 -5.963566177399564E-002
  3.704262605611838E-002  1.223821708274943E-002 -4.483484379700751E-002
  2.395595622514276E-002  2.450507907200317E-002 -2.243844637720092E-002
 -9.007619140221761E-003  9.451944027875523E-003 -7.674824620207212E-003
  0.000000000000000E+000  0.000000000000000E+000  0.000000000000000E+000
  0.000000000000000E+000  0.000000000000000E+000  0.000000000000000E+000
  0.000000000000000E+000  0.000000000000000E+000  0.000000000000000E+000
  0.000000000000000E+000  0.000000000000000E+000  0.000000000000000E+000
  0.000000000000000E+000  0.000000000000000E+000  0.000000000000000E+000
  0.000000000000000E+000  0.000000000000000E+000  0.000000000000000E+000
  0.000000000000000E+000  0.000000000000000E+000  0.000000000000000E+000
  0.000000000000000E+000  0.000000000000000E+000  0.000000000000000E+000
  0.000000000000000E+000  0.000000000000000E+000  0.000000000000000E+000
  0.000000000000000E+000  0.000000000000000E+000  0.000000000000000E+000
  0.000000000000000E+000  0.000000000000000E+000  0.000000000000000E+000
  0.000000000000000E+000  0.000000000000000E+000  0.000000000000000E+000
  0.000000000000000E+000  0.000000000000000E+000  0.000000000000000E+000
  0.000000000000000E+000  0.000000000000000E+000  0.000000000000000E+000
  0.000000000000000E+000  0.000000000000000E+000  0.000000000000000E+000
  0.000000000000000E+000  0.000000000000000E+000  0.000000000000000E+000
  0.000000000000000E+000  0.000000000000000E+000  0.000000000000000E+000
  0.000000000000000E+000  0.000000000000000E+000  0.000000000000000E+000
  0.000000000000000E+000  0.000000000000000E+000  0.000000000000000E+000
  0.000000000000000E+000  0.000000000000000E+000  0.000000000000000E+000
  0.000000000000000E+000  0.000000000000000E+000  0.000000000000000E+000
  0.000000000000000E+000  0.000000000000000E+000  0.000000000000000E+000
  0.000000000000000E+000  0.000000000000000E+000  0.000000000000000E+000
  0.000000000000000E+000  0.000000000000000E+000  0.000000000000000E+000
  0.000000000000000E+000  0.000000000000000E+000  0.000000000000000E+000
  0.000000000000000E+000  0.000000000000000E+000  0.000000000000000E+000
  0.000000000000000E+000  0.000000000000000E+000  0.000000000000000E+000
  0.000000000000000E+000  0.000000000000000E+000  0.000000000000000E+000
  0.000000000000000E+000  0.000000000000000E+000  0.000000000000000E+000
  0.000000000000000E+000  0.000000000000000E+000  0.000000000000000E+000
  0.000000000000000E+000  0.000000000000000E+000  0.000000000000000E+000
  0.000000000000000E+000  0.000000000000000E+000  0.000000000000000E+000
  0.000000000000000E+000  0.000000000000000E+000  0.000000000000000E+000
  0.000000000000000E+000  0.000000000000000E+000  0.000000000000000E+000
  0.000000000000000E+000  0.000000000000000E+000  0.000000000000000E+000
  0.000000000000000E+000  0.000000000000000E+000  0.000000000000000E+000
  0.000000000000000E+000  0.000000000000000E+000  0.000000000000000E+000
  0.000000000000000E+000  0.000000000000000E+000  0.000000000000000E+000
  1.077840857294755E-006 -2.630116802711726E-006  6.391611647607893E-007
 -1.865757636737360E-006  1.606297140390204E-006 -4.070080834562114E-006
 -2.302756229054219E-006 -2.364340728830937E-006 -7.108169114530689E-006
 -8.964558280901625E-006  5.367282945035618E-006 -6.604545988621362E-006
 -3.558012649047550E-006 -1.044895031313690E-005  1.182333753284343E-005
 -7.313082908887236E-006 -1.138015118199294E-005  1.850209425170260E-005
  4.559794070027858E-005  7.882019516089421E-005 -1.598446222097421E-005
 -5.277747816590194E-006 -1.132749970635239E-005  1.830431228551141E-005
 -7.334185907570565E-006 -8.228781895241564E-006  1.215065368402534E-005
  8.815462224202850E-006 -4.969207220119481E-006 -6.189861860264257E-006
 -1.087781288801082E-006 -3.211320129606712E-006 -6.563579463645408E-006
  1.833000097308938E-006 -1.076821721217078E-006 -3.820013982529257E-006
 -1.721677359938284E-006  1.091391589675248E-007  5.805061689732191E-007
  0.000000000000000E+000  0.000000000000000E+000  0.000000000000000E+000
  0.000000000000000E+000  0.000000000000000E+000  0.000000000000000E+000
  0.000000000000000E+000  0.000000000000000E+000  0.000000000000000E+000
  0.000000000000000E+000  0.000000000000000E+000  0.000000000000000E+000
  8.026976088725903E-007 -1.674400727940473E-006  7.595388063939013E-007
 -1.558895499392937E-006 -2.279259451545553E-008 -3.638691678712146E-006
 -4.134070294661393E-006 -5.603146603269144E-009 -6.643154107706364E-006
 -6.002616626172382E-006 -3.240013519272361E-006 -8.397895058567647E-006
 -1.061871553774575E-006 -2.776766341590601E-006  9.948690644164715E-006
 -5.196815852881223E-007 -4.103557333928578E-006  1.670587949710515E-005
  2.202454069635745E-005  3.789929835689550E-005  9.476210439824355E-007
 -2.316769014998740E-006 -1.670071222950326E-006  1.634653284575389E-005
  4.358660929088028E-008 -9.914268064713603E-007  9.951286589307671E-006
 -4.074298734650676E-007 -6.982816124490698E-006 -7.817511418287454E-006
  1.555619303291188E-006 -3.709886083667049E-006 -6.176394188382484E-006
  6.898002594118611E-007 -1.385603874869398E-006 -3.405592863674187E-006
 -9.556963963595152E-007  2.547333294468489E-007  6.902899395118668E-007
  0.000000000000000E+000  0.000000000000000E+000  0.000000000000000E+000
  0.000000000000000E+000  0.000000000000000E+000  0.000000000000000E+000
  0.000000000000000E+000  0.000000000000000E+000  0.000000000000000E+000
  0.000000000000000E+000  0.000000000000000E+000  0.000000000000000E+000
  7.534351538157725E-007 -2.709841547395073E-006  7.679910026196444E-007
 -2.395230048945053E-006  5.326579516790420E-006 -3.269451618967973E-006
 -2.752553594038538E-006 -4.618682625471930E-006 -7.209904499961214E-006
 -4.037602746873868E-006  1.096886747031199E-005 -6.502683216668288E-006
  5.116544371804362E-006  2.932020702686531E-005 -8.117146744377900E-007
 -1.048241426794982E-005 -3.123513170963094E-005  2.422525348040303E-005
 -8.784501117701420E-006 -1.557754703914693E-005  2.200607681548921E-005
 -2.281804536472126E-005 -2.606827301677105E-005  2.504938767291599E-005
  2.297490304269387E-005  1.919314640211686E-005 -6.595603195639636E-007
  1.176256555156378E-005  2.230505273865284E-006 -5.973568861167788E-006
 -3.110015842828643E-006 -4.771958807224466E-006 -6.736555616908501E-006
  6.301474965388378E-006  9.486337949125468E-007 -3.073607390995505E-006
 -2.115012230054215E-006 -4.668363906017427E-007  7.022090526542102E-007
  0.000000000000000E+000  0.000000000000000E+000  0.000000000000000E+000
  0.000000000000000E+000  0.000000000000000E+000  0.000000000000000E+000
  0.000000000000000E+000  0.000000000000000E+000  0.000000000000000E+000
  0.000000000000000E+000  0.000000000000000E+000  0.000000000000000E+000
 -2.662069250386072E-007  1.178866510905100E-005  9.893590750901037E-007
 -1.256581768483019E-006 -9.985993499666077E-006 -2.025356998660918E-006
 -4.154215985054279E-006  4.018808352080040E-007 -4.583294410844650E-006
 -2.831167224712701E-007  1.226809101056601E-005 -9.039563496190689E-006
  2.531100381770460E-006 -8.309343420560728E-006  2.457151816759551E-006
  3.398043387702663E-006 -7.743848806680950E-007  1.069701396948839E-005
  1.090104646287227E-005  1.888712131866907E-005  1.137324130089963E-006
 -9.905885155021176E-007  3.877086436718375E-006  1.004910650206854E-005
 -8.684524158267580E-006 -2.230357044382686E-006  2.875929906567328E-006
  9.915987937462927E-006  5.547577371500633E-006 -8.582820206017513E-006
  2.868620171486224E-006 -2.902311132086224E-006 -4.310428963380633E-006
 -7.702397293177628E-006 -5.814965441348967E-006 -1.876060322647457E-006
  1.033709395855736E-005  5.605319856491722E-006  9.070467903656264E-007
  0.000000000000000E+000  0.000000000000000E+000  0.000000000000000E+000
  0.000000000000000E+000  0.000000000000000E+000  0.000000000000000E+000
  0.000000000000000E+000  0.000000000000000E+000  0.000000000000000E+000
  0.000000000000000E+000  0.000000000000000E+000  0.000000000000000E+000
 -1.722865681454365E-006  9.125589599865714E-006  4.959432929598058E-007
 -5.064809952091872E-006  2.935274988025069E-005 -2.301759813155993E-006
 -1.178910346658337E-006  2.166042136073106E-006 -3.462451487636006E-006
  1.066621976591993E-006 -4.589099532261959E-005  7.232068213483365E-006
  4.279449969753844E-006 -6.409520951070325E-006  2.718232379614026E-006
  1.161825979395595E-005  2.456630609438981E-005 -9.798130447671647E-006
  1.068598103612237E-005  1.813772142076820E-005 -8.272228111929575E-006
  1.444642856653773E-005  2.108379741771505E-005 -8.917849492589221E-006
 -7.700390569236772E-006  5.075096060233630E-007  2.652084785426183E-006
 -4.010569614606990E-005 -2.178524605118325E-005  7.368234791970812E-006
  1.170435816871584E-006 -2.216981005371860E-007 -3.085668185114936E-006
  2.717188492554808E-005  1.018434457037184E-005 -2.231866607953419E-006
  8.533785057850809E-006  2.996303175607536E-006  4.772879583398960E-007
  0.000000000000000E+000  0.000000000000000E+000  0.000000000000000E+000
  0.000000000000000E+000  0.000000000000000E+000  0.000000000000000E+000
  0.000000000000000E+000  0.000000000000000E+000  0.000000000000000E+000
  0.000000000000000E+000  0.000000000000000E+000  0.000000000000000E+000
  2.500469914929059E-006  3.651200239523190E-006  1.589161485644421E-006
 -4.957948496377790E-006  1.199770376768166E-005  9.343456108283600E-007
 -4.469534507530056E-007  1.172330393691929E-005 -1.525094907797933E-006
  7.010804765332832E-007 -1.456334897668681E-005  4.007809053460952E-006
  6.952637232439822E-006  4.275551734878127E-005 -2.658765308295086E-005
 -2.004821874987857E-006 -9.382663199092414E-006  9.534866683106551E-007
 -3.012201002958336E-005 -5.219080275061959E-005  4.306477233350141E-005
 -5.784412917367033E-006 -5.465416772484470E-006 -1.382681371874896E-007
  3.229535531946662E-005  2.615532861906597E-005 -2.575812727249067E-005
 -1.236542792591261E-005 -6.129160546625570E-006  3.281500954380723E-006
  1.149897400206147E-005  6.463297877880151E-006 -1.886918761863906E-006
  1.258852141632546E-005  1.903359879084624E-006  9.916231477037916E-007
  1.873879277858766E-006  3.900134615691372E-006  1.512448860195090E-006
  0.000000000000000E+000  0.000000000000000E+000  0.000000000000000E+000
  0.000000000000000E+000  0.000000000000000E+000  0.000000000000000E+000
  0.000000000000000E+000  0.000000000000000E+000  0.000000000000000E+000
  0.000000000000000E+000  0.000000000000000E+000  0.000000000000000E+000
  1.354130601845502E-006  4.676506725885442E-007  2.672992739929971E-006
  3.568725784505002E-006 -6.715543603083155E-006  9.416951424272890E-006
 -1.414475429048865E-006  1.390203830416959E-007  6.365331427209687E-006
  6.038949479703546E-007 -1.527067768793451E-006  4.056249007464135E-006
 -2.930799946565422E-007  2.736560593030086E-005 -2.301972804955117E-005
 -8.867255475525937E-006 -2.185222561026345E-005  1.508641206280472E-005
  9.983015915832470E-006  1.740565522976803E-005 -2.115420376816978E-005
 -1.495904708084571E-005 -1.900453954371991E-005  1.546769671200610E-005
  2.421591951584742E-005  1.335098459664414E-005 -2.355296991629492E-005
 -1.008808085080531E-006 -3.708654840922627E-007  3.352423529594908E-006
  8.292879514505804E-007 -5.582316264386623E-007  6.243333440127919E-006
 -7.572639769380310E-006  1.047327521195791E-007  9.364773867633154E-006
 -2.541243137087656E-007  1.349351990142513E-006  2.564774767533705E-006
  0.000000000000000E+000  0.000000000000000E+000  0.000000000000000E+000
  0.000000000000000E+000  0.000000000000000E+000  0.000000000000000E+000
  0.000000000000000E+000  0.000000000000000E+000  0.000000000000000E+000
  0.000000000000000E+000  0.000000000000000E+000  0.000000000000000E+000
  1.375681945006377E-006 -5.319018764944874E-007  4.056341146666172E-006
 -4.373815506842632E-006  1.028642427628062E-005  2.839672490133379E-006
  3.155423080002611E-006 -1.570872517248907E-005  2.028937162727707E-005
 -3.909579325788097E-006  1.095429438697242E-005  4.714223841293698E-006
 -3.331424999677736E-006  1.255163453942660E-005 -1.567531379419075E-005
  4.080126177096819E-006 -7.357461271912302E-006  3.854095827915299E-006
  4.719649433784506E-006  8.888756600817840E-006 -4.682486307970152E-005
 -9.005114122903176E-006 -1.119493842925578E-008  4.356307004223703E-006
  1.232092249430165E-005  3.138060541901357E-006 -1.561151887369447E-005
  1.290152760564800E-005  1.802979558825943E-006  3.409494674223563E-006
 -1.603074060639620E-005 -5.142433794492196E-006  2.122140885810376E-005
  9.903772880401156E-006  1.647559274675064E-006  3.304485589239139E-006
 -1.042611924232971E-006  8.688975727015699E-007  3.904298910539529E-006
  0.000000000000000E+000  0.000000000000000E+000  0.000000000000000E+000
  0.000000000000000E+000  0.000000000000000E+000  0.000000000000000E+000
  0.000000000000000E+000  0.000000000000000E+000  0.000000000000000E+000
  0.000000000000000E+000  0.000000000000000E+000  0.000000000000000E+000
  1.279359909006434E-006  7.364106936309475E-007  3.000368191866152E-006
 -5.414947127968921E-006  7.626393127856009E-006  1.239954944452827E-006
  8.414095525550758E-007 -4.470254137070018E-006  1.256039171133449E-005
 -1.254829043240255E-006  9.506348358690964E-006 -2.623971705538472E-006
  1.051437685031888E-005 -7.604586801787048E-006  2.201650341919656E-005
  7.571147039685497E-007 -2.662318375611925E-006 -2.016963331752690E-007
 -1.286796831855997E-005 -2.213486976554358E-005  1.887062613628725E-005
 -2.868416767152573E-006 -3.742537446421895E-007 -1.952688106186184E-007
 -1.225485415529618E-005  5.532313964491938E-006  2.289853480139504E-005
  9.095626538683172E-006  3.221752160692413E-006 -3.062499598612323E-006
 -3.887088654544826E-006 -1.597812970961094E-006  1.273918251503589E-005
  8.359498108142282E-006 -6.575215645097069E-007  1.940458086945113E-006
  3.549371789009717E-008  1.435902041516326E-006  2.836825914665586E-006
  0.000000000000000E+000  0.000000000000000E+000  0.000000000000000E+000
  0.000000000000000E+000  0.000000000000000E+000  0.000000000000000E+000
  0.000000000000000E+000  0.000000000000000E+000  0.000000000000000E+000
  0.000000000000000E+000  0.000000000000000E+000  0.000000000000000E+000
  2.166144720406163E-007  4.536550314244423E-007  1.291781882184830E-006
 -6.581849379899214E-007  1.251971635045376E-006  3.030587100545091E-006
 -2.773833650988449E-006  3.865350403284397E-006 -2.755218347178648E-006
 -1.951707495952463E-006  6.132876794811164E-006 -4.331589728670843E-006
 -1.264809827683078E-005  1.559558666721296E-005 -2.431044201452002E-005
 -1.537903518462314E-005  8.616619512629333E-007 -2.574866885550427E-005
 -3.007376945785057E-006 -5.075690390089589E-006  1.935409502864203E-005
  8.636416110977669E-006 -1.310554126203997E-005 -2.635776813190006E-005
  2.014776576630681E-005 -3.171425083857860E-006 -2.548431448168150E-005
  5.991693217067446E-006  1.440372923556930E-006 -3.972016695600458E-006
  4.613363647041312E-006 -5.459172295007673E-007 -2.511225998766051E-006
  1.514270610951918E-006  1.361667279271212E-008  3.153770835898394E-006
  2.569704240941297E-007  4.462554950803891E-007  1.285176876577819E-006
  0.000000000000000E+000  0.000000000000000E+000  0.000000000000000E+000
  0.000000000000000E+000  0.000000000000000E+000  0.000000000000000E+000
  0.000000000000000E+000  0.000000000000000E+000  0.000000000000000E+000
  0.000000000000000E+000  0.000000000000000E+000  0.000000000000000E+000
  0.000000000000000E+000  0.000000000000000E+000  0.000000000000000E+000
  0.000000000000000E+000  0.000000000000000E+000  0.000000000000000E+000
  0.000000000000000E+000  0.000000000000000E+000  0.000000000000000E+000
  0.000000000000000E+000  0.000000000000000E+000  0.000000000000000E+000
  0.000000000000000E+000  0.000000000000000E+000  0.000000000000000E+000
  0.000000000000000E+000  0.000000000000000E+000  0.000000000000000E+000
  0.000000000000000E+000  0.000000000000000E+000  0.000000000000000E+000
  0.000000000000000E+000  0.000000000000000E+000  0.000000000000000E+000
  0.000000000000000E+000  0.000000000000000E+000  0.000000000000000E+000
  0.000000000000000E+000  0.000000000000000E+000  0.000000000000000E+000
  0.000000000000000E+000  0.000000000000000E+000  0.000000000000000E+000
  0.000000000000000E+000  0.000000000000000E+000  0.000000000000000E+000
  0.000000000000000E+000  0.000000000000000E+000  0.000000000000000E+000
  0.000000000000000E+000  0.000000000000000E+000  0.000000000000000E+000
  0.000000000000000E+000  0.000000000000000E+000  0.000000000000000E+000
  0.000000000000000E+000  0.000000000000000E+000  0.000000000000000E+000
  0.000000000000000E+000  0.000000000000000E+000  0.000000000000000E+000
  0.000000000000000E+000  0.000000000000000E+000  0.000000000000000E+000
  0.000000000000000E+000  0.000000000000000E+000  0.000000000000000E+000
  0.000000000000000E+000  0.000000000000000E+000  0.000000000000000E+000
  0.000000000000000E+000  0.000000000000000E+000  0.000000000000000E+000
  0.000000000000000E+000  0.000000000000000E+000  0.000000000000000E+000
  0.000000000000000E+000  0.000000000000000E+000  0.000000000000000E+000
  0.000000000000000E+000  0.000000000000000E+000  0.000000000000000E+000
  0.000000000000000E+000  0.000000000000000E+000  0.000000000000000E+000
  0.000000000000000E+000  0.000000000000000E+000  0.000000000000000E+000
  0.000000000000000E+000  0.000000000000000E+000  0.000000000000000E+000
  0.000000000000000E+000  0.000000000000000E+000  0.000000000000000E+000
  0.000000000000000E+000  0.000000000000000E+000  0.000000000000000E+000
  0.000000000000000E+000  0.000000000000000E+000  0.000000000000000E+000
  0.000000000000000E+000  0.000000000000000E+000  0.000000000000000E+000
  0.000000000000000E+000  0.000000000000000E+000  0.000000000000000E+000
  0.000000000000000E+000  0.000000000000000E+000  0.000000000000000E+000
  0.000000000000000E+000  0.000000000000000E+000  0.000000000000000E+000
 -1.814179478815175E-003  4.142874125310560E-003 -4.330451935646461E-002
 -2.140638633002872E-003 -5.263841363463526E-002 -0.100562484418091     
  2.082909333452523E-002  9.684204067223098E-002 -0.135069328814841     
  1.894030987879309E-002 -0.158395498116501      -0.165181463835790     
  1.700965907984386E-002  0.252228609658377       4.808023944543849E-003
  8.165516879328673E-002  8.526580735510873E-002 -3.274253158810229E-002
 -0.862175455740339       -1.48907266639591       0.819902853399581     
  5.118459893531676E-002  0.136334946588182      -4.151164479492502E-002
  0.225324492831932       0.155167908824948       2.713182075412637E-003
 -0.148015755615658      -5.846119457919221E-002 -0.160569978848931     
  5.535809323197716E-002  5.786045618826050E-002 -0.129999795611847     
 -3.865786431476524E-002 -2.528560828398923E-002 -9.863472991092158E-002
  2.790621022951202E-002  1.069869790451605E-002 -4.577943469350879E-002
  0.000000000000000E+000  0.000000000000000E+000  0.000000000000000E+000
  0.000000000000000E+000  0.000000000000000E+000  0.000000000000000E+000
  0.000000000000000E+000  0.000000000000000E+000  0.000000000000000E+000
  0.000000000000000E+000  0.000000000000000E+000  0.000000000000000E+000
 -8.371174918358468E-003  1.853641065668950E-003 -3.626246759412003E-002
  9.170828029196720E-004 -4.478858507563769E-002 -9.502853757192598E-002
  1.915837184416644E-002  3.776600797236571E-002 -0.128501507364734     
  4.249709083557555E-003 -0.174044511829281      -0.151658118173118     
  0.130496529251493       0.850677136607969      -8.631479731734551E-002
  5.944673494255671E-002  0.140204770705592      -0.101554701167022     
  7.952275474162923E-002  0.140190503309707       0.203108836255755     
  9.624334089977807E-002  0.129812982182715      -0.102941051606941     
  0.675863336696713       0.545376312459423      -8.778138722072554E-002
 -0.149996988876792      -7.806052062913282E-002 -0.146200251030560     
  1.260310770465466E-002  3.200423681165904E-002 -0.123599744481825     
 -3.603468876434714E-002 -1.967817216325404E-002 -9.352800462916253E-002
  2.417506974445087E-002  1.356934893877473E-003 -3.869821408352782E-002
  0.000000000000000E+000  0.000000000000000E+000  0.000000000000000E+000
  0.000000000000000E+000  0.000000000000000E+000  0.000000000000000E+000
  0.000000000000000E+000  0.000000000000000E+000  0.000000000000000E+000
  0.000000000000000E+000  0.000000000000000E+000  0.000000000000000E+000
 -5.538701016587822E-003 -6.162339602781246E-002 -3.557351560034425E-002
 -1.719452004730354E-002  0.138439317717390      -7.842294629641720E-002
  2.571534677638789E-002 -7.533977504008205E-002 -0.131781476924954     
  2.934899095502016E-002  0.284991677988878      -0.138613027730264     
  0.139849022991584       0.155850680810885      -8.038061702646535E-002
 -0.228083685374258      -0.639340688831570       0.300681847937687     
  0.885446067494019        1.53663181088872      -0.599428126156483     
 -0.452596003525683      -0.527563473599542       0.308785508974382     
  3.842225245844797E-002  0.180747858509746      -6.989862314124574E-002
  0.230014189416725       0.170423228231289      -0.135902895375616     
 -7.876925287611318E-002 -1.160701582179583E-002 -0.126348273909743     
  0.125992207889671       5.260747216256811E-002 -7.850960859644486E-002
 -4.164614055297818E-002 -3.270611211118096E-002 -3.776748569452387E-002
  0.000000000000000E+000  0.000000000000000E+000  0.000000000000000E+000
  0.000000000000000E+000  0.000000000000000E+000  0.000000000000000E+000
  0.000000000000000E+000  0.000000000000000E+000  0.000000000000000E+000
  0.000000000000000E+000  0.000000000000000E+000  0.000000000000000E+000
 -3.294047442077894E-002  0.212336293975341      -2.481594043146601E-002
  3.986967546779884E-002 -0.223742848146026      -6.187852155504688E-002
  4.963043088461527E-002 -9.223927382923602E-002 -7.080544346072733E-002
  0.154850641851634       0.138947826552107      -7.334719278861368E-002
  0.121954009267757      -1.253668985251261E-002 -9.582191933506184E-002
  5.599382008661553E-002 -0.375211055200996       0.175906913810114     
 -0.959087170287254       -1.66127741153870       0.747601330669309     
 -0.354648265375891      -0.139657465729032       0.177327351212999     
 -2.509566425237316E-002  0.137536053366629      -0.111156836745489     
  4.795015056777032E-002  0.209782400538380      -6.996997441741523E-002
 -0.103425127718012       3.286517071129868E-003 -6.789929322390170E-002
 -0.228585074116957      -8.342210016695882E-002 -6.104412595458818E-002
  0.215746455275822       8.410514975456060E-002 -2.727085059668888E-002
  0.000000000000000E+000  0.000000000000000E+000  0.000000000000000E+000
  0.000000000000000E+000  0.000000000000000E+000  0.000000000000000E+000
  0.000000000000000E+000  0.000000000000000E+000  0.000000000000000E+000
  0.000000000000000E+000  0.000000000000000E+000  0.000000000000000E+000
 -4.638092469947822E-002  0.146508088736315      -3.729231361011465E-002
 -9.905746080248680E-004  0.389368630803427      -3.032576782269863E-002
  0.114795812212478        1.19248303447362      -0.146964647934611     
  0.242464420936419      -7.873858569672575E-002 -3.373668604619424E-002
  0.138070162621856      -0.676148265124171       0.180676152479099     
  0.325299799327021       0.738102118234410      -0.505327203199242     
  0.724353601779334        1.24904015639140      -0.904072040825462     
  0.446183565671512       0.613062513165075      -0.474684171669433     
 -0.671103961233918      -0.232654112627689       0.185077629967196     
 -0.172487698537101       0.186456732962804      -3.821671829634098E-002
  0.961076467409078       0.696289558191926      -0.143102605672502     
  0.357211920380910       0.205517774529726      -3.259997816769326E-002
  0.164060936586338       3.745321438703436E-002 -3.978953442252952E-002
  0.000000000000000E+000  0.000000000000000E+000  0.000000000000000E+000
  0.000000000000000E+000  0.000000000000000E+000  0.000000000000000E+000
  0.000000000000000E+000  0.000000000000000E+000  0.000000000000000E+000
  0.000000000000000E+000  0.000000000000000E+000  0.000000000000000E+000
  2.523496516679917E-002  2.972317854068127E-002 -3.066606637448705E-002
  5.144192419025543E-002  0.199202700422718       4.628012532379544E-002
  0.148637427578100       0.828299591059824      -9.276291839406792E-002
  0.177816257247272      -0.580099957142894       0.393814868942907     
  0.174845453004911      -8.735377786458352E-002  5.109223906929852E-002
  8.194695213709535E-003 -0.655572586432262       0.127718781862671     
 -0.671713975077359       -1.16259840576847       0.862047368328238     
 -0.533074572479336      -0.282798982992846       9.261952778533310E-002
 -0.171440938205998       9.914119297374795E-002  5.147193040760884E-002
 -0.582505075496483      -0.128638933785685       0.381138235345375     
  0.621055073968643       0.543075592256227      -8.516630598923450E-002
  0.136817200027313       0.145260034760549       4.481135182347415E-002
  2.030186467070404E-002  4.313465705643293E-002 -3.215819838155620E-002
  0.000000000000000E+000  0.000000000000000E+000  0.000000000000000E+000
  0.000000000000000E+000  0.000000000000000E+000  0.000000000000000E+000
  0.000000000000000E+000  0.000000000000000E+000  0.000000000000000E+000
  0.000000000000000E+000  0.000000000000000E+000  0.000000000000000E+000
 -9.966144261828248E-003  2.300500736727122E-002 -1.359142463589027E-002
  0.329911801247860      -0.385529108730630       0.258492022258173     
  9.708372088209898E-002  2.853769674876828E-002  0.271831279664249     
  5.731216527045754E-002  7.112127719248748E-002  0.386756618771669     
  4.586661592026024E-002  0.238890952412089      -7.469436565317858E-002
 -8.595450203592468E-002 -8.008963302177542E-002  2.950796525063136E-002
  0.871758381019141        1.51066844637878       -1.94086150004942     
 -4.370015563046122E-002 -0.126032160439578       4.060762621458541E-002
  0.176714928420009       0.156308534769407      -8.202900545660566E-002
  1.621780500842066E-002  7.770410384226326E-002  0.391964090615496     
 -3.406672808666901E-002  0.101008201455825       0.273181708734576     
 -0.503902880952486       9.701069340214609E-002  0.255882699477553     
  2.577669622749545E-002  6.453967593245621E-003 -1.450403239217871E-002
  0.000000000000000E+000  0.000000000000000E+000  0.000000000000000E+000
  0.000000000000000E+000  0.000000000000000E+000  0.000000000000000E+000
  0.000000000000000E+000  0.000000000000000E+000  0.000000000000000E+000
  0.000000000000000E+000  0.000000000000000E+000  0.000000000000000E+000
 -1.168698714238515E-003  1.824439997028907E-002 -2.112263448337429E-002
  0.289019529153083      -0.359043146489798       0.302314440791504     
 -0.125386178490718       0.287118427092241       7.495463004768414E-002
 -9.707312664147526E-002  0.676717938960093      -0.100644493232279     
  0.154601799909832      -0.271481142107662       0.491105771275703     
  0.285554067366013       0.153748126170823      -0.244023022308848     
 -0.587668268113148       -1.01663431518572        1.10128173197874     
 -2.025241013360990E-002  0.321834029045904      -0.235716616588825     
 -0.321635932298436      -7.510410570697010E-003  0.494259739443765     
  0.675001080923875       0.261722438801162      -0.134108650770594     
  0.316524724040946       3.468043623616315E-002  7.635078465671036E-002
 -0.433678395375731       7.547916028054384E-002  0.290457167286064     
  1.512453968838364E-002  1.273621074094605E-002 -2.177871166210859E-002
  0.000000000000000E+000  0.000000000000000E+000  0.000000000000000E+000
  0.000000000000000E+000  0.000000000000000E+000  0.000000000000000E+000
  0.000000000000000E+000  0.000000000000000E+000  0.000000000000000E+000
  0.000000000000000E+000  0.000000000000000E+000  0.000000000000000E+000
  1.969768892738850E-002  1.138539975359730E-002 -9.066554160531757E-004
  6.543917395223586E-002 -7.667165267689875E-002  0.181632384547699     
 -0.343501930060311       0.630744731994745      -0.528280929755413     
  0.336763997973552      -0.196108405344167       0.361216447549674     
  0.242254299710588       0.140899495249906       0.695806123079082     
 -0.300552935756746       0.210711948734036      -0.896185190875767     
 -0.117446854020479      -0.193065180436006       0.720443780262569     
  0.345269233103764      -0.155178877260687      -0.932451867287742     
  4.491954960707436E-003  0.277889689843593       0.708333429003682     
 -0.335899675089807       0.189259959078439       0.366981918601546     
  0.720303308563763       2.014977439518831E-002 -0.526053009402351     
 -7.789111271163626E-002  1.752006717789194E-002  0.171501986099256     
 -2.244917808187964E-003  2.783368467572496E-002 -1.565552139507715E-003
  0.000000000000000E+000  0.000000000000000E+000  0.000000000000000E+000
  0.000000000000000E+000  0.000000000000000E+000  0.000000000000000E+000
  0.000000000000000E+000  0.000000000000000E+000  0.000000000000000E+000
  0.000000000000000E+000  0.000000000000000E+000  0.000000000000000E+000
  2.711654510232748E-003  4.399396787672596E-004  1.150871885589507E-002
  2.893064101323854E-002  1.930901434542617E-002  3.013432307182997E-002
 -0.170034639331640       0.278893019805424      -0.447826368797752     
 -7.851445337194805E-002  0.282435093945134      -0.145939044668321     
 -0.682983508881344       0.544896514953700       -1.70856254088642     
  1.729284773196599E-003 -2.715394875895137E-002   1.03385306972465     
 -5.563537945866061E-002 -9.753686152234232E-002 -0.934901516956250     
 -3.037833221414226E-002 -6.410195244388279E-003   1.04715330329460     
  0.812232670316012      -0.319069192408937       -1.72382291933685     
  0.258940271431399       8.575920152838264E-002 -0.101101308057523     
  0.320769555770475      -9.334053273243504E-003 -0.440437180339371     
  7.133973059620212E-003  3.690193640829679E-002  3.022664272295990E-002
 -2.697532628456050E-003  3.163899969808282E-003  1.166882780856616E-002
  0.000000000000000E+000  0.000000000000000E+000  0.000000000000000E+000
  0.000000000000000E+000  0.000000000000000E+000  0.000000000000000E+000
  0.000000000000000E+000  0.000000000000000E+000  0.000000000000000E+000
  0.000000000000000E+000  0.000000000000000E+000  0.000000000000000E+000
  0.000000000000000E+000  0.000000000000000E+000  0.000000000000000E+000
  0.000000000000000E+000  0.000000000000000E+000  0.000000000000000E+000
  0.000000000000000E+000  0.000000000000000E+000  0.000000000000000E+000
  0.000000000000000E+000  0.000000000000000E+000  0.000000000000000E+000
  0.000000000000000E+000  0.000000000000000E+000  0.000000000000000E+000
  0.000000000000000E+000  0.000000000000000E+000  0.000000000000000E+000
  0.000000000000000E+000  0.000000000000000E+000  0.000000000000000E+000
  0.000000000000000E+000  0.000000000000000E+000  0.000000000000000E+000
  0.000000000000000E+000  0.000000000000000E+000  0.000000000000000E+000
  0.000000000000000E+000  0.000000000000000E+000  0.000000000000000E+000
  0.000000000000000E+000  0.000000000000000E+000  0.000000000000000E+000
  0.000000000000000E+000  0.000000000000000E+000  0.000000000000000E+000
  0.000000000000000E+000  0.000000000000000E+000  0.000000000000000E+000
  0.000000000000000E+000  0.000000000000000E+000  0.000000000000000E+000
  0.000000000000000E+000  0.000000000000000E+000  0.000000000000000E+000
  0.000000000000000E+000  0.000000000000000E+000  0.000000000000000E+000
  0.000000000000000E+000  0.000000000000000E+000  0.000000000000000E+000
  0.000000000000000E+000  0.000000000000000E+000  0.000000000000000E+000
  0.000000000000000E+000  0.000000000000000E+000  0.000000000000000E+000
  0.000000000000000E+000  0.000000000000000E+000  0.000000000000000E+000
  0.000000000000000E+000  0.000000000000000E+000  0.000000000000000E+000
  0.000000000000000E+000  0.000000000000000E+000  0.000000000000000E+000
  0.000000000000000E+000  0.000000000000000E+000  0.000000000000000E+000
  0.000000000000000E+000  0.000000000000000E+000  0.000000000000000E+000
  0.000000000000000E+000  0.000000000000000E+000  0.000000000000000E+000
  0.000000000000000E+000  0.000000000000000E+000  0.000000000000000E+000
  0.000000000000000E+000  0.000000000000000E+000  0.000000000000000E+000
  0.000000000000000E+000  0.000000000000000E+000  0.000000000000000E+000
  0.000000000000000E+000  0.000000000000000E+000  0.000000000000000E+000
  0.000000000000000E+000  0.000000000000000E+000  0.000000000000000E+000
  0.000000000000000E+000  0.000000000000000E+000  0.000000000000000E+000
  0.000000000000000E+000  0.000000000000000E+000  0.000000000000000E+000
