          80  8.000000000000007E-003  8.000000000000007E-003
  0.000000000000000E+000  0.000000000000000E+000  0.000000000000000E+000
  0.000000000000000E+000  0.000000000000000E+000  0.000000000000000E+000
  5.411377652272851E-002  8.189319398173762E-002 -7.573281836523955E-002
  7.208376955486755E-002  0.144364555433516      -0.122611094611378     
  0.104999209256463       0.199768781894849      -0.174464884108604     
  0.122654137483487       0.251456369931431      -0.210337156224529     
  0.141869663483116       0.278212563187962      -0.239031683070096     
  0.156589348781727       0.290489477901613      -0.254970309103195     
  0.167997889016789       0.291037740930679      -0.260617391319770     
  0.173214656968538       0.280840601182339      -0.254938173693098     
  0.169935212532626       0.261942795471088      -0.238983660243268     
  0.156437101624227       0.231998713540134      -0.210362144442186     
  0.120558468610752       0.190892977313826      -0.174510755968599     
  8.901426928635926E-002  0.134667319446203      -0.122675068758135     
  4.389713988727988E-002  8.786940075291416E-002 -7.580021835730918E-002
  0.000000000000000E+000  0.000000000000000E+000  0.000000000000000E+000
  0.000000000000000E+000  0.000000000000000E+000  0.000000000000000E+000
  0.000000000000000E+000  0.000000000000000E+000  0.000000000000000E+000
  0.000000000000000E+000  0.000000000000000E+000  0.000000000000000E+000
  4.182763995031827E-002  7.581996261160508E-002 -6.421905708882332E-002
  6.854952235878072E-002  0.141266774216571      -0.120536288584756     
  9.237751543585518E-002  0.194958885773455      -0.165206949072218     
  0.113610473940649       0.238754451074045      -0.205628883865252     
  0.129855230762217       0.263576934470848      -0.231834671685657     
  0.145593712029455       0.273042267936651      -0.250120577416603     
  0.157222001703004       0.272365821418471      -0.254744047790205     
  0.163618987592243       0.262614957182599      -0.250108767647324     
  0.163276248089103       0.244231523353196      -0.231798356782876     
  0.149947203096267       0.217806318122963      -0.205649713226189     
  0.122674185678948       0.177524330595736      -0.165234313840518     
  8.808603572167766E-002  0.130045745681516      -0.120593944767817     
  4.477772381178563E-002  7.417152280924678E-002 -6.427031249932547E-002
  0.000000000000000E+000  0.000000000000000E+000  0.000000000000000E+000
  0.000000000000000E+000  0.000000000000000E+000  0.000000000000000E+000
  0.000000000000000E+000  0.000000000000000E+000  0.000000000000000E+000
  0.000000000000000E+000  0.000000000000000E+000  0.000000000000000E+000
  3.346374817459675E-002  6.321304922652210E-002 -4.904601696397376E-002
  5.364591315833582E-002  0.136267627714646      -0.108881978453062     
  7.725423122169796E-002  0.186367335638185      -0.153279817170591     
  9.288452050426520E-002  0.220085909751569      -0.191496041054502     
  0.110289624969420       0.236237384494035      -0.219775247716071     
  0.124023571442341       0.240393258339270      -0.236364145201546     
  0.136902714434441       0.237165155670766      -0.242828323616417     
  0.146147296034506       0.227635279711447      -0.236387180733912     
  0.149389529087861       0.213634550253619      -0.219759888703000     
  0.144121649216577       0.190493174630355      -0.191500425415143     
  0.122748809252375       0.160095206773698      -0.153286204163607     
  9.119312815623710E-002  0.114587808709053      -0.108906785491514     
  3.802937223390119E-002  6.060259566335424E-002 -4.907419433218353E-002
  0.000000000000000E+000  0.000000000000000E+000  0.000000000000000E+000
  0.000000000000000E+000  0.000000000000000E+000  0.000000000000000E+000
  0.000000000000000E+000  0.000000000000000E+000  0.000000000000000E+000
  0.000000000000000E+000  0.000000000000000E+000  0.000000000000000E+000
  2.914432518834762E-002  4.304667218760179E-002 -3.544123770510898E-002
  4.225475552797796E-002  0.124093325620325      -9.129021288411943E-002
  5.815606510225516E-002  0.169723669094666      -0.135282007224370     
  7.249488499408094E-002  0.195423737055173      -0.172170306382559     
  8.566650069747993E-002  0.202170030052696      -0.198884713848405     
  9.871815592561382E-002  0.199114066014237      -0.214968273803688     
  0.111001889551022       0.192294517135988      -0.220148190416475     
  0.123060930132850       0.185107034443869      -0.215027078937318     
  0.132205374697477       0.175284832519739      -0.198893093697647     
  0.132944748674025       0.160491649980340      -0.172160673543556     
  0.117851300440168       0.135177046964664      -0.135255592022583     
  8.629007987163018E-002  9.859195923717970E-002 -9.126351242512669E-002
  2.271694705401916E-002  4.674747432176990E-002 -3.545198263816425E-002
  0.000000000000000E+000  0.000000000000000E+000  0.000000000000000E+000
  0.000000000000000E+000  0.000000000000000E+000  0.000000000000000E+000
  0.000000000000000E+000  0.000000000000000E+000  0.000000000000000E+000
  0.000000000000000E+000  0.000000000000000E+000  0.000000000000000E+000
  2.880083098004399E-002  1.769190999329301E-002 -2.527401561051337E-002
  3.207156810973386E-002  0.108676143251897      -7.582503009342825E-002
  4.796428232467513E-002  0.152729329519213      -0.118602457533288     
  5.652282684598290E-002  0.173328074019196      -0.154781716308728     
  6.820607763746478E-002  0.174492689005053      -0.179400839240652     
  7.927196251152041E-002  0.166900091899669      -0.193518337594393     
  9.129317681442943E-002  0.158154075976294      -0.198286272159385     
  0.104909821015843       0.152188538605856      -0.193609131746065     
  0.116985427766518       0.146353092261402      -0.179434880653582     
  0.121794323678597       0.135594100029788      -0.154763934348855     
  0.108195559933868       0.117843331046010      -0.118545277563399     
  7.800018340002823E-002  8.199822720715551E-002 -7.575478997713181E-002
  8.872619780997938E-004  3.376221695007331E-002 -2.527902208994426E-002
  0.000000000000000E+000  0.000000000000000E+000  0.000000000000000E+000
  0.000000000000000E+000  0.000000000000000E+000  0.000000000000000E+000
  0.000000000000000E+000  0.000000000000000E+000  0.000000000000000E+000
  0.000000000000000E+000  0.000000000000000E+000  0.000000000000000E+000
  1.528853651128313E-002 -7.596279325735518E-003 -1.296737880593667E-002
  3.271505163656245E-002  9.864433767846750E-002 -6.384237313260938E-002
  3.873502326651801E-002  0.136565418148823      -0.105494564517733     
  4.539554599878806E-002  0.153516186320289      -0.138988778919997     
  5.495214256400816E-002  0.151620371243178      -0.161121942857433     
  6.450921652483070E-002  0.141391513054591      -0.173327699460941     
  7.619198342133972E-002  0.131988715290163      -0.176907569230409     
  9.025506464250735E-002  0.126716280537800      -0.173476125973937     
  0.103840605508799       0.123477014652474      -0.161194909738100     
  0.110209444482759       0.116081097158787      -0.138975647788003     
  9.881773915835995E-002  0.101747263762945      -0.105421435404419     
  6.896545123726806E-002  7.757237569446354E-002 -6.376035963520270E-002
 -1.424450773440632E-002  9.341374334807095E-003 -1.294863067761058E-002
  0.000000000000000E+000  0.000000000000000E+000  0.000000000000000E+000
  0.000000000000000E+000  0.000000000000000E+000  0.000000000000000E+000
  0.000000000000000E+000  0.000000000000000E+000  0.000000000000000E+000
  0.000000000000000E+000  0.000000000000000E+000  0.000000000000000E+000
  1.111480287028349E-002 -1.663991863320199E-002 -9.746487979745455E-003
  3.279130891794483E-002  9.156699981329153E-002 -5.478274478823753E-002
  2.876345041045926E-002  0.114415278432011      -9.186913058620176E-002
  3.677366481519825E-002  0.134052656532610      -0.122684074813506     
  4.250626486246879E-002  0.127617493646628      -0.142057421736502     
  5.199768899715522E-002  0.118536142179351      -0.152238943604401     
  6.264052528884327E-002  0.108509939570636      -0.155249245384086     
  7.679520245064457E-002  0.104537089393795      -0.152477077041164     
  8.933191019718549E-002  0.100752918295763      -0.142197504268455     
  9.769077431988371E-002  9.891589951795052E-002 -0.122696037210227     
  8.464111098405404E-002  8.207545152078860E-002 -9.180490783907791E-002
  6.284226104772529E-002  7.408808253526926E-002 -5.469675904971298E-002
 -2.000310339980845E-002  1.265003121271876E-003 -9.761179746324821E-003
  0.000000000000000E+000  0.000000000000000E+000  0.000000000000000E+000
  0.000000000000000E+000  0.000000000000000E+000  0.000000000000000E+000
  0.000000000000000E+000  0.000000000000000E+000  0.000000000000000E+000
  0.000000000000000E+000  0.000000000000000E+000  0.000000000000000E+000
  1.133627959796162E-002 -9.192651201046231E-003 -7.055365657033981E-003
  2.542112813076911E-002  6.557709325008042E-002 -4.168059254311715E-002
  2.274128159268572E-002  9.132289756431548E-002 -7.465830443641241E-002
  2.691634385494309E-002  0.104784658668163      -0.101079919926490     
  3.126365865351051E-002  0.101578635155257      -0.118008395614761     
  3.972895882101722E-002  9.383216705282538E-002 -0.127425624415376     
  4.921641828685241E-002  8.522181936759705E-002 -0.129798222060997     
  6.161977471014207E-002  8.164524147671577E-002 -0.127796789150837     
  7.244537323994621E-002  7.805976934745686E-002 -0.118229984863963     
  7.729169533238370E-002  7.576968785840045E-002 -0.101132016186584     
  6.772533543084137E-002  6.537506568536856E-002 -7.463295395138285E-002
  4.401239255939729E-002  5.470894309678892E-002 -4.160113201088960E-002
 -1.363274727427252E-002  5.178639495145531E-003 -7.042109293728145E-003
  0.000000000000000E+000  0.000000000000000E+000  0.000000000000000E+000
  0.000000000000000E+000  0.000000000000000E+000  0.000000000000000E+000
  0.000000000000000E+000  0.000000000000000E+000  0.000000000000000E+000
  0.000000000000000E+000  0.000000000000000E+000  0.000000000000000E+000
  4.962763269755714E-003 -9.335495810406456E-003 -3.174123001859828E-003
  1.963878854226154E-002  3.987388358296916E-002 -2.608805069005575E-002
  1.442194493984944E-002  5.475082061666037E-002 -4.803605652301952E-002
  1.597200491664445E-002  6.793408834777800E-002 -6.856546706570757E-002
  1.922872456900210E-002  6.684290361219716E-002 -8.359083724801158E-002
  2.478736618118465E-002  6.212179679466458E-002 -9.129061570783691E-002
  3.260626848653946E-002  5.642418333764821E-002 -9.420589933058107E-002
  4.164568326384573E-002  5.282233986420151E-002 -9.172160523112080E-002
  4.836376966656539E-002  5.023724119362048E-002 -8.383029529531807E-002
  5.085871221464303E-002  4.786459423476836E-002 -6.863722944246385E-002
  4.023939144325875E-002  3.990010139822171E-002 -4.805529086645122E-002
  2.468818105556101E-002  3.689718823851936E-002 -2.603607934201419E-002
 -1.057872417574228E-002 -4.129114788863914E-004 -3.166947787929222E-003
  0.000000000000000E+000  0.000000000000000E+000  0.000000000000000E+000
  0.000000000000000E+000  0.000000000000000E+000  0.000000000000000E+000
  0.000000000000000E+000  0.000000000000000E+000  0.000000000000000E+000
  0.000000000000000E+000  0.000000000000000E+000  0.000000000000000E+000
 -1.961025158573108E-004 -3.807033961343735E-003 -1.822676719950059E-003
  1.061356694232957E-002  8.509411547350354E-003 -7.262463810314468E-003
  6.919502582426508E-003  1.389257793295469E-002 -1.269698128771731E-002
  1.060130409097382E-002  2.352860480225316E-002 -2.419778667502545E-002
  8.608247216851796E-003  2.466975718334291E-002 -3.082347265440656E-002
  1.133001090441087E-002  2.544117327150719E-002 -3.750290384383024E-002
  1.339692726669390E-002  2.308416888838937E-002 -3.882301989741327E-002
  1.653628830073977E-002  2.277400572165863E-002 -3.784134863698532E-002
  1.708446533627772E-002  1.991945319548850E-002 -3.096353615811758E-002
  1.508062989144900E-002  2.095927658645425E-002 -2.421557983046338E-002
  8.616845168869576E-003  1.294676653403265E-002 -1.271135884101693E-002
  2.067473857968639E-003  1.343654203940008E-002 -7.258909628280409E-003
 -3.190854532767316E-003 -2.085878689584401E-003 -1.810602538789284E-003
  0.000000000000000E+000  0.000000000000000E+000  0.000000000000000E+000
  0.000000000000000E+000  0.000000000000000E+000  0.000000000000000E+000
  0.000000000000000E+000  0.000000000000000E+000  0.000000000000000E+000
  0.000000000000000E+000  0.000000000000000E+000  0.000000000000000E+000
  0.000000000000000E+000  0.000000000000000E+000  0.000000000000000E+000
  0.000000000000000E+000  0.000000000000000E+000  0.000000000000000E+000
  0.000000000000000E+000  0.000000000000000E+000  0.000000000000000E+000
  0.000000000000000E+000  0.000000000000000E+000  0.000000000000000E+000
  0.000000000000000E+000  0.000000000000000E+000  0.000000000000000E+000
  0.000000000000000E+000  0.000000000000000E+000  0.000000000000000E+000
  0.000000000000000E+000  0.000000000000000E+000  0.000000000000000E+000
  0.000000000000000E+000  0.000000000000000E+000  0.000000000000000E+000
  0.000000000000000E+000  0.000000000000000E+000  0.000000000000000E+000
  0.000000000000000E+000  0.000000000000000E+000  0.000000000000000E+000
  0.000000000000000E+000  0.000000000000000E+000  0.000000000000000E+000
  0.000000000000000E+000  0.000000000000000E+000  0.000000000000000E+000
  0.000000000000000E+000  0.000000000000000E+000  0.000000000000000E+000
  0.000000000000000E+000  0.000000000000000E+000  0.000000000000000E+000
  0.000000000000000E+000  0.000000000000000E+000  0.000000000000000E+000
  0.000000000000000E+000  0.000000000000000E+000  0.000000000000000E+000
  0.000000000000000E+000  0.000000000000000E+000  0.000000000000000E+000
  0.000000000000000E+000  0.000000000000000E+000  0.000000000000000E+000
  0.000000000000000E+000  0.000000000000000E+000  0.000000000000000E+000
  0.000000000000000E+000  0.000000000000000E+000  0.000000000000000E+000
  0.000000000000000E+000  0.000000000000000E+000  0.000000000000000E+000
  0.000000000000000E+000  0.000000000000000E+000  0.000000000000000E+000
  0.000000000000000E+000  0.000000000000000E+000  0.000000000000000E+000
  0.000000000000000E+000  0.000000000000000E+000  0.000000000000000E+000
  0.000000000000000E+000  0.000000000000000E+000  0.000000000000000E+000
  0.000000000000000E+000  0.000000000000000E+000  0.000000000000000E+000
  0.000000000000000E+000  0.000000000000000E+000  0.000000000000000E+000
  0.000000000000000E+000  0.000000000000000E+000  0.000000000000000E+000
  0.000000000000000E+000  0.000000000000000E+000  0.000000000000000E+000
  0.000000000000000E+000  0.000000000000000E+000  0.000000000000000E+000
  0.000000000000000E+000  0.000000000000000E+000  0.000000000000000E+000
  0.000000000000000E+000  0.000000000000000E+000  0.000000000000000E+000
  0.000000000000000E+000  0.000000000000000E+000  0.000000000000000E+000
  0.000000000000000E+000  0.000000000000000E+000  0.000000000000000E+000
 -7.900352154583592E-003  2.591509702583438E-002 -1.613659538194412E-002
 -1.626512535827145E-002  4.913993873017057E-002  8.232202171863774E-003
 -3.167911846309093E-002 -7.716251786895725E-002  0.112506707305948     
 -1.034708666014664E-002  0.666932607248322       0.114214328902976     
  3.855098108447095E-002  0.378755302893973       0.423306803184015     
  9.182737065667956E-002  0.335527406546724       0.585764606398491     
  0.328271458083488       0.565589681038740       0.511689308707129     
  0.254016899805637       0.253416763101062       0.581685009439599     
  0.321980076184178       0.230017386164749       0.418838167091125     
  0.599621066247296       0.331469442053001       0.112041714077296     
 -4.707763520851417E-002 -6.859471592103861E-002  0.114942418771357     
  4.855763943448903E-002  7.003833361256157E-003  1.022515864082731E-002
  2.523500594491029E-002  5.236366986942561E-003 -1.491957048410286E-002
  0.000000000000000E+000  0.000000000000000E+000  0.000000000000000E+000
  0.000000000000000E+000  0.000000000000000E+000  0.000000000000000E+000
  0.000000000000000E+000  0.000000000000000E+000  0.000000000000000E+000
  0.000000000000000E+000  0.000000000000000E+000  0.000000000000000E+000
 -3.695883679662204E-003  9.907899413749421E-003 -1.172289721389310E-002
 -1.023713829252118E-002 -1.605131923432262E-003  1.435463265707240E-002
 -6.114372716428412E-003  1.869587703052350E-002  7.704291952733719E-002
  4.550101751724769E-002  0.585013949247128       0.107413514614279     
  0.107711303923951       0.457791623869081       0.391059889648564     
  0.146593196863285       0.370805589920893       0.582403516578533     
  0.293196342447518       0.504604908720707       0.553966438004140     
  0.252528731942081       0.312355493915847       0.581177319876721     
  0.349804614501976       0.323086233215163       0.390235321780078     
  0.494082542795574       0.334223246392883       0.107902114458846     
  2.296854894590392E-002  1.925660166034198E-003  7.912115848359093E-002
  3.231110444982261E-003 -1.222347741107439E-002  1.572963444539201E-002
  9.502848019610214E-003  1.105082158008235E-003 -1.078345448497456E-002
  0.000000000000000E+000  0.000000000000000E+000  0.000000000000000E+000
  0.000000000000000E+000  0.000000000000000E+000  0.000000000000000E+000
  0.000000000000000E+000  0.000000000000000E+000  0.000000000000000E+000
  0.000000000000000E+000  0.000000000000000E+000  0.000000000000000E+000
 -2.842400230770124E-003 -1.086743681764545E-002 -2.619435998808803E-003
  2.698835183680299E-003 -0.109054228436231       2.916191914401675E-002
  1.935080373599659E-002  7.008372114587397E-002  5.332061873159694E-002
  0.121077954529046       0.607534045433399       6.034864499438260E-002
  0.219934481378414       0.581838521538081       0.314715153017339     
  0.222953792958521       0.441455029323785       0.555668406651065     
  0.236058115165686       0.406998594930501       0.618601908591778     
  0.263208613981169       0.400176528293162       0.562110127122404     
  0.385125283026782       0.468071679623357       0.322142415474544     
  0.467091834007111       0.404196787635860       6.380701286891031E-002
  5.661051704553164E-002  5.055510621782678E-002  5.453719304062034E-002
 -9.359038768649326E-002 -5.357220862866201E-002  2.951615602192646E-002
 -8.425776158538054E-003 -8.468217821741715E-003 -1.992094388496703E-003
  0.000000000000000E+000  0.000000000000000E+000  0.000000000000000E+000
  0.000000000000000E+000  0.000000000000000E+000  0.000000000000000E+000
  0.000000000000000E+000  0.000000000000000E+000  0.000000000000000E+000
  0.000000000000000E+000  0.000000000000000E+000  0.000000000000000E+000
 -9.388622052996048E-003 -2.327291285193053E-002  5.293366285578517E-003
  1.623947793467344E-002 -0.242765901013262       6.614612264098649E-002
  3.665782286304101E-002 -0.337071121563647       0.161359290489465     
  0.108238162939628       1.567579651995778E-002  0.241528239663413     
  0.262063271318179       0.485220136709480       0.308275180870014     
  0.361310864367919       0.640218160759467       0.414746679138070     
  0.420524218150249       0.727372949499109       0.447310377439009     
  0.365146074515913       0.619243940878856       0.423492445175763     
  0.278207638737541       0.454936505163514       0.318143820711544     
 -4.159489651373204E-002  9.552609553153089E-002  0.245774560904772     
 -0.305598506990801      -0.138979547351417       0.162184742496103     
 -0.213811125345513      -0.108307901836149       6.548478694782545E-002
 -1.566231027713970E-002 -2.051545791688370E-002  5.781518637696443E-003
  0.000000000000000E+000  0.000000000000000E+000  0.000000000000000E+000
  0.000000000000000E+000  0.000000000000000E+000  0.000000000000000E+000
  0.000000000000000E+000  0.000000000000000E+000  0.000000000000000E+000
  0.000000000000000E+000  0.000000000000000E+000  0.000000000000000E+000
 -2.311224753726558E-002 -5.992332105660541E-003  7.491471834304214E-003
  1.823329436750260E-002 -0.282270234546000       7.285446315978701E-002
  2.011274236663555E-002 -0.502342623783184       0.214492232007610     
  3.330953153733395E-002 -0.691991559885611       0.521417731196697     
  4.709760442460918E-002 -0.519992979786559       0.741056063156593     
  8.111990923976471E-002 -0.105231493768627       0.742065367173868     
  0.170919014786776       0.294756644632004       0.590425593663227     
 -0.123066219844126       2.529697597987401E-002  0.737921472794716     
 -0.467624557351809      -0.216760682090751       0.740969293720412     
 -0.616770627694624      -0.321513385141205       0.525051786328438     
 -0.445947061885922      -0.238284479110689       0.216253374340642     
 -0.250403914870148      -0.127160704657872       7.225197533291555E-002
  6.353668282710146E-003 -2.388025859702454E-002  7.886889468667729E-003
  0.000000000000000E+000  0.000000000000000E+000  0.000000000000000E+000
  0.000000000000000E+000  0.000000000000000E+000  0.000000000000000E+000
  0.000000000000000E+000  0.000000000000000E+000  0.000000000000000E+000
  0.000000000000000E+000  0.000000000000000E+000  0.000000000000000E+000
 -4.980311442800422E-003  1.880795259482735E-003 -4.684920696258604E-003
 -6.821327019367037E-003 -0.151446870720457       1.747890753000169E-002
 -1.844110781595515E-002 -0.110448403936078       6.012587796297389E-002
  6.306631537006103E-003 -0.442949170987028       0.405214836402966     
 -7.645987638339508E-002 -0.888540814468939       0.935779379106800     
 -0.251344355535205      -0.937460656003735        1.20551387499625     
 -0.376379257224017      -0.653362773706022        1.13735504502767     
 -0.682950236045069      -0.684371317416128        1.20472629586504     
 -0.727897277745409      -0.508488400256339       0.936378574555595     
 -0.388566324954747      -0.218474813762871       0.408743222853434     
 -9.158707459193820E-002 -7.663502136571090E-002  6.283066840016219E-002
 -0.129263632972479      -8.506349788439016E-002  1.750165206314303E-002
  5.038012476114332E-003 -3.987952107165500E-003 -4.550799324807024E-003
  0.000000000000000E+000  0.000000000000000E+000  0.000000000000000E+000
  0.000000000000000E+000  0.000000000000000E+000  0.000000000000000E+000
  0.000000000000000E+000  0.000000000000000E+000  0.000000000000000E+000
  0.000000000000000E+000  0.000000000000000E+000  0.000000000000000E+000
  1.337140291043912E-002 -5.025309108032644E-003 -2.360350449932745E-003
 -2.566740378083930E-002  2.841468315383065E-002 -3.966887764905661E-002
 -3.684195631616716E-002  0.377753225705223      -0.189016046015302     
  2.870621006619269E-002  0.269443649231854      -4.867695430841371E-002
 -1.821450815832766E-002 -0.474964342262707       0.648733678311295     
 -0.118481771010042      -0.500273343468744       0.843586946098459     
 -7.906016123447869E-002 -0.140169322624900       0.588374816310342     
 -0.381666366169609      -0.362969731691092       0.855962643897687     
 -0.407277200019320      -0.255669101758609       0.654419323883291     
  0.217246105881513       0.159497862913466      -4.621196038084197E-002
  0.342496787419346       0.154610052904948      -0.187883102029345     
  3.223240862921774E-002 -1.289410561386839E-002 -3.854700382068586E-002
 -9.439176657166809E-003  8.584467284983506E-003 -2.695380673789454E-003
  0.000000000000000E+000  0.000000000000000E+000  0.000000000000000E+000
  0.000000000000000E+000  0.000000000000000E+000  0.000000000000000E+000
  0.000000000000000E+000  0.000000000000000E+000  0.000000000000000E+000
  0.000000000000000E+000  0.000000000000000E+000  0.000000000000000E+000
  8.682186847588943E-003 -1.873987525719089E-002  3.027107696911251E-003
 -4.022642327720145E-003  0.126502369963360      -8.354149757494278E-002
 -3.410910048153108E-002  0.601835850209289      -0.376942692375836     
  2.668887271636453E-002  0.603069661037756      -0.390627140335352     
  2.917927439739732E-002 -9.460565122996893E-002  0.311334745212815     
 -6.375993274137816E-003 -5.171577252585494E-002  0.350537305417138     
  0.120752500875765       0.208097556987736      -1.218240792811569E-003
 -3.098420296053629E-002 -2.067224745075108E-002  0.334886919486647     
 -0.100892679002112      -2.473234151534245E-002  0.317310805327039     
  0.504251409081444       0.325480902264774      -0.387624377821875     
  0.536203463230763       0.271093088291664      -0.377363063394296     
  0.106512987923521       5.612470218338193E-002 -8.250684603680686E-002
 -1.946459647819357E-002 -2.833240117540358E-003  2.490986736661915E-003
  0.000000000000000E+000  0.000000000000000E+000  0.000000000000000E+000
  0.000000000000000E+000  0.000000000000000E+000  0.000000000000000E+000
  0.000000000000000E+000  0.000000000000000E+000  0.000000000000000E+000
  0.000000000000000E+000  0.000000000000000E+000  0.000000000000000E+000
 -1.996643311871366E-004 -9.460972446633849E-003  2.964286862793189E-003
  3.322810989276144E-002  9.508591995089140E-002 -7.465461510578250E-002
 -1.921326966128810E-002  0.516361761853858      -0.378249195124087     
  3.442753942422300E-003  0.476439619239136      -0.405027868812690     
  2.937680725867356E-002  6.257145503014393E-002  8.219521174376278E-002
 -2.808187747632311E-002 -0.183021749850071       0.462788454969621     
 -0.112942311373921      -0.195216843421470       0.570062980793589     
 -0.134060221345890      -0.105742592146133       0.440891480536423     
  3.519849022916764E-002  5.539452306657806E-002  8.768476681028120E-002
  0.411913427942441       0.244570016536390      -0.409176506114309     
  0.454483867888070       0.241847442070298      -0.378110541480338     
  6.257663548339375E-002  7.368389437627249E-002 -7.422694227954121E-002
 -7.251120342804842E-003 -5.165056765460771E-003  2.447891574637210E-003
  0.000000000000000E+000  0.000000000000000E+000  0.000000000000000E+000
  0.000000000000000E+000  0.000000000000000E+000  0.000000000000000E+000
  0.000000000000000E+000  0.000000000000000E+000  0.000000000000000E+000
  0.000000000000000E+000  0.000000000000000E+000  0.000000000000000E+000
 -3.103023760193182E-003 -5.520835272296253E-005 -8.707090128081126E-003
  2.403354014072724E-002 -3.015744683898000E-004 -1.038203504790422E-002
  6.485085043888818E-002  0.152539280523947      -0.103981877186216     
  1.659880632586046E-002  0.187701165812539      -0.116278419026918     
 -2.512225688749320E-002  8.117494571128751E-002 -4.303603056396165E-003
 -5.815535357917884E-002 -0.113387987637838       0.341388257397214     
 -6.583848464849298E-002 -0.114026721917991       0.374843607234807     
 -6.558351115885745E-002 -0.104583297664642       0.335991706617181     
  7.962227481734606E-002  1.754921127513702E-002  1.142976371858938E-003
  0.157371659343554       0.111193380853018      -0.122781886000002     
  9.927581092009419E-002  0.133725531568283      -0.104989626793977     
 -1.312527822341246E-002  1.976491297002423E-002 -1.116804730292575E-002
  1.642703568050360E-003 -2.721580879502477E-003 -8.952441196791274E-003
  0.000000000000000E+000  0.000000000000000E+000  0.000000000000000E+000
  0.000000000000000E+000  0.000000000000000E+000  0.000000000000000E+000
  0.000000000000000E+000  0.000000000000000E+000  0.000000000000000E+000
  0.000000000000000E+000  0.000000000000000E+000  0.000000000000000E+000
  0.000000000000000E+000  0.000000000000000E+000  0.000000000000000E+000
  0.000000000000000E+000  0.000000000000000E+000  0.000000000000000E+000
  0.000000000000000E+000  0.000000000000000E+000  0.000000000000000E+000
  0.000000000000000E+000  0.000000000000000E+000  0.000000000000000E+000
  0.000000000000000E+000  0.000000000000000E+000  0.000000000000000E+000
  0.000000000000000E+000  0.000000000000000E+000  0.000000000000000E+000
  0.000000000000000E+000  0.000000000000000E+000  0.000000000000000E+000
  0.000000000000000E+000  0.000000000000000E+000  0.000000000000000E+000
  0.000000000000000E+000  0.000000000000000E+000  0.000000000000000E+000
  0.000000000000000E+000  0.000000000000000E+000  0.000000000000000E+000
  0.000000000000000E+000  0.000000000000000E+000  0.000000000000000E+000
  0.000000000000000E+000  0.000000000000000E+000  0.000000000000000E+000
  0.000000000000000E+000  0.000000000000000E+000  0.000000000000000E+000
  0.000000000000000E+000  0.000000000000000E+000  0.000000000000000E+000
  0.000000000000000E+000  0.000000000000000E+000  0.000000000000000E+000
  0.000000000000000E+000  0.000000000000000E+000  0.000000000000000E+000
  0.000000000000000E+000  0.000000000000000E+000  0.000000000000000E+000
  0.000000000000000E+000  0.000000000000000E+000  0.000000000000000E+000
  0.000000000000000E+000  0.000000000000000E+000  0.000000000000000E+000
  0.000000000000000E+000  0.000000000000000E+000  0.000000000000000E+000
  0.000000000000000E+000  0.000000000000000E+000  0.000000000000000E+000
  0.000000000000000E+000  0.000000000000000E+000  0.000000000000000E+000
  0.000000000000000E+000  0.000000000000000E+000  0.000000000000000E+000
  0.000000000000000E+000  0.000000000000000E+000  0.000000000000000E+000
  0.000000000000000E+000  0.000000000000000E+000  0.000000000000000E+000
  0.000000000000000E+000  0.000000000000000E+000  0.000000000000000E+000
  0.000000000000000E+000  0.000000000000000E+000  0.000000000000000E+000
  0.000000000000000E+000  0.000000000000000E+000  0.000000000000000E+000
  0.000000000000000E+000  0.000000000000000E+000  0.000000000000000E+000
  0.000000000000000E+000  0.000000000000000E+000  0.000000000000000E+000
  0.000000000000000E+000  0.000000000000000E+000  0.000000000000000E+000
  0.000000000000000E+000  0.000000000000000E+000  0.000000000000000E+000
  0.000000000000000E+000  0.000000000000000E+000  0.000000000000000E+000
  0.000000000000000E+000  0.000000000000000E+000  0.000000000000000E+000
   343.982378263893       -2593.64892162236       -1397.03342842825     
   995.437642733515        265.958515241667       -3114.76304401028     
   2269.06704652363       -54.3913468207810       -3990.84906824155     
   2939.33619204048        4987.72538448256       -5612.62788888326     
   3281.11641104049        4381.63617445868       -5852.53926298173     
   1702.89500180185        1093.85800636385       -4098.07874330071     
  -1349.56098204195       -2325.12266280313       -2173.04178042939     
   52.3085034184024        1983.40073070105       -4111.72082916264     
   2161.08549890492        5037.06617285312       -5885.70537874820     
   3012.42295020461        5114.87937565118       -5687.00026935970     
  -1142.45820484082        1914.70861192157       -4031.38408878674     
  -192.833445785492        998.656418461878       -3166.44904582371     
  -2262.05714439248       -926.706912548061       -1451.76165458695     
  0.000000000000000E+000  0.000000000000000E+000  0.000000000000000E+000
  0.000000000000000E+000  0.000000000000000E+000  0.000000000000000E+000
  0.000000000000000E+000  0.000000000000000E+000  0.000000000000000E+000
  0.000000000000000E+000  0.000000000000000E+000  0.000000000000000E+000
  -20.7954432452966       -2245.85866638966       -1152.90614550579     
   986.640577243739       -871.008656175384       -2764.88519652733     
   2035.06190030197       -700.606016880581       -3604.89727171095     
   2761.57654018436        2446.57103455753       -4809.79813559203     
   3127.27316481769        4295.67549248522       -5807.30115325060     
   2430.91033398369        2495.89340243295       -4912.47568695434     
   114.391373209082        219.587184437917       -3368.25061908600     
   866.910965078311        3278.79092562034       -4907.85937983594     
   2145.00735164093        4837.39632373728       -5823.66491857112     
   855.230242230356        3661.07815788290       -4867.52688141040     
  -1583.75999139616        1392.10289819651       -3644.13311927586     
  -1133.12496482291        441.772561606950       -2827.67721668725     
  -1797.48915633855       -1080.50782551123       -1199.25996961904     
  0.000000000000000E+000  0.000000000000000E+000  0.000000000000000E+000
  0.000000000000000E+000  0.000000000000000E+000  0.000000000000000E+000
  0.000000000000000E+000  0.000000000000000E+000  0.000000000000000E+000
  0.000000000000000E+000  0.000000000000000E+000  0.000000000000000E+000
  -154.712391409752       -1707.78568515766       -985.924678342357     
   899.550562051229       -2395.57755399338       -1978.05575513544     
   1862.97405629307       -2718.54457749956       -2837.81347874746     
   2444.61408742422       -2791.74821482875       -3055.11750668210     
   3006.75852080567        2836.78700857293       -5091.13657491190     
   3956.11191107806        6238.11607102350       -6698.42243427011     
   2345.24523216231        4103.75465681450       -5527.83064158028     
   3238.05081030946        6363.12166758992       -6623.86007960774     
   874.044023782722        3941.25860815189       -5067.42858889813     
  -3580.79220688189        715.708595937260       -3085.99735830157     
  -3224.44650351242        244.280821400397       -2881.48406471763     
  -2344.54623523048       -366.483381949174       -2055.65466267305     
  -1296.80480281649       -942.970305423520       -1021.92725036946     
  0.000000000000000E+000  0.000000000000000E+000  0.000000000000000E+000
  0.000000000000000E+000  0.000000000000000E+000  0.000000000000000E+000
  0.000000000000000E+000  0.000000000000000E+000  0.000000000000000E+000
  0.000000000000000E+000  0.000000000000000E+000  0.000000000000000E+000
  -121.968435836179       -945.776870338102       -982.719648946678     
   1164.65987522584       -3211.85199732325       -1252.87116975587     
   2099.59795823342       -4640.02575195394       -1734.27307501178     
   2555.94250929211       -4217.28418392221       -2050.00545253361     
   3973.51140600214        6183.77748487434       -6410.66812934793     
   5310.75620974894        9437.45560798693       -8340.06348362059     
   4424.35825467092        7698.38649377911       -7411.89977646830     
   5386.99371651283        9179.06349799316       -8260.96570430294     
   3322.75576881398        6464.22115554521       -6372.40772350670     
  -4871.23817813539        102.893332403607       -2086.30664950443     
  -5019.20744682327       -514.053380184816       -1779.60254585867     
  -3165.79474223226       -540.828991358113       -1337.07987935996     
  -704.130457314443       -550.126477021481       -1006.51081990777     
  0.000000000000000E+000  0.000000000000000E+000  0.000000000000000E+000
  0.000000000000000E+000  0.000000000000000E+000  0.000000000000000E+000
  0.000000000000000E+000  0.000000000000000E+000  0.000000000000000E+000
  0.000000000000000E+000  0.000000000000000E+000  0.000000000000000E+000
  -110.642264323904       -200.369593617413       -967.355560765386     
   1417.79088080525       -3301.49491559069       -803.563567404082     
   1912.50568793763       -4140.91207197638       -1210.75127465764     
   2188.05250373538       -4005.21064483725       -1517.61942866549     
   3207.60411456013        3229.94438662024       -4943.30617876040     
   5846.34515900081        10700.3749571778       -8963.02555353955     
   6011.60581264206        10418.0928499420       -8678.54832450217     
   6205.78822034344        10258.7789733623       -8849.85883653137     
   1324.67520438310        4507.06821938054       -5034.65454744965     
  -4428.40739964409       -40.3839106789298       -1606.06577374809     
  -4578.30511745803       -454.124544076308       -1236.36057162448     
  -3473.62375856846       -405.997941451352       -856.378337723028     
  -103.460070461954       -185.992255175110       -978.848157166482     
  0.000000000000000E+000  0.000000000000000E+000  0.000000000000000E+000
  0.000000000000000E+000  0.000000000000000E+000  0.000000000000000E+000
  0.000000000000000E+000  0.000000000000000E+000  0.000000000000000E+000
  0.000000000000000E+000  0.000000000000000E+000  0.000000000000000E+000
   226.292570508508       -184.841796114321       -812.730633817798     
   998.141138422102       -1284.96892433770       -961.044794253239     
   1447.61135892902       -3230.97948261820       -858.750519192158     
   1287.38936020695       -6481.73142444241        215.394665338678     
   1385.23465385596       -2818.80735718971       -943.697149604960     
   4279.45614807728        8293.63856317706       -7520.82788252537     
   8986.73819661342        15598.1799674576       -12508.0494488938     
   4955.74753618995        7794.21945292409       -7464.04868470516     
  -3262.36962316963       -282.060241198259       -910.793298894397     
  -6260.06505052208       -2103.22477633858        164.837720779756     
  -3581.17224900492       -396.214472589919       -883.152125643816     
  -1653.20212243070        193.369887827587       -974.720795316478     
  -256.507356341237        102.666206376209       -820.226113260835     
  0.000000000000000E+000  0.000000000000000E+000  0.000000000000000E+000
  0.000000000000000E+000  0.000000000000000E+000  0.000000000000000E+000
  0.000000000000000E+000  0.000000000000000E+000  0.000000000000000E+000
  0.000000000000000E+000  0.000000000000000E+000  0.000000000000000E+000
   599.770793906026       -540.989395019965       -415.681268461619     
   422.468098291535        2037.96993738592       -1710.10992001196     
   1103.04170186130       -2333.96324359427       -565.297031726153     
   1115.04933120413       -771.141559575965       -2204.72699087561     
   1651.94177786965        1065.42319296359       -3238.89285355312     
   1664.54229989224        1882.36103799763       -2459.53293915436     
   4165.93825890836        7260.04482092488       -6597.80262778118     
   853.216422281237        2510.22018767787       -2608.79387818381     
  -184.629600571353        1788.63589564098       -3075.34494075669     
  -1181.75114052510        655.014489095554       -2315.81595040132     
  -2519.72218477016       -173.136732452362       -639.569373621310     
   1472.73591537886        1349.64459460839       -1703.92241110989     
  -759.394972416525        239.627085879286       -429.339427720423     
  0.000000000000000E+000  0.000000000000000E+000  0.000000000000000E+000
  0.000000000000000E+000  0.000000000000000E+000  0.000000000000000E+000
  0.000000000000000E+000  0.000000000000000E+000  0.000000000000000E+000
  0.000000000000000E+000  0.000000000000000E+000  0.000000000000000E+000
   691.762596270061       -553.101855724963       -33.7853682162512     
   101.836148754388        3596.45423664811       -2291.11971784500     
   1141.24813391087       -2058.02049410096       -187.467347512197     
   780.712496813984        2822.61648862773       -4506.21483111334     
   2777.98562304448        9036.61760253463       -11081.7269686852     
   3012.92145012694        4043.80498843014       -5058.83090089198     
   3013.19027889627        5302.51064263565       -4652.91066002062     
   2076.22210811727        4795.02481453308       -5328.78034873960     
   6345.89408149933        6896.86475388092       -11050.2483961143     
   2106.91322985554        2143.51523633684       -4625.93257981665     
  -2231.66613836495        35.7229372600054       -298.257542547470     
   3021.06828644411        1874.42026393517       -2290.92232515663     
  -825.469382518121        314.680042770197       -45.6561656378314     
  0.000000000000000E+000  0.000000000000000E+000  0.000000000000000E+000
  0.000000000000000E+000  0.000000000000000E+000  0.000000000000000E+000
  0.000000000000000E+000  0.000000000000000E+000  0.000000000000000E+000
  0.000000000000000E+000  0.000000000000000E+000  0.000000000000000E+000
   288.176972080216       -404.785645914930        153.961081957759     
   492.224190693830        2498.73337061458       -1838.16747966516     
   730.004099444651       -1466.53415713727        4.37006523049030     
   963.963734711141       -923.247852565503       -448.148325436586     
   1483.94181685496        6483.04183922716       -9200.08624688502     
   2951.96208273663        7206.09207924152       -10849.0487330152     
   7605.92575499727        13188.1354872279       -21015.5457145260     
   4621.12144067284        6065.69403954394       -10643.6142096747     
   4901.60519259657        4584.48030645189       -9348.05528899116     
  -1242.57482119190        381.623109254545       -488.138950732739     
  -1597.57924144406       -70.4520566357123       -42.4065368694285     
   1914.96189825924        1683.45600865035       -1850.38956928999     
  -499.272473287552        42.3049446827870        148.514015718783     
  0.000000000000000E+000  0.000000000000000E+000  0.000000000000000E+000
  0.000000000000000E+000  0.000000000000000E+000  0.000000000000000E+000
  0.000000000000000E+000  0.000000000000000E+000  0.000000000000000E+000
  0.000000000000000E+000  0.000000000000000E+000  0.000000000000000E+000
  -26.3627323351278       -137.829219057553       -104.936931921574     
   555.361909479774        341.832924094687       -284.701542143371     
   18.9817962143210       -722.507519690897       -98.8130910861412     
   1151.77432701017       -2896.05645948780        2512.44375118435     
   2202.48385247496        614.699761901001       -1743.09723941274     
   2602.36824949324        3021.31449672391       -3979.95436719937     
   6707.41366316490        11539.3745902421       -24422.9630359198     
   1240.61715484039        3759.98900734841       -3910.89979648674     
  -579.443073767506        2208.33043030089       -1730.18144483203     
  -3020.48230276163       -418.480330181177        2444.94111883507     
  -638.453994499234       -343.219512258976       -85.5550713150622     
   15.0817726327335        656.174349993968       -293.397478175196     
  -107.377907325419       -93.5485650738622       -106.044482140060     
  0.000000000000000E+000  0.000000000000000E+000  0.000000000000000E+000
  0.000000000000000E+000  0.000000000000000E+000  0.000000000000000E+000
  0.000000000000000E+000  0.000000000000000E+000  0.000000000000000E+000
  0.000000000000000E+000  0.000000000000000E+000  0.000000000000000E+000
  0.000000000000000E+000  0.000000000000000E+000  0.000000000000000E+000
  0.000000000000000E+000  0.000000000000000E+000  0.000000000000000E+000
  0.000000000000000E+000  0.000000000000000E+000  0.000000000000000E+000
  0.000000000000000E+000  0.000000000000000E+000  0.000000000000000E+000
  0.000000000000000E+000  0.000000000000000E+000  0.000000000000000E+000
  0.000000000000000E+000  0.000000000000000E+000  0.000000000000000E+000
  0.000000000000000E+000  0.000000000000000E+000  0.000000000000000E+000
  0.000000000000000E+000  0.000000000000000E+000  0.000000000000000E+000
  0.000000000000000E+000  0.000000000000000E+000  0.000000000000000E+000
  0.000000000000000E+000  0.000000000000000E+000  0.000000000000000E+000
  0.000000000000000E+000  0.000000000000000E+000  0.000000000000000E+000
  0.000000000000000E+000  0.000000000000000E+000  0.000000000000000E+000
  0.000000000000000E+000  0.000000000000000E+000  0.000000000000000E+000
  0.000000000000000E+000  0.000000000000000E+000  0.000000000000000E+000
  0.000000000000000E+000  0.000000000000000E+000  0.000000000000000E+000
  0.000000000000000E+000  0.000000000000000E+000  0.000000000000000E+000
  0.000000000000000E+000  0.000000000000000E+000  0.000000000000000E+000
  0.000000000000000E+000  0.000000000000000E+000  0.000000000000000E+000
  0.000000000000000E+000  0.000000000000000E+000  0.000000000000000E+000
  0.000000000000000E+000  0.000000000000000E+000  0.000000000000000E+000
  0.000000000000000E+000  0.000000000000000E+000  0.000000000000000E+000
  0.000000000000000E+000  0.000000000000000E+000  0.000000000000000E+000
  0.000000000000000E+000  0.000000000000000E+000  0.000000000000000E+000
  0.000000000000000E+000  0.000000000000000E+000  0.000000000000000E+000
  0.000000000000000E+000  0.000000000000000E+000  0.000000000000000E+000
  0.000000000000000E+000  0.000000000000000E+000  0.000000000000000E+000
  0.000000000000000E+000  0.000000000000000E+000  0.000000000000000E+000
  0.000000000000000E+000  0.000000000000000E+000  0.000000000000000E+000
  0.000000000000000E+000  0.000000000000000E+000  0.000000000000000E+000
  0.000000000000000E+000  0.000000000000000E+000  0.000000000000000E+000
  0.000000000000000E+000  0.000000000000000E+000  0.000000000000000E+000
  0.000000000000000E+000  0.000000000000000E+000  0.000000000000000E+000
