         140  1.399999999999997E-002  1.399999999999997E-002
  0.000000000000000E+000  0.000000000000000E+000  0.000000000000000E+000
  0.000000000000000E+000  0.000000000000000E+000  0.000000000000000E+000
  3.124974824101044E-002  5.731925214400881E-002 -7.096558765360700E-002
  3.757327753007736E-002  7.864674185882375E-002 -0.116086958613744     
  5.565875849192789E-002  0.107029615003848      -0.169153314948377     
  6.217342552849729E-002  0.139756199920965      -0.205018677316158     
  7.220478629863977E-002  0.163998510618025      -0.239592059828506     
  8.241003398240886E-002  0.164438268781723      -0.256790683842185     
  9.354483932761490E-002  0.162072889424230      -0.263674020733659     
  0.101189047876956       0.153635274189398      -0.256818079916906     
  0.105903117773957       0.144566769768571      -0.239615118797145     
  8.995632969130714E-002  0.123776325751857      -0.205081131747587     
  6.488547699448645E-002  0.101787671268742      -0.169232385360725     
  4.931003541295494E-002  7.187257098822745E-002 -0.116106346423505     
  3.402409331217780E-002  5.575832578032995E-002 -7.102590223965401E-002
  0.000000000000000E+000  0.000000000000000E+000  0.000000000000000E+000
  0.000000000000000E+000  0.000000000000000E+000  0.000000000000000E+000
  0.000000000000000E+000  0.000000000000000E+000  0.000000000000000E+000
  0.000000000000000E+000  0.000000000000000E+000  0.000000000000000E+000
  2.139008976555670E-002  5.403230144549700E-002 -5.798385684869781E-002
  3.342929308407576E-002  8.924418679175652E-002 -0.112585906001655     
  4.816251054867082E-002  0.118168669476253      -0.162675344296976     
  6.029933545438575E-002  0.144201722067662      -0.206270415940655     
  7.098273292115403E-002  0.163591534469832      -0.236448790582096     
  8.287588332616973E-002  0.166324141746443      -0.257172893381494     
  9.394655537277107E-002  0.162750317538352      -0.262738789417368     
  0.102581379140250       0.154984360231149      -0.257214449910917     
  0.106157788206850       0.143310387837372      -0.236481841287901     
  9.471659384716036E-002  0.124365073858413      -0.206309472118904     
  7.825398270914308E-002  0.100836800055567      -0.162724212644777     
  6.055505107416422E-002  7.357660049128832E-002 -0.112588185683542     
  3.612156426417580E-002  4.556550784028965E-002 -5.802669321281811E-002
  0.000000000000000E+000  0.000000000000000E+000  0.000000000000000E+000
  0.000000000000000E+000  0.000000000000000E+000  0.000000000000000E+000
  0.000000000000000E+000  0.000000000000000E+000  0.000000000000000E+000
  0.000000000000000E+000  0.000000000000000E+000  0.000000000000000E+000
  2.095639585212481E-002  5.291541117957574E-002 -5.629161427761069E-002
  3.021737690254502E-002  9.406982316768081E-002 -0.109711560623652     
  4.315194315373445E-002  0.134476410380054      -0.161575513690305     
  5.322029219490745E-002  0.165285535915512      -0.206062909291159     
  6.593218076842680E-002  0.170313025806869      -0.234414220596633     
  7.874059532163034E-002  0.167098051779297      -0.249721307309487     
  9.317767080828129E-002  0.161438769356830      -0.256705438777048     
  0.105332014625117       0.151801393165811      -0.249772707131692     
  0.114493504693965       0.142293875492990      -0.234440244680224     
  0.116472770290432       0.128746130115944      -0.206085486927373     
  9.487381583873537E-002  0.104651062366805      -0.161622487928105     
  6.634789911706060E-002  7.319820575691503E-002 -0.109701892685920     
  3.537001004733342E-002  4.463189097330541E-002 -5.633109057198066E-002
  0.000000000000000E+000  0.000000000000000E+000  0.000000000000000E+000
  0.000000000000000E+000  0.000000000000000E+000  0.000000000000000E+000
  0.000000000000000E+000  0.000000000000000E+000  0.000000000000000E+000
  0.000000000000000E+000  0.000000000000000E+000  0.000000000000000E+000
  1.578038850006372E-002  4.421471067168113E-002 -4.067303373531021E-002
  2.143495277253901E-002  0.109325587936233      -9.739374264190941E-002
  3.438975375717362E-002  0.151331665907853      -0.150483399398876     
  4.723428939090339E-002  0.176297150766999      -0.197897943231363     
  6.225082238822428E-002  0.179620686704897      -0.227770798181465     
  7.825484272446256E-002  0.173742381249387      -0.245459849410765     
  9.569304855801057E-002  0.165776190285517      -0.251840144505898     
  0.111349635592882       0.154738833865262      -0.245573864093380     
  0.124403450970788       0.143773203542213      -0.227829398119421     
  0.128977196269962       0.129061650033357      -0.197885557765321     
  0.113801731752695       0.105439064106977      -0.150466824889119     
  8.392002351007184E-002  7.321112222278475E-002 -9.734166095575057E-002
  3.045045433302533E-002  3.579530474199533E-002 -4.069360846380823E-002
  0.000000000000000E+000  0.000000000000000E+000  0.000000000000000E+000
  0.000000000000000E+000  0.000000000000000E+000  0.000000000000000E+000
  0.000000000000000E+000  0.000000000000000E+000  0.000000000000000E+000
  0.000000000000000E+000  0.000000000000000E+000  0.000000000000000E+000
  1.776104034661847E-002  2.867147870381427E-002 -3.519701356427909E-002
  2.000290850765866E-002  0.104895250126564      -8.794749192079676E-002
  3.209314136959902E-002  0.152749973312989      -0.142324535757845     
  4.481863059723560E-002  0.180527728727632      -0.190068639276285     
  6.003185012920120E-002  0.183620225619994      -0.221196701880121     
  7.778444678863215E-002  0.177521080086894      -0.238985912293786     
  9.703568470884154E-002  0.168105331047693      -0.245897562465310     
  0.114893761631895       0.156254142752225      -0.239154410004269     
  0.129011892277762       0.143891051684254      -0.221300118972803     
  0.133852100549247       0.129077253070273      -0.190044097893000     
  0.116175389831051       0.104170911443172      -0.142289913809184     
  8.078583034061999E-002  6.973456291223171E-002 -8.787672154403839E-002
  1.601440450870307E-002  2.976518509961513E-002 -3.522425647413752E-002
  0.000000000000000E+000  0.000000000000000E+000  0.000000000000000E+000
  0.000000000000000E+000  0.000000000000000E+000  0.000000000000000E+000
  0.000000000000000E+000  0.000000000000000E+000  0.000000000000000E+000
  0.000000000000000E+000  0.000000000000000E+000  0.000000000000000E+000
  1.606185601418904E-002  2.579729207386589E-003 -2.262680358588956E-002
  1.848969057577829E-002  0.103638691087183      -7.848525918175453E-002
  3.093918210538043E-002  0.151569760084055      -0.134609338822869     
  4.171914989457173E-002  0.177521641630877      -0.180580844765012     
  5.852235117764108E-002  0.182364661240081      -0.212315683909861     
  7.590910222047882E-002  0.175543128841383      -0.229837001195776     
  9.614731005997859E-002  0.166548959195859      -0.236792791318938     
  0.114190233586990       0.153731479577397      -0.230113998178462     
  0.128713015597805       0.141987885163225      -0.212473113370166     
  0.132830313645243       0.124943489750659      -0.180575985854003     
  0.115697547107491       0.102531031894233      -0.134525322712599     
  8.046280962878367E-002  6.782543687678505E-002 -7.842393944132467E-002
 -5.693154857856980E-003  1.524522333236336E-002 -2.266875257674908E-002
  0.000000000000000E+000  0.000000000000000E+000  0.000000000000000E+000
  0.000000000000000E+000  0.000000000000000E+000  0.000000000000000E+000
  0.000000000000000E+000  0.000000000000000E+000  0.000000000000000E+000
  0.000000000000000E+000  0.000000000000000E+000  0.000000000000000E+000
  1.017087941767817E-002 -1.515862906918547E-002 -1.434098308371267E-002
  2.134429253808150E-002  0.107739566088534      -7.325145102639204E-002
  2.466776574753279E-002  0.135565352512331      -0.121630620581719     
  3.887975036110344E-002  0.167673184686843      -0.167270919029478     
  5.250067902435047E-002  0.168090301537671      -0.196055053011055     
  7.019488405462870E-002  0.163684137746227      -0.212988698054601     
  8.897753540112972E-002  0.154116269209088      -0.219360089697339     
  0.106849746330814       0.142927943648206      -0.213389296502192     
  0.119424719165658       0.129699590734364      -0.196298084270860     
  0.125728387383789       0.117554603233532      -0.167294448150182     
  0.105058060292504       8.920861897389024E-002 -0.121569727609135     
  8.247502732813729E-002  7.219112913747545E-002 -7.312225276574055E-002
 -1.807981924383618E-002  1.392267157124837E-003 -1.440705689501508E-002
  0.000000000000000E+000  0.000000000000000E+000  0.000000000000000E+000
  0.000000000000000E+000  0.000000000000000E+000  0.000000000000000E+000
  0.000000000000000E+000  0.000000000000000E+000  0.000000000000000E+000
  0.000000000000000E+000  0.000000000000000E+000  0.000000000000000E+000
  1.135453387622288E-002 -8.892133700256292E-003 -1.130799304844900E-002
  1.639362007037369E-002  8.456837593644936E-002 -5.876462218252211E-002
  2.203766109419844E-002  0.114456975483552      -0.103113686455490     
  3.212576685766476E-002  0.139901047486559      -0.142641769868388     
  4.436197890747670E-002  0.143185349688893      -0.168585757579400     
  5.989416197332111E-002  0.139468620677648      -0.184119231123249     
  7.601786631617620E-002  0.131614068061598      -0.189558897965332     
  9.111389520035812E-002  0.121981921398685      -0.184671418921766     
  0.101947185891815       0.110257610782974      -0.168930170076039     
  0.105104111027315       9.784942041254450E-002 -0.142711383247233     
  8.815141817643145E-002  7.640120853151638E-002 -0.103111935888861     
  6.494949014538033E-002  5.639882923005730E-002 -5.864020151185580E-002
 -1.337728310020179E-002  5.368308971450517E-003 -1.129454859665741E-002
  0.000000000000000E+000  0.000000000000000E+000  0.000000000000000E+000
  0.000000000000000E+000  0.000000000000000E+000  0.000000000000000E+000
  0.000000000000000E+000  0.000000000000000E+000  0.000000000000000E+000
  0.000000000000000E+000  0.000000000000000E+000  0.000000000000000E+000
  2.962238917478988E-003 -9.132966711381764E-003 -4.155614592991225E-003
  1.679393726056880E-002  5.411443231715236E-002 -3.942830701826978E-002
  1.423748228074152E-002  7.472040478836156E-002 -7.001517273741766E-002
  2.105708058199155E-002  9.734879603827463E-002 -0.102023454498733     
  3.045949242477495E-002  9.944500595061807E-002 -0.122580233502096     
  4.089854589377399E-002  9.739273153617671E-002 -0.134674791517911     
  5.327537030403105E-002  9.216978907382281E-002 -0.139539095989383     
  6.415246877470292E-002  8.441358795379988E-002 -0.135235373771274     
  7.098112296969405E-002  7.628753085133280E-002 -0.122911333835683     
  7.379036966720802E-002  6.699094661296093E-002 -0.102130616571014     
  5.766472695616723E-002  4.976528893036264E-002 -7.004568288374056E-002
  3.842558332247925E-002  4.156599559847660E-002 -3.936013228726669E-002
 -9.395316736088007E-003 -2.033217928453377E-003 -4.135911728978858E-003
  0.000000000000000E+000  0.000000000000000E+000  0.000000000000000E+000
  0.000000000000000E+000  0.000000000000000E+000  0.000000000000000E+000
  0.000000000000000E+000  0.000000000000000E+000  0.000000000000000E+000
  0.000000000000000E+000  0.000000000000000E+000  0.000000000000000E+000
 -1.868339581933173E-003 -2.595758120503753E-003 -4.031753073704010E-003
  1.313407238867417E-002  9.951387119780697E-003 -1.055971617589195E-002
  9.738474851812194E-003  2.273495449550911E-002 -1.965616054942153E-002
  1.782088602220754E-002  3.496327602579322E-002 -3.449436653599028E-002
  1.713574925317988E-002  4.050556612846469E-002 -4.341678183753416E-002
  2.168839670354588E-002  4.314845396102363E-002 -5.209773432239195E-002
  2.441054491180140E-002  4.214277600813580E-002 -5.377135330933780E-002
  2.669965216847749E-002  4.064481294482897E-002 -5.246292132812115E-002
  2.653930294965070E-002  3.525766039076973E-002 -4.358884043084263E-002
  2.139805448250334E-002  3.291780342634169E-002 -3.450733666765346E-002
  1.489338059135239E-002  1.983648167001630E-002 -1.969631212375840E-002
  2.050623405331436E-003  1.632837530075364E-002 -1.053620319922007E-002
 -1.311182259798774E-003 -2.918216563440003E-003 -4.033870635245616E-003
  0.000000000000000E+000  0.000000000000000E+000  0.000000000000000E+000
  0.000000000000000E+000  0.000000000000000E+000  0.000000000000000E+000
  0.000000000000000E+000  0.000000000000000E+000  0.000000000000000E+000
  0.000000000000000E+000  0.000000000000000E+000  0.000000000000000E+000
  0.000000000000000E+000  0.000000000000000E+000  0.000000000000000E+000
  0.000000000000000E+000  0.000000000000000E+000  0.000000000000000E+000
  0.000000000000000E+000  0.000000000000000E+000  0.000000000000000E+000
  0.000000000000000E+000  0.000000000000000E+000  0.000000000000000E+000
  0.000000000000000E+000  0.000000000000000E+000  0.000000000000000E+000
  0.000000000000000E+000  0.000000000000000E+000  0.000000000000000E+000
  0.000000000000000E+000  0.000000000000000E+000  0.000000000000000E+000
  0.000000000000000E+000  0.000000000000000E+000  0.000000000000000E+000
  0.000000000000000E+000  0.000000000000000E+000  0.000000000000000E+000
  0.000000000000000E+000  0.000000000000000E+000  0.000000000000000E+000
  0.000000000000000E+000  0.000000000000000E+000  0.000000000000000E+000
  0.000000000000000E+000  0.000000000000000E+000  0.000000000000000E+000
  0.000000000000000E+000  0.000000000000000E+000  0.000000000000000E+000
  0.000000000000000E+000  0.000000000000000E+000  0.000000000000000E+000
  0.000000000000000E+000  0.000000000000000E+000  0.000000000000000E+000
  0.000000000000000E+000  0.000000000000000E+000  0.000000000000000E+000
  0.000000000000000E+000  0.000000000000000E+000  0.000000000000000E+000
  0.000000000000000E+000  0.000000000000000E+000  0.000000000000000E+000
  0.000000000000000E+000  0.000000000000000E+000  0.000000000000000E+000
  0.000000000000000E+000  0.000000000000000E+000  0.000000000000000E+000
  0.000000000000000E+000  0.000000000000000E+000  0.000000000000000E+000
  0.000000000000000E+000  0.000000000000000E+000  0.000000000000000E+000
  0.000000000000000E+000  0.000000000000000E+000  0.000000000000000E+000
  0.000000000000000E+000  0.000000000000000E+000  0.000000000000000E+000
  0.000000000000000E+000  0.000000000000000E+000  0.000000000000000E+000
  0.000000000000000E+000  0.000000000000000E+000  0.000000000000000E+000
  0.000000000000000E+000  0.000000000000000E+000  0.000000000000000E+000
  0.000000000000000E+000  0.000000000000000E+000  0.000000000000000E+000
  0.000000000000000E+000  0.000000000000000E+000  0.000000000000000E+000
  0.000000000000000E+000  0.000000000000000E+000  0.000000000000000E+000
  0.000000000000000E+000  0.000000000000000E+000  0.000000000000000E+000
  0.000000000000000E+000  0.000000000000000E+000  0.000000000000000E+000
  0.000000000000000E+000  0.000000000000000E+000  0.000000000000000E+000
  0.000000000000000E+000  0.000000000000000E+000  0.000000000000000E+000
 -5.096133555279172E-005 -7.736724285397841E-007  1.209014204386854E-004
 -1.294140991630563E-004  5.508699365583933E-005  8.094934114183044E-004
 -3.190694198419772E-004  2.036816925040138E-005  1.317290444560923E-003
 -6.207015260922079E-004  5.607177158676544E-005  1.738057574058054E-003
 -6.927093648548417E-004  2.171003400313406E-004  2.812919143186887E-003
 -5.867310525710007E-004 -2.048024092410863E-003  6.038832513333084E-003
 -1.936983634067585E-003 -3.349911356761469E-003  8.682222015515996E-003
 -1.564028802138418E-003 -1.565218912985032E-003  6.152905437270441E-003
  5.603012837753211E-004 -4.640334947225554E-004  2.817823754680699E-003
  3.529943775952475E-004 -5.166116838920858E-004  1.755930296002522E-003
  1.269534270628057E-004 -2.907347141521165E-004  1.328318225602655E-003
  9.676884035688613E-005 -9.281796279667156E-005  8.107841784748103E-004
  2.049719057314110E-005 -4.597205287910080E-005  1.207287230541927E-004
  0.000000000000000E+000  0.000000000000000E+000  0.000000000000000E+000
  0.000000000000000E+000  0.000000000000000E+000  0.000000000000000E+000
  0.000000000000000E+000  0.000000000000000E+000  0.000000000000000E+000
  0.000000000000000E+000  0.000000000000000E+000  0.000000000000000E+000
 -8.799778598419443E-006 -2.909001229522249E-005  8.322278102020631E-005
 -5.192939023215656E-005 -4.336643195043023E-004  7.359423425454396E-004
 -2.291115133886450E-004 -2.598401661565891E-004  1.271243253564035E-003
 -5.145451093968269E-004  1.610213701100177E-004  1.602723753925808E-003
 -6.700532057566163E-004  4.596268738912685E-004  2.274405019208296E-003
 -1.033193868965385E-003 -1.634522427120237E-003  4.958180894143092E-003
 -2.065926945173433E-003 -3.545197751330065E-003  7.275876047052861E-003
 -9.694828868637848E-004 -1.756494305917195E-003  5.051555985523349E-003
  7.685209435258362E-004 -3.189450814555634E-004  2.275060272848628E-003
  3.798391845517710E-004 -3.723771651461744E-004  1.618375450755296E-003
 -1.552695918119781E-004 -3.503782787775333E-004  1.278500997378482E-003
 -3.586209120626788E-004 -2.656252866978761E-004  7.361177122339409E-004
 -2.400842266440632E-005 -2.355096123826087E-005  8.280223471970417E-005
  0.000000000000000E+000  0.000000000000000E+000  0.000000000000000E+000
  0.000000000000000E+000  0.000000000000000E+000  0.000000000000000E+000
  0.000000000000000E+000  0.000000000000000E+000  0.000000000000000E+000
  0.000000000000000E+000  0.000000000000000E+000  0.000000000000000E+000
 -2.380936822441510E-005 -6.785761396365582E-006  9.296856850301473E-005
 -2.615255012815964E-005 -6.636768835343371E-004  7.124581377899684E-004
 -1.728994972744308E-004 -8.571561292876743E-004  1.236211503943221E-003
 -3.546962748098596E-004  3.705420913540707E-004  1.436721063247728E-003
 -1.445958413439719E-004  1.340893838812067E-003  1.654271152279036E-003
  3.377778564508356E-004  8.999400109027366E-004  3.098496713574431E-003
  1.181573126729732E-004  2.014290407679343E-004  4.569814187162328E-003
  5.915543195228022E-004  7.441403628268029E-004  3.158452874178554E-003
  1.259333979610414E-003  5.781686113894548E-004  1.653759366903609E-003
  4.830618162029168E-004 -1.262228812841042E-004  1.452978524072380E-003
 -7.017962270668067E-004 -5.980362177256562E-004  1.245371468334694E-003
 -5.667362980271230E-004 -3.550537902506908E-004  7.116072308473739E-004
  2.451819398776677E-006 -2.594371846516003E-005  9.269669541373908E-005
  0.000000000000000E+000  0.000000000000000E+000  0.000000000000000E+000
  0.000000000000000E+000  0.000000000000000E+000  0.000000000000000E+000
  0.000000000000000E+000  0.000000000000000E+000  0.000000000000000E+000
  0.000000000000000E+000  0.000000000000000E+000  0.000000000000000E+000
 -1.684743627643391E-005 -1.064965135308064E-004  7.573060514353864E-005
  1.214455875956923E-004 -1.422261069601240E-003  6.341824508482383E-004
  7.103120132020019E-005 -2.180064153180861E-003  1.334733871445696E-003
  1.081834585992036E-005 -3.154911644381391E-004  1.300396036340066E-003
  3.536989696512441E-004  1.189462461199201E-003  1.349628857530755E-003
  1.080216558287114E-003  2.718409356704065E-003  1.197446309402746E-003
  1.865266668514096E-003  3.220403028106410E-003  1.050933725978197E-003
  1.820430853718600E-003  2.294605629750336E-003  1.227377184124149E-003
  8.570984699718114E-004  9.122315049784975E-004  1.362796882402144E-003
 -2.321282432842975E-004 -1.153880033971193E-004  1.275860233887756E-003
 -1.878251351939881E-003 -1.001582355964790E-003  1.317238710912376E-003
 -1.284495313553820E-003 -5.995736451172846E-004  6.307678965484593E-004
 -8.528327443891790E-005 -6.906536105961575E-005  7.506162578132240E-005
  0.000000000000000E+000  0.000000000000000E+000  0.000000000000000E+000
  0.000000000000000E+000  0.000000000000000E+000  0.000000000000000E+000
  0.000000000000000E+000  0.000000000000000E+000  0.000000000000000E+000
  0.000000000000000E+000  0.000000000000000E+000  0.000000000000000E+000
 -6.760821068966222E-005 -1.215066059664909E-004  1.172672182289125E-004
  8.318828586892152E-005 -8.479267499495021E-004  3.670936449101825E-004
  1.292619143690189E-004 -1.920677988378593E-003  1.113803085943884E-003
  1.660933347069833E-004 -1.189592302487815E-005  8.636279250594727E-004
  5.409973048710250E-004  1.236921744685736E-003  1.018649685490324E-003
  7.275980521725530E-004  9.975627440447074E-004  2.347728367824526E-003
  6.780132233610785E-004  1.159047481919849E-003  2.906709269190955E-003
  4.974579619596583E-004  1.115812355397958E-003  2.378784798671307E-003
  7.840119309206442E-004  1.079627471596240E-003  1.041365856910113E-003
 -3.608871303029197E-005  1.825238533148107E-004  8.233405536676308E-004
 -1.698111511034916E-003 -8.267030362888860E-004  1.098604731270056E-003
 -7.787181714925956E-004 -3.495824636168263E-004  3.681677756170488E-004
 -7.111772980141065E-005 -1.203890144273183E-004  1.159363072741542E-004
  0.000000000000000E+000  0.000000000000000E+000  0.000000000000000E+000
  0.000000000000000E+000  0.000000000000000E+000  0.000000000000000E+000
  0.000000000000000E+000  0.000000000000000E+000  0.000000000000000E+000
  0.000000000000000E+000  0.000000000000000E+000  0.000000000000000E+000
 -5.092818380466910E-005 -6.124286824832382E-005  8.923494931463801E-006
 -2.870343052513272E-005  1.249723936607730E-004 -1.082755823272527E-004
  1.192990016314527E-004 -5.182880614472601E-004  3.526199152642142E-004
  2.461029762444280E-004  2.633112200526502E-004  4.160198719287365E-004
  7.101776860789816E-004  1.341141633013607E-003  4.973942422472694E-004
  4.859582796120883E-004  6.452594152522279E-005  2.654765844714214E-003
 -3.163470884448517E-004 -5.581659124703705E-004  4.117423791397480E-003
 -1.682509101451739E-004  4.699640579515179E-004  2.634002566329881E-003
  8.217178196489241E-004  1.313600201010021E-003  4.737508271722521E-004
  9.755203046034695E-005  3.571777326383519E-004  4.089484645076050E-004
 -5.958491791257886E-004 -1.866950043446127E-004  3.887790049052300E-004
  7.659918649820347E-005  2.490501445226312E-005 -9.293247554855321E-005
 -2.170034924228195E-005 -7.589637420457616E-005  9.864392236980797E-006
  0.000000000000000E+000  0.000000000000000E+000  0.000000000000000E+000
  0.000000000000000E+000  0.000000000000000E+000  0.000000000000000E+000
  0.000000000000000E+000  0.000000000000000E+000  0.000000000000000E+000
  0.000000000000000E+000  0.000000000000000E+000  0.000000000000000E+000
  3.473055535018173E-005  5.778371804460321E-006 -6.435025624458519E-005
 -5.273823143362019E-005  6.543638523024679E-004 -3.657926808512633E-004
  1.277398433150463E-005  1.212357268657247E-003 -7.031295224536368E-004
  2.969915519391540E-004  1.092311324094755E-003 -4.283536846491176E-004
  3.965150318779381E-004 -6.470061342771257E-004  1.693856898934057E-003
 -8.592286041610025E-005 -1.756960768324317E-003  3.918120364044093E-003
 -4.204996976242372E-004 -7.326500397036521E-004  3.581386583510566E-003
 -1.456378688215351E-003 -9.269894139923736E-004  3.867836521128191E-003
 -7.386471845923656E-004  5.488654330409215E-005  1.643998523963166E-003
  7.756777288330615E-004  8.126321254184326E-004 -4.282122683581944E-004
  9.330356494913766E-004  5.795219643998375E-004 -6.471111530189402E-004
  5.124962469994570E-004  2.560583535816037E-004 -3.403825357460270E-004
 -3.692140722127696E-006  2.882241724022705E-005 -6.339692408224581E-005
  0.000000000000000E+000  0.000000000000000E+000  0.000000000000000E+000
  0.000000000000000E+000  0.000000000000000E+000  0.000000000000000E+000
  0.000000000000000E+000  0.000000000000000E+000  0.000000000000000E+000
  0.000000000000000E+000  0.000000000000000E+000  0.000000000000000E+000
  7.290806453278015E-005 -5.968437236927092E-005 -1.142679921328504E-004
 -3.273300152184509E-005  7.497583844874537E-004 -3.930715784644126E-004
 -3.346749904968337E-004  3.642363520219337E-003 -2.464363131642280E-003
  1.913951860098702E-004  2.043321047069415E-003 -1.711321814315514E-003
  4.389809223108415E-004 -1.752173381467199E-003  2.709685274693517E-003
 -1.560961798683611E-005 -1.225819909281467E-003  3.116402320851998E-003
  1.744447006618503E-004  2.990273317945974E-004  9.534974744044143E-004
 -1.022674220635083E-003 -5.863933648997851E-004  3.026070851518344E-003
 -1.766764706920464E-003 -5.027926099875253E-004  2.724928511788124E-003
  1.682690435789941E-003  1.211274210528484E-003 -1.745451968153217E-003
  3.321894813171872E-003  1.547504882674444E-003 -2.470896374621280E-003
  5.967362003235890E-004  3.236696456190127E-004 -3.630788533091492E-004
 -8.226019758870721E-005  3.011167919323700E-005 -1.172858822688965E-004
  0.000000000000000E+000  0.000000000000000E+000  0.000000000000000E+000
  0.000000000000000E+000  0.000000000000000E+000  0.000000000000000E+000
  0.000000000000000E+000  0.000000000000000E+000  0.000000000000000E+000
  0.000000000000000E+000  0.000000000000000E+000  0.000000000000000E+000
  3.059998483303893E-005 -1.238332442525368E-004 -5.528887930197346E-005
  1.223741532192104E-004  8.453180573043955E-004 -4.480220132961099E-004
 -7.786652852265024E-004  4.069626420607354E-003 -3.471778129067469E-003
  1.774282823932878E-004  7.385885958797665E-004 -6.802557522815685E-004
 -1.746082700440110E-005  1.403227130223584E-004  4.930342390429600E-004
  5.369706720628119E-004  1.397261008132848E-003 -2.405000456148908E-003
  4.229193161394676E-004  7.373934567350544E-004 -1.178795038801693E-003
  9.719743349153563E-004  1.186080895928305E-003 -2.522235389930563E-003
  7.759767889283989E-005  3.093743804407027E-005  5.838418229271643E-004
  5.519807247553461E-004  5.387367348885579E-004 -7.129643338158432E-004
  4.002041507518994E-003  1.398565627148757E-003 -3.559993320885116E-003
  6.483963502881617E-004  5.184245169794489E-004 -4.334580494927638E-004
 -1.211090143687122E-004 -3.632463374314844E-005 -5.837303034224354E-005
  0.000000000000000E+000  0.000000000000000E+000  0.000000000000000E+000
  0.000000000000000E+000  0.000000000000000E+000  0.000000000000000E+000
  0.000000000000000E+000  0.000000000000000E+000  0.000000000000000E+000
  0.000000000000000E+000  0.000000000000000E+000  0.000000000000000E+000
 -3.156234671010101E-005 -2.927424391554229E-005 -7.230081029063435E-005
  2.340707568294573E-004  8.574195348608363E-005 -5.042152051504429E-005
  3.167020336845185E-004  1.193449310427645E-003 -6.946697746580346E-004
  1.380978314969891E-005  1.739797937485262E-004  3.080943200329050E-004
  1.194130641708703E-004  9.286704170388480E-004 -1.250225904412898E-003
  4.207769927131298E-004  1.217428405740485E-003 -2.470658382404283E-003
  1.454060003477879E-004  2.611617298680510E-004 -8.319274534258969E-005
  8.223438787157443E-004  9.578541496523225E-004 -2.437894875172046E-003
  7.104436807800419E-004  5.488862662106666E-004 -1.200979007767012E-003
  1.501600140968661E-004  9.363934043422438E-005  3.160818026506941E-004
  9.004291873938926E-004  8.995479333889663E-004 -7.283051489428424E-004
 -4.527562708842398E-005  2.442559938318017E-004 -5.308475194865353E-005
 -1.014870088485323E-005 -4.196842399263679E-005 -7.162087815364257E-005
  0.000000000000000E+000  0.000000000000000E+000  0.000000000000000E+000
  0.000000000000000E+000  0.000000000000000E+000  0.000000000000000E+000
  0.000000000000000E+000  0.000000000000000E+000  0.000000000000000E+000
  0.000000000000000E+000  0.000000000000000E+000  0.000000000000000E+000
  0.000000000000000E+000  0.000000000000000E+000  0.000000000000000E+000
  0.000000000000000E+000  0.000000000000000E+000  0.000000000000000E+000
  0.000000000000000E+000  0.000000000000000E+000  0.000000000000000E+000
  0.000000000000000E+000  0.000000000000000E+000  0.000000000000000E+000
  0.000000000000000E+000  0.000000000000000E+000  0.000000000000000E+000
  0.000000000000000E+000  0.000000000000000E+000  0.000000000000000E+000
  0.000000000000000E+000  0.000000000000000E+000  0.000000000000000E+000
  0.000000000000000E+000  0.000000000000000E+000  0.000000000000000E+000
  0.000000000000000E+000  0.000000000000000E+000  0.000000000000000E+000
  0.000000000000000E+000  0.000000000000000E+000  0.000000000000000E+000
  0.000000000000000E+000  0.000000000000000E+000  0.000000000000000E+000
  0.000000000000000E+000  0.000000000000000E+000  0.000000000000000E+000
  0.000000000000000E+000  0.000000000000000E+000  0.000000000000000E+000
  0.000000000000000E+000  0.000000000000000E+000  0.000000000000000E+000
  0.000000000000000E+000  0.000000000000000E+000  0.000000000000000E+000
  0.000000000000000E+000  0.000000000000000E+000  0.000000000000000E+000
  0.000000000000000E+000  0.000000000000000E+000  0.000000000000000E+000
  0.000000000000000E+000  0.000000000000000E+000  0.000000000000000E+000
  0.000000000000000E+000  0.000000000000000E+000  0.000000000000000E+000
  0.000000000000000E+000  0.000000000000000E+000  0.000000000000000E+000
  0.000000000000000E+000  0.000000000000000E+000  0.000000000000000E+000
  0.000000000000000E+000  0.000000000000000E+000  0.000000000000000E+000
  0.000000000000000E+000  0.000000000000000E+000  0.000000000000000E+000
  0.000000000000000E+000  0.000000000000000E+000  0.000000000000000E+000
  0.000000000000000E+000  0.000000000000000E+000  0.000000000000000E+000
  0.000000000000000E+000  0.000000000000000E+000  0.000000000000000E+000
  0.000000000000000E+000  0.000000000000000E+000  0.000000000000000E+000
  0.000000000000000E+000  0.000000000000000E+000  0.000000000000000E+000
  0.000000000000000E+000  0.000000000000000E+000  0.000000000000000E+000
  0.000000000000000E+000  0.000000000000000E+000  0.000000000000000E+000
  0.000000000000000E+000  0.000000000000000E+000  0.000000000000000E+000
  0.000000000000000E+000  0.000000000000000E+000  0.000000000000000E+000
  0.000000000000000E+000  0.000000000000000E+000  0.000000000000000E+000
  0.000000000000000E+000  0.000000000000000E+000  0.000000000000000E+000
 -0.294347197989104        3.37695554317562        1.39818399294351     
  -2.30170432938986       -2.38731627765268        5.90932622988853     
  -3.83006411093542       0.189529068705728        10.9839993601403     
  -6.49154234037446        4.66462069432188        11.5653022432481     
  0.163429749774191       -32.6287719507581        37.4676022011970     
  -9.97528259851884       -21.6526301430774        33.6061606620882     
   3.43141096313523        5.24058114922853      -0.756937235118141     
  -15.6348142087779       -21.1241339629536        35.6649516519959     
  -27.2648728104985       -15.5938334469246        35.9169798358812     
   8.32274580788511       -2.82996702532058        10.7676594085434     
   1.21844104695820       -3.63086820784477        10.4418125200704     
  -1.37744572374741       -3.48151946649243        5.49870491092416     
   2.83471188922147        1.29453029130140        1.19297497372947     
  0.000000000000000E+000  0.000000000000000E+000  0.000000000000000E+000
  0.000000000000000E+000  0.000000000000000E+000  0.000000000000000E+000
  0.000000000000000E+000  0.000000000000000E+000  0.000000000000000E+000
  0.000000000000000E+000  0.000000000000000E+000  0.000000000000000E+000
 -0.437520293648669        6.38456625859145       0.641980355920573     
  -1.97586951578932       0.175714901355219        4.69303089728991     
  -3.18161541790739       -3.90984829905276        10.8051176356412     
  -5.23901321773430        7.14001070245434        10.3759281561156     
  -4.11886739652836       -26.2581763624969        30.9116343736237     
  -5.88079851119864       -25.4122646265031        30.4958091103762     
   3.07153386265223        5.45486165168020        2.30139179375166     
  -20.6178216415876       -19.6514150323675        31.8850615103048     
  -19.4072589695501       -16.1331351721074        29.5325691554239     
   9.85966913910939      -0.511464974211784        9.42835688418697     
  -1.83500049202352       -4.72744010140977        10.1591202636102     
  0.828307003645415       -1.84124456784010        4.31751279408407     
   5.57260480480079        2.65028336384288       0.466317145894577     
  0.000000000000000E+000  0.000000000000000E+000  0.000000000000000E+000
  0.000000000000000E+000  0.000000000000000E+000  0.000000000000000E+000
  0.000000000000000E+000  0.000000000000000E+000  0.000000000000000E+000
  0.000000000000000E+000  0.000000000000000E+000  0.000000000000000E+000
 -0.617129915326499        7.25254110251995       0.648596005078555     
  -1.94575762613518        1.10421862385687        4.31215861416823     
  -2.69943720059242       -7.60964758417200        10.2741783082065     
  -2.59559331859749        6.15675631939215        9.26350472052420     
  -1.04235173720059       -11.9390256614258        24.4099318092308     
  -6.46817006771253       -12.9840637192858        24.0000455489308     
 -0.927294549391316       -1.62746719606199        4.86211902157034     
  -8.40445050571161       -12.3422189784518        24.2813746739073     
  -9.36703261499551       -6.65029461025265        23.1658035613739     
   8.91341215891909        1.94460276166629        7.83048829980074     
  -4.49400072008194       -5.82689026763915        9.63122565984768     
   1.54867716954571       -1.39352116834640        3.94534464937178     
   6.43718459389481        2.93837947125262       0.474275997989803     
  0.000000000000000E+000  0.000000000000000E+000  0.000000000000000E+000
  0.000000000000000E+000  0.000000000000000E+000  0.000000000000000E+000
  0.000000000000000E+000  0.000000000000000E+000  0.000000000000000E+000
  0.000000000000000E+000  0.000000000000000E+000  0.000000000000000E+000
  -1.20458028966597        11.1306209662251      -9.559730526911150E-002
  -2.97207091354919        13.8505248466058       0.566562193193838     
 -0.651176375790519       -19.1381971551867        12.1198529845064     
 -0.211041034107941        7.38864675696262        7.33183038992219     
   3.19039595976232        30.3052508317344       -5.98444583298628     
   2.40997310255436        13.4254346138409       -2.33948126132230     
   2.48258015633566        4.90320924425673      -6.050141249456054E-002
   9.37476604715391        8.27221576542713       -1.98006893260973     
   22.0992490626186        16.1884253051839       -4.66972613485729     
   6.24827267764552        3.37427430579237        6.83277628775765     
  -14.8611628789960       -9.51555598418794        11.2199213351138     
   13.9049042326717        4.49116350783646       0.171440589866364     
   10.1180886489286        4.35367805622501      -0.265136584999898     
  0.000000000000000E+000  0.000000000000000E+000  0.000000000000000E+000
  0.000000000000000E+000  0.000000000000000E+000  0.000000000000000E+000
  0.000000000000000E+000  0.000000000000000E+000  0.000000000000000E+000
  0.000000000000000E+000  0.000000000000000E+000  0.000000000000000E+000
 -0.163777952293270        5.23868844941907       0.995466810683879     
  -7.21782044995126        29.0741236209285       -4.36842435572229     
  -1.62584272722066        2.12529687004404        6.23174858427137     
  0.157120637799171        2.21722476154763        6.81121504380607     
   3.06538704498877        10.5260721730459        2.23456872229503     
   3.92427425856992        13.2862252899346       -4.49284817863457     
   10.3310081608339        18.6236339676278       -14.2082959416597     
   7.79324322829924        8.98282910502798       -3.49103569496767     
   5.78639850922276        6.92840685532345        2.91385034547310     
   1.69965365154831        1.34724000456404        6.35395580680978     
   3.77638696415296       0.291098837125623        5.35269887196262     
   30.2321454207829        8.84808673971964       -5.05321633824306     
   4.47954895101013        2.31588140598071       0.799325311183749     
  0.000000000000000E+000  0.000000000000000E+000  0.000000000000000E+000
  0.000000000000000E+000  0.000000000000000E+000  0.000000000000000E+000
  0.000000000000000E+000  0.000000000000000E+000  0.000000000000000E+000
  0.000000000000000E+000  0.000000000000000E+000  0.000000000000000E+000
  0.489064617176139      -0.100064578518780        2.56677077861829     
  -7.74932344939640        27.5173755483497       -3.61578367972339     
 -9.390981735234508E-002  -1.70687912407261        6.06621643681747     
 -4.989614202946802E-002  -30.7005192149821        24.5987386140238     
  0.396967608544964       -10.9157120036989        15.3635631525352     
 -8.797407255284938E-002   2.52525888643859      -0.993327862594301     
   16.2517102223228        28.8662009996407       -30.5013165606933     
   1.73557884235079        1.43703749807626       -1.46405288132184     
  -9.54231396426009       -4.61510911924531        14.2948922558301     
  -24.9570078128881       -14.1570299947365        22.9816274979868     
  -1.01477189904903      -0.507451650574376        5.50248047594466     
   28.8514692010054        7.54762271016056       -4.16648818090982     
 -0.363905028020307       0.251761022209633        2.37822400055707     
  0.000000000000000E+000  0.000000000000000E+000  0.000000000000000E+000
  0.000000000000000E+000  0.000000000000000E+000  0.000000000000000E+000
  0.000000000000000E+000  0.000000000000000E+000  0.000000000000000E+000
  0.000000000000000E+000  0.000000000000000E+000  0.000000000000000E+000
  -2.51862990134156        1.04088872656120        2.48450008748290     
  -1.00170207984815       -3.42326638404942        3.45217958182760     
   3.56557974125790       -33.7333343124678        22.7853211940381     
   1.57321817584746        1.66349110230220        7.07608389267903     
   2.06551775021498        19.6670255874382       -16.9759667349069     
  -14.5595916854262       -38.8461804783280        39.2692317806990     
  -12.5551953820664       -21.1781727421902        20.1711124322519     
  -25.8092251533884       -30.7923044527008        37.4358916462252     
   14.2952944975671        10.6816731595425       -15.8143224325547     
   2.10484401209486        3.39321512126811        5.39012575924576     
  -32.0720347511782       -14.0579640918274        23.2017093894936     
  -3.11927814022280       -2.70426232561411        3.46654823584607     
   2.30569461943326       -1.77830490342882        2.28903546539666     
  0.000000000000000E+000  0.000000000000000E+000  0.000000000000000E+000
  0.000000000000000E+000  0.000000000000000E+000  0.000000000000000E+000
  0.000000000000000E+000  0.000000000000000E+000  0.000000000000000E+000
  0.000000000000000E+000  0.000000000000000E+000  0.000000000000000E+000
  -3.51288890594670        3.79984779783277      -0.981405465730915     
   4.76812164756344       -32.0022363835315        16.4205203488081     
  0.608144883992633       -6.40568744854724        12.5851155052770     
  -2.87635740454250        27.0354913401377       -19.8524837052904     
  -3.20536917226518        9.14602751905301       -13.6176007464080     
  -11.7000298888071       -22.2060196722425        27.0302351075157     
  -4.60031805419932       -7.24214548570851       -3.41782521837826     
  -13.2513301487035       -20.6152944508063        25.5371060328809     
   8.23765563994391        1.07698451466895       -12.1198400431851     
   26.3850770064486        11.9207176739712       -21.7398276539806     
  -6.14233134890770       -2.54274714977478        12.9465676363777     
  -32.0201571915147       -12.4810024772563        17.1104510197859     
   5.30468783892394       -1.20394756438022       -1.25015153296551     
  0.000000000000000E+000  0.000000000000000E+000  0.000000000000000E+000
  0.000000000000000E+000  0.000000000000000E+000  0.000000000000000E+000
  0.000000000000000E+000  0.000000000000000E+000  0.000000000000000E+000
  0.000000000000000E+000  0.000000000000000E+000  0.000000000000000E+000
  -1.17145436012057        1.72332859613653       -2.63832677458485     
  0.454863850396124       -21.7176311012760        16.2259672983521     
  -3.54588342588749        21.7120777892004       -17.2016138846794     
   4.14577875993566       -18.0087657023181        26.0164420357812     
  -9.82439235099997       -10.9810167095313        24.7774870236216     
  -5.32176659988549        9.98377979925296       -25.0011601447463     
   5.99447990022690        10.3496046159830       -45.8143784303821     
   9.45081547626465      -0.914305520374217       -21.5668614281964     
  -5.09251062190568       -14.0854373422058        25.4362633392553     
  -16.8860686550024       -5.23375072395094        25.0682720416986     
   21.8097444724352        8.44488689171228       -18.3312901434846     
  -20.0970701259025       -10.9739021252101        16.9178477651042     
   2.14301437215032      -0.171218533788127       -2.89497741055936     
  0.000000000000000E+000  0.000000000000000E+000  0.000000000000000E+000
  0.000000000000000E+000  0.000000000000000E+000  0.000000000000000E+000
  0.000000000000000E+000  0.000000000000000E+000  0.000000000000000E+000
  0.000000000000000E+000  0.000000000000000E+000  0.000000000000000E+000
  0.490351687872551       1.473170901494969E-002  0.649056064167124     
  -2.85599111859755       -1.95971116176398       0.922767173226909     
  0.937244383791943        6.15812292868345       -4.23073879219235     
  -5.45893608778906       -14.5003887442148        25.7518639025549     
  -3.48332099529783       -6.95580788367227        13.2382047592140     
  -1.12448169567147        1.58577913801727       -6.71016241422881     
  1.440654495170550E-002  0.647099123974544       -5.15442152606931     
  0.153825603679568       -1.53096316010906       -2.70939011932493     
  -4.37097792878211       -6.85133605345992        13.6797179001257     
  -9.74743313779549       -12.0975449582182        26.1995901559415     
   5.21654129014213        4.29382342105738       -4.70984428797603     
 -0.346238464328942       -3.58331587456102       0.938514744576115     
 -0.253822224799095       0.429831955113369       0.619924785502012     
  0.000000000000000E+000  0.000000000000000E+000  0.000000000000000E+000
  0.000000000000000E+000  0.000000000000000E+000  0.000000000000000E+000
  0.000000000000000E+000  0.000000000000000E+000  0.000000000000000E+000
  0.000000000000000E+000  0.000000000000000E+000  0.000000000000000E+000
  0.000000000000000E+000  0.000000000000000E+000  0.000000000000000E+000
  0.000000000000000E+000  0.000000000000000E+000  0.000000000000000E+000
  0.000000000000000E+000  0.000000000000000E+000  0.000000000000000E+000
  0.000000000000000E+000  0.000000000000000E+000  0.000000000000000E+000
  0.000000000000000E+000  0.000000000000000E+000  0.000000000000000E+000
  0.000000000000000E+000  0.000000000000000E+000  0.000000000000000E+000
  0.000000000000000E+000  0.000000000000000E+000  0.000000000000000E+000
  0.000000000000000E+000  0.000000000000000E+000  0.000000000000000E+000
  0.000000000000000E+000  0.000000000000000E+000  0.000000000000000E+000
  0.000000000000000E+000  0.000000000000000E+000  0.000000000000000E+000
  0.000000000000000E+000  0.000000000000000E+000  0.000000000000000E+000
  0.000000000000000E+000  0.000000000000000E+000  0.000000000000000E+000
  0.000000000000000E+000  0.000000000000000E+000  0.000000000000000E+000
  0.000000000000000E+000  0.000000000000000E+000  0.000000000000000E+000
  0.000000000000000E+000  0.000000000000000E+000  0.000000000000000E+000
  0.000000000000000E+000  0.000000000000000E+000  0.000000000000000E+000
  0.000000000000000E+000  0.000000000000000E+000  0.000000000000000E+000
  0.000000000000000E+000  0.000000000000000E+000  0.000000000000000E+000
  0.000000000000000E+000  0.000000000000000E+000  0.000000000000000E+000
  0.000000000000000E+000  0.000000000000000E+000  0.000000000000000E+000
  0.000000000000000E+000  0.000000000000000E+000  0.000000000000000E+000
  0.000000000000000E+000  0.000000000000000E+000  0.000000000000000E+000
  0.000000000000000E+000  0.000000000000000E+000  0.000000000000000E+000
  0.000000000000000E+000  0.000000000000000E+000  0.000000000000000E+000
  0.000000000000000E+000  0.000000000000000E+000  0.000000000000000E+000
  0.000000000000000E+000  0.000000000000000E+000  0.000000000000000E+000
  0.000000000000000E+000  0.000000000000000E+000  0.000000000000000E+000
  0.000000000000000E+000  0.000000000000000E+000  0.000000000000000E+000
  0.000000000000000E+000  0.000000000000000E+000  0.000000000000000E+000
  0.000000000000000E+000  0.000000000000000E+000  0.000000000000000E+000
  0.000000000000000E+000  0.000000000000000E+000  0.000000000000000E+000
  0.000000000000000E+000  0.000000000000000E+000  0.000000000000000E+000
