         140  1.399999999999997E-002  1.399999999999997E-002
  0.000000000000000E+000  0.000000000000000E+000  0.000000000000000E+000
  0.000000000000000E+000  0.000000000000000E+000  0.000000000000000E+000
  2.011193794217091E-002  2.347331452274636E-002 -4.514866647949593E-002
  2.064023236809565E-002  2.734930502585263E-002 -6.626608802633088E-002
  2.508438408059874E-002  1.839326689407964E-002 -9.168705827395568E-002
  2.447453081020564E-002  2.279325851964923E-002 -0.105055963455187     
  2.590033560444800E-002  2.623046957388584E-002 -0.113383663095574     
  2.740358599614899E-002  5.039260016222313E-002 -0.124740246126664     
  3.164438079202875E-002  5.483089076477583E-002 -0.132913989339123     
  2.992655999024792E-002  4.893846254423827E-002 -0.124750364607365     
  9.704585768403003E-003  3.553936582462998E-002 -0.113385961615737     
  7.416455199830699E-003  3.257629309696323E-002 -0.105060592015935     
  3.286320137508932E-003  3.088780522580923E-002 -9.170794166012487E-002
  1.324718365692561E-002  3.150864869626716E-002 -6.626803726814746E-002
  1.027453508552853E-002  2.917511676955079E-002 -4.517974425018526E-002
  0.000000000000000E+000  0.000000000000000E+000  0.000000000000000E+000
  0.000000000000000E+000  0.000000000000000E+000  0.000000000000000E+000
  0.000000000000000E+000  0.000000000000000E+000  0.000000000000000E+000
  0.000000000000000E+000  0.000000000000000E+000  0.000000000000000E+000
  1.716721864290964E-002  2.088948148908142E-002 -3.971396697651218E-002
  1.798989191341166E-002  3.263407148469444E-002 -6.594192317836468E-002
  2.188272562127260E-002  3.037595974425819E-002 -8.860709424155380E-002
  2.321713507579761E-002  3.429161646924301E-002 -0.104116135023080     
  2.486404322195534E-002  3.835999611459649E-002 -0.111309531402113     
  2.606474090791920E-002  5.385750196063044E-002 -0.124816688900374     
  3.096516628759343E-002  5.366173717802946E-002 -0.132237347527183     
  3.360305688809279E-002  4.952308329649444E-002 -0.124828289566159     
  2.073028705437487E-002  4.070214505376516E-002 -0.111305213025729     
  1.800218097418221E-002  3.723710662513172E-002 -0.104119836058172     
  1.526588251658745E-002  3.410798849642362E-002 -8.861659707195493E-002
  1.916555566351218E-002  3.186447149006705E-002 -6.594034069524429E-002
  9.513987253774468E-003  2.532600365872784E-002 -3.973845971678963E-002
  0.000000000000000E+000  0.000000000000000E+000  0.000000000000000E+000
  0.000000000000000E+000  0.000000000000000E+000  0.000000000000000E+000
  0.000000000000000E+000  0.000000000000000E+000  0.000000000000000E+000
  0.000000000000000E+000  0.000000000000000E+000  0.000000000000000E+000
  1.346038080959061E-002  1.541443823356400E-002 -3.170985566431178E-002
  1.347646823695663E-002  4.326020593078108E-002 -6.344006146976437E-002
  1.516054856944116E-002  5.375517353443343E-002 -8.849409740737302E-002
  1.759750868035836E-002  5.911853468067254E-002 -0.108352035584286     
  2.176818114730636E-002  5.808866818037917E-002 -0.118860007540865     
  2.658830844247354E-002  5.696600767185298E-002 -0.127206303665530     
  3.136819368860140E-002  5.436013339868007E-002 -0.130324145894524     
  3.604110655320295E-002  5.154711883033271E-002 -0.127235388070418     
  3.936652970572925E-002  4.789339922128685E-002 -0.118863485943219     
  4.230414414001136E-002  4.478380268608301E-002 -0.108349624495881     
  3.887589118042552E-002  3.998386751100148E-002 -8.849044780658592E-002
  3.065277188226333E-002  3.327494635145554E-002 -6.342729766408638E-002
  6.632167247332189E-003  1.937549799467617E-002 -3.172546530461143E-002
  0.000000000000000E+000  0.000000000000000E+000  0.000000000000000E+000
  0.000000000000000E+000  0.000000000000000E+000  0.000000000000000E+000
  0.000000000000000E+000  0.000000000000000E+000  0.000000000000000E+000
  0.000000000000000E+000  0.000000000000000E+000  0.000000000000000E+000
  1.329292792101130E-002  7.081316417503715E-003 -2.444931676205291E-002
  7.740819025693191E-003  5.357037331957895E-002 -5.821622650006025E-002
  1.052018590042470E-002  7.619298738087681E-002 -8.979861181505887E-002
  1.118562585931984E-002  8.312672918471763E-002 -0.113903392629450     
  1.833803341682692E-002  7.569131500031367E-002 -0.125640166242147     
  2.526766649111081E-002  6.263742393967371E-002 -0.127957382005342     
  3.189364425240104E-002  5.526141952687901E-002 -0.127919188370083     
  4.165581935125445E-002  5.327072513511195E-002 -0.128059288782862     
  5.635899751333324E-002  5.375125540606205E-002 -0.125686362109128     
  6.629151573114034E-002  5.124649945675733E-002 -0.113894924967783     
  6.062785660342890E-002  4.718779912957426E-002 -8.977586846480061E-002
  4.246093306266490E-002  3.346253305334719E-002 -5.818469269386901E-002
 -4.911720191379142E-004  1.506530404214709E-002 -2.446114141691864E-002
  0.000000000000000E+000  0.000000000000000E+000  0.000000000000000E+000
  0.000000000000000E+000  0.000000000000000E+000  0.000000000000000E+000
  0.000000000000000E+000  0.000000000000000E+000  0.000000000000000E+000
  0.000000000000000E+000  0.000000000000000E+000  0.000000000000000E+000
  8.960716056665756E-003 -3.845908463767273E-003 -1.609666244389620E-002
  8.508554025288700E-003  6.252128017716878E-002 -5.384940706595352E-002
  5.546138644645382E-003  8.433037601896615E-002 -8.709545358083454E-002
  9.256031031871064E-003  9.466076846817603E-002 -0.113644931712759     
  1.650222632375740E-002  8.223214254318413E-002 -0.125083708384485     
  2.458013116037135E-002  6.560577740381784E-002 -0.124949811638487     
  3.224461602169129E-002  5.586736023730249E-002 -0.123622343945713     
  4.463191741802776E-002  5.420750260958020E-002 -0.125144639171414     
  6.300310735752021E-002  5.547118178394386E-002 -0.125193390210231     
  7.725579787018286E-002  5.535673093937995E-002 -0.113636049817844     
  7.015922533690437E-002  4.695291600464450E-002 -8.704841020250750E-002
  4.982944437159133E-002  3.859481143961780E-002 -5.380353739999458E-002
 -7.786101549415934E-003  5.857698771650807E-003 -1.610141583488024E-002
  0.000000000000000E+000  0.000000000000000E+000  0.000000000000000E+000
  0.000000000000000E+000  0.000000000000000E+000  0.000000000000000E+000
  0.000000000000000E+000  0.000000000000000E+000  0.000000000000000E+000
  0.000000000000000E+000  0.000000000000000E+000  0.000000000000000E+000
  1.116071090364021E-002 -3.809804501109227E-003 -1.349321577492929E-002
  7.225900249087306E-003  5.876335982275331E-002 -4.717043632765534E-002
  5.315197885321436E-003  8.226677354795653E-002 -8.114663576904735E-002
  8.358047592762534E-003  9.353879142263222E-002 -0.107818901289083     
  1.517603661747292E-002  8.236692718698505E-002 -0.119433758251747     
  2.358686578592770E-002  6.647366669935956E-002 -0.119814798075349     
  3.252613580758506E-002  5.633611547725060E-002 -0.118748620698703     
  4.594546752450652E-002  5.383032742903223E-002 -0.120117906058082     
  6.384338165359939E-002  5.443513087017358E-002 -0.119624302997539     
  7.675803340456958E-002  5.403515108273351E-002 -0.107823753486598     
  6.850211834195742E-002  4.573374410867855E-002 -8.108684561092573E-002
  4.721126074202785E-002  3.558575382882796E-002 -4.710757549769873E-002
 -8.851291770154337E-003  7.788101566575866E-003 -1.349552672525986E-002
  0.000000000000000E+000  0.000000000000000E+000  0.000000000000000E+000
  0.000000000000000E+000  0.000000000000000E+000  0.000000000000000E+000
  0.000000000000000E+000  0.000000000000000E+000  0.000000000000000E+000
  0.000000000000000E+000  0.000000000000000E+000  0.000000000000000E+000
  8.653106487914970E-003 -1.825568283989272E-003 -8.529709878699698E-003
  9.045389495440575E-003  4.698433797410240E-002 -3.979774513605304E-002
  5.165431019239779E-003  7.179274157197239E-002 -6.929977582376320E-002
  8.306144781046054E-003  8.362188175035867E-002 -9.569607108744917E-002
  1.401173493809483E-002  7.615861058025113E-002 -0.107941370702590     
  2.193688571277671E-002  6.346381522792660E-002 -0.110541953599773     
  3.143061592907001E-002  5.442076080342818E-002 -0.110419760122721     
  4.422136580563583E-002  5.094161515649614E-002 -0.110956023898214     
  5.909161211329293E-002  5.035377574947956E-002 -0.108204172569333     
  6.823585213099508E-002  4.904951035168054E-002 -9.573584026644656E-002
  5.953254398214614E-002  4.038105306169978E-002 -6.923373008059122E-002
  3.609415140855821E-002  3.126115765530147E-002 -3.974147240713693E-002
 -5.871990570330722E-003  6.604026348240225E-003 -8.495186743243252E-003
  0.000000000000000E+000  0.000000000000000E+000  0.000000000000000E+000
  0.000000000000000E+000  0.000000000000000E+000  0.000000000000000E+000
  0.000000000000000E+000  0.000000000000000E+000  0.000000000000000E+000
  0.000000000000000E+000  0.000000000000000E+000  0.000000000000000E+000
  8.897254045373910E-003 -2.993126460144832E-003 -7.864353279008099E-003
  7.955562051332530E-003  3.195389632576140E-002 -2.744980591331266E-002
  5.979918515067763E-003  5.325976552416897E-002 -5.292884374568334E-002
  8.426417034997448E-003  6.512945870488296E-002 -7.525245131727303E-002
  1.203645051470995E-002  6.195368876034692E-002 -8.814292762285636E-002
  1.888954345418086E-002  5.399865003477279E-002 -9.283258229777754E-002
  2.716135727427587E-002  4.699154433765347E-002 -9.396624000379870E-002
  3.757324200622804E-002  4.360024344886827E-002 -9.331724064115685E-002
  4.778162229233367E-002  4.155927000330615E-002 -8.844782032171714E-002
  5.218724755359751E-002  3.990723498986230E-002 -7.531034567003242E-002
  4.313192532323749E-002  3.183569400560287E-002 -5.289129722079507E-002
  2.361514863987257E-002  2.279221268939220E-002 -2.738840851728604E-002
 -7.011331486399377E-003  6.231666924865509E-003 -7.828210722268025E-003
  0.000000000000000E+000  0.000000000000000E+000  0.000000000000000E+000
  0.000000000000000E+000  0.000000000000000E+000  0.000000000000000E+000
  0.000000000000000E+000  0.000000000000000E+000  0.000000000000000E+000
  0.000000000000000E+000  0.000000000000000E+000  0.000000000000000E+000
  6.044324049676895E-003 -3.934428655136372E-003 -3.718610256152847E-003
  5.147043157490699E-003  1.669570972213762E-002 -1.532392315955135E-002
  6.704918734098775E-003  3.004852562810835E-002 -3.086804786782810E-002
  6.925251250524203E-003  3.940708667538655E-002 -4.624781451775795E-002
  9.102694178157575E-003  3.997267733208074E-002 -5.722119129550990E-002
  1.305046158132647E-002  3.622930791887706E-002 -6.244459314831989E-002
  1.871792920432961E-002  3.235011303536454E-002 -6.450021495192738E-002
  2.507175051637833E-002  2.962821756853951E-002 -6.290125056330594E-002
  3.016932276551581E-002  2.799581034820688E-002 -5.748392141594941E-002
  3.067525912275603E-002  2.573259310862754E-002 -4.628523216168989E-002
  2.268192285824214E-002  2.085196557622614E-002 -3.087320052009838E-002
  1.186863723914359E-002  1.276009519041373E-002 -1.526047170997468E-002
 -6.451721006981672E-003  3.262763286828640E-003 -3.725005866926825E-003
  0.000000000000000E+000  0.000000000000000E+000  0.000000000000000E+000
  0.000000000000000E+000  0.000000000000000E+000  0.000000000000000E+000
  0.000000000000000E+000  0.000000000000000E+000  0.000000000000000E+000
  0.000000000000000E+000  0.000000000000000E+000  0.000000000000000E+000
  1.572492971688088E-003 -3.098023643693259E-003 -1.293969134886446E-003
  3.060161179248488E-003  4.048602237287512E-003 -4.952251703863052E-003
  4.574142696706266E-003  5.726645450278632E-003 -7.931425643828692E-003
  5.388018331537152E-003  1.154887725268553E-002 -1.327282734522315E-002
  5.738886540671781E-003  1.252503238225808E-002 -1.662577254222904E-002
  6.307903134365441E-003  1.321300290597180E-002 -1.963251207763199E-002
  7.294566068600566E-003  1.256234571589707E-002 -2.060488427865867E-002
  8.395767048993898E-003  1.224035215844017E-002 -1.984183233714729E-002
  7.999879288291271E-003  1.131301250204378E-002 -1.670732213310764E-002
  7.322739525467584E-003  1.043480578909934E-002 -1.327697746220608E-002
  2.692239539887017E-003  6.826952104438336E-003 -7.928136835422445E-003
  1.984905863066139E-003  4.659708430240834E-003 -4.944362814723180E-003
 -3.466530781877302E-003 -1.889985878214035E-004 -1.275541354103320E-003
  0.000000000000000E+000  0.000000000000000E+000  0.000000000000000E+000
  0.000000000000000E+000  0.000000000000000E+000  0.000000000000000E+000
  0.000000000000000E+000  0.000000000000000E+000  0.000000000000000E+000
  0.000000000000000E+000  0.000000000000000E+000  0.000000000000000E+000
  0.000000000000000E+000  0.000000000000000E+000  0.000000000000000E+000
  0.000000000000000E+000  0.000000000000000E+000  0.000000000000000E+000
  0.000000000000000E+000  0.000000000000000E+000  0.000000000000000E+000
  0.000000000000000E+000  0.000000000000000E+000  0.000000000000000E+000
  0.000000000000000E+000  0.000000000000000E+000  0.000000000000000E+000
  0.000000000000000E+000  0.000000000000000E+000  0.000000000000000E+000
  0.000000000000000E+000  0.000000000000000E+000  0.000000000000000E+000
  0.000000000000000E+000  0.000000000000000E+000  0.000000000000000E+000
  0.000000000000000E+000  0.000000000000000E+000  0.000000000000000E+000
  0.000000000000000E+000  0.000000000000000E+000  0.000000000000000E+000
  0.000000000000000E+000  0.000000000000000E+000  0.000000000000000E+000
  0.000000000000000E+000  0.000000000000000E+000  0.000000000000000E+000
  0.000000000000000E+000  0.000000000000000E+000  0.000000000000000E+000
  0.000000000000000E+000  0.000000000000000E+000  0.000000000000000E+000
  0.000000000000000E+000  0.000000000000000E+000  0.000000000000000E+000
  0.000000000000000E+000  0.000000000000000E+000  0.000000000000000E+000
  0.000000000000000E+000  0.000000000000000E+000  0.000000000000000E+000
  0.000000000000000E+000  0.000000000000000E+000  0.000000000000000E+000
  0.000000000000000E+000  0.000000000000000E+000  0.000000000000000E+000
  0.000000000000000E+000  0.000000000000000E+000  0.000000000000000E+000
  0.000000000000000E+000  0.000000000000000E+000  0.000000000000000E+000
  0.000000000000000E+000  0.000000000000000E+000  0.000000000000000E+000
  0.000000000000000E+000  0.000000000000000E+000  0.000000000000000E+000
  0.000000000000000E+000  0.000000000000000E+000  0.000000000000000E+000
  0.000000000000000E+000  0.000000000000000E+000  0.000000000000000E+000
  0.000000000000000E+000  0.000000000000000E+000  0.000000000000000E+000
  0.000000000000000E+000  0.000000000000000E+000  0.000000000000000E+000
  0.000000000000000E+000  0.000000000000000E+000  0.000000000000000E+000
  0.000000000000000E+000  0.000000000000000E+000  0.000000000000000E+000
  0.000000000000000E+000  0.000000000000000E+000  0.000000000000000E+000
  0.000000000000000E+000  0.000000000000000E+000  0.000000000000000E+000
  0.000000000000000E+000  0.000000000000000E+000  0.000000000000000E+000
  0.000000000000000E+000  0.000000000000000E+000  0.000000000000000E+000
  0.000000000000000E+000  0.000000000000000E+000  0.000000000000000E+000
  7.891846768211084E-003  7.948035540271773E-003 -2.319553624255820E-002
  1.251424597226270E-002 -8.185227187526812E-004 -4.002907729667325E-002
  2.463335922547727E-002 -3.871138396550113E-003 -7.120417871484115E-002
  3.397335315634901E-002 -5.942984014787531E-003 -0.114369992125705     
  3.251447606351658E-002 -1.855027179252412E-002 -0.160611449890352     
  2.471653586551136E-002  3.419278238233365E-002 -0.193164543554397     
  2.590093413204776E-002  4.495060763446145E-002 -0.217015721196814     
  1.890739445956747E-002  3.997707912797319E-002 -0.195037079496923     
 -3.176952116967318E-002  1.975623064741332E-002 -0.161167371156155     
 -2.411124388955420E-002  2.581670854136865E-002 -0.114708663738817     
 -1.705266428837262E-002  1.905100280272587E-002 -7.134749860044652E-002
 -5.692504365154929E-003  1.120124368684992E-002 -4.033533642358405E-002
  3.974248498494736E-003  1.134656816320260E-002 -2.351287221403521E-002
  0.000000000000000E+000  0.000000000000000E+000  0.000000000000000E+000
  0.000000000000000E+000  0.000000000000000E+000  0.000000000000000E+000
  0.000000000000000E+000  0.000000000000000E+000  0.000000000000000E+000
  0.000000000000000E+000  0.000000000000000E+000  0.000000000000000E+000
  6.285245569740006E-003  6.928035755713353E-003 -2.020273464162912E-002
  1.101958054843140E-002  7.161967901007707E-004 -3.850975742243157E-002
  2.083890995045951E-002  2.599643423434990E-004 -6.512163061679391E-002
  2.726749902400411E-002  2.800208216159829E-003 -0.108049825645837     
  2.318687523242454E-002  5.432641707478488E-003 -0.151761542592152     
  1.960344533512172E-002  4.740910756576387E-002 -0.193439461501531     
  2.358054051071983E-002  4.128145994950490E-002 -0.216719774424936     
  3.172743774411982E-002  4.112962471179458E-002 -0.195417837173691     
 -6.582217932323110E-003  2.325875076210557E-002 -0.152390137240488     
 -1.271761944878218E-002  2.464696114574580E-002 -0.108232833049560     
 -1.141721075476994E-002  1.796606169678294E-002 -6.528896162934340E-002
 -4.055333195026957E-003  1.044219494165510E-002 -3.878186706460306E-002
  3.743081900971201E-003  9.404385076098115E-003 -2.045281696629984E-002
  0.000000000000000E+000  0.000000000000000E+000  0.000000000000000E+000
  0.000000000000000E+000  0.000000000000000E+000  0.000000000000000E+000
  0.000000000000000E+000  0.000000000000000E+000  0.000000000000000E+000
  0.000000000000000E+000  0.000000000000000E+000  0.000000000000000E+000
  4.753445308782454E-003  4.835905472880891E-003 -1.634274227483091E-002
  7.676884155851363E-003  3.952303904102812E-003 -3.441629663150460E-002
  1.290773416905537E-002  8.978787571218684E-003 -5.619561111389743E-002
  1.262866124072975E-002  3.079119936014803E-002 -9.793815301451902E-002
  8.270400867476328E-003  6.130212210483198E-002 -0.160037902330581     
  1.785698972697198E-002  6.080510000909414E-002 -0.205447757545795     
  2.357251039918846E-002  4.140280174057698E-002 -0.210243153664644     
  4.217020691626476E-002  4.514837024558104E-002 -0.205676972570928     
  4.779429379302365E-002  3.750178893531493E-002 -0.160205108477755     
  1.975560763425986E-002  2.628411084945002E-002 -9.822641306915948E-002
  4.250011415519354E-004  1.558895527763633E-002 -5.630729892669734E-002
 -3.647521528987755E-004  8.806017919370293E-003 -3.455625968766963E-002
  2.442899619171979E-003  6.922758317030182E-003 -1.649462400423002E-002
  0.000000000000000E+000  0.000000000000000E+000  0.000000000000000E+000
  0.000000000000000E+000  0.000000000000000E+000  0.000000000000000E+000
  0.000000000000000E+000  0.000000000000000E+000  0.000000000000000E+000
  0.000000000000000E+000  0.000000000000000E+000  0.000000000000000E+000
  4.467092793969193E-003  1.873399551495437E-003 -1.310076474498907E-002
  3.613134386735632E-003  6.526591485571697E-003 -2.880989264412102E-002
  5.219083768702251E-003  1.922336931568663E-002 -4.903405831926422E-002
  3.472603042763306E-003  4.593020895896659E-002 -8.751984688518334E-002
  2.755970769714353E-003  8.345619907658379E-002 -0.156396946971067     
  1.273817956512471E-002  6.509343386324286E-002 -0.193554483832977     
  1.893974090160466E-002  3.390990354468292E-002 -0.185995853794758     
  4.685429032147598E-002  4.182750134462333E-002 -0.191603128256002     
  6.990366828937968E-002  4.368205272844906E-002 -0.156522837684473     
  3.949789276182397E-002  2.671633663092066E-002 -8.854297740644805E-002
  1.379591503199636E-002  1.427022242354747E-002 -4.910278465927721E-002
  3.130953116845419E-003  6.234596210648894E-003 -2.871658799137411E-002
 -3.044777399570309E-004  5.038151140771947E-003 -1.313519843422533E-002
  0.000000000000000E+000  0.000000000000000E+000  0.000000000000000E+000
  0.000000000000000E+000  0.000000000000000E+000  0.000000000000000E+000
  0.000000000000000E+000  0.000000000000000E+000  0.000000000000000E+000
  0.000000000000000E+000  0.000000000000000E+000  0.000000000000000E+000
  3.087934458834729E-003 -1.829591158829301E-003 -9.540095468393635E-003
  2.155170106604499E-003  8.790950040139406E-003 -2.423480347910658E-002
 -5.796853779259472E-004  3.165798299465160E-002 -4.534721829556064E-002
 -6.474379880547648E-005  4.898147110855727E-002 -7.565892740245955E-002
  1.723446760841106E-003  5.531204174211216E-002 -0.122650344831663     
  6.640833267489353E-003  4.116709063094576E-002 -0.156270525676566     
  1.150566721017806E-002  2.073971288037390E-002 -0.154457716348911     
  3.062074945100888E-002  2.533905007479783E-002 -0.155036153556335     
  4.742873962978078E-002  2.931794455347055E-002 -0.123512375127080     
  4.511034556433494E-002  2.555581491632209E-002 -7.728387191072661E-002
  2.857326616137834E-002  1.573256416730077E-002 -4.555409065346385E-002
  5.619037129236828E-003  6.010756035659107E-003 -2.392891332793706E-002
 -3.087146070904059E-003  1.800694894986370E-003 -9.496394343324995E-003
  0.000000000000000E+000  0.000000000000000E+000  0.000000000000000E+000
  0.000000000000000E+000  0.000000000000000E+000  0.000000000000000E+000
  0.000000000000000E+000  0.000000000000000E+000  0.000000000000000E+000
  0.000000000000000E+000  0.000000000000000E+000  0.000000000000000E+000
  3.685084482874124E-003 -2.609487703392441E-003 -8.290771065496218E-003
  1.158793408710033E-003  9.850926828984627E-003 -2.003029207959643E-002
 -4.482453797943637E-003  4.794487429449413E-002 -4.766679172944056E-002
 -1.280054820728665E-003  5.559570841326841E-002 -7.065600603086181E-002
  2.280059970588793E-003  2.318214087882283E-002 -7.946497883546756E-002
  2.459797983139066E-003  2.310460101289707E-002 -0.122634417589585     
  1.534274491667506E-002  2.673097825125409E-002 -0.152914736725032     
  1.903839310911029E-002  1.377490600713912E-002 -0.123143741068977     
  1.960314054326646E-002  1.357099276308385E-002 -7.991352306023425E-002
  5.030443469638764E-002  2.711918449344423E-002 -7.135018956168919E-002
  4.503241714847622E-002  2.049140832687622E-002 -4.796570761475693E-002
  7.409622762262255E-003  5.722283088961978E-003 -1.961866709324800E-002
 -4.184599825693415E-003  1.859131558474330E-003 -8.252047895178891E-003
  0.000000000000000E+000  0.000000000000000E+000  0.000000000000000E+000
  0.000000000000000E+000  0.000000000000000E+000  0.000000000000000E+000
  0.000000000000000E+000  0.000000000000000E+000  0.000000000000000E+000
  0.000000000000000E+000  0.000000000000000E+000  0.000000000000000E+000
  2.724608268425775E-003 -2.204973854980012E-003 -5.315473551618832E-003
  1.836759572624545E-003  1.074675432834641E-002 -1.732294882430914E-002
 -7.106757615785581E-003  5.885970909404221E-002 -5.001399692168855E-002
 -1.720184498039611E-003  4.604607484867324E-002 -5.681103776292849E-002
  2.214417740880218E-003 -1.621353033371572E-002 -1.998202925722009E-002
  2.992118500462093E-004  1.570667992231843E-002 -9.844270606881932E-002
  3.022787461742065E-002  5.180652012553808E-002 -0.189505578933432     
  1.474534958400282E-002  8.590257257747419E-003 -9.997878149804196E-002
 -1.498346042965919E-002 -6.641099393477415E-003 -1.924039877367526E-002
  4.017290474977762E-002  2.100913881405351E-002 -5.552295864939914E-002
  5.515380137268849E-002  2.335532721296778E-002 -4.988113011969946E-002
  8.228492436503367E-003  6.826599893970961E-003 -1.700174695749713E-002
 -3.299936053387840E-003  1.208346721251220E-003 -5.177707808349350E-003
  0.000000000000000E+000  0.000000000000000E+000  0.000000000000000E+000
  0.000000000000000E+000  0.000000000000000E+000  0.000000000000000E+000
  0.000000000000000E+000  0.000000000000000E+000  0.000000000000000E+000
  0.000000000000000E+000  0.000000000000000E+000  0.000000000000000E+000
  2.393469781481666E-003 -2.898826853849348E-003 -4.264756643299374E-003
  2.674992350020204E-003  1.103765590182026E-002 -1.308001437336251E-002
 -6.345368818913061E-003  5.128215193284600E-002 -4.340015719738537E-002
  1.383872240806913E-003  7.597310676455906E-003 -1.593024089085542E-002
  1.991094299492473E-003 -5.776432411748843E-002  5.355191680291650E-002
 -3.284274501827301E-003  9.094099879187269E-003 -6.870769621700160E-002
  3.666909903736520E-002  6.244318378717722E-002 -0.210852506363059     
  1.109461582303865E-002  2.260289656379980E-003 -7.079283607558044E-002
 -5.065646207181072E-002 -2.760295722941331E-002  5.439803473528393E-002
  4.633999499553383E-003  4.177758133205318E-003 -1.374040432359739E-002
  4.722425861656906E-002  1.981173742182203E-002 -4.263636204329296E-002
  8.297485671609381E-003  7.760828852967742E-003 -1.282481516006894E-002
 -3.738286854324392E-003  5.551508758846149E-004 -4.168225195500192E-003
  0.000000000000000E+000  0.000000000000000E+000  0.000000000000000E+000
  0.000000000000000E+000  0.000000000000000E+000  0.000000000000000E+000
  0.000000000000000E+000  0.000000000000000E+000  0.000000000000000E+000
  0.000000000000000E+000  0.000000000000000E+000  0.000000000000000E+000
  1.725264848277641E-003 -3.316672415133125E-003 -2.776885123105578E-003
  2.635759024422990E-003  8.487954055064303E-003 -7.883369314244626E-003
 -1.236726225960093E-003  2.620211552060556E-002 -2.330909663736259E-002
  3.627311609336363E-003 -2.433914371363916E-002  2.623281385024627E-002
  2.029353055402687E-003 -6.118559047222065E-002  8.529654826170843E-002
 -4.011569988998544E-003  4.227759086580917E-003 -3.601161077744711E-002
  2.516623196148553E-002  4.245977397284528E-002 -0.159703300282603     
  6.894966874168983E-003 -8.702824784496225E-004 -3.809665269127869E-002
 -5.337077195093168E-002 -2.902079096082207E-002  8.561526026791848E-002
 -2.341565818882567E-002 -9.548166186463489E-003  2.747522190804511E-002
  2.275731524930207E-002  1.156751316656974E-002 -2.242472135989518E-002
  6.065675000967396E-003  6.431862137483107E-003 -7.712066390622587E-003
 -3.681365046728786E-003 -1.898455623036180E-004 -2.703160659751393E-003
  0.000000000000000E+000  0.000000000000000E+000  0.000000000000000E+000
  0.000000000000000E+000  0.000000000000000E+000  0.000000000000000E+000
  0.000000000000000E+000  0.000000000000000E+000  0.000000000000000E+000
  0.000000000000000E+000  0.000000000000000E+000  0.000000000000000E+000
  1.366784810789103E-004 -1.336330441224327E-003 -9.760374392242552E-004
  1.889790575310522E-003  1.861984955966671E-003 -2.370552476555973E-003
  6.494390626221985E-004  4.001646138197649E-003 -2.168503917406029E-003
 -4.176086054097740E-003 -1.415910136946243E-002  1.756682601050116E-002
 -5.120169539540975E-003 -2.416237569939244E-002  3.120402153624174E-002
  9.238607979200954E-004 -1.347879596314507E-003 -9.773361905579888E-003
  8.118211525690621E-003  1.331289424131257E-002 -4.490662891562307E-002
 -1.172224613882418E-003  4.768478576200427E-004 -1.054398628272088E-002
 -1.811745916128658E-002 -1.662929300325721E-002  3.131891457478322E-002
 -1.009708453568182E-002 -1.083152526222540E-002  1.767336855925462E-002
  3.061170449208590E-003  2.318235882661549E-003 -1.890323555807324E-003
  7.249890965761065E-004  2.497020480233300E-003 -2.290274722562889E-003
 -1.194532244117810E-003 -5.364296674958901E-004 -9.462668381357584E-004
  0.000000000000000E+000  0.000000000000000E+000  0.000000000000000E+000
  0.000000000000000E+000  0.000000000000000E+000  0.000000000000000E+000
  0.000000000000000E+000  0.000000000000000E+000  0.000000000000000E+000
  0.000000000000000E+000  0.000000000000000E+000  0.000000000000000E+000
  0.000000000000000E+000  0.000000000000000E+000  0.000000000000000E+000
  0.000000000000000E+000  0.000000000000000E+000  0.000000000000000E+000
  0.000000000000000E+000  0.000000000000000E+000  0.000000000000000E+000
  0.000000000000000E+000  0.000000000000000E+000  0.000000000000000E+000
  0.000000000000000E+000  0.000000000000000E+000  0.000000000000000E+000
  0.000000000000000E+000  0.000000000000000E+000  0.000000000000000E+000
  0.000000000000000E+000  0.000000000000000E+000  0.000000000000000E+000
  0.000000000000000E+000  0.000000000000000E+000  0.000000000000000E+000
  0.000000000000000E+000  0.000000000000000E+000  0.000000000000000E+000
  0.000000000000000E+000  0.000000000000000E+000  0.000000000000000E+000
  0.000000000000000E+000  0.000000000000000E+000  0.000000000000000E+000
  0.000000000000000E+000  0.000000000000000E+000  0.000000000000000E+000
  0.000000000000000E+000  0.000000000000000E+000  0.000000000000000E+000
  0.000000000000000E+000  0.000000000000000E+000  0.000000000000000E+000
  0.000000000000000E+000  0.000000000000000E+000  0.000000000000000E+000
  0.000000000000000E+000  0.000000000000000E+000  0.000000000000000E+000
  0.000000000000000E+000  0.000000000000000E+000  0.000000000000000E+000
  0.000000000000000E+000  0.000000000000000E+000  0.000000000000000E+000
  0.000000000000000E+000  0.000000000000000E+000  0.000000000000000E+000
  0.000000000000000E+000  0.000000000000000E+000  0.000000000000000E+000
  0.000000000000000E+000  0.000000000000000E+000  0.000000000000000E+000
  0.000000000000000E+000  0.000000000000000E+000  0.000000000000000E+000
  0.000000000000000E+000  0.000000000000000E+000  0.000000000000000E+000
  0.000000000000000E+000  0.000000000000000E+000  0.000000000000000E+000
  0.000000000000000E+000  0.000000000000000E+000  0.000000000000000E+000
  0.000000000000000E+000  0.000000000000000E+000  0.000000000000000E+000
  0.000000000000000E+000  0.000000000000000E+000  0.000000000000000E+000
  0.000000000000000E+000  0.000000000000000E+000  0.000000000000000E+000
  0.000000000000000E+000  0.000000000000000E+000  0.000000000000000E+000
  0.000000000000000E+000  0.000000000000000E+000  0.000000000000000E+000
  0.000000000000000E+000  0.000000000000000E+000  0.000000000000000E+000
  0.000000000000000E+000  0.000000000000000E+000  0.000000000000000E+000
  0.000000000000000E+000  0.000000000000000E+000  0.000000000000000E+000
  0.000000000000000E+000  0.000000000000000E+000  0.000000000000000E+000
  -105.547187265393       -219.924403767321        297.126282300718     
  -360.383440017471        25.5387422695724        331.970941177545     
  -502.380966474120       -14.2186150946212        723.871099502417     
  -293.455290615788        95.9686638760776        898.099595604733     
  -115.919375057268       -74.5875266961005        601.867773831705     
  -9.48247086001118        369.147922718660        214.156706159638     
   185.401855062484        327.352151423557        55.8489462342344     
   302.316007365845        166.887276464450        230.958413952452     
  -16.8511946282352       -137.787252522568        609.378324986916     
   233.082113853142       -198.361851899014        904.430649097945     
   235.839296492953       -439.684132767021        729.992610973440     
   193.725483359384       -302.958160668511        336.157977068002     
  -137.990241405576       -202.090549841882        295.252531136474     
  0.000000000000000E+000  0.000000000000000E+000  0.000000000000000E+000
  0.000000000000000E+000  0.000000000000000E+000  0.000000000000000E+000
  0.000000000000000E+000  0.000000000000000E+000  0.000000000000000E+000
  0.000000000000000E+000  0.000000000000000E+000  0.000000000000000E+000
  -100.389112305802       -186.936892910507        261.431390110329     
  -365.034986772153        42.1888655832866        311.605199992002     
  -440.917026695673       -50.8044859856713        672.844999036226     
  -280.583402642108       -78.5143126478536        891.930304816725     
  -196.687650004923       -19.7033038583199        658.863627549938     
  -56.9117783992958        429.166537739117        253.413384417663     
   192.241435187061        335.567640514636        92.3987307541541     
   387.246715351565        163.311504297706        270.642217594615     
   72.8507235480594       -177.215849667369        666.930933989075     
   78.0766412258620       -272.466944424432        898.906896124679     
   176.514166628264       -402.461539760557        679.555878285052     
   211.884348871458       -297.052099036749        314.833312825188     
  -112.038720784494       -181.346871332177        259.626747207556     
  0.000000000000000E+000  0.000000000000000E+000  0.000000000000000E+000
  0.000000000000000E+000  0.000000000000000E+000  0.000000000000000E+000
  0.000000000000000E+000  0.000000000000000E+000  0.000000000000000E+000
  0.000000000000000E+000  0.000000000000000E+000  0.000000000000000E+000
  -97.6976226570664       -134.401601337120        207.986143778870     
  -346.384631001752        91.4810745776172        255.077305650341     
  -370.107417898075       -147.561014742816        595.386952383764     
  -269.445013737934       -477.456888753124        1004.63149141601     
  -281.838892418463        140.956674971573        745.761151921836     
  -64.2500804029547        595.178621915629        190.877392275338     
   259.088238517918        449.671813267986        89.3927026731941     
   549.989982517420        246.528927050457        196.596312898507     
   266.724330949904       -165.413921972533        749.125070395174     
  -265.504734634078       -457.520764433379        1009.18871863508     
   63.8248521308547       -385.583819645166        600.536646502011     
   247.486427844400       -253.995604726858        256.800136825089     
  -67.9538788711781       -152.796517946658        206.244709693948     
  0.000000000000000E+000  0.000000000000000E+000  0.000000000000000E+000
  0.000000000000000E+000  0.000000000000000E+000  0.000000000000000E+000
  0.000000000000000E+000  0.000000000000000E+000  0.000000000000000E+000
  0.000000000000000E+000  0.000000000000000E+000  0.000000000000000E+000
  -106.473148148001       -68.5849833353493        152.972653939596     
  -300.096901178748        182.581706156236        156.798254063188     
  -350.791216472994        20.4612735532924        436.924443157746     
  -266.964149489732       -627.709229767122        1026.27169131890     
  -246.502339469302       -230.980891886137        1023.44896234286     
  -74.3655737781124        346.112708277445        573.655881302354     
   195.225687064530        333.620424707421        497.470197997571     
   361.434028214857        125.580465789116        553.262541259642     
  -67.1713020506475       -318.844044212246        1022.88828627339     
  -400.487968742686       -531.728242518492        1029.74948842272     
   207.011117488026       -280.837843200312        437.558618840866     
   305.756632795726       -166.102846829602        157.223606070987     
  -6.59112124406131       -127.146441447990        151.104478116140     
  0.000000000000000E+000  0.000000000000000E+000  0.000000000000000E+000
  0.000000000000000E+000  0.000000000000000E+000  0.000000000000000E+000
  0.000000000000000E+000  0.000000000000000E+000  0.000000000000000E+000
  0.000000000000000E+000  0.000000000000000E+000  0.000000000000000E+000
  -60.6968727900750        16.5580858906355        85.8880191895971     
  -289.729879238159        221.004431356080        77.5827244154234     
  -346.781958370571        346.599758889559        186.879505970502     
  -272.445798915482       -402.647125843169        808.217390950569     
  -203.896910350185       -892.872446143448        1469.01448407948     
  -173.917984861134       -421.728769984276        1378.91208711263     
  -13.3639700782378       -25.4586354928563        1107.66259052002     
  -255.188430366801       -343.752063008569        1351.97323948557     
  -677.344467394526       -622.629223438871        1479.59638660355     
  -219.821291471596       -431.587335648851        817.634369817692     
   486.931329200766       -114.000834263643        184.009942605036     
   336.392759744104       -136.129962798614        77.1950663927805     
   44.2698060108706       -44.3707812178800        83.7539808604005     
  0.000000000000000E+000  0.000000000000000E+000  0.000000000000000E+000
  0.000000000000000E+000  0.000000000000000E+000  0.000000000000000E+000
  0.000000000000000E+000  0.000000000000000E+000  0.000000000000000E+000
  0.000000000000000E+000  0.000000000000000E+000  0.000000000000000E+000
  -78.8849774138287        6.62588120613035        74.9122610292479     
  -225.463429931914        219.592151970505        13.5018128019564     
  -325.124672418032        280.785210606034        59.7224992995421     
  -189.517933135714       -505.817715722780        709.834437215144     
  -76.1105434309790       -1330.24392162651        1812.22106229455     
  -105.451279311173       -595.596090646933        1546.70135477492     
   116.108721802449        202.596532051064        684.389106051841     
  -460.885520589682       -384.831106981858        1539.66079472156     
  -1128.26249378492       -734.691820670375        1827.81385020889     
  -356.673383118372       -414.211520704083        721.566697649230     
   408.934881501486       -132.225458470712        58.7282278601971     
   304.004010717129       -80.4499034374130        12.1591853047187     
   44.9471177344667       -64.4848555747047        73.0814898770035     
  0.000000000000000E+000  0.000000000000000E+000  0.000000000000000E+000
  0.000000000000000E+000  0.000000000000000E+000  0.000000000000000E+000
  0.000000000000000E+000  0.000000000000000E+000  0.000000000000000E+000
  0.000000000000000E+000  0.000000000000000E+000  0.000000000000000E+000
  -57.9783237708882       -11.8304335891409        38.8842913433609     
  -170.800774838440        135.209811639919        2.29896890956019     
  -181.960267076441       -241.322850388538        221.451024749359     
  -2.28288124969360       -1002.44538962263        978.726020745722     
   75.4989373406714       -1183.68472953142        1608.20001571678     
   152.580879023552       -12.3905908803559        614.045802045134     
   450.075298868161        783.657054144111       -567.625329191478     
  -94.8990730663516        125.818682775097        616.778023641798     
  -1065.47566906969       -523.472890086302        1607.29236440444     
  -871.291083279591       -498.543335821324        982.191839503342     
  -128.006565015309       -274.993023271104        227.310300218847     
   202.724913045233       -76.2554781771753        1.00530376700502     
   18.6183456831315       -55.0100351746002        37.0171026413514     
  0.000000000000000E+000  0.000000000000000E+000  0.000000000000000E+000
  0.000000000000000E+000  0.000000000000000E+000  0.000000000000000E+000
  0.000000000000000E+000  0.000000000000000E+000  0.000000000000000E+000
  0.000000000000000E+000  0.000000000000000E+000  0.000000000000000E+000
  -52.7914949757275        23.1443243974736        23.7065156730806     
  -123.840901183134       -25.6183120064057        21.2889601093123     
  -3.65232049718327       -748.269548425797        491.451556487422     
   171.322854579936       -1294.43582466998        1212.87802460709     
   179.687936553597       -553.592953170991        780.624727708101     
   313.273981978308        437.044902439560       -354.154035330993     
   350.016538878793        611.452502694952       -666.075773974819     
   218.277188995440        495.786027226426       -364.620165214214     
  -563.862750678632       -114.486676318370        766.732982360299     
  -1201.69977751629       -492.968895264655        1207.57119396855     
  -662.543080558111       -378.318019664743        503.181541681666     
   37.7044068937461       -117.908484745558        20.4793512868388     
   46.6581129623488       -32.9864364818584        22.8232389576820     
  0.000000000000000E+000  0.000000000000000E+000  0.000000000000000E+000
  0.000000000000000E+000  0.000000000000000E+000  0.000000000000000E+000
  0.000000000000000E+000  0.000000000000000E+000  0.000000000000000E+000
  0.000000000000000E+000  0.000000000000000E+000  0.000000000000000E+000
  -40.4080798908198        34.9761748287349        10.5032495799861     
  -82.9369142119520       -100.387761120025        31.2753686484542     
   15.8674501720052       -749.876080768561        508.073722742977     
   167.609887415138       -930.596463143723        890.928318216923     
   150.810702501916        13.5488445785117       -132.370532453154     
   299.043049487635        271.632326875276       -441.915879233074     
  -35.7770717108384       -54.0383543515091        689.323698710920     
   85.1501988031518        401.010257028413       -454.124901869591     
  -65.0829023574582        140.736982268599       -137.902237871053     
  -885.035295952957       -315.860936580130        886.237265509895     
  -668.987853090027       -362.976035003126        517.542279804175     
  -47.4764278347758       -121.812853769564        31.5670062735311     
   50.0597283581099       -16.5449341795479        9.75234341033897     
  0.000000000000000E+000  0.000000000000000E+000  0.000000000000000E+000
  0.000000000000000E+000  0.000000000000000E+000  0.000000000000000E+000
  0.000000000000000E+000  0.000000000000000E+000  0.000000000000000E+000
  0.000000000000000E+000  0.000000000000000E+000  0.000000000000000E+000
  -12.8096343420990        21.6184732260157       -6.49270935582709     
  -51.3625543198342       -47.4165424707868       -2.80532469617911     
  -40.2382060380402       -257.500764879342        108.368562377416     
   51.3664266055440       -281.653221686154        120.428610577371     
   154.713380871764        90.4155458912587       -287.658894541882     
   117.978359056394        41.8989064580677       -72.9937795541248     
  -122.276223108089       -206.260801922274        784.391241010072     
  -23.6422971215887        125.324130189798       -73.4653842245479     
  -4.32824095354820        180.337246270389       -285.908033865010     
  -268.941959316793       -94.8002060323349        120.424395345370     
  -205.741376366300       -163.936214422655        110.696854100400     
  -16.2390435504300       -67.9391480554856       -2.39802480094309     
   24.6537099702648      -0.190406041373649       -6.68941806918608     
  0.000000000000000E+000  0.000000000000000E+000  0.000000000000000E+000
  0.000000000000000E+000  0.000000000000000E+000  0.000000000000000E+000
  0.000000000000000E+000  0.000000000000000E+000  0.000000000000000E+000
  0.000000000000000E+000  0.000000000000000E+000  0.000000000000000E+000
  0.000000000000000E+000  0.000000000000000E+000  0.000000000000000E+000
  0.000000000000000E+000  0.000000000000000E+000  0.000000000000000E+000
  0.000000000000000E+000  0.000000000000000E+000  0.000000000000000E+000
  0.000000000000000E+000  0.000000000000000E+000  0.000000000000000E+000
  0.000000000000000E+000  0.000000000000000E+000  0.000000000000000E+000
  0.000000000000000E+000  0.000000000000000E+000  0.000000000000000E+000
  0.000000000000000E+000  0.000000000000000E+000  0.000000000000000E+000
  0.000000000000000E+000  0.000000000000000E+000  0.000000000000000E+000
  0.000000000000000E+000  0.000000000000000E+000  0.000000000000000E+000
  0.000000000000000E+000  0.000000000000000E+000  0.000000000000000E+000
  0.000000000000000E+000  0.000000000000000E+000  0.000000000000000E+000
  0.000000000000000E+000  0.000000000000000E+000  0.000000000000000E+000
  0.000000000000000E+000  0.000000000000000E+000  0.000000000000000E+000
  0.000000000000000E+000  0.000000000000000E+000  0.000000000000000E+000
  0.000000000000000E+000  0.000000000000000E+000  0.000000000000000E+000
  0.000000000000000E+000  0.000000000000000E+000  0.000000000000000E+000
  0.000000000000000E+000  0.000000000000000E+000  0.000000000000000E+000
  0.000000000000000E+000  0.000000000000000E+000  0.000000000000000E+000
  0.000000000000000E+000  0.000000000000000E+000  0.000000000000000E+000
  0.000000000000000E+000  0.000000000000000E+000  0.000000000000000E+000
  0.000000000000000E+000  0.000000000000000E+000  0.000000000000000E+000
  0.000000000000000E+000  0.000000000000000E+000  0.000000000000000E+000
  0.000000000000000E+000  0.000000000000000E+000  0.000000000000000E+000
  0.000000000000000E+000  0.000000000000000E+000  0.000000000000000E+000
  0.000000000000000E+000  0.000000000000000E+000  0.000000000000000E+000
  0.000000000000000E+000  0.000000000000000E+000  0.000000000000000E+000
  0.000000000000000E+000  0.000000000000000E+000  0.000000000000000E+000
  0.000000000000000E+000  0.000000000000000E+000  0.000000000000000E+000
  0.000000000000000E+000  0.000000000000000E+000  0.000000000000000E+000
  0.000000000000000E+000  0.000000000000000E+000  0.000000000000000E+000
  0.000000000000000E+000  0.000000000000000E+000  0.000000000000000E+000
  0.000000000000000E+000  0.000000000000000E+000  0.000000000000000E+000
