         140  1.399999999999997E-002  1.399999999999997E-002
  0.000000000000000E+000  0.000000000000000E+000  0.000000000000000E+000
  0.000000000000000E+000  0.000000000000000E+000  0.000000000000000E+000
  5.394519664588934E-002  8.636360169240223E-002 -9.457861034020530E-002
  7.733848678626708E-002  0.134200426559276      -0.166796061407866     
  0.122237806848864       0.197360794341470      -0.256903657383174     
  0.143931944825710       0.248172437868837      -0.314732503286188     
  0.171107368336252       0.304756582516113      -0.370200184788776     
  0.194793011352581       0.365362588854342      -0.413376426544359     
  0.218589016989648       0.378661430564823      -0.435711449132206     
  0.218983431839747       0.351388541468322      -0.413358003134905     
  0.178371405710683       0.300589541824138      -0.370158646833996     
  0.143048801292566       0.248855829683621      -0.314772970233363     
  0.109899996291166       0.204661885803213      -0.256960215617089     
  7.760379125365505E-002  0.134163853717516      -0.166891366513698     
  4.785692546160020E-002  8.995743125903453E-002 -9.465426154521753E-002
  0.000000000000000E+000  0.000000000000000E+000  0.000000000000000E+000
  0.000000000000000E+000  0.000000000000000E+000  0.000000000000000E+000
  0.000000000000000E+000  0.000000000000000E+000  0.000000000000000E+000
  0.000000000000000E+000  0.000000000000000E+000  0.000000000000000E+000
  3.738493517900995E-002  8.833143307770006E-002 -8.047177534040290E-002
  7.100591282830636E-002  0.140498557287196      -0.162397403988005     
  0.101993096232886       0.199762312360095      -0.241306367510035     
  0.130763801325237       0.251030472086857      -0.309297374264269     
  0.153791891242547       0.309540313906315      -0.360869194014273     
  0.182165596480188       0.351419342553674      -0.410502465076524     
  0.203688036031183       0.352845108421349      -0.423922492497490     
  0.213227705335911       0.333484871788042      -0.410495176371679     
  0.191115829892483       0.287955501272710      -0.360830037319160     
  0.152066806274003       0.238850377762245      -0.309336939418670     
  0.122044021323710       0.188278433112048      -0.241340749645678     
  8.622181811621343E-002  0.131812114913717      -0.162478644556025     
  5.783272794341390E-002  7.657658816852343E-002 -8.052757251892614E-002
  0.000000000000000E+000  0.000000000000000E+000  0.000000000000000E+000
  0.000000000000000E+000  0.000000000000000E+000  0.000000000000000E+000
  0.000000000000000E+000  0.000000000000000E+000  0.000000000000000E+000
  0.000000000000000E+000  0.000000000000000E+000  0.000000000000000E+000
  2.633279508127909E-002  9.057713440608307E-002 -6.506593359031025E-002
  5.277095662918978E-002  0.154832189934905      -0.145166265927697     
  8.101823935886636E-002  0.215580654100403      -0.223330725830856     
  0.104709174673949       0.274210598096245      -0.291161412696788     
  0.133971491144346       0.312179906867935      -0.351572128575875     
  0.160062561084614       0.322848825648419      -0.386612771729478     
  0.185977941715882       0.322163262620804      -0.401949829995927     
  0.199539149222080       0.300078625849152      -0.386636632206206     
  0.203285595313833       0.272099426447270      -0.351529432265452     
  0.185077875742432       0.227811026215195      -0.291176067448386     
  0.146202751624659       0.177985239644373      -0.223339221947335     
  0.107740368758687       0.123139366679326      -0.145199544453284     
  6.528048571048078E-002  6.809522092882468E-002 -6.509196850202444E-002
  0.000000000000000E+000  0.000000000000000E+000  0.000000000000000E+000
  0.000000000000000E+000  0.000000000000000E+000  0.000000000000000E+000
  0.000000000000000E+000  0.000000000000000E+000  0.000000000000000E+000
  0.000000000000000E+000  0.000000000000000E+000  0.000000000000000E+000
  2.343658036544957E-002  9.290587174069492E-002 -5.495351867999425E-002
  4.224492087579434E-002  0.171615613082659      -0.128586213917604     
  6.406998156404919E-002  0.238647502072556      -0.206250284128598     
  8.882705293436054E-002  0.278878770335861      -0.273253986124198     
  0.115876188720863       0.301905311229428      -0.326104562506835     
  0.146320054429300       0.310569933710450      -0.362510274409781     
  0.174185112057912       0.301740259712068      -0.374453405535671     
  0.195785523027907       0.282065365479483      -0.362578710079810     
  0.203458340077142       0.251316993999382      -0.326096007596985     
  0.197031335585045       0.216362031925291      -0.273227384398343     
  0.174590989224910       0.174787680055780      -0.206208880952249     
  0.127470720626261       0.122358168463934      -0.128559269345276     
  6.872099704004127E-002  6.673287525703685E-002 -5.495928549366272E-002
  0.000000000000000E+000  0.000000000000000E+000  0.000000000000000E+000
  0.000000000000000E+000  0.000000000000000E+000  0.000000000000000E+000
  0.000000000000000E+000  0.000000000000000E+000  0.000000000000000E+000
  0.000000000000000E+000  0.000000000000000E+000  0.000000000000000E+000
  2.637179641462982E-002  8.730613355464240E-002 -4.967013797619323E-002
  3.935790853238502E-002  0.180714047550922      -0.121194095077972     
  5.845309591183108E-002  0.241499025066106      -0.194683629701657     
  8.086998544008915E-002  0.283183005777768      -0.259117953814184     
  0.108487992151558       0.301989048623818      -0.311890564453850     
  0.138819511077637       0.303581927954968      -0.344489432156743     
  0.169343800792606       0.293358052212596      -0.356927845678839     
  0.193483429722670       0.272077128273383      -0.344568592010760     
  0.207230150586976       0.244966217463474      -0.311896862331731     
  0.204737248813907       0.211620537206965      -0.259073025154738     
  0.179846230179927       0.171340550247525      -0.194607930236984     
  0.136750938709541       0.124391464118534      -0.121129667720825     
  6.240503512819253E-002  6.647108963635850E-002 -4.966893443803984E-002
  0.000000000000000E+000  0.000000000000000E+000  0.000000000000000E+000
  0.000000000000000E+000  0.000000000000000E+000  0.000000000000000E+000
  0.000000000000000E+000  0.000000000000000E+000  0.000000000000000E+000
  0.000000000000000E+000  0.000000000000000E+000  0.000000000000000E+000
  3.412735055669729E-002  6.294761376662683E-002 -4.356645625005268E-002
  3.739599987193818E-002  0.182707967068341      -0.118646907526310     
  5.591867196950809E-002  0.242512658839019      -0.188741333879898     
  7.657004467755797E-002  0.279358328018090      -0.250329536892240     
  0.102246607892113       0.292976857173790      -0.297762424260508     
  0.132090319958431       0.292467019858203      -0.328304416781852     
  0.161591361693452       0.279933708324836      -0.338708797793246     
  0.187297192909396       0.260795426058517      -0.328476894883664     
  0.202605129558685       0.235119349858439      -0.297817207146910     
  0.203586790072306       0.206002715031241      -0.250274923557352     
  0.182002317461974       0.169673108307345      -0.188655444125581     
  0.139440129834244       0.123682682889294      -0.118556205285912     
  3.741087259814528E-002  6.099435140387872E-002 -4.356804638996711E-002
  0.000000000000000E+000  0.000000000000000E+000  0.000000000000000E+000
  0.000000000000000E+000  0.000000000000000E+000  0.000000000000000E+000
  0.000000000000000E+000  0.000000000000000E+000  0.000000000000000E+000
  0.000000000000000E+000  0.000000000000000E+000  0.000000000000000E+000
  3.808202318578347E-002  3.737873970004162E-002 -3.540434653541519E-002
  3.238186607716684E-002  0.172771344705320      -0.113345747486259     
  4.931551730100146E-002  0.223732948299594      -0.178418190890177     
  6.705812525926645E-002  0.257228083874196      -0.234805175659955     
  9.178160151538071E-002  0.267046476938279      -0.277265298630000     
  0.118297195007165       0.264152733801761      -0.303165928398408     
  0.145815425600906       0.252601000281649      -0.312601094523348     
  0.169753949786560       0.234804201716728      -0.303423757349009     
  0.185441491255956       0.213173066586564      -0.277408254646539     
  0.189212665054583       0.186754611140595      -0.234796496030995     
  0.169069211293730       0.154603868341388      -0.178348064721669     
  0.133341452089396       0.114373316260313      -0.113226461598646     
  1.326136262697847E-002  5.160685247393344E-002 -3.540304766693775E-002
  0.000000000000000E+000  0.000000000000000E+000  0.000000000000000E+000
  0.000000000000000E+000  0.000000000000000E+000  0.000000000000000E+000
  0.000000000000000E+000  0.000000000000000E+000  0.000000000000000E+000
  0.000000000000000E+000  0.000000000000000E+000  0.000000000000000E+000
  3.589777754579260E-002  1.875229675289878E-002 -2.762736037378282E-002
  2.613701975633521E-002  0.151260970843467      -0.100773633253415     
  3.822525828134499E-002  0.191627364892707      -0.159598763330584     
  5.560396242237650E-002  0.219080842427326      -0.208169745013850     
  7.595440058583328E-002  0.227354085252908      -0.246661322509013     
  9.978836763099679E-002  0.224573007683273      -0.269104293777413     
  0.123508182804441       0.213886066382870      -0.277348724684453     
  0.144885990854155       0.199160562696750      -0.269646889998482     
  0.159028066904282       0.179727369482187      -0.246953845397269     
  0.161938738089259       0.157814277672203      -0.208232639445761     
  0.146887534602182       0.129000642130763      -0.159585017734676     
  0.117877615827592       9.823128112948763E-002 -0.100639176094300     
 -1.785206556070075E-003  4.038468845736868E-002 -2.762898730060300E-002
  0.000000000000000E+000  0.000000000000000E+000  0.000000000000000E+000
  0.000000000000000E+000  0.000000000000000E+000  0.000000000000000E+000
  0.000000000000000E+000  0.000000000000000E+000  0.000000000000000E+000
  0.000000000000000E+000  0.000000000000000E+000  0.000000000000000E+000
  2.888424353654556E-002  6.167046406787250E-003 -1.618245066898237E-002
  8.718261837447455E-003  0.118565945318410      -8.060926202168360E-002
  2.496560246501530E-002  0.127024809776762      -0.113719510757953     
  3.371196909236061E-002  0.153988942842309      -0.155846202095133     
  4.972877636576450E-002  0.155462717779929      -0.182406001027129     
  6.653631831893352E-002  0.153843727884189      -0.199547996826696     
  8.409900485141097E-002  0.145554154737188      -0.205640146975112     
  0.100218741425230       0.134873437503378      -0.200005183764742     
  0.109822571772244       0.121002987965739      -0.182697459485814     
  0.116506661974357       0.106315572501653      -0.155985853285159     
  9.762675788501189E-002  8.524313260442536E-002 -0.113806592243005     
  9.830452628547266E-002  6.682670368022209E-002 -8.047470359003253E-002
 -9.157595927555091E-003  2.803086324743637E-002 -1.618674800540431E-002
  0.000000000000000E+000  0.000000000000000E+000  0.000000000000000E+000
  0.000000000000000E+000  0.000000000000000E+000  0.000000000000000E+000
  0.000000000000000E+000  0.000000000000000E+000  0.000000000000000E+000
  0.000000000000000E+000  0.000000000000000E+000  0.000000000000000E+000
  8.467680261046825E-003 -4.058815033471984E-003 -7.661716845351061E-003
  2.063658882250013E-002  3.286011436173226E-002 -2.261410820611603E-002
  1.957069152666428E-002  5.783907224937203E-002 -5.128190325510950E-002
  2.296782624260897E-002  7.566475627372259E-002 -7.919239921145506E-002
  2.810864055477933E-002  8.165531216407174E-002 -9.855287522053950E-002
  3.673498569030898E-002  8.221895090888467E-002 -0.112294869077682     
  4.551532994390434E-002  7.842643043552534E-002 -0.115920493744260     
  5.306817995431416E-002  7.316091642019064E-002 -0.112856569176604     
  5.661264811659323E-002  6.540387482783809E-002 -9.887502041388432E-002
  5.404993508405595E-002  5.778879132345171E-002 -7.929808815221759E-002
  4.046973889662282E-002  4.594744173458565E-002 -5.143286816445915E-002
  1.815810304694323E-002  3.428772804490834E-002 -2.258774673588885E-002
 -7.764125703452235E-003  5.268549586894935E-003 -7.656478384818825E-003
  0.000000000000000E+000  0.000000000000000E+000  0.000000000000000E+000
  0.000000000000000E+000  0.000000000000000E+000  0.000000000000000E+000
  0.000000000000000E+000  0.000000000000000E+000  0.000000000000000E+000
  0.000000000000000E+000  0.000000000000000E+000  0.000000000000000E+000
  0.000000000000000E+000  0.000000000000000E+000  0.000000000000000E+000
  0.000000000000000E+000  0.000000000000000E+000  0.000000000000000E+000
  0.000000000000000E+000  0.000000000000000E+000  0.000000000000000E+000
  0.000000000000000E+000  0.000000000000000E+000  0.000000000000000E+000
  0.000000000000000E+000  0.000000000000000E+000  0.000000000000000E+000
  0.000000000000000E+000  0.000000000000000E+000  0.000000000000000E+000
  0.000000000000000E+000  0.000000000000000E+000  0.000000000000000E+000
  0.000000000000000E+000  0.000000000000000E+000  0.000000000000000E+000
  0.000000000000000E+000  0.000000000000000E+000  0.000000000000000E+000
  0.000000000000000E+000  0.000000000000000E+000  0.000000000000000E+000
  0.000000000000000E+000  0.000000000000000E+000  0.000000000000000E+000
  0.000000000000000E+000  0.000000000000000E+000  0.000000000000000E+000
  0.000000000000000E+000  0.000000000000000E+000  0.000000000000000E+000
  0.000000000000000E+000  0.000000000000000E+000  0.000000000000000E+000
  0.000000000000000E+000  0.000000000000000E+000  0.000000000000000E+000
  0.000000000000000E+000  0.000000000000000E+000  0.000000000000000E+000
  0.000000000000000E+000  0.000000000000000E+000  0.000000000000000E+000
  0.000000000000000E+000  0.000000000000000E+000  0.000000000000000E+000
  0.000000000000000E+000  0.000000000000000E+000  0.000000000000000E+000
  0.000000000000000E+000  0.000000000000000E+000  0.000000000000000E+000
  0.000000000000000E+000  0.000000000000000E+000  0.000000000000000E+000
  0.000000000000000E+000  0.000000000000000E+000  0.000000000000000E+000
  0.000000000000000E+000  0.000000000000000E+000  0.000000000000000E+000
  0.000000000000000E+000  0.000000000000000E+000  0.000000000000000E+000
  0.000000000000000E+000  0.000000000000000E+000  0.000000000000000E+000
  0.000000000000000E+000  0.000000000000000E+000  0.000000000000000E+000
  0.000000000000000E+000  0.000000000000000E+000  0.000000000000000E+000
  0.000000000000000E+000  0.000000000000000E+000  0.000000000000000E+000
  0.000000000000000E+000  0.000000000000000E+000  0.000000000000000E+000
  0.000000000000000E+000  0.000000000000000E+000  0.000000000000000E+000
  0.000000000000000E+000  0.000000000000000E+000  0.000000000000000E+000
  0.000000000000000E+000  0.000000000000000E+000  0.000000000000000E+000
  0.000000000000000E+000  0.000000000000000E+000  0.000000000000000E+000
  0.000000000000000E+000  0.000000000000000E+000  0.000000000000000E+000
  1.126241590590080E-007 -4.911830358183690E-007  2.756911274337351E-006
  3.404418380912096E-006  8.227578232520928E-007  1.128155147287976E-006
  3.653609595851729E-006 -2.928092453933417E-007 -2.375754152376261E-006
  4.629648701787710E-006 -5.799309941509730E-007 -5.136647450176985E-006
  3.326692570259065E-006  3.741013735507822E-006 -6.438875697469889E-006
 -1.081263646345562E-006 -1.060199723430491E-005  6.706260894278999E-006
  6.547811498618721E-006  1.205028810934629E-005  1.114588956995103E-006
 -1.200325081564605E-005 -8.172080020639956E-006  8.212630174714112E-006
  3.003050582870559E-006  5.768568729568502E-006 -7.251700704681161E-006
 -4.026953332384669E-006  3.294384543071056E-006 -5.656285296097039E-006
 -7.420094730327826E-007  3.953088475227097E-006 -2.728020138015592E-006
 -1.065927242131880E-006  3.453782522537452E-006  9.756519667154437E-007
 -1.152041703526531E-006 -4.917221103240248E-007  2.770702793574915E-006
  0.000000000000000E+000  0.000000000000000E+000  0.000000000000000E+000
  0.000000000000000E+000  0.000000000000000E+000  0.000000000000000E+000
  0.000000000000000E+000  0.000000000000000E+000  0.000000000000000E+000
  0.000000000000000E+000  0.000000000000000E+000  0.000000000000000E+000
  6.653580973029848E-007 -1.813459982087056E-006  2.266153712325826E-006
  2.906812522335770E-006  1.843892449029116E-006  1.867457202702144E-006
  3.065433955146837E-006 -2.401771067474675E-006 -1.677716699780193E-006
  3.273887806625011E-006  6.752436811705712E-006 -4.446072317795642E-006
  5.439527280481648E-006 -7.647198357088779E-007 -1.025997356192842E-005
  2.761637318774008E-006 -2.382121780155170E-006  5.909841936279517E-006
  4.429207275846227E-006  8.567836816487323E-006 -8.210879020139158E-007
 -5.925216826625407E-006 -8.223448009512389E-008  7.447800571681395E-006
 -3.811561420771768E-006  4.711394097825784E-006 -1.117945911924579E-005
  3.684665017667618E-006  6.025563499903822E-006 -4.890174503461816E-006
 -2.874885457219464E-006  2.035635595047259E-006 -2.041528282907510E-006
 -1.340125344447342E-007  3.349588363311359E-006  1.751044932062687E-006
 -2.207917620024376E-006 -4.864544110405976E-007  2.284220464462063E-006
  0.000000000000000E+000  0.000000000000000E+000  0.000000000000000E+000
  0.000000000000000E+000  0.000000000000000E+000  0.000000000000000E+000
  0.000000000000000E+000  0.000000000000000E+000  0.000000000000000E+000
  0.000000000000000E+000  0.000000000000000E+000  0.000000000000000E+000
  1.046621002382649E-006 -4.042930582333726E-006  2.068186777595240E-006
  2.075120842407725E-006  9.527874204369434E-007  2.222836893746934E-006
  2.373498116576247E-006  6.147463632912973E-006 -1.323156301698063E-006
  2.168051550961045E-006 -1.668580075958052E-005 -3.080398077788034E-006
 -7.973940981131226E-007 -3.832696638538599E-005  6.633762337514700E-006
  9.626790193562704E-006  1.705688677530184E-005 -1.009458241566566E-005
 -4.155964173551028E-006 -6.578811904849338E-006  8.336026744509486E-006
  1.184209978472083E-005  1.940122124098802E-005 -1.182662854005873E-005
 -3.273196267287664E-005 -1.949116424297365E-005  6.144270645311090E-006
 -1.548973757189463E-005 -6.252378237636700E-006 -3.547157949098052E-006
  3.928384319698947E-006  5.075785188587000E-006 -1.483950167779122E-006
 -1.326199747072428E-006  1.712936321781418E-006  2.203535513739476E-006
 -3.467885125890278E-006 -8.324125675139892E-007  2.070617125139580E-006
  0.000000000000000E+000  0.000000000000000E+000  0.000000000000000E+000
  0.000000000000000E+000  0.000000000000000E+000  0.000000000000000E+000
  0.000000000000000E+000  0.000000000000000E+000  0.000000000000000E+000
  0.000000000000000E+000  0.000000000000000E+000  0.000000000000000E+000
  1.808921443955046E-006 -5.468842246998677E-006  1.973278771469431E-006
  1.938615112951375E-006 -9.303825662637928E-006  2.583866826861298E-006
  4.799942580273210E-007 -1.410222642747974E-005  3.318338538284419E-006
 -8.169695338816083E-007  1.383449899383873E-005 -7.658071777382593E-006
 -6.125976356166719E-007  2.932085953538124E-006 -8.314593445316605E-006
 -3.907666039463755E-006 -1.625703985760786E-005  7.269766133200568E-006
  2.975056372825919E-006  5.038825775318332E-006  2.220887843650933E-007
 -1.235684132790848E-005 -1.164947875676597E-005  7.372328942590882E-006
  2.211055449597496E-006  4.586080062969060E-007 -8.338562980702232E-006
  1.198630121242646E-005  5.865985798262075E-006 -7.843190395856607E-006
 -1.164763624422485E-005 -6.276616114625947E-006  3.142125149013309E-006
 -7.556085985858596E-006 -2.232283008526081E-006  2.542343055667686E-006
 -4.437836899828523E-006 -6.596376213983577E-007  1.950887401376724E-006
  0.000000000000000E+000  0.000000000000000E+000  0.000000000000000E+000
  0.000000000000000E+000  0.000000000000000E+000  0.000000000000000E+000
  0.000000000000000E+000  0.000000000000000E+000  0.000000000000000E+000
  0.000000000000000E+000  0.000000000000000E+000  0.000000000000000E+000
  2.041950948754673E-006 -8.443003320900399E-006  2.311192318976549E-006
  2.692422688678459E-007  3.040654656919222E-006  1.442020633574859E-006
 -1.817780156938645E-006 -5.438765438299903E-007  1.218626497056318E-007
 -4.618962136850899E-006 -2.762903600253543E-005  7.647802239272864E-006
 -1.661673075272447E-006  1.639294455770781E-005 -1.070440143448774E-005
  6.426309869297995E-006  2.145984630506284E-005 -1.265133156020341E-005
 -1.470479091485187E-005 -2.552157515955481E-005  2.188914213055247E-005
  1.608729416212894E-005  1.702452917122238E-005 -1.349209061228537E-005
  1.518305127272252E-005  6.778074770354717E-006 -1.096997279234505E-005
 -2.344614167888563E-005 -1.913244898129021E-005  8.410299735637634E-006
 -7.325999644758350E-007 -2.498972956642036E-006  4.487930436002504E-007
  2.980341158575976E-006  1.954919793326716E-006  1.443993235129442E-006
 -7.433600507952021E-006 -2.040137860752221E-006  2.309172112658738E-006
  0.000000000000000E+000  0.000000000000000E+000  0.000000000000000E+000
  0.000000000000000E+000  0.000000000000000E+000  0.000000000000000E+000
  0.000000000000000E+000  0.000000000000000E+000  0.000000000000000E+000
  0.000000000000000E+000  0.000000000000000E+000  0.000000000000000E+000
  1.078882833333944E-006 -2.703976573118227E-006  1.044853109179583E-006
 -8.583934025683542E-008 -6.800038255765452E-006  4.039168816929478E-006
 -7.657980433586581E-006  3.323580046518536E-005 -1.001273220767519E-005
 -8.379029983884374E-006  3.803848084624133E-006 -1.371124251993744E-006
 -2.720329797838663E-006  5.358442836551458E-006 -1.750818223668003E-006
  2.472238669539262E-006  7.235820571181377E-006 -2.487419646588045E-006
 -2.715634948895875E-007 -5.218530778667878E-007  1.257087604788866E-005
  4.392934667665340E-006  4.835693309609190E-006 -1.834834873629598E-006
  6.552427337071298E-006  5.865502011560959E-007 -2.625218380603762E-006
  1.020912561003174E-005 -3.686609689982391E-006 -2.894483544167001E-006
  3.199930187711226E-005  9.608219043129626E-006 -9.594156685204877E-006
 -6.193955302094135E-006 -3.566320575502655E-006  4.287285888643607E-006
 -2.631560413364551E-006 -1.606171628479249E-007  1.156170287407607E-006
  0.000000000000000E+000  0.000000000000000E+000  0.000000000000000E+000
  0.000000000000000E+000  0.000000000000000E+000  0.000000000000000E+000
  0.000000000000000E+000  0.000000000000000E+000  0.000000000000000E+000
  0.000000000000000E+000  0.000000000000000E+000  0.000000000000000E+000
  5.916853648736680E-007 -2.025833304951214E-006  1.452273945378172E-006
 -5.133147611683692E-006  1.357510989905246E-005 -1.586762859700418E-006
 -9.223405394591458E-006  6.649697132268361E-006 -5.499050306282466E-006
 -6.879823708924713E-006 -2.223836617945894E-005  1.632842018023207E-005
 -4.169570629436212E-006 -2.077103334540090E-005  2.276690656431563E-005
  1.451027399647465E-008 -6.760110187956958E-006  1.552013027373404E-005
  1.873228917640564E-005  3.236134684493408E-005 -2.812713529722966E-005
 -5.687036692142710E-006 -3.541856316556442E-006  1.557936221430514E-005
 -1.755847771389228E-005 -1.585371218029457E-005  2.454921767155814E-005
 -1.533536312280075E-005 -1.700266270448115E-005  1.594187378029175E-005
  8.734860889734437E-006 -5.477701688686355E-006 -4.363715142223854E-006
  1.612623716750678E-005  2.952365065212408E-006 -1.945562276978004E-006
 -2.000116278311398E-006 -4.209417778899745E-007  1.662460439316415E-006
  0.000000000000000E+000  0.000000000000000E+000  0.000000000000000E+000
  0.000000000000000E+000  0.000000000000000E+000  0.000000000000000E+000
  0.000000000000000E+000  0.000000000000000E+000  0.000000000000000E+000
  0.000000000000000E+000  0.000000000000000E+000  0.000000000000000E+000
  8.317791812093513E-007  5.907339526342442E-007  2.086588402070051E-006
 -7.535724427333763E-006  1.253198664337623E-005 -6.129357536489208E-006
 -2.575698011275114E-006 -1.115932634012569E-005  2.780750318554307E-006
  2.702933417929241E-006 -5.089479042675186E-007 -5.084485318040155E-006
  1.192568588838556E-005  4.450641503808809E-006 -3.414288215920761E-006
  9.779296893258061E-006 -4.787884196614639E-006  9.712650765030777E-006
 -4.763001635637934E-006 -8.284303608390215E-006  1.287161454410346E-005
 -8.119195390640109E-006  6.701133980270694E-006  8.178414759317403E-006
 -2.000056017697151E-006  1.214660775197373E-005 -3.221134061937932E-006
 -3.365639083901512E-007  2.382187489447270E-006 -6.136635644442870E-006
 -9.589379854127095E-006 -8.305102263253449E-006  4.212178218782165E-006
  1.551218843353117E-005 -1.002855520438163E-007 -6.262078237951119E-006
  1.873941553544833E-007  1.152649773476431E-006  2.253631944480062E-006
  0.000000000000000E+000  0.000000000000000E+000  0.000000000000000E+000
  0.000000000000000E+000  0.000000000000000E+000  0.000000000000000E+000
  0.000000000000000E+000  0.000000000000000E+000  0.000000000000000E+000
  0.000000000000000E+000  0.000000000000000E+000  0.000000000000000E+000
 -5.876562138929061E-008  3.034690672910071E-007  6.748969248470655E-007
 -1.731435081864829E-006 -3.502696902735932E-006  1.168528014430872E-006
  1.614093594130500E-006  2.300587243013896E-007 -1.019486589480938E-005
  9.430724474453881E-006 -8.327733845850223E-006 -4.265640870416167E-006
  1.297032884994455E-005  2.354672340406232E-005 -3.886616596519238E-005
  5.611733380922690E-006  5.433572028718245E-007 -5.624010800761860E-006
 -6.453675419848228E-008 -4.906523989778215E-007 -1.330685408771095E-005
 -3.141627232285685E-006  4.359396533525251E-006 -3.726742443162355E-006
  1.351357235620769E-005  2.274207974035368E-005 -3.818651991093315E-005
 -1.047763272847836E-005  4.117384667131690E-006 -5.877361662337339E-006
 -5.163180846490498E-007  1.547619855737681E-006 -9.719197137340162E-006
 -2.476530010852069E-006 -3.326968987196738E-006  1.643887911099053E-006
  3.358485356643516E-007  1.309487697257684E-007  7.154060879033244E-007
  0.000000000000000E+000  0.000000000000000E+000  0.000000000000000E+000
  0.000000000000000E+000  0.000000000000000E+000  0.000000000000000E+000
  0.000000000000000E+000  0.000000000000000E+000  0.000000000000000E+000
  0.000000000000000E+000  0.000000000000000E+000  0.000000000000000E+000
 -5.512361968566450E-007 -2.267798076608675E-009 -1.489344938754387E-007
  8.185678829509420E-007 -7.913858906855935E-007 -6.044494803694372E-008
  2.021772743758675E-006 -2.448420780358517E-006 -1.100630397870795E-005
  1.993653468960432E-005 -3.502699857895639E-005  4.378916466546889E-005
 -1.770909300101163E-006  2.151409483519872E-005 -4.440254265768542E-005
 -4.989863277714120E-006 -1.008698088401097E-005  3.326509687746230E-005
 -1.055911991277818E-005 -1.722245995803335E-005  4.762894258179881E-005
 -5.697074487332145E-006 -8.747368801040389E-006  3.091620273053296E-005
  1.902136319153974E-005  9.160383440285927E-006 -4.358367776961243E-005
 -4.206230434706525E-005 -7.964604066883017E-007  4.688779615228152E-005
 -2.838334211964557E-006  5.025723145664731E-007 -1.118254054287511E-005
 -1.034240606031227E-006  2.915577828123487E-007  1.783198948544973E-007
  2.902033646937759E-007 -4.653836972071001E-007 -1.309263163430687E-007
  0.000000000000000E+000  0.000000000000000E+000  0.000000000000000E+000
  0.000000000000000E+000  0.000000000000000E+000  0.000000000000000E+000
  0.000000000000000E+000  0.000000000000000E+000  0.000000000000000E+000
  0.000000000000000E+000  0.000000000000000E+000  0.000000000000000E+000
  0.000000000000000E+000  0.000000000000000E+000  0.000000000000000E+000
  0.000000000000000E+000  0.000000000000000E+000  0.000000000000000E+000
  0.000000000000000E+000  0.000000000000000E+000  0.000000000000000E+000
  0.000000000000000E+000  0.000000000000000E+000  0.000000000000000E+000
  0.000000000000000E+000  0.000000000000000E+000  0.000000000000000E+000
  0.000000000000000E+000  0.000000000000000E+000  0.000000000000000E+000
  0.000000000000000E+000  0.000000000000000E+000  0.000000000000000E+000
  0.000000000000000E+000  0.000000000000000E+000  0.000000000000000E+000
  0.000000000000000E+000  0.000000000000000E+000  0.000000000000000E+000
  0.000000000000000E+000  0.000000000000000E+000  0.000000000000000E+000
  0.000000000000000E+000  0.000000000000000E+000  0.000000000000000E+000
  0.000000000000000E+000  0.000000000000000E+000  0.000000000000000E+000
  0.000000000000000E+000  0.000000000000000E+000  0.000000000000000E+000
  0.000000000000000E+000  0.000000000000000E+000  0.000000000000000E+000
  0.000000000000000E+000  0.000000000000000E+000  0.000000000000000E+000
  0.000000000000000E+000  0.000000000000000E+000  0.000000000000000E+000
  0.000000000000000E+000  0.000000000000000E+000  0.000000000000000E+000
  0.000000000000000E+000  0.000000000000000E+000  0.000000000000000E+000
  0.000000000000000E+000  0.000000000000000E+000  0.000000000000000E+000
  0.000000000000000E+000  0.000000000000000E+000  0.000000000000000E+000
  0.000000000000000E+000  0.000000000000000E+000  0.000000000000000E+000
  0.000000000000000E+000  0.000000000000000E+000  0.000000000000000E+000
  0.000000000000000E+000  0.000000000000000E+000  0.000000000000000E+000
  0.000000000000000E+000  0.000000000000000E+000  0.000000000000000E+000
  0.000000000000000E+000  0.000000000000000E+000  0.000000000000000E+000
  0.000000000000000E+000  0.000000000000000E+000  0.000000000000000E+000
  0.000000000000000E+000  0.000000000000000E+000  0.000000000000000E+000
  0.000000000000000E+000  0.000000000000000E+000  0.000000000000000E+000
  0.000000000000000E+000  0.000000000000000E+000  0.000000000000000E+000
  0.000000000000000E+000  0.000000000000000E+000  0.000000000000000E+000
  0.000000000000000E+000  0.000000000000000E+000  0.000000000000000E+000
  0.000000000000000E+000  0.000000000000000E+000  0.000000000000000E+000
  0.000000000000000E+000  0.000000000000000E+000  0.000000000000000E+000
  0.000000000000000E+000  0.000000000000000E+000  0.000000000000000E+000
 -1.394551348954341E-002 -1.964028999866716E-002 -6.671656275342823E-002
 -3.911810142834465E-002  4.233682609756144E-003 -1.097246202917334E-003
 -1.778727364838960E-002  6.219887655289338E-003  8.042661252907198E-002
  3.657337084615575E-003 -1.316487228753409E-002  5.099011541045716E-002
  1.007413912832613E-002  6.181869583184886E-002 -7.165175439974994E-002
 -9.487608918038037E-002 -0.305135781905190      -6.998290038916589E-003
  0.385100414167583       0.670046409253937      -0.712621347715557     
 -0.212861431359176      -0.234453100859712       6.264032966260514E-003
  5.662970892174404E-002  3.205086313135962E-002 -6.484407576669142E-002
 -3.405945377621114E-002 -2.147419990867399E-002  4.606629970018097E-002
  3.955288155648672E-002  2.642217760751138E-003  8.625714807259721E-002
  1.962654978556227E-002 -3.320454347756077E-002  4.431897649106229E-003
 -1.137435971216003E-002 -2.225563387682786E-002 -6.426225260496943E-002
  0.000000000000000E+000  0.000000000000000E+000  0.000000000000000E+000
  0.000000000000000E+000  0.000000000000000E+000  0.000000000000000E+000
  0.000000000000000E+000  0.000000000000000E+000  0.000000000000000E+000
  0.000000000000000E+000  0.000000000000000E+000  0.000000000000000E+000
 -2.743810291372395E-002  3.382221452295398E-002 -5.717663257312879E-002
 -2.092954934435497E-002  1.490234719015631E-004 -1.769897570644323E-002
 -1.591247474579888E-002 -1.186091659539266E-002  7.718655107205795E-002
 -2.369005580574745E-003 -2.596916051918742E-002  6.617836187579146E-002
 -1.804683767855077E-002 -7.457568294556498E-002 -6.166312400086763E-002
 -0.117534412348030      -0.356712411252727       7.447657474475422E-002
 -4.757431546506097E-002 -8.764900453667658E-002 -0.352114759885598     
 -0.254798283818572      -0.287042883643559       9.389338604598355E-002
 -5.469801146242258E-002 -5.996649837964461E-002 -5.550102341676780E-002
 -3.032314717480563E-002 -2.652438549041199E-002  6.219949844211226E-002
  1.006878223897221E-002 -1.294973518538757E-002  8.287254992053097E-002
  5.603692549792696E-003 -2.070462913316251E-002 -1.256875143923597E-002
  4.553336590183907E-002 -4.910387709689195E-003 -5.504916066205564E-002
  0.000000000000000E+000  0.000000000000000E+000  0.000000000000000E+000
  0.000000000000000E+000  0.000000000000000E+000  0.000000000000000E+000
  0.000000000000000E+000  0.000000000000000E+000  0.000000000000000E+000
  0.000000000000000E+000  0.000000000000000E+000  0.000000000000000E+000
 -3.806736954316731E-002  0.166463621502137      -5.246174167966189E-002
 -3.700240197913259E-002 -0.136401630300593      -1.712941217330492E-002
  9.942889367416654E-003  0.124192601787043       2.509346214315123E-002
 -1.262148410666567E-002 -4.640667082137145E-002  0.131800124700849     
 -2.919645909652102E-002  0.502032637931047      -0.143745823794043     
  5.261492746521917E-002  0.359008750411730      -0.381165976588602     
 -0.508367941835763      -0.888731255257124       0.400534719569753     
  0.283543917273270       0.218302113909156      -0.362451720595857     
  0.495416836211715       0.250687596476319      -0.160314518289792     
 -1.773123295804474E-002 -3.269806689580509E-002  0.128159659439048     
  8.308223545699231E-002  5.767186190026516E-002  3.340398226717274E-002
 -0.107315887058826      -0.103934015018616      -1.178649881769241E-002
  0.174980495555317       5.743449506082434E-002 -5.099020880688491E-002
  0.000000000000000E+000  0.000000000000000E+000  0.000000000000000E+000
  0.000000000000000E+000  0.000000000000000E+000  0.000000000000000E+000
  0.000000000000000E+000  0.000000000000000E+000  0.000000000000000E+000
  0.000000000000000E+000  0.000000000000000E+000  0.000000000000000E+000
 -6.455036188110588E-002  0.445213500459026      -6.427039889714460E-002
 -3.063632226400019E-002  6.315736357584430E-002 -2.418700173607331E-002
  7.233893389650908E-003 -0.259687006693906       8.121446727226703E-002
  4.005818699058714E-002  0.365947763897183      -3.435445126723725E-002
 -3.404602199351101E-002 -0.282913312852868       0.126192802554421     
 -0.159528569432624      -0.303235401545437       0.156771762247841     
  0.253899709039405       0.432843191213066      -0.465397192000553     
 -0.156639802362266      -0.269820163952862       0.154003378795757     
 -0.243119050394915      -0.187736918161853       0.142594479260656     
  0.252634733649782       0.181559958594807      -2.009018227211357E-002
 -0.211435396519644      -0.116783214312000       8.168482619115179E-002
  0.106951724723179       2.577838105140817E-002 -2.234611603232515E-002
  0.421767483081967       0.168224812750119      -6.263877301278768E-002
  0.000000000000000E+000  0.000000000000000E+000  0.000000000000000E+000
  0.000000000000000E+000  0.000000000000000E+000  0.000000000000000E+000
  0.000000000000000E+000  0.000000000000000E+000  0.000000000000000E+000
  0.000000000000000E+000  0.000000000000000E+000  0.000000000000000E+000
 -6.137236107222944E-002  0.206069945895422      -3.989063824367445E-002
 -8.967986385216692E-002  0.793159424603625      -0.153571316135011     
  4.175229894976690E-002 -6.096645407703581E-002  4.866874257253202E-002
  6.318506561927704E-002 -0.575140102458989       0.276860141454500     
  5.187722673203154E-002  8.263950134958654E-002  1.100029873554151E-002
  0.143958445639162       0.305944285388821      -0.216784742672367     
 -0.214745541415600      -0.375282605338621       0.239901196445544     
  0.196976541608087       0.282186360959916      -0.207494245482045     
  5.075290623064157E-002  8.675178986800945E-002  1.599437074244518E-002
 -0.511993966560736      -0.231836905036838       0.270461273647065     
 -7.325500878942914E-002  3.444972473117187E-003  5.138221367375318E-002
  0.708411770185731       0.308653828137344      -0.146681285438897     
  0.202973093511789       4.980932584311230E-002 -3.724639099217162E-002
  0.000000000000000E+000  0.000000000000000E+000  0.000000000000000E+000
  0.000000000000000E+000  0.000000000000000E+000  0.000000000000000E+000
  0.000000000000000E+000  0.000000000000000E+000  0.000000000000000E+000
  0.000000000000000E+000  0.000000000000000E+000  0.000000000000000E+000
  3.852474367129060E-002  3.932174720616680E-002 -2.445698471357384E-002
 -2.665318334757327E-002  6.986439971566102E-002 -5.405334772271646E-002
  9.538488509499377E-002  0.297826290392423      -6.888392933918898E-002
  0.110886488508618      -0.103009590469614       9.232189025068238E-002
  0.184506838146233       0.482113807421978      -0.278544735553054     
  0.105582982224289       0.213600848835467      -0.225607987608419     
 -0.124165899636421      -0.212917564025183       0.217245434565591     
  0.108445270822337       0.175493359389039      -0.185117990925253     
  0.339476797700370       0.414097091404824      -0.279359380340699     
 -0.114745584933024       5.983718105793377E-002  7.497702971441582E-002
  0.183077454505219       0.211708969555874      -5.920198539615658E-002
  3.155484501086941E-002 -9.645072132850323E-004 -4.197988070932467E-002
  1.260505059894584E-002  5.225624393683068E-002 -2.187863161066899E-002
  0.000000000000000E+000  0.000000000000000E+000  0.000000000000000E+000
  0.000000000000000E+000  0.000000000000000E+000  0.000000000000000E+000
  0.000000000000000E+000  0.000000000000000E+000  0.000000000000000E+000
  0.000000000000000E+000  0.000000000000000E+000  0.000000000000000E+000
  4.120689996228878E-003  9.301097299218469E-003 -5.447327304644185E-003
  5.835743964199638E-002  6.742512436622621E-002 -0.124966573050446     
  0.173201849836790       -1.07331374916764       0.412359550578170     
  0.184677316010952      -0.279267548439412       0.234260551076809     
  0.198589187516628       0.263088776245603      -0.250533712539517     
 -8.475450135957950E-002 -0.445433342128590       0.420427503783430     
 -0.279092542167168      -0.478183501590453       0.502584291751287     
 -0.350322943150579      -0.291512414161526       0.439500889362046     
  0.143941248101517       0.327478508007120      -0.256925451967181     
 -0.334007411609760       1.993371255475382E-002  0.230726610061343     
 -0.997984414108699      -0.384415216927409       0.401351323574447     
  6.173889502404216E-002  9.287411585416208E-002 -0.132390506997760     
  3.832157057111065E-003  6.549431748378015E-003 -3.083357923851341E-003
  0.000000000000000E+000  0.000000000000000E+000  0.000000000000000E+000
  0.000000000000000E+000  0.000000000000000E+000  0.000000000000000E+000
  0.000000000000000E+000  0.000000000000000E+000  0.000000000000000E+000
  0.000000000000000E+000  0.000000000000000E+000  0.000000000000000E+000
  4.838090932232578E-002  3.602516049106742E-002 -1.555977888490298E-002
 -8.325349033627989E-002  0.401182602298209      -0.347652289326077     
  0.189145539429533      -0.625506122228539       0.356917270079356     
  0.123971731947779       0.509217740031792      -0.441608179933573     
  0.110512040135074       2.621060285243774E-002 -0.109267327555596     
  0.209065397110482       0.308288238248966      -0.472470042690274     
  3.459601674615084E-002  5.725989585034252E-002 -0.280988617745599     
  0.154704393660466       0.331555493520178      -0.451360684932712     
 -2.168776061717029E-002  0.135275097166992      -0.122311505482201     
  0.335192576018269       0.346364244686197      -0.401025011714559     
 -0.633815354576780      -0.147350516666526       0.347930017088023     
  0.395533389712306       0.128575400213066      -0.347989849180316     
  8.180072940372830E-003  6.032126940847761E-002 -1.505286632213982E-002
  0.000000000000000E+000  0.000000000000000E+000  0.000000000000000E+000
  0.000000000000000E+000  0.000000000000000E+000  0.000000000000000E+000
  0.000000000000000E+000  0.000000000000000E+000  0.000000000000000E+000
  0.000000000000000E+000  0.000000000000000E+000  0.000000000000000E+000
  9.281165352264258E-002  5.957153170263236E-003 -2.925748669434616E-002
 -0.225453484860543       0.395682212711494      -0.309638309511920     
 -6.908839025670993E-002  0.441062512466188      -0.552699620387423     
  4.775411805277865E-002  0.354444619790296      -0.650813020414701     
  0.243575140330116      -0.782286363416628        1.29889298432528     
 -4.849076939684017E-002 -0.224304010635280       0.293262342880846     
 -3.806913337082472E-002 -7.429658000643458E-002 -1.901187657369098E-002
 -0.178901957875493      -0.158298053528315       0.309382813189071     
 -0.785224182706303      -0.162935008950230        1.27020963402975     
  0.269163096397929       0.228586022927361      -0.650586017954778     
  0.448379817543297       0.164739374278025      -0.581160349626488     
  0.431012542314484       1.196566620044511E-003 -0.290951897374365     
 -3.995300930064968E-002  8.029133781462183E-002 -3.146331414924968E-002
  0.000000000000000E+000  0.000000000000000E+000  0.000000000000000E+000
  0.000000000000000E+000  0.000000000000000E+000  0.000000000000000E+000
  0.000000000000000E+000  0.000000000000000E+000  0.000000000000000E+000
  0.000000000000000E+000  0.000000000000000E+000  0.000000000000000E+000
  6.643412590865276E-003 -1.913475864412722E-002 -2.874494650585039E-002
  7.203561226073882E-002  3.767207814248727E-002 -2.881648007196273E-002
 -6.001077683084021E-003  0.205699494817308      -0.327188371317129     
  0.114347308216193      -0.328976588335123       0.557677212844308     
 -0.138701052710390       0.619218514353217       -1.00625650157329     
  3.199776262052740E-003  5.546224152412540E-002 -0.309827685990433     
 -9.092981887653061E-002 -0.142902490066683       0.553556437273233     
  5.910092617430886E-002  3.704210928156083E-002 -0.356982559393807     
  0.586105082629032       0.186446510887402      -0.975084944152140     
 -0.338555246930310      -6.016593863144942E-002  0.544205821585489     
  0.199428340541594       0.106182508035995      -0.353243049276660     
 -6.451930397320652E-003  8.098229546543084E-002 -2.641774819344425E-002
 -1.892410383366742E-002 -4.537112845408071E-003 -2.933787904629395E-002
  0.000000000000000E+000  0.000000000000000E+000  0.000000000000000E+000
  0.000000000000000E+000  0.000000000000000E+000  0.000000000000000E+000
  0.000000000000000E+000  0.000000000000000E+000  0.000000000000000E+000
  0.000000000000000E+000  0.000000000000000E+000  0.000000000000000E+000
  0.000000000000000E+000  0.000000000000000E+000  0.000000000000000E+000
  0.000000000000000E+000  0.000000000000000E+000  0.000000000000000E+000
  0.000000000000000E+000  0.000000000000000E+000  0.000000000000000E+000
  0.000000000000000E+000  0.000000000000000E+000  0.000000000000000E+000
  0.000000000000000E+000  0.000000000000000E+000  0.000000000000000E+000
  0.000000000000000E+000  0.000000000000000E+000  0.000000000000000E+000
  0.000000000000000E+000  0.000000000000000E+000  0.000000000000000E+000
  0.000000000000000E+000  0.000000000000000E+000  0.000000000000000E+000
  0.000000000000000E+000  0.000000000000000E+000  0.000000000000000E+000
  0.000000000000000E+000  0.000000000000000E+000  0.000000000000000E+000
  0.000000000000000E+000  0.000000000000000E+000  0.000000000000000E+000
  0.000000000000000E+000  0.000000000000000E+000  0.000000000000000E+000
  0.000000000000000E+000  0.000000000000000E+000  0.000000000000000E+000
  0.000000000000000E+000  0.000000000000000E+000  0.000000000000000E+000
  0.000000000000000E+000  0.000000000000000E+000  0.000000000000000E+000
  0.000000000000000E+000  0.000000000000000E+000  0.000000000000000E+000
  0.000000000000000E+000  0.000000000000000E+000  0.000000000000000E+000
  0.000000000000000E+000  0.000000000000000E+000  0.000000000000000E+000
  0.000000000000000E+000  0.000000000000000E+000  0.000000000000000E+000
  0.000000000000000E+000  0.000000000000000E+000  0.000000000000000E+000
  0.000000000000000E+000  0.000000000000000E+000  0.000000000000000E+000
  0.000000000000000E+000  0.000000000000000E+000  0.000000000000000E+000
  0.000000000000000E+000  0.000000000000000E+000  0.000000000000000E+000
  0.000000000000000E+000  0.000000000000000E+000  0.000000000000000E+000
  0.000000000000000E+000  0.000000000000000E+000  0.000000000000000E+000
  0.000000000000000E+000  0.000000000000000E+000  0.000000000000000E+000
  0.000000000000000E+000  0.000000000000000E+000  0.000000000000000E+000
  0.000000000000000E+000  0.000000000000000E+000  0.000000000000000E+000
  0.000000000000000E+000  0.000000000000000E+000  0.000000000000000E+000
  0.000000000000000E+000  0.000000000000000E+000  0.000000000000000E+000
  0.000000000000000E+000  0.000000000000000E+000  0.000000000000000E+000
  0.000000000000000E+000  0.000000000000000E+000  0.000000000000000E+000
