          80  8.000000000000007E-003  8.000000000000007E-003
  0.000000000000000E+000  0.000000000000000E+000  0.000000000000000E+000
  0.000000000000000E+000  0.000000000000000E+000  0.000000000000000E+000
  5.233189569356254E-002  6.476139774550616E-002 -9.100858474323187E-002
  6.068247621670549E-002  7.847577291310502E-002 -0.136765469708338     
  8.646707473820935E-002  0.109538417355760      -0.192184074331776     
  9.455313971874837E-002  0.136173331838879      -0.222381598618690     
  0.105894091447754       0.162394779507826      -0.250947804888383     
  0.117985258214300       0.215857737765687      -0.273343029013955     
  0.136898673217701       0.237171211344958      -0.288464524375192     
  0.127910445697652       0.210136761062189      -0.273333928459490     
  8.770626973167374E-002  0.172957940430060      -0.250948232924552     
  7.069480310065400E-002  0.150047382596546      -0.222407075708248     
  5.167167918441518E-002  0.129728222905473      -0.192237429279589     
  3.762534304530990E-002  9.182791277553264E-002 -0.136821022573148     
  2.992118314410395E-002  7.774251866601145E-002 -9.107346407168346E-002
  0.000000000000000E+000  0.000000000000000E+000  0.000000000000000E+000
  0.000000000000000E+000  0.000000000000000E+000  0.000000000000000E+000
  0.000000000000000E+000  0.000000000000000E+000  0.000000000000000E+000
  0.000000000000000E+000  0.000000000000000E+000  0.000000000000000E+000
  3.636677016677667E-002  6.723945059457011E-002 -7.796426888320859E-002
  5.667503865716998E-002  8.467707374164822E-002 -0.136292793452619     
  7.219885602535196E-002  0.114262727057015      -0.182392021869339     
  8.695111486241228E-002  0.138749092451744      -0.221548184365724     
  9.561812696106377E-002  0.165260438152311      -0.246280051464974     
  0.110756042423168       0.208195712255599      -0.272369016737814     
  0.125839861646891       0.218012873959064      -0.283227862645883     
  0.124883752975878       0.200033400970985      -0.272365926412416     
  9.528938917402770E-002  0.165480403896239      -0.246280191371788     
  7.670643048848295E-002  0.144732394960448      -0.221574359793005     
  6.287103012129795E-002  0.119714281888404      -0.182429648920018     
  4.499114025563369E-002  9.144262928589852E-002 -0.136342359183115     
  4.005289255162491E-002  6.514221033190695E-002 -7.801195192030358E-002
  0.000000000000000E+000  0.000000000000000E+000  0.000000000000000E+000
  0.000000000000000E+000  0.000000000000000E+000  0.000000000000000E+000
  0.000000000000000E+000  0.000000000000000E+000  0.000000000000000E+000
  0.000000000000000E+000  0.000000000000000E+000  0.000000000000000E+000
  2.350364539604742E-002  7.053117072498316E-002 -6.216215849114400E-002
  3.922177458624882E-002  0.100522726633968      -0.124242139776392     
  5.598886528210100E-002  0.121050350602359      -0.172325308163638     
  6.693526978348081E-002  0.145852470649814      -0.210044657269468     
  8.061048407153731E-002  0.176898956772620      -0.241320254336091     
  9.583664420748476E-002  0.192806775866585      -0.265506773708621     
  0.110805925779069       0.191961360989422      -0.275183013166137     
  0.118987912228381       0.179406016554557      -0.265510174287381     
  0.112808613942689       0.158256816162791      -0.241327710580380     
  9.282505116173957E-002  0.130934430726134      -0.210055039496132     
  7.682262541494365E-002  0.109018621505059      -0.172348713081470     
  6.742244636788822E-002  8.423143379095671E-002 -0.124259283204647     
  4.934521148598345E-002  5.561463235785200E-002 -6.217728647436445E-002
  0.000000000000000E+000  0.000000000000000E+000  0.000000000000000E+000
  0.000000000000000E+000  0.000000000000000E+000  0.000000000000000E+000
  0.000000000000000E+000  0.000000000000000E+000  0.000000000000000E+000
  0.000000000000000E+000  0.000000000000000E+000  0.000000000000000E+000
  1.952613615020221E-002  6.696845395603965E-002 -5.040871011894810E-002
  2.278080459367384E-002  0.125200772177025      -0.108660582010876     
  3.628492799118731E-002  0.147572553436834      -0.157110502190777     
  4.697772463492126E-002  0.174956654997226      -0.198839155175656     
  6.161321763897905E-002  0.175702541261810      -0.230361188593384     
  7.570426106358799E-002  0.166054588832721      -0.249326896154834     
  9.003884469694004E-002  0.155992915680724      -0.255387471099132     
  0.105891992332300       0.148608771410672      -0.249368122037625     
  0.121263417858739       0.141225548587988      -0.230367557778135     
  0.127979089184937       0.128146646306991      -0.198843567963080     
  0.109621286153741       0.105223849462303      -0.157093595060187     
  9.701782124818564E-002  8.225808804311238E-002 -0.108616792305767     
  4.822421042218693E-002  5.039982321228008E-002 -5.041106261237842E-002
  0.000000000000000E+000  0.000000000000000E+000  0.000000000000000E+000
  0.000000000000000E+000  0.000000000000000E+000  0.000000000000000E+000
  0.000000000000000E+000  0.000000000000000E+000  0.000000000000000E+000
  0.000000000000000E+000  0.000000000000000E+000  0.000000000000000E+000
  2.129485780787674E-002  4.964899951357125E-002 -4.136837937843645E-002
  1.380304024061332E-002  0.129487756512263      -9.871170452370319E-002
  2.285751764885354E-002  0.161394970593645      -0.146188615185815     
  3.279016037719640E-002  0.170120175006842      -0.186696588664622     
  4.547915371522682E-002  0.158963106662476      -0.213822069158568     
  5.887424049472388E-002  0.141166577433991      -0.228507961280042     
  7.328808968769725E-002  0.126965116256575      -0.233281524365467     
  9.279201958804092E-002  0.121650208446139      -0.228590105850151     
  0.114883876242660       0.118894468114278      -0.213871098336129     
  0.130845480569184       0.113465782012213      -0.186668660828670     
  0.128261606439678       0.100400663170168      -0.146133536721849     
  0.105072290628790       7.664223254896889E-002 -9.863543781975438E-002
  3.239417176943365E-002  4.321437359569427E-002 -4.134166356519099E-002
  0.000000000000000E+000  0.000000000000000E+000  0.000000000000000E+000
  0.000000000000000E+000  0.000000000000000E+000  0.000000000000000E+000
  0.000000000000000E+000  0.000000000000000E+000  0.000000000000000E+000
  0.000000000000000E+000  0.000000000000000E+000  0.000000000000000E+000
  2.459404996015624E-002  1.810948452643114E-002 -3.112693455585878E-002
  7.557405412461899E-003  0.120566340411134      -8.602424296582367E-002
  1.790466048380031E-002  0.149178565760653      -0.133102500996458     
  2.202017435851471E-002  0.156341469994076      -0.171784476321744     
  3.399483948600392E-002  0.141019455876465      -0.195552982859948     
  4.599404218442588E-002  0.120047103079904      -0.207148401234585     
  6.049537648208515E-002  0.104805440471462      -0.210170747956784     
  8.103029132647270E-002  9.999905218532991E-002 -0.207320847186603     
  0.105133317998627       0.100056850031383      -0.195642434673253     
  0.124316980893689       9.719391262323900E-002 -0.171758649290962     
  0.120028233773581       9.008769155921437E-002 -0.133004731810707     
  0.100525706537081       6.660347451644985E-002 -8.585736627866700E-002
  3.225050552414864E-003  3.037001126970115E-002 -3.113043644107777E-002
  0.000000000000000E+000  0.000000000000000E+000  0.000000000000000E+000
  0.000000000000000E+000  0.000000000000000E+000  0.000000000000000E+000
  0.000000000000000E+000  0.000000000000000E+000  0.000000000000000E+000
  0.000000000000000E+000  0.000000000000000E+000  0.000000000000000E+000
  1.389252521437000E-002 -8.572714195257120E-003 -1.764972157143579E-002
  1.136301287480792E-002  0.110958894602232      -7.420820580054978E-002
  1.150888454511615E-002  0.134158352513679      -0.120781297269764     
  1.453969292508741E-002  0.137388372999118      -0.155428147535355     
  2.407595627242603E-002  0.121544755598600      -0.175783291947495     
  3.538359449219184E-002  0.101063846829879      -0.184708688324882     
  4.985428540347527E-002  8.635774907998721E-002 -0.186962601109509     
  7.000832769967273E-002  8.142480888946411E-002 -0.185010183962272     
  9.329672859020056E-002  8.174853933110535E-002 -0.175948946626532     
  0.111600000482974       8.134272562286059E-002 -0.155411045796729     
  0.110387493969819       7.692600219759418E-002 -0.120682362303855     
  9.006661185740882E-002  6.534424595031328E-002 -7.410642554062671E-002
 -1.428649016396147E-002  7.497686430072044E-003 -1.751779648994791E-002
  0.000000000000000E+000  0.000000000000000E+000  0.000000000000000E+000
  0.000000000000000E+000  0.000000000000000E+000  0.000000000000000E+000
  0.000000000000000E+000  0.000000000000000E+000  0.000000000000000E+000
  0.000000000000000E+000  0.000000000000000E+000  0.000000000000000E+000
  6.917314236320912E-003 -2.009074118663117E-002 -1.157409808796928E-002
  1.534596076930345E-002  0.101134074555336      -6.318888363821562E-002
  6.177179900800429E-003  0.107759217448722      -0.105191933130009     
  8.121050929558152E-003  0.115646573228092      -0.134541798424980     
  1.550274418078999E-002  9.966613689378699E-002 -0.152619608292215     
  2.630316902139774E-002  8.329538793761730E-002 -0.160800308260094     
  4.015201950423789E-002  6.950725390680282E-002 -0.162726940679962     
  5.930198756364446E-002  6.478592034996579E-002 -0.161348015138012     
  7.867215517280114E-002  6.344140914427775E-002 -0.152897432087368     
  9.607857237489666E-002  6.494618097005993E-002 -0.134584487943131     
  9.002027925812435E-002  5.923016040617966E-002 -0.105081287157210     
  8.014994828297238E-002  6.372509681210203E-002 -6.311600529997255E-002
 -2.105408578162555E-002 -3.943696609751433E-003 -1.164531764985983E-002
  0.000000000000000E+000  0.000000000000000E+000  0.000000000000000E+000
  0.000000000000000E+000  0.000000000000000E+000  0.000000000000000E+000
  0.000000000000000E+000  0.000000000000000E+000  0.000000000000000E+000
  0.000000000000000E+000  0.000000000000000E+000  0.000000000000000E+000
  1.219628859803213E-003 -8.858879552049065E-003 -6.029312096542298E-003
  1.901805827920712E-002  6.311837304691478E-002 -4.525104598083707E-002
 -3.314104330497683E-003  7.528496842234737E-002 -7.634186678068433E-002
  3.124833715966811E-003  7.964755400647208E-002 -0.100324947951589     
  6.264147692436520E-003  6.930640792665010E-002 -0.115391950760723     
  1.548749432994784E-002  5.783807975018960E-002 -0.123841589681773     
  2.756060453409786E-002  4.765903963602670E-002 -0.125951244974691     
  4.266027946270110E-002  4.261727398137614E-002 -0.124451664554134     
  5.699811660612641E-002  4.024476916596281E-002 -0.115676114626231     
  6.734365423352594E-002  4.257643804444129E-002 -0.100426705894582     
  6.692936227841324E-002  3.488981729649963E-002 -7.635723855924548E-002
  4.491361473271117E-002  4.790794446217022E-002 -4.514627568162276E-002
 -8.101177374641094E-003 -3.377544562311187E-003 -5.957120322158582E-003
  0.000000000000000E+000  0.000000000000000E+000  0.000000000000000E+000
  0.000000000000000E+000  0.000000000000000E+000  0.000000000000000E+000
  0.000000000000000E+000  0.000000000000000E+000  0.000000000000000E+000
  0.000000000000000E+000  0.000000000000000E+000  0.000000000000000E+000
  1.116878157797135E-003 -6.473526168719351E-003 -7.032677709413139E-003
  1.376240772474967E-002  1.773072533944855E-002 -1.241779538958492E-002
  3.219266698341125E-003  2.643821504640221E-002 -2.927786305942149E-002
  5.507099445846535E-003  3.667914285840813E-002 -4.815415341005370E-002
  1.634491800751851E-003  3.394807482807327E-002 -6.147429684758462E-002
  7.756117516878843E-003  3.113061325274280E-002 -7.290319194137854E-002
  1.410054310854450E-002  2.416226913768273E-002 -7.492417859731532E-002
  2.334058511243592E-002  2.247448396470701E-002 -7.352976024893500E-002
  2.858040753979329E-002  1.854437953511348E-002 -6.174713544173524E-002
  2.897805336699704E-002  2.314038609735543E-002 -4.816191040953887E-002
  2.135235625211268E-002  1.601255331883756E-002 -2.934371744554161E-002
  8.499391519954340E-003  2.078375394033732E-002 -1.239783302697357E-002
 -6.192759411722658E-003 -2.290162126090996E-003 -7.046980890146783E-003
  0.000000000000000E+000  0.000000000000000E+000  0.000000000000000E+000
  0.000000000000000E+000  0.000000000000000E+000  0.000000000000000E+000
  0.000000000000000E+000  0.000000000000000E+000  0.000000000000000E+000
  0.000000000000000E+000  0.000000000000000E+000  0.000000000000000E+000
  0.000000000000000E+000  0.000000000000000E+000  0.000000000000000E+000
  0.000000000000000E+000  0.000000000000000E+000  0.000000000000000E+000
  0.000000000000000E+000  0.000000000000000E+000  0.000000000000000E+000
  0.000000000000000E+000  0.000000000000000E+000  0.000000000000000E+000
  0.000000000000000E+000  0.000000000000000E+000  0.000000000000000E+000
  0.000000000000000E+000  0.000000000000000E+000  0.000000000000000E+000
  0.000000000000000E+000  0.000000000000000E+000  0.000000000000000E+000
  0.000000000000000E+000  0.000000000000000E+000  0.000000000000000E+000
  0.000000000000000E+000  0.000000000000000E+000  0.000000000000000E+000
  0.000000000000000E+000  0.000000000000000E+000  0.000000000000000E+000
  0.000000000000000E+000  0.000000000000000E+000  0.000000000000000E+000
  0.000000000000000E+000  0.000000000000000E+000  0.000000000000000E+000
  0.000000000000000E+000  0.000000000000000E+000  0.000000000000000E+000
  0.000000000000000E+000  0.000000000000000E+000  0.000000000000000E+000
  0.000000000000000E+000  0.000000000000000E+000  0.000000000000000E+000
  0.000000000000000E+000  0.000000000000000E+000  0.000000000000000E+000
  0.000000000000000E+000  0.000000000000000E+000  0.000000000000000E+000
  0.000000000000000E+000  0.000000000000000E+000  0.000000000000000E+000
  0.000000000000000E+000  0.000000000000000E+000  0.000000000000000E+000
  0.000000000000000E+000  0.000000000000000E+000  0.000000000000000E+000
  0.000000000000000E+000  0.000000000000000E+000  0.000000000000000E+000
  0.000000000000000E+000  0.000000000000000E+000  0.000000000000000E+000
  0.000000000000000E+000  0.000000000000000E+000  0.000000000000000E+000
  0.000000000000000E+000  0.000000000000000E+000  0.000000000000000E+000
  0.000000000000000E+000  0.000000000000000E+000  0.000000000000000E+000
  0.000000000000000E+000  0.000000000000000E+000  0.000000000000000E+000
  0.000000000000000E+000  0.000000000000000E+000  0.000000000000000E+000
  0.000000000000000E+000  0.000000000000000E+000  0.000000000000000E+000
  0.000000000000000E+000  0.000000000000000E+000  0.000000000000000E+000
  0.000000000000000E+000  0.000000000000000E+000  0.000000000000000E+000
  0.000000000000000E+000  0.000000000000000E+000  0.000000000000000E+000
  0.000000000000000E+000  0.000000000000000E+000  0.000000000000000E+000
  0.000000000000000E+000  0.000000000000000E+000  0.000000000000000E+000
  0.000000000000000E+000  0.000000000000000E+000  0.000000000000000E+000
  3.044649275173976E-003 -5.345229486658750E-003 -0.264824113732179     
 -3.641087277141833E-002  5.830128082138103E-003 -0.589132423239941     
  1.172261952153838E-002 -1.816327339318054E-002 -0.808257936747748     
 -2.414498005768857E-002  1.431446032701596E-002 -0.875934898293295     
  5.368587730524565E-002 -4.940178825330185E-002 -0.924690730388417     
  5.051623149473838E-002  9.900797926162500E-002  -1.09446075879924     
  0.285537237311773       0.493312219268841       -1.29661045005257     
  5.636454604432605E-002  8.841742464030895E-002  -1.09597549287612     
 -6.538409376531279E-002  2.258763082751272E-002 -0.927318440760282     
  2.906334202915265E-002 -1.132319811603638E-002 -0.877722928758227     
 -2.243392890328064E-002  1.230241040614265E-003 -0.807566410558995     
  3.303910071747533E-002 -2.242576795035615E-002 -0.586790342701523     
  2.597983150884505E-003  4.128050827596956E-003 -0.264340666767462     
  0.000000000000000E+000  0.000000000000000E+000  0.000000000000000E+000
  0.000000000000000E+000  0.000000000000000E+000  0.000000000000000E+000
  0.000000000000000E+000  0.000000000000000E+000  0.000000000000000E+000
  0.000000000000000E+000  0.000000000000000E+000  0.000000000000000E+000
 -4.229806787660664E-002 -3.536762138642341E-002 -0.212583490963572     
 -6.265301486535474E-002  1.523317926000140E-002 -0.566856647579615     
 -3.722390038837903E-002 -1.830860715191474E-002 -0.777954433851294     
 -2.373009664508014E-002  1.493694474864740E-002 -0.877259978461635     
  2.570794482492991E-003 -8.320505128023600E-004 -0.901004713646048     
  8.705388297648504E-003  2.944229913329626E-002  -1.07456476316508     
  0.133449841946076       0.230912497138220       -1.20644313157978     
  1.438411225897346E-002  1.607119458600656E-002  -1.07586913673563     
  2.383738679055895E-003  2.880461476146016E-003 -0.904090810765909     
  2.670897004627865E-002 -1.290535954042761E-002 -0.878912045458290     
  2.176108428879465E-003 -4.168238724803224E-002 -0.776885006469513     
  5.338674085016896E-002 -4.110935409197305E-002 -0.564466251275042     
 -3.554479645594489E-003 -5.123613370570535E-002 -0.212149239511261     
  0.000000000000000E+000  0.000000000000000E+000  0.000000000000000E+000
  0.000000000000000E+000  0.000000000000000E+000  0.000000000000000E+000
  0.000000000000000E+000  0.000000000000000E+000  0.000000000000000E+000
  0.000000000000000E+000  0.000000000000000E+000  0.000000000000000E+000
 -6.105996758521513E-002 -9.495056467600631E-002 -0.170175654379373     
 -0.116417378447456       1.886943951756133E-002 -0.485638729037710     
 -7.892306717885511E-002 -1.399499151561131E-002 -0.732725309651969     
 -6.833359555819793E-002 -2.950196927209804E-002 -0.839069671840540     
 -6.217281665591077E-002 -3.376292735782995E-002 -0.898379861651154     
 -0.133465251004993      -0.275087566238496      -0.958136198268384     
 -4.550929375128396E-002 -7.708184612772975E-002  -1.07478783752651     
 -0.181545611635963      -0.261171451134503      -0.957319687000371     
  2.196735176080790E-003 -7.061800670950895E-002 -0.901998748455685     
  4.491889344710950E-003 -7.818458990276293E-002 -0.840080109573273     
  2.610481768536437E-002 -7.583668486086624E-002 -0.731357517542958     
  8.110833003055461E-002 -8.694173083858844E-002 -0.483518525914340     
 -5.055543206222163E-002 -9.942391725502815E-002 -0.169602807353967     
  0.000000000000000E+000  0.000000000000000E+000  0.000000000000000E+000
  0.000000000000000E+000  0.000000000000000E+000  0.000000000000000E+000
  0.000000000000000E+000  0.000000000000000E+000  0.000000000000000E+000
  0.000000000000000E+000  0.000000000000000E+000  0.000000000000000E+000
 -6.445032276462735E-002 -0.155633400965590      -0.142817089823586     
 -0.136023797990823       3.359405600935613E-002 -0.408417484268983     
 -0.121212433412362       1.495941361101571E-003 -0.630882264827225     
 -7.357770184872962E-002  7.957594736447698E-002 -0.795298298470438     
 -3.424924380157379E-002  0.159603924965310      -0.903116202743213     
 -8.906628350431427E-002 -8.310874538737478E-002 -0.903772172819108     
  1.226492192202921E-002  2.498863326290746E-002 -0.999368853204806     
 -2.835217093300703E-002 -0.116500216218724      -0.906978409952930     
  0.152497965648534       4.890047982056092E-002 -0.904447755663268     
  0.105805550042145      -2.321921289957779E-002 -0.796400038031270     
  5.999304098116810E-002 -0.104293646861731      -0.630002944928058     
  9.477692831989867E-002 -0.100935911281686      -0.406748146411089     
 -0.105290328036542      -0.134009043276989      -0.141584723096016     
  0.000000000000000E+000  0.000000000000000E+000  0.000000000000000E+000
  0.000000000000000E+000  0.000000000000000E+000  0.000000000000000E+000
  0.000000000000000E+000  0.000000000000000E+000  0.000000000000000E+000
  0.000000000000000E+000  0.000000000000000E+000  0.000000000000000E+000
 -5.833222830889984E-002 -0.119165220374799      -0.140143295777442     
 -0.118142967593508       1.535349244682161E-002 -0.366992486622021     
 -8.953242390672841E-002 -0.123437195146198      -0.551018681517703     
 -8.781103768822413E-002 -0.111497036084879      -0.659543910464451     
 -2.173581559341363E-002  0.327541730632874      -0.954273872790851     
  3.375856516071427E-002  0.189346328313574      -0.965504266739161     
  0.174082726593751       0.304722010679207       -1.06725193722239     
  0.136942088247139       0.117213191076361      -0.961764400387499     
  0.297645772389064       0.149608716550602      -0.958357473969876     
 -4.791961422655010E-002 -0.128278369045239      -0.662204639522603     
 -6.489209659396138E-002 -0.139093010214941      -0.549589309661228     
  6.378453665192610E-002 -9.618525589804569E-002 -0.364101458275693     
 -7.576907147610355E-002 -0.109987241680851      -0.138996735886399     
  0.000000000000000E+000  0.000000000000000E+000  0.000000000000000E+000
  0.000000000000000E+000  0.000000000000000E+000  0.000000000000000E+000
  0.000000000000000E+000  0.000000000000000E+000  0.000000000000000E+000
  0.000000000000000E+000  0.000000000000000E+000  0.000000000000000E+000
 -6.008404416158294E-002 -2.362615369642542E-002 -0.145485961168402     
  2.009754576118240E-002 -0.291720905734088      -0.261341478064349     
 -2.893699997611019E-002 -0.257481755545017      -0.458745375707410     
 -2.947897989651183E-002 -5.608978798954715E-002 -0.647754800635023     
 -3.272743189495109E-002 -0.230552255644619      -0.605622137649063     
 -9.262410433285898E-002 -0.208491326983854      -0.614072999532747     
 -3.296362440374771E-002 -5.293234619196579E-002 -0.732908775051166     
 -0.137607025196462      -0.184299273391959      -0.612964573560346     
 -0.182942451930530      -0.142958226534066      -0.607501868427073     
 -3.843318482918352E-002 -5.408725926151664E-002 -0.645525352623449     
 -0.201098805399553      -0.149793844069806      -0.460678619283207     
 -0.261599453160018      -0.126628566895311      -0.260707982293550     
  9.179447607275409E-003 -6.401026009889488E-002 -0.144933276621650     
  0.000000000000000E+000  0.000000000000000E+000  0.000000000000000E+000
  0.000000000000000E+000  0.000000000000000E+000  0.000000000000000E+000
  0.000000000000000E+000  0.000000000000000E+000  0.000000000000000E+000
  0.000000000000000E+000  0.000000000000000E+000  0.000000000000000E+000
 -4.098795665736373E-002  1.614303281159152E-002 -0.140239951722045     
  7.891333475499414E-002 -0.418666290659337      -0.171922101650520     
  9.386760414527077E-004 -0.180057958838922      -0.407676229633237     
 -2.558812669421535E-002  0.498412509167709      -0.931243898454245     
  8.188648962385038E-002  0.696012551509165       -1.20697690429794     
  0.110073620798990       0.221418623818849      -0.946574477900668     
  0.298524012069551       0.518525842863274       -1.17744133124444     
  0.134553444117656       0.204452084877399      -0.942961862773506     
  0.553169626330249       0.412813358551302       -1.19897729309228     
  0.451393047951248       0.230504517834833      -0.934869324108891     
 -0.145193068164687      -8.261976765029320E-002 -0.411372413875157     
 -0.390024627023477      -0.137921691270026      -0.174039883270602     
  3.245108855135981E-002 -2.652940823171750E-002 -0.140316422098918     
  0.000000000000000E+000  0.000000000000000E+000  0.000000000000000E+000
  0.000000000000000E+000  0.000000000000000E+000  0.000000000000000E+000
  0.000000000000000E+000  0.000000000000000E+000  0.000000000000000E+000
  0.000000000000000E+000  0.000000000000000E+000  0.000000000000000E+000
 -6.092661846826030E-003 -8.878998817142434E-003 -0.126835897657648     
  1.841855307905726E-002 -0.219361944818062      -0.142198625290841     
 -4.040992619165232E-002  0.176475571401075      -0.480790982245347     
 -7.049887137608513E-002  0.617979550805127      -0.974788134491482     
  6.114018681075379E-002  0.557002155850359       -1.14637212837077     
  0.111244961262507       0.489175441903174       -1.05761269611923     
  0.614547658480586        1.06156389837054       -2.18421312353446     
  0.360729266791695       0.332644451660839       -1.04325773883193     
  0.447672688097955       0.327654715923345       -1.14059048673846     
  0.577224140943442       0.251079158130762      -0.981029761587422     
  0.174581211338526       5.509716831138566E-002 -0.479268573919503     
 -0.189930234258170      -8.893542202661467E-002 -0.145036053588963     
 -4.958416326515130E-003 -1.065121387725310E-002 -0.125539849772184     
  0.000000000000000E+000  0.000000000000000E+000  0.000000000000000E+000
  0.000000000000000E+000  0.000000000000000E+000  0.000000000000000E+000
  0.000000000000000E+000  0.000000000000000E+000  0.000000000000000E+000
  0.000000000000000E+000  0.000000000000000E+000  0.000000000000000E+000
 -3.075600148294016E-003 -2.989537981595966E-002 -7.280802567571588E-002
 -1.590559141388295E-003 -2.938418561776517E-002 -0.125668733389854     
 -0.141728662597320       0.387129041507353      -0.576565732302092     
  4.610819419488832E-002  3.817051177726483E-002 -0.307602756302443     
 -1.901024600084460E-003  0.139993675574657      -0.415389679116686     
  9.934916690071695E-002  0.215842745044962      -0.648562716892054     
 -3.966949725702654E-002 -6.912310361651521E-002 -5.255867862279173E-002
  0.138912559457509       0.196860597989658      -0.652976021839194     
  0.127226810560114       6.956673756449913E-002 -0.426627457424934     
  1.741568662109756E-002  5.895664856363614E-002 -0.313579938672129     
  0.385533116523965       6.872235413601295E-002 -0.557262160642122     
 -2.200204736365528E-002 -1.361082897795203E-002 -0.127019621928874     
 -2.432207556779729E-002 -1.755627035793733E-002 -7.256443636031965E-002
  0.000000000000000E+000  0.000000000000000E+000  0.000000000000000E+000
  0.000000000000000E+000  0.000000000000000E+000  0.000000000000000E+000
  0.000000000000000E+000  0.000000000000000E+000  0.000000000000000E+000
  0.000000000000000E+000  0.000000000000000E+000  0.000000000000000E+000
 -5.756372176130129E-003 -1.819628253956828E-002 -4.660922778303798E-002
  2.106729942024543E-002 -2.813310429909795E-002 -5.263596999760256E-002
  3.315897688910838E-002  6.226171228081185E-002 -0.179166061385771     
  5.092166592744837E-002 -1.810858393471845E-002 -1.618930848327856E-002
 -2.735660298639334E-002  0.239536939169509      -0.558526721672185     
 -6.450988444919409E-003  1.690646710746186E-002 -0.125839815783294     
 -5.587192628165520E-003 -6.870088644150637E-003  0.288615350809125     
  2.874481619574052E-002  7.105100695890486E-003 -0.160263011625192     
  0.216010680027495       9.704053488103322E-002 -0.556018868748472     
 -3.917181673578298E-002  3.684716916974527E-002 -2.185560511794707E-002
  2.939141030133320E-002  5.715476796701439E-002 -0.169030341682281     
 -3.379169832953943E-002  4.583111899467952E-003 -5.269248864675743E-002
 -1.302544641409830E-002 -1.396874570379108E-002 -4.636721297945701E-002
  0.000000000000000E+000  0.000000000000000E+000  0.000000000000000E+000
  0.000000000000000E+000  0.000000000000000E+000  0.000000000000000E+000
  0.000000000000000E+000  0.000000000000000E+000  0.000000000000000E+000
  0.000000000000000E+000  0.000000000000000E+000  0.000000000000000E+000
  0.000000000000000E+000  0.000000000000000E+000  0.000000000000000E+000
  0.000000000000000E+000  0.000000000000000E+000  0.000000000000000E+000
  0.000000000000000E+000  0.000000000000000E+000  0.000000000000000E+000
  0.000000000000000E+000  0.000000000000000E+000  0.000000000000000E+000
  0.000000000000000E+000  0.000000000000000E+000  0.000000000000000E+000
  0.000000000000000E+000  0.000000000000000E+000  0.000000000000000E+000
  0.000000000000000E+000  0.000000000000000E+000  0.000000000000000E+000
  0.000000000000000E+000  0.000000000000000E+000  0.000000000000000E+000
  0.000000000000000E+000  0.000000000000000E+000  0.000000000000000E+000
  0.000000000000000E+000  0.000000000000000E+000  0.000000000000000E+000
  0.000000000000000E+000  0.000000000000000E+000  0.000000000000000E+000
  0.000000000000000E+000  0.000000000000000E+000  0.000000000000000E+000
  0.000000000000000E+000  0.000000000000000E+000  0.000000000000000E+000
  0.000000000000000E+000  0.000000000000000E+000  0.000000000000000E+000
  0.000000000000000E+000  0.000000000000000E+000  0.000000000000000E+000
  0.000000000000000E+000  0.000000000000000E+000  0.000000000000000E+000
  0.000000000000000E+000  0.000000000000000E+000  0.000000000000000E+000
  0.000000000000000E+000  0.000000000000000E+000  0.000000000000000E+000
  0.000000000000000E+000  0.000000000000000E+000  0.000000000000000E+000
  0.000000000000000E+000  0.000000000000000E+000  0.000000000000000E+000
  0.000000000000000E+000  0.000000000000000E+000  0.000000000000000E+000
  0.000000000000000E+000  0.000000000000000E+000  0.000000000000000E+000
  0.000000000000000E+000  0.000000000000000E+000  0.000000000000000E+000
  0.000000000000000E+000  0.000000000000000E+000  0.000000000000000E+000
  0.000000000000000E+000  0.000000000000000E+000  0.000000000000000E+000
  0.000000000000000E+000  0.000000000000000E+000  0.000000000000000E+000
  0.000000000000000E+000  0.000000000000000E+000  0.000000000000000E+000
  0.000000000000000E+000  0.000000000000000E+000  0.000000000000000E+000
  0.000000000000000E+000  0.000000000000000E+000  0.000000000000000E+000
  0.000000000000000E+000  0.000000000000000E+000  0.000000000000000E+000
  0.000000000000000E+000  0.000000000000000E+000  0.000000000000000E+000
  0.000000000000000E+000  0.000000000000000E+000  0.000000000000000E+000
  0.000000000000000E+000  0.000000000000000E+000  0.000000000000000E+000
  0.000000000000000E+000  0.000000000000000E+000  0.000000000000000E+000
   157.798023687901       -335.724695535778       -88.0373828549489     
   789.565866412575        314.383113533077       -24.9964360292523     
   2378.47909314190       -762.703663693922        911.849981278743     
   3979.87659249625        390.703463546510        684.329580428789     
   5685.11424821833       -3272.04534516973       -2517.13392654273     
   3664.56389018916        4634.42071108851       -5232.41689811524     
   9946.87037842119        17240.2936095606       -10227.6397545293     
   2215.68002540245        5502.77772022008       -5243.13427064283     
  -5662.23408057135        3270.04862788129       -2520.69707615355     
  -1608.64387956256        3671.32866119093        638.915765993458     
  -1998.90657647977        1638.99731734441        886.579982174506     
  -102.563472270405        888.520046426613       -4.01121465495185     
  -232.126792874367        38.5412995961539       -68.6760533616372     
  0.000000000000000E+000  0.000000000000000E+000  0.000000000000000E+000
  0.000000000000000E+000  0.000000000000000E+000  0.000000000000000E+000
  0.000000000000000E+000  0.000000000000000E+000  0.000000000000000E+000
  0.000000000000000E+000  0.000000000000000E+000  0.000000000000000E+000
   112.684070346722       -477.038931641071       -38.5759094944216     
   901.168099539870        212.826635592721       -14.0871594948902     
   2321.67086901092       -265.758336678950        976.205528666079     
   3894.30008988217       -223.999589807440        1178.32596078601     
   3911.99334450292       -1539.81584527925       -1814.03812778829     
   3925.66456828591        7504.09313460090       -5390.50341377654     
   6351.07445393060        10993.0842838299       -8624.31154535989     
   4465.72287285628        7087.82565908965       -5377.91814260238     
  -3302.65718480805        2596.94471537515       -1834.37616852184     
  -2108.18630423366        3286.51300610689        1126.56285706729     
  -1474.30481894818        1862.27359926806        955.023623612787     
  -238.541971616099        930.728457414934        13.8429435125270     
  -374.163462472524       -86.1484531770765       -21.6467372891932     
  0.000000000000000E+000  0.000000000000000E+000  0.000000000000000E+000
  0.000000000000000E+000  0.000000000000000E+000  0.000000000000000E+000
  0.000000000000000E+000  0.000000000000000E+000  0.000000000000000E+000
  0.000000000000000E+000  0.000000000000000E+000  0.000000000000000E+000
   224.462284421830       -810.502214532415        15.5800162752066     
   829.651456774716       -47.1717070590408       -2.76226105141237     
   2480.05542755388       -219.978191652147        1077.69438560279     
   2850.85186996960        1868.81711109118        1701.99579462847     
   2418.40007642713        2905.34635469187       -1942.05876858089     
   3491.04635743066        7131.30010057794       -6483.06347091651     
   1257.69366491820        2203.74803849985       -4755.78423681377     
   4338.00722106117        6533.44335983787       -6448.63178328539     
   1235.47739190846        3519.50570431462       -1955.19339885777     
   183.805471937409        3398.83629874471        1651.76275693775     
  -1382.55686145161        2093.73987130793        1076.25116698115     
  -455.499667294076        720.877476087521        25.3699150743876     
  -782.138695385274       -184.498967507077        33.9714505995012     
  0.000000000000000E+000  0.000000000000000E+000  0.000000000000000E+000
  0.000000000000000E+000  0.000000000000000E+000  0.000000000000000E+000
  0.000000000000000E+000  0.000000000000000E+000  0.000000000000000E+000
  0.000000000000000E+000  0.000000000000000E+000  0.000000000000000E+000
   184.626390949069       -520.937609659779        157.638547347232     
   1281.53543270226       -417.632914699898        149.445237759328     
   2455.54013679869        1292.72042270934        1319.64454099079     
   3355.50474716255       -4341.28236172385        1372.67181408937     
   1070.37565969799       -12171.5603825541        1869.56964583122     
  -1633.58124497424       -8953.31322466777       -535.360529401855     
  -2723.60374179161       -4710.76980233268       -1290.90348970692     
  -6874.94314821787       -5837.79493312777       -568.673766405079     
  -10948.8374655202       -5101.94772866420        1832.40611593224     
  -5313.31559323937        776.282823471217        1330.03446101640     
  -167.049566539251        2734.68686458130        1318.90651561335     
  -1074.52346893642        885.300952960583        181.590975662290     
  -560.287626983557       -90.6306258863493        180.600293282923     
  0.000000000000000E+000  0.000000000000000E+000  0.000000000000000E+000
  0.000000000000000E+000  0.000000000000000E+000  0.000000000000000E+000
  0.000000000000000E+000  0.000000000000000E+000  0.000000000000000E+000
  0.000000000000000E+000  0.000000000000000E+000  0.000000000000000E+000
   172.804924563149       -154.215456527463        123.591771595748     
   768.219737279767        1157.33560943161        373.532366946803     
   2675.03432680496       -1150.40979465064        1470.81691972909     
   2016.57841069382       -2528.99697780420        2434.67670309140     
   1776.62452770965        7826.60594515865       -4485.63119314367     
   2170.77094144040        4403.88517765505       -6575.77232120363     
   1222.07656612531        2023.85290511589       -5872.16349603542     
   2585.28138516124        3865.26460611273       -6398.88224669988     
   5773.06540246838        5357.70661793452       -4412.64995029719     
  -3200.61600122865        451.471267508082        2415.32184055467     
  -2575.41948210474        1617.57009660656        1525.44196516327     
   546.468009984814        1231.47395554071        405.685385095847     
  -229.900920013738        78.9298101829891        148.512206394942     
  0.000000000000000E+000  0.000000000000000E+000  0.000000000000000E+000
  0.000000000000000E+000  0.000000000000000E+000  0.000000000000000E+000
  0.000000000000000E+000  0.000000000000000E+000  0.000000000000000E+000
  0.000000000000000E+000  0.000000000000000E+000  0.000000000000000E+000
  -474.423775494515        427.185454660456        482.255667787137     
   2540.23437266395       -4891.22077921661        2353.85622999908     
   2741.52319014533       -5659.45061102940        3321.64697291920     
   1190.71714488000        1829.63527917738        394.309616061476     
  -79.9636583604724        3113.08939655961       -2132.78807490794     
  -595.683067037798        2807.89254632362       -4000.40612656015     
  -722.440873307127       -1266.06517237599       -897.584232264600     
   3069.42059472056        1193.83611440640       -4315.02275050846     
   2824.15836616925        1513.75326745674       -2163.97789376831     
   978.895887308120        1942.43204032591        372.669140289005     
  -6121.24985834546       -417.244125756881        3268.93878858800     
  -5466.58071680820       -244.655014086620        2364.99812452954     
   609.445483145102       -191.651048679558        498.563619433908     
  0.000000000000000E+000  0.000000000000000E+000  0.000000000000000E+000
  0.000000000000000E+000  0.000000000000000E+000  0.000000000000000E+000
  0.000000000000000E+000  0.000000000000000E+000  0.000000000000000E+000
  0.000000000000000E+000  0.000000000000000E+000  0.000000000000000E+000
  -543.831930393056        862.168507437851        293.163160761069     
   3498.53228000873       -9371.79291621715        4249.18747201640     
   1496.25015151687       -4583.79877790109        3944.21283156553     
  -178.673448664230        4766.31966392109       -1644.76626286158     
  -487.070364531205        5129.34490099951       -3928.36891096408     
  -1413.70005811945       -3486.09709034038        2322.85795706000     
   1126.60916980776        1883.08195485016       -1448.20656522314     
  -2429.40960634383       -3158.73048017987        2528.66947300920     
   4560.60929381105        2073.91427549325       -3843.24865106447     
   4298.87893087830        2287.87746612771       -1718.14098956295     
  -4798.43156568922       -1020.66763555965        3991.67936822925     
  -9781.98845525138       -1659.93672775922        4236.72140163737     
   1019.67111475438       -31.5604340633116        309.083117737955     
  0.000000000000000E+000  0.000000000000000E+000  0.000000000000000E+000
  0.000000000000000E+000  0.000000000000000E+000  0.000000000000000E+000
  0.000000000000000E+000  0.000000000000000E+000  0.000000000000000E+000
  0.000000000000000E+000  0.000000000000000E+000  0.000000000000000E+000
   24.9292273052150        248.938058620009        131.229379616582     
   1387.31403238231       -5454.54064254847        3986.77616648785     
  -426.998319789206        2763.22976499321        1113.41722142794     
  -630.071360572446       -2384.26418408239        3725.52022190098     
  -621.017577372249       -4992.38644645097        5075.06302773075     
  -1643.24763812248       -4487.84061988996        6297.16200763804     
  -1832.50805762401       -3204.54904613111        2308.43736707738     
  -3071.25792954019       -3701.50398698885        6327.40058094788     
  -3906.18474165430       -3029.83992624420        4948.06186957145     
  -1785.36683164837       -1756.82582397318        3755.61573090072     
   2461.15726529779        983.258581000471        1243.31314717058     
  -5489.20363685188       -1539.70986769863        4005.46148393615     
   227.220770682221        138.911482117092        148.440587579814     
  0.000000000000000E+000  0.000000000000000E+000  0.000000000000000E+000
  0.000000000000000E+000  0.000000000000000E+000  0.000000000000000E+000
  0.000000000000000E+000  0.000000000000000E+000  0.000000000000000E+000
  0.000000000000000E+000  0.000000000000000E+000  0.000000000000000E+000
   77.7449684426527       -322.473905705249        463.730588583082     
  -258.134979083370        404.020248259302        1686.04748656158     
  -4828.54794515897        11299.5456290756       -7654.20769345962     
   1432.61409434590       -5218.21728176409        8453.68481072808     
  -1717.97753291313       -1291.61991682391        3216.94349359749     
   900.475771032258        2065.30603511539       -5906.80222969326     
  -4521.41548723918       -7792.26469819905        15140.2539643550     
   1340.59406778042        1809.46892790666       -5925.83648174382     
  -289.740147387825       -2188.42522581483        3224.72258061659     
  -5358.76903375137       -1426.22260169180        8629.56365105592     
   12255.5167728161        1513.05161900774       -7701.63517772952     
   408.837751982511       -54.3493427877119        1751.78423835950     
  -310.552286458539       -91.4036316423064        442.787006274491     
  0.000000000000000E+000  0.000000000000000E+000  0.000000000000000E+000
  0.000000000000000E+000  0.000000000000000E+000  0.000000000000000E+000
  0.000000000000000E+000  0.000000000000000E+000  0.000000000000000E+000
  0.000000000000000E+000  0.000000000000000E+000  0.000000000000000E+000
  -3.16893497979703        125.486125697567        370.067512743381     
   101.518348775737        148.349400004001        573.097144540962     
  -1574.48879421275        6229.50746457081       -3922.08827971620     
  -3343.02825130188        5216.18120691230       -6208.75628375634     
   668.617830719362       -2265.86736947294        4971.89813705170     
  -1768.27315262336        2428.96612484784       -7260.37583627337     
   237.799605843688        447.316199289721       -5773.53386873827     
   2945.90229913503       -312.017764219615       -7272.88195796546     
  -2359.11652557007       -568.029029690662        5051.38442300357     
   6231.66083336550       -298.263457563801       -6270.26639911837     
   6231.93602379914        1774.11583806396       -3965.26185012815     
   72.8177635205404        154.319411044317        572.429261705568     
   107.354095913726        59.5117860946657        375.413557153598     
  0.000000000000000E+000  0.000000000000000E+000  0.000000000000000E+000
  0.000000000000000E+000  0.000000000000000E+000  0.000000000000000E+000
  0.000000000000000E+000  0.000000000000000E+000  0.000000000000000E+000
  0.000000000000000E+000  0.000000000000000E+000  0.000000000000000E+000
  0.000000000000000E+000  0.000000000000000E+000  0.000000000000000E+000
  0.000000000000000E+000  0.000000000000000E+000  0.000000000000000E+000
  0.000000000000000E+000  0.000000000000000E+000  0.000000000000000E+000
  0.000000000000000E+000  0.000000000000000E+000  0.000000000000000E+000
  0.000000000000000E+000  0.000000000000000E+000  0.000000000000000E+000
  0.000000000000000E+000  0.000000000000000E+000  0.000000000000000E+000
  0.000000000000000E+000  0.000000000000000E+000  0.000000000000000E+000
  0.000000000000000E+000  0.000000000000000E+000  0.000000000000000E+000
  0.000000000000000E+000  0.000000000000000E+000  0.000000000000000E+000
  0.000000000000000E+000  0.000000000000000E+000  0.000000000000000E+000
  0.000000000000000E+000  0.000000000000000E+000  0.000000000000000E+000
  0.000000000000000E+000  0.000000000000000E+000  0.000000000000000E+000
  0.000000000000000E+000  0.000000000000000E+000  0.000000000000000E+000
  0.000000000000000E+000  0.000000000000000E+000  0.000000000000000E+000
  0.000000000000000E+000  0.000000000000000E+000  0.000000000000000E+000
  0.000000000000000E+000  0.000000000000000E+000  0.000000000000000E+000
  0.000000000000000E+000  0.000000000000000E+000  0.000000000000000E+000
  0.000000000000000E+000  0.000000000000000E+000  0.000000000000000E+000
  0.000000000000000E+000  0.000000000000000E+000  0.000000000000000E+000
  0.000000000000000E+000  0.000000000000000E+000  0.000000000000000E+000
  0.000000000000000E+000  0.000000000000000E+000  0.000000000000000E+000
  0.000000000000000E+000  0.000000000000000E+000  0.000000000000000E+000
  0.000000000000000E+000  0.000000000000000E+000  0.000000000000000E+000
  0.000000000000000E+000  0.000000000000000E+000  0.000000000000000E+000
  0.000000000000000E+000  0.000000000000000E+000  0.000000000000000E+000
  0.000000000000000E+000  0.000000000000000E+000  0.000000000000000E+000
  0.000000000000000E+000  0.000000000000000E+000  0.000000000000000E+000
  0.000000000000000E+000  0.000000000000000E+000  0.000000000000000E+000
  0.000000000000000E+000  0.000000000000000E+000  0.000000000000000E+000
  0.000000000000000E+000  0.000000000000000E+000  0.000000000000000E+000
  0.000000000000000E+000  0.000000000000000E+000  0.000000000000000E+000
  0.000000000000000E+000  0.000000000000000E+000  0.000000000000000E+000
