         140  1.399999999999997E-002  1.399999999999997E-002
  0.000000000000000E+000  0.000000000000000E+000  0.000000000000000E+000
  0.000000000000000E+000  0.000000000000000E+000  0.000000000000000E+000
  3.184424592356399E-002  5.717090389019444E-002 -8.448529881394562E-002
  3.280766947832785E-002  7.633816765227612E-002 -0.146333785430669     
  4.818485203401132E-002  0.105085597333491      -0.221103618166238     
  5.376984637124607E-002  0.131807075681970      -0.266300336362279     
  6.469336224871190E-002  0.163033142397213      -0.307557618001880     
  8.311501702430059E-002  0.187029745436030      -0.336164083414681     
  0.105411447694884       0.182634477735051      -0.348629432802600     
  0.120380581560066       0.165540217654662      -0.336182401639224     
  0.108879798410587       0.137626401884574      -0.307583485795879     
  8.733067987395897E-002  0.112573048235948      -0.266328116302381     
  6.700340063362192E-002  9.437826860226430E-002 -0.221166652316852     
  4.973151276686075E-002  6.659856963597045E-002 -0.146341370298080     
  3.361993352444326E-002  5.619170456402206E-002 -8.457760649693814E-002
  0.000000000000000E+000  0.000000000000000E+000  0.000000000000000E+000
  0.000000000000000E+000  0.000000000000000E+000  0.000000000000000E+000
  0.000000000000000E+000  0.000000000000000E+000  0.000000000000000E+000
  0.000000000000000E+000  0.000000000000000E+000  0.000000000000000E+000
  2.261863648791692E-002  6.176849124313576E-002 -7.410442569079320E-002
  2.830208140250492E-002  8.223521865435288E-002 -0.142384264591310     
  3.766018611463089E-002  0.111707924872928      -0.210835334105922     
  4.676628845424972E-002  0.132987263345378      -0.263153540220556     
  5.787959680097679E-002  0.166578926392629      -0.302116349803584     
  7.761920128775009E-002  0.179183567379891      -0.333576616322360     
  9.764467091079604E-002  0.169178635169476      -0.342390661074276     
  0.116319232737390       0.156848453708074      -0.333604252147501     
  0.115318008957750       0.133475758740901      -0.302145692350154     
  9.181504387733953E-002  0.107071600789046      -0.263175776200739     
  7.795204246341066E-002  8.853609603993627E-002 -0.210879790166157     
  5.707665840268787E-002  6.563187985078003E-002 -0.142379606687446     
  4.221082399861966E-002  5.048582819155747E-002 -7.417888092041065E-002
  0.000000000000000E+000  0.000000000000000E+000  0.000000000000000E+000
  0.000000000000000E+000  0.000000000000000E+000  0.000000000000000E+000
  0.000000000000000E+000  0.000000000000000E+000  0.000000000000000E+000
  0.000000000000000E+000  0.000000000000000E+000  0.000000000000000E+000
  1.557138319238160E-002  7.034378437984251E-002 -6.262666258874969E-002
  1.796138321921862E-002  9.596542733668856E-002 -0.130946305642916     
  2.514394800611607E-002  0.119995708243309      -0.198354002516807     
  3.289041021938073E-002  0.152884341630404      -0.251072842332449     
  4.817723642066841E-002  0.175399563176866      -0.296528479984082     
  6.545389762565722E-002  0.160681536063663      -0.321665225827695     
  8.645010514555192E-002  0.149784136432885      -0.330400064614878     
  0.106361930284360       0.137057607141360      -0.321703276767084     
  0.127727969852460       0.129439447384982      -0.296553325302776     
  0.115939009178282       0.104967342012191      -0.251082516806610     
  9.132329805215367E-002  8.179502155767351E-002 -0.198361740187143     
  7.408775084980317E-002  6.349878350835214E-002 -0.130908673497655     
  5.315395974272041E-002  4.865302983183514E-002 -6.267432101247768E-002
  0.000000000000000E+000  0.000000000000000E+000  0.000000000000000E+000
  0.000000000000000E+000  0.000000000000000E+000  0.000000000000000E+000
  0.000000000000000E+000  0.000000000000000E+000  0.000000000000000E+000
  0.000000000000000E+000  0.000000000000000E+000  0.000000000000000E+000
  1.350302442841540E-002  8.465953272336409E-002 -5.476079990806865E-002
  1.041719740413908E-002  0.118344899715765      -0.119758077664647     
  1.212259709857265E-002  0.158653364615380      -0.186032876748236     
  2.000021271521793E-002  0.181592156989199      -0.243495598413594     
  3.497748418417933E-002  0.167623875206220      -0.282737063438474     
  5.309020240998255E-002  0.145871467634466      -0.302416470852295     
  7.346180873367227E-002  0.127283257570657      -0.309035655007148     
  9.974917153678695E-002  0.118992095733360      -0.302510470927523     
  0.127603484507540       0.114132494758833      -0.282771928995932     
  0.147165286210806       0.108115597078175      -0.243474100973693     
  0.131292764342611       8.983132343166575E-002 -0.185996310998803     
  9.724885450686580E-002  6.815957792392351E-002 -0.119677209662628     
  6.655926323475769E-002  5.399454869822486E-002 -5.478683864452719E-002
  0.000000000000000E+000  0.000000000000000E+000  0.000000000000000E+000
  0.000000000000000E+000  0.000000000000000E+000  0.000000000000000E+000
  0.000000000000000E+000  0.000000000000000E+000  0.000000000000000E+000
  0.000000000000000E+000  0.000000000000000E+000  0.000000000000000E+000
  1.514119750149161E-002  8.076646741079206E-002 -5.016707296389271E-002
  4.015803637470914E-003  0.148464136020273      -0.115492725407374     
  4.268875941273963E-003  0.176259705207183      -0.180341604553828     
  1.101902489502243E-002  0.181392293676131      -0.233045848613249     
  2.551645676158211E-002  0.162055319756306      -0.267658495090184     
  4.385535878916087E-002  0.133568060646618      -0.283718048027893     
  6.536515744734017E-002  0.113251804269256      -0.288086665098603     
  9.378841835935908E-002  0.104908146340357      -0.283898650576632     
  0.127550388809027       0.103190413991336      -0.267739117901591     
  0.151453420650080       0.100234015843103      -0.232994917271493     
  0.150370235993723       9.180149057645605E-002 -0.180253591004319     
  0.126462385956651       7.764308898123543E-002 -0.115385479425994     
  6.233588003808607E-002  5.344675739341297E-002 -5.017570704179666E-002
  0.000000000000000E+000  0.000000000000000E+000  0.000000000000000E+000
  0.000000000000000E+000  0.000000000000000E+000  0.000000000000000E+000
  0.000000000000000E+000  0.000000000000000E+000  0.000000000000000E+000
  0.000000000000000E+000  0.000000000000000E+000  0.000000000000000E+000
  2.402275227532686E-002  5.693017771943960E-002 -4.360098820956101E-002
 -6.088366602804387E-004  0.149401873365770      -0.111699999271225     
  3.995462974391399E-004  0.175033948550944      -0.172164255431899     
  4.462749366745284E-003  0.177058440364027      -0.222060798791465     
  1.846492630343017E-002  0.153190924431886      -0.252458297920782     
  3.682949949922550E-002  0.124274669851042      -0.265682139829710     
  5.948626423380555E-002  0.103055831142050      -0.269566552035091     
  8.936975410623506E-002  9.426798209751611E-002 -0.266031316968343     
  0.123455533536528       9.269944108976277E-002 -0.252607713487449     
  0.150966592445923       9.241371940413003E-002 -0.222007306718036     
  0.151245891246233       8.785549590304779E-002 -0.172050833767725     
  0.129455060926778       7.407230089591257E-002 -0.111529963101023     
  3.722919824647691E-002  4.920080625697749E-002 -4.360565331864855E-002
  0.000000000000000E+000  0.000000000000000E+000  0.000000000000000E+000
  0.000000000000000E+000  0.000000000000000E+000  0.000000000000000E+000
  0.000000000000000E+000  0.000000000000000E+000  0.000000000000000E+000
  0.000000000000000E+000  0.000000000000000E+000  0.000000000000000E+000
  2.892135239323314E-002  2.928512482887190E-002 -3.390740999765742E-002
 -2.957114931496498E-003  0.142755136731362      -0.103602195908384     
 -3.864485559971084E-003  0.161136820920162      -0.160375273389790     
 -1.462517618448161E-003  0.161198951647505      -0.204416626841050     
  1.212724736162950E-002  0.138771388759303      -0.232030698151473     
  2.968955265937323E-002  0.111691923399765      -0.243769329098752     
  5.302527794131722E-002  9.183549370953749E-002 -0.247664004768386     
  8.214512759128763E-002  8.185865122105500E-002 -0.244283211560557     
  0.114185307892992       8.004147268570765E-002 -0.232277103880310     
  0.140218332729126       7.939203926182155E-002 -0.204397524726529     
  0.141368177283696       7.724790139806123E-002 -0.160276993791930     
  0.124906774261096       6.874624785335481E-002 -0.103407407635216     
  1.080651657825833E-002  3.957500221920972E-002 -3.390093433595807E-002
  0.000000000000000E+000  0.000000000000000E+000  0.000000000000000E+000
  0.000000000000000E+000  0.000000000000000E+000  0.000000000000000E+000
  0.000000000000000E+000  0.000000000000000E+000  0.000000000000000E+000
  0.000000000000000E+000  0.000000000000000E+000  0.000000000000000E+000
  2.748385146187140E-002  1.132739384144555E-002 -2.569031438996842E-002
 -4.250672185375235E-003  0.128925858220214      -9.223537119764039E-002
 -8.408098223129920E-003  0.135338763781744      -0.140071273640688     
 -4.506458060449142E-003  0.138203505319478      -0.179368241360204     
  5.528473772413216E-003  0.118932200470779      -0.205967175103457     
  2.288216773292627E-002  9.686754350772703E-002 -0.217987361855993     
  4.526945290599736E-002  7.832826240618289E-002 -0.222667190788206     
  7.282810941882127E-002  6.860767432453994E-002 -0.218806433152771     
  0.100318295914114       6.443758988770383E-002 -0.206312419955830     
  0.121856104280102       6.529765438592741E-002 -0.179408765424075     
  0.121390794112997       6.044926777550758E-002 -0.140026895082976     
  0.113660544085565       6.076086605038066E-002 -9.205254231765828E-002
 -4.025293049087554E-003  2.933620446364548E-002 -2.568575942927883E-002
  0.000000000000000E+000  0.000000000000000E+000  0.000000000000000E+000
  0.000000000000000E+000  0.000000000000000E+000  0.000000000000000E+000
  0.000000000000000E+000  0.000000000000000E+000  0.000000000000000E+000
  0.000000000000000E+000  0.000000000000000E+000  0.000000000000000E+000
  2.319828744234401E-002  4.834255326398686E-003 -1.608510297105535E-002
 -1.138082101000224E-002  9.784034117348396E-002 -7.149779349957924E-002
 -6.923934555448629E-003  8.873597602749743E-002 -9.844739328815698E-002
 -8.804514015667763E-003  9.722389730805193E-002 -0.133724756860130     
 -3.593890868426660E-004  8.093509240993298E-002 -0.152679113516991     
  1.231201577109764E-002  6.612030732712502E-002 -0.163888723622710     
  3.011787126797766E-002  5.200429226151321E-002 -0.168074229342675     
  5.140912926169242E-002  4.395086953735566E-002 -0.164565714477941     
  7.028447610680284E-002  4.028984569814337E-002 -0.152989577891003     
  8.853428152608613E-002  4.108004429171910E-002 -0.133832260537000     
  8.038666159581484E-002  3.845197734104587E-002 -9.852169920728480E-002
  9.036014699657224E-002  3.906299828638719E-002 -7.133395481578876E-002
 -7.460363164072985E-003  2.242569187114012E-002 -1.609274146458359E-002
  0.000000000000000E+000  0.000000000000000E+000  0.000000000000000E+000
  0.000000000000000E+000  0.000000000000000E+000  0.000000000000000E+000
  0.000000000000000E+000  0.000000000000000E+000  0.000000000000000E+000
  0.000000000000000E+000  0.000000000000000E+000  0.000000000000000E+000
  6.989892473097501E-003 -4.267783576112258E-003 -7.806312366804510E-003
  1.141938532734898E-002  2.912933980194514E-002 -2.224601691303919E-002
  1.528748101951246E-003  4.152641614207855E-002 -4.613384251989404E-002
 -2.109700616243969E-003  4.956554515586296E-002 -7.276928325028099E-002
 -1.923540382877467E-003  4.446392119400728E-002 -8.895957238593338E-002
  5.272362071156751E-003  3.665076211587579E-002 -0.102159018794590     
  1.642423592185831E-002  2.801001908843336E-002 -0.105426157909964     
  2.930216373280857E-002  2.297754607378153E-002 -0.102789886749183     
  3.935868433397014E-002  2.072032087985928E-002 -8.922611609433151E-002
  4.393407757269120E-002  2.300295735175295E-002 -7.281527727159605E-002
  3.529478236066771E-002  2.212130530980246E-002 -4.622309190347721E-002
  1.953349845001527E-002  2.443261001171756E-002 -2.221456452838631E-002
 -7.202845170151777E-003  3.883321803486225E-003 -7.806839391161844E-003
  0.000000000000000E+000  0.000000000000000E+000  0.000000000000000E+000
  0.000000000000000E+000  0.000000000000000E+000  0.000000000000000E+000
  0.000000000000000E+000  0.000000000000000E+000  0.000000000000000E+000
  0.000000000000000E+000  0.000000000000000E+000  0.000000000000000E+000
  0.000000000000000E+000  0.000000000000000E+000  0.000000000000000E+000
  0.000000000000000E+000  0.000000000000000E+000  0.000000000000000E+000
  0.000000000000000E+000  0.000000000000000E+000  0.000000000000000E+000
  0.000000000000000E+000  0.000000000000000E+000  0.000000000000000E+000
  0.000000000000000E+000  0.000000000000000E+000  0.000000000000000E+000
  0.000000000000000E+000  0.000000000000000E+000  0.000000000000000E+000
  0.000000000000000E+000  0.000000000000000E+000  0.000000000000000E+000
  0.000000000000000E+000  0.000000000000000E+000  0.000000000000000E+000
  0.000000000000000E+000  0.000000000000000E+000  0.000000000000000E+000
  0.000000000000000E+000  0.000000000000000E+000  0.000000000000000E+000
  0.000000000000000E+000  0.000000000000000E+000  0.000000000000000E+000
  0.000000000000000E+000  0.000000000000000E+000  0.000000000000000E+000
  0.000000000000000E+000  0.000000000000000E+000  0.000000000000000E+000
  0.000000000000000E+000  0.000000000000000E+000  0.000000000000000E+000
  0.000000000000000E+000  0.000000000000000E+000  0.000000000000000E+000
  0.000000000000000E+000  0.000000000000000E+000  0.000000000000000E+000
  0.000000000000000E+000  0.000000000000000E+000  0.000000000000000E+000
  0.000000000000000E+000  0.000000000000000E+000  0.000000000000000E+000
  0.000000000000000E+000  0.000000000000000E+000  0.000000000000000E+000
  0.000000000000000E+000  0.000000000000000E+000  0.000000000000000E+000
  0.000000000000000E+000  0.000000000000000E+000  0.000000000000000E+000
  0.000000000000000E+000  0.000000000000000E+000  0.000000000000000E+000
  0.000000000000000E+000  0.000000000000000E+000  0.000000000000000E+000
  0.000000000000000E+000  0.000000000000000E+000  0.000000000000000E+000
  0.000000000000000E+000  0.000000000000000E+000  0.000000000000000E+000
  0.000000000000000E+000  0.000000000000000E+000  0.000000000000000E+000
  0.000000000000000E+000  0.000000000000000E+000  0.000000000000000E+000
  0.000000000000000E+000  0.000000000000000E+000  0.000000000000000E+000
  0.000000000000000E+000  0.000000000000000E+000  0.000000000000000E+000
  0.000000000000000E+000  0.000000000000000E+000  0.000000000000000E+000
  0.000000000000000E+000  0.000000000000000E+000  0.000000000000000E+000
  0.000000000000000E+000  0.000000000000000E+000  0.000000000000000E+000
  0.000000000000000E+000  0.000000000000000E+000  0.000000000000000E+000
  0.000000000000000E+000  0.000000000000000E+000  0.000000000000000E+000
 -8.194571263130861E-007 -4.689357967483060E-007 -4.615732850634994E-006
 -6.541318841500004E-006  8.488071523177388E-007 -7.083320304977136E-006
 -5.149007685187014E-006 -1.454058930939837E-006 -1.755983115180368E-006
 -3.758630356790811E-006  2.786360022176596E-006  5.483788534951664E-006
  3.395235721816704E-006 -3.049691042026272E-006  6.722982079955769E-006
 -6.059566759788343E-006 -2.236911610112889E-005  8.198893540468023E-006
  4.583789633475046E-005  7.952892064178586E-005 -3.657420117245262E-005
 -1.535133759090523E-005 -1.557489054100838E-005  8.577478756959176E-006
 -3.995698554633365E-006  1.423564048226380E-006  7.179096785673252E-006
  4.776123056929496E-006 -1.816034773032946E-006  5.433605566482071E-006
  1.670520382378919E-006 -5.004592454678708E-006 -2.146294979580945E-006
  2.658863604560323E-006 -5.802468100804370E-006 -7.050596626217184E-006
 -3.625879458735457E-007 -1.068156950612482E-006 -4.536020244101900E-006
  0.000000000000000E+000  0.000000000000000E+000  0.000000000000000E+000
  0.000000000000000E+000  0.000000000000000E+000  0.000000000000000E+000
  0.000000000000000E+000  0.000000000000000E+000  0.000000000000000E+000
  0.000000000000000E+000  0.000000000000000E+000  0.000000000000000E+000
 -1.654073134189692E-006 -2.026035263696676E-007 -3.889043740902905E-006
 -6.119005143075479E-006  7.371218262668900E-007 -7.328882602607797E-006
 -4.625868308234716E-006 -1.327758460152007E-006 -2.963871632461789E-006
 -1.346613694869117E-006  2.706459592811164E-006  5.457883825142955E-006
  1.802658250300023E-006 -4.096102259974182E-006  6.373822711148065E-006
 -3.935376997531384E-006 -1.771521079571331E-005  8.858202163683423E-006
  1.327482664284198E-005  2.280944717136294E-005 -2.269326119330472E-005
 -1.269226884813657E-005 -1.176128593553329E-005  9.316699402313796E-006
 -4.334137195400214E-006 -4.859182286842861E-007  6.827112908211015E-006
  3.338149869583129E-006  2.427673025789084E-007  5.314936583582854E-006
  1.390333753552923E-006 -4.624381805195444E-006 -3.324087561233349E-006
  2.962996896819040E-006 -5.161348253574086E-006 -7.265462583851903E-006
  3.117111113303293E-007 -1.638520241523440E-006 -3.822614513891428E-006
  0.000000000000000E+000  0.000000000000000E+000  0.000000000000000E+000
  0.000000000000000E+000  0.000000000000000E+000  0.000000000000000E+000
  0.000000000000000E+000  0.000000000000000E+000  0.000000000000000E+000
  0.000000000000000E+000  0.000000000000000E+000  0.000000000000000E+000
 -2.145245090543397E-006  7.359304701981441E-007 -3.450535263632284E-006
 -6.250753396583298E-006 -1.014042525741275E-006 -7.331483457288569E-006
 -3.086129830775360E-006  7.055277571355929E-007 -4.313076937028003E-006
  1.191062097320722E-006 -1.132932945002226E-006  4.030883172091767E-006
  2.692508359216509E-008 -1.687218392279565E-006  5.867996976565450E-006
 -3.901550920511938E-006 -1.199007087368454E-005  1.012491804250556E-005
 -1.901314560443309E-005 -3.333473526526950E-005  1.165302345916797E-005
 -8.786323309096243E-006 -9.828925333152739E-006  1.124896482665437E-005
 -2.446497870872028E-006 -1.313443534914536E-006  6.078938339698784E-006
 -1.675380315400293E-006  2.815671176785257E-007  3.837595126164965E-006
  2.571372928351302E-006 -2.201192673038525E-006 -4.688216710532470E-006
  2.600054704211850E-006 -5.472531936058972E-006 -7.231701389507754E-006
  1.419361491605948E-006 -1.538515749790078E-006 -3.397158188097298E-006
  0.000000000000000E+000  0.000000000000000E+000  0.000000000000000E+000
  0.000000000000000E+000  0.000000000000000E+000  0.000000000000000E+000
  0.000000000000000E+000  0.000000000000000E+000  0.000000000000000E+000
  0.000000000000000E+000  0.000000000000000E+000  0.000000000000000E+000
 -2.962394187927638E-006  1.370210559644977E-006 -3.395995134346753E-006
 -4.598020170155413E-006  2.631915909611660E-008 -6.516022466924400E-006
 -8.676096438107756E-007 -2.895583370760269E-007 -4.450077810198923E-006
  2.909541853922942E-006 -6.078522855311863E-008  7.238564500529854E-007
 -1.969056146348940E-006  3.880262033877776E-006  9.998202254106430E-007
  4.291903278614187E-006  3.465561031093625E-005 -1.577773807170926E-005
  9.095103505567166E-006  1.596565981496315E-005 -1.471120255699996E-005
  3.018377301487777E-005  2.353740225397891E-005 -1.729459149231848E-005
  1.679633478029159E-006 -1.298474232933601E-006  2.322600241223421E-006
 -2.137537197603115E-006  2.282531296279812E-006  2.595037568074193E-007
  9.564687632904315E-007 -4.839477176406133E-007 -4.790397649079882E-006
  2.927723116058118E-006 -3.349846139042542E-006 -6.501697156888047E-006
  1.912224818816652E-006 -2.197182042433690E-006 -3.313776473528630E-006
  0.000000000000000E+000  0.000000000000000E+000  0.000000000000000E+000
  0.000000000000000E+000  0.000000000000000E+000  0.000000000000000E+000
  0.000000000000000E+000  0.000000000000000E+000  0.000000000000000E+000
  0.000000000000000E+000  0.000000000000000E+000  0.000000000000000E+000
 -2.281899218092910E-006 -4.801904357320345E-006 -2.955521937850972E-006
 -5.092797439444873E-006  2.300590340497474E-006 -6.820916740519712E-006
  2.671527230704249E-006  7.166168628613599E-006 -4.665780009719504E-006
  1.867345852294510E-006 -9.816511354645795E-006 -1.612621193454101E-006
 -3.773412509167789E-006 -7.016309866671953E-007 -6.556910231599733E-007
 -3.075934266610485E-006 -1.732710002681539E-006  5.745927426231501E-006
 -2.127072293029413E-005 -3.648664781249251E-005  4.949172725266021E-005
  9.094394762133361E-007 -2.140378291799659E-006  4.540104966260240E-006
  1.536161291190037E-006 -3.320333872824831E-006 -1.056150144977693E-006
 -9.210947536824439E-006 -3.285031119906271E-006 -2.257373605882157E-006
  5.622681279587556E-006  6.409403207948493E-006 -5.065383682763111E-006
  3.220998975560215E-006 -3.670757579547008E-006 -6.645307157697367E-006
 -3.864694311698136E-006 -4.541534018528929E-006 -2.862052656327509E-006
  0.000000000000000E+000  0.000000000000000E+000  0.000000000000000E+000
  0.000000000000000E+000  0.000000000000000E+000  0.000000000000000E+000
  0.000000000000000E+000  0.000000000000000E+000  0.000000000000000E+000
  0.000000000000000E+000  0.000000000000000E+000  0.000000000000000E+000
 -1.195561635514943E-006 -4.090047822305654E-006 -3.180526207696240E-006
  3.678915713158502E-006 -2.458309672220797E-005  3.825559095520620E-007
  3.223709740381988E-006  1.455636503334441E-005 -8.391485724384877E-006
  1.017777596081400E-006 -2.684254422130970E-005  7.337424054191405E-006
 -5.615785355343149E-006  1.059387303608691E-005 -1.475074788749184E-005
 -2.200206151207902E-006  1.263355381200657E-005 -5.732603159555521E-006
  1.158084594802604E-005  2.015509769505717E-005  2.441507097791625E-006
  1.061675472576721E-005  3.446095550209960E-006 -3.225123494612073E-006
  1.151737961226721E-005  8.613491062645939E-008 -1.475515931766172E-005
 -2.352002612873644E-005 -1.262860240588166E-005  6.703182614179923E-006
  1.007552787092051E-005  9.741912223840894E-006 -8.153054358062069E-006
 -2.426498166440064E-005 -9.134579302379552E-006  6.581362915131565E-007
 -3.171753371872161E-006 -3.248296992449511E-006 -3.143779321726171E-006
  0.000000000000000E+000  0.000000000000000E+000  0.000000000000000E+000
  0.000000000000000E+000  0.000000000000000E+000  0.000000000000000E+000
  0.000000000000000E+000  0.000000000000000E+000  0.000000000000000E+000
  0.000000000000000E+000  0.000000000000000E+000  0.000000000000000E+000
 -2.088127485349081E-006 -1.833511388599555E-006 -3.768800916798097E-006
  7.467246139611692E-006 -2.308347966221206E-005  3.001353031305355E-006
  5.086766728843663E-007  7.703557433733110E-006 -2.294109155980812E-006
 -5.454371624073650E-006 -5.963999784675924E-007 -7.027129624770331E-006
 -1.087664577461753E-005 -1.525619060204552E-006 -1.337373522583992E-005
 -4.615004448972082E-006 -6.852683311336161E-006  1.645263357236065E-005
  1.989676685383009E-005  3.492567367597412E-005 -1.771135718026014E-005
 -2.064864212391065E-006 -5.734704545420164E-006  1.446875911335228E-005
  4.380143442579554E-006 -1.049854740016963E-005 -1.377124632819020E-005
  1.845229195137462E-006 -5.716395523461580E-006 -7.100909740467188E-006
  6.591891065580031E-006  4.327028719950105E-006 -2.230536731478612E-006
 -2.265460833632764E-005 -4.829931408627235E-006  2.738983737638914E-006
 -6.283472317811631E-007 -2.773148120770120E-006 -3.806867380042303E-006
  0.000000000000000E+000  0.000000000000000E+000  0.000000000000000E+000
  0.000000000000000E+000  0.000000000000000E+000  0.000000000000000E+000
  0.000000000000000E+000  0.000000000000000E+000  0.000000000000000E+000
  0.000000000000000E+000  0.000000000000000E+000  0.000000000000000E+000
 -5.618484855106102E-008 -4.954301769481125E-007 -1.476757451986915E-006
 -8.433671331198142E-006  1.305846509998867E-005 -9.593921938124316E-006
  5.868647938908006E-006 -1.395938275051852E-005  1.602819394102849E-005
 -9.141752276535456E-006  3.744832646061375E-006 -7.217996435914608E-006
 -6.344991163105400E-006 -1.564588222032577E-005 -3.509544951252223E-006
 -2.000497413612795E-006 -2.988672547823811E-005  6.850358832570465E-005
  1.835543668487428E-005  3.151652107756451E-005 -2.228991144912570E-005
 -2.448881600167204E-005 -1.610407048935069E-005  6.880109049419008E-005
 -1.105023467816519E-005 -1.399239769699649E-005 -2.661518651923255E-006
  7.110667598818526E-006 -6.900772894567538E-006 -6.679066148998024E-006
 -1.435926534932871E-005 -1.995926745394780E-006  1.596939442829270E-005
  1.688226437469267E-005 -5.624230586415638E-007 -9.835454981369351E-006
 -4.024563317100348E-007 -2.493060275100172E-007 -1.491972247554397E-006
  0.000000000000000E+000  0.000000000000000E+000  0.000000000000000E+000
  0.000000000000000E+000  0.000000000000000E+000  0.000000000000000E+000
  0.000000000000000E+000  0.000000000000000E+000  0.000000000000000E+000
  0.000000000000000E+000  0.000000000000000E+000  0.000000000000000E+000
  9.619836672720668E-007 -7.785874651191824E-007 -5.006906010070481E-007
 -1.000240738882807E-005  1.289868663088935E-005 -9.480597191078384E-006
  8.306671828975655E-006 -1.342051358500347E-005  1.804190835364422E-005
 -5.558564740825965E-006 -1.234947815656235E-006  7.085495814498444E-006
 -1.581818644504643E-005  6.547962101033888E-006 -3.797159297674595E-005
  7.174204880181809E-006  7.689280167476747E-006 -2.501441233169698E-005
  1.378746730137006E-005  2.329755662140222E-005 -4.265670029150891E-005
  3.153874791711318E-006  1.026962192018202E-005 -2.379266388050164E-005
  1.356042238403614E-005 -1.067876262820302E-005 -3.838949398506422E-005
  2.556346853984115E-006 -6.172064346245262E-006  6.576479184115732E-006
 -1.678435072538986E-005  3.253460727359820E-007  1.971530272235295E-005
  1.679360570378650E-005 -2.097070244290594E-006 -9.630822062300835E-006
 -1.185003012937393E-006  4.694604431247388E-007 -4.930375272325510E-007
  0.000000000000000E+000  0.000000000000000E+000  0.000000000000000E+000
  0.000000000000000E+000  0.000000000000000E+000  0.000000000000000E+000
  0.000000000000000E+000  0.000000000000000E+000  0.000000000000000E+000
  0.000000000000000E+000  0.000000000000000E+000  0.000000000000000E+000
 -3.527761325696506E-007 -3.306341300826751E-007 -1.159335517307952E-006
  2.726661399093251E-007  5.058887753050574E-007  1.233357997790733E-006
 -2.201579025873959E-006 -5.739076631123248E-007  4.965457360407179E-006
 -4.016939028297116E-006  2.497485789707439E-006 -3.147231017667857E-006
  6.233977710760673E-006 -1.294165949844251E-005  1.276705810868883E-005
  1.201078071718215E-005 -8.254607056478446E-006  2.522927686819367E-005
  2.947059677518806E-006  4.486574760158532E-006  1.328895997443102E-006
 -1.289554623146100E-005  6.429713002474790E-006  2.512611390825172E-005
 -1.425465977893855E-005 -1.230681472327275E-006  1.256181926470161E-005
  4.752727057866364E-006 -2.565522705132910E-006 -3.914326015937091E-006
  2.706206053195592E-007 -2.342155170576320E-006  5.992138947046731E-006
  4.576662759526318E-007  5.065924917170043E-007  1.408532955155488E-006
 -1.232542211285029E-007 -4.559053402298924E-007 -1.157886419624604E-006
  0.000000000000000E+000  0.000000000000000E+000  0.000000000000000E+000
  0.000000000000000E+000  0.000000000000000E+000  0.000000000000000E+000
  0.000000000000000E+000  0.000000000000000E+000  0.000000000000000E+000
  0.000000000000000E+000  0.000000000000000E+000  0.000000000000000E+000
  0.000000000000000E+000  0.000000000000000E+000  0.000000000000000E+000
  0.000000000000000E+000  0.000000000000000E+000  0.000000000000000E+000
  0.000000000000000E+000  0.000000000000000E+000  0.000000000000000E+000
  0.000000000000000E+000  0.000000000000000E+000  0.000000000000000E+000
  0.000000000000000E+000  0.000000000000000E+000  0.000000000000000E+000
  0.000000000000000E+000  0.000000000000000E+000  0.000000000000000E+000
  0.000000000000000E+000  0.000000000000000E+000  0.000000000000000E+000
  0.000000000000000E+000  0.000000000000000E+000  0.000000000000000E+000
  0.000000000000000E+000  0.000000000000000E+000  0.000000000000000E+000
  0.000000000000000E+000  0.000000000000000E+000  0.000000000000000E+000
  0.000000000000000E+000  0.000000000000000E+000  0.000000000000000E+000
  0.000000000000000E+000  0.000000000000000E+000  0.000000000000000E+000
  0.000000000000000E+000  0.000000000000000E+000  0.000000000000000E+000
  0.000000000000000E+000  0.000000000000000E+000  0.000000000000000E+000
  0.000000000000000E+000  0.000000000000000E+000  0.000000000000000E+000
  0.000000000000000E+000  0.000000000000000E+000  0.000000000000000E+000
  0.000000000000000E+000  0.000000000000000E+000  0.000000000000000E+000
  0.000000000000000E+000  0.000000000000000E+000  0.000000000000000E+000
  0.000000000000000E+000  0.000000000000000E+000  0.000000000000000E+000
  0.000000000000000E+000  0.000000000000000E+000  0.000000000000000E+000
  0.000000000000000E+000  0.000000000000000E+000  0.000000000000000E+000
  0.000000000000000E+000  0.000000000000000E+000  0.000000000000000E+000
  0.000000000000000E+000  0.000000000000000E+000  0.000000000000000E+000
  0.000000000000000E+000  0.000000000000000E+000  0.000000000000000E+000
  0.000000000000000E+000  0.000000000000000E+000  0.000000000000000E+000
  0.000000000000000E+000  0.000000000000000E+000  0.000000000000000E+000
  0.000000000000000E+000  0.000000000000000E+000  0.000000000000000E+000
  0.000000000000000E+000  0.000000000000000E+000  0.000000000000000E+000
  0.000000000000000E+000  0.000000000000000E+000  0.000000000000000E+000
  0.000000000000000E+000  0.000000000000000E+000  0.000000000000000E+000
  0.000000000000000E+000  0.000000000000000E+000  0.000000000000000E+000
  0.000000000000000E+000  0.000000000000000E+000  0.000000000000000E+000
  0.000000000000000E+000  0.000000000000000E+000  0.000000000000000E+000
  0.000000000000000E+000  0.000000000000000E+000  0.000000000000000E+000
 -1.894661920518127E-002  3.936776635605429E-003 -6.719365282215806E-002
 -0.126268565991047      -2.597727677862007E-003 -3.984544994120821E-002
 -0.101328681522296      -5.107304801718891E-003  0.127316557503816     
 -0.118066018928839      -1.077820426195397E-003  0.122629788062254     
 -0.193283464272935      -3.772374331437790E-002  0.108794008732492     
 -3.336055888240432E-002  0.410850179557025       9.884652577800708E-002
  7.086942850824045E-002  0.124337706178969       9.261139898599036E-002
  0.446592342439141       0.232842362764159       9.554542069634031E-002
  6.355592088251932E-002 -0.200946586764557       0.130828422821202     
  4.545714974404585E-002 -0.113274722846863       0.123996398827175     
  4.234496890571198E-002 -9.104043290058361E-002  0.130892870480658     
  5.619969172206276E-002 -0.111756218892555      -3.753561675378768E-002
  1.793585670945520E-002 -1.181839669094037E-002 -6.726839512448425E-002
  0.000000000000000E+000  0.000000000000000E+000  0.000000000000000E+000
  0.000000000000000E+000  0.000000000000000E+000  0.000000000000000E+000
  0.000000000000000E+000  0.000000000000000E+000  0.000000000000000E+000
  0.000000000000000E+000  0.000000000000000E+000  0.000000000000000E+000
 -2.983542232081285E-002  9.103789416750663E-003 -5.619468876986294E-002
 -0.118524256463901      -2.159472511831504E-002 -5.812160800380818E-002
 -8.351058711337823E-002  2.887667082877345E-002  0.115338167585477     
 -0.128960347894402      -7.265629773224334E-003  0.115609712611561     
 -0.194061583967321       2.067655116050613E-002  0.130825363849028     
  5.249475592785924E-003  0.410824569674263       8.797559156079483E-002
 -0.131872570376338      -0.244676049763377       0.250310619821019     
  0.362611732828998       0.205617752477802       0.100218212501494     
  0.120222305122465      -0.163317850028951       0.146986710220442     
  6.458489420316947E-002 -0.116617170783720       0.118694303514014     
  6.115092551640332E-002 -5.876102271814901E-002  0.118169721213492     
  4.066343887862395E-002 -0.111758065744366      -5.577348571878218E-002
  2.457184953911951E-002 -2.014959964297252E-002 -5.641326663360646E-002
  0.000000000000000E+000  0.000000000000000E+000  0.000000000000000E+000
  0.000000000000000E+000  0.000000000000000E+000  0.000000000000000E+000
  0.000000000000000E+000  0.000000000000000E+000  0.000000000000000E+000
  0.000000000000000E+000  0.000000000000000E+000  0.000000000000000E+000
 -4.378969610220523E-002 -1.126231630424618E-002 -4.850739445385307E-002
 -0.116712091535051       2.969842754308491E-002 -7.387832317528710E-002
 -4.847648810765010E-002 -2.864175697699453E-003  7.718562599442957E-002
 -0.144146784751474      -0.135801922837511       0.106027609495626     
 -0.147420876408108       0.335327685607779       3.211604618248490E-002
 -7.927499106832281E-002  6.453629347013379E-002  0.128885668928195     
  4.156014669991718E-002  4.916876404298659E-002  0.342931149580516     
  3.547109873866190E-002 -0.111647352804781       0.193637295627308     
  0.351423676372128       2.843018196387987E-002  4.102739906106759E-002
 -1.364028652170119E-002 -0.177659130514836       0.102304525102226     
  1.690391483485020E-002 -4.504685001174923E-002  8.050629944029816E-002
  9.634455129753895E-002 -7.679248835153596E-002 -7.280902554962213E-002
  5.916241884744954E-003 -4.703184330995686E-002 -4.855978941381206E-002
  0.000000000000000E+000  0.000000000000000E+000  0.000000000000000E+000
  0.000000000000000E+000  0.000000000000000E+000  0.000000000000000E+000
  0.000000000000000E+000  0.000000000000000E+000  0.000000000000000E+000
  0.000000000000000E+000  0.000000000000000E+000  0.000000000000000E+000
 -5.308854767212300E-002  0.127032797331209      -4.680677024251904E-002
 -0.110139135208174      -0.126339807295100      -6.943030909089436E-002
  6.180542449588772E-003  3.669946674850846E-002  4.100021365779178E-002
 -0.108872732100313       0.258394649605133      -6.035199656854560E-002
 -0.176072800119881      -0.500208693862019       0.129628748939570     
 -0.173550519356575      -8.693932236547845E-002  0.346581641903769     
  0.625378760528592        1.08739422619446      -0.591609472338086     
  7.926500201885489E-002 -0.129045622035582       0.299323812679388     
 -0.323153137066180      -0.392065788636656       0.125485226309408     
  0.234764871544933       1.043163951559213E-002 -5.401692453726440E-002
  4.110468750598696E-002  3.471824402286043E-002  3.909978376275466E-002
 -7.441764720848194E-002 -0.166639035981247      -6.827764710751713E-002
  0.136193252481187       1.867666124307434E-002 -4.720289705592678E-002
  0.000000000000000E+000  0.000000000000000E+000  0.000000000000000E+000
  0.000000000000000E+000  0.000000000000000E+000  0.000000000000000E+000
  0.000000000000000E+000  0.000000000000000E+000  0.000000000000000E+000
  0.000000000000000E+000  0.000000000000000E+000  0.000000000000000E+000
 -0.101480472435226       0.156543189419304      -4.438105104589964E-002
 -0.102707775993235       0.306764723176455      -9.406130460607078E-002
  5.301665594863127E-002 -0.216052724971724       0.104147768137762     
 -7.672488656830127E-002  0.220616853696094      -0.250995848570389     
 -0.185576294178860      -0.120686480710668      -0.127585725431414     
  2.860035896829357E-002  8.581423379480189E-002 -3.142721417726934E-003
 -7.776830628577554E-003 -9.820238037860246E-003  0.330201418452930     
  3.062223891863323E-002  5.008281418836145E-002  3.084295045015710E-002
 -3.420464975905191E-002 -0.227372028831075      -0.121032236647438     
  0.250704791503752       5.764400129192377E-002 -0.267932400040247     
 -0.217069940279719      -5.933043326641800E-002  0.102151303026500     
  0.331232693514063       7.518410623815795E-002 -9.410008937589069E-002
  0.193962964189151      -6.747069592794613E-003 -4.552438432449318E-002
  0.000000000000000E+000  0.000000000000000E+000  0.000000000000000E+000
  0.000000000000000E+000  0.000000000000000E+000  0.000000000000000E+000
  0.000000000000000E+000  0.000000000000000E+000  0.000000000000000E+000
  0.000000000000000E+000  0.000000000000000E+000  0.000000000000000E+000
 -3.448321433728832E-002  3.667445889411827E-003 -3.182727360801851E-002
 -0.188577259515555       0.508364106432068      -0.133824168512624     
  0.147867994162887       8.217838487870205E-004  4.338551591099115E-002
  8.038968077501926E-003 -0.751781494004563       0.227608788445871     
 -7.348689334393778E-002  0.306926107095506      -0.653690730833860     
 -6.671912624089951E-002 -0.144524035965490       7.344006640733214E-002
  0.257595776077585       0.452373647354346      -0.389562710266550     
 -0.120337209339705      -0.144335566338360       0.115694284819158     
  0.325417698136121       0.108650209119446      -0.687192080598668     
 -0.632134581322153      -0.356533839000855       0.204071801092306     
 -0.140027810484711       0.109733236030119       6.904463383189910E-002
  0.575601963771644       0.106454646219381      -0.146091512116205     
  2.704248010816251E-002 -2.473991376942589E-002 -3.200240098563536E-002
  0.000000000000000E+000  0.000000000000000E+000  0.000000000000000E+000
  0.000000000000000E+000  0.000000000000000E+000  0.000000000000000E+000
  0.000000000000000E+000  0.000000000000000E+000  0.000000000000000E+000
  0.000000000000000E+000  0.000000000000000E+000  0.000000000000000E+000
 -5.135509603664128E-002  1.685463848136170E-002 -2.501590347584626E-002
  1.222911993233414E-002  4.360627646280951E-002  4.152728674859852E-002
  0.105009278941296       0.112776425866944       2.794573711069412E-003
  3.612774656709937E-003  0.246648234103242      -0.370287086904789     
 -0.112097459575432       0.105295850044569      -0.768576763905535     
  2.241980908449756E-002 -0.327968980598505       0.135165413024796     
 -0.260166581345181      -0.449428924983956       0.579338012889368     
 -0.274888488582463      -0.126701287540221       0.111773418757931     
  0.132915662381738      -5.442067258105386E-002 -0.762688326032681     
  0.195931500921543       0.126299852574340      -0.368311192022768     
  1.847732264880981E-002  0.146835556467006       1.443920791795431E-002
  4.630424300884056E-002  3.906660750178120E-002  3.604126450662166E-002
  4.238904316424998E-002 -3.174950362304808E-002 -2.532531396961665E-002
  0.000000000000000E+000  0.000000000000000E+000  0.000000000000000E+000
  0.000000000000000E+000  0.000000000000000E+000  0.000000000000000E+000
  0.000000000000000E+000  0.000000000000000E+000  0.000000000000000E+000
  0.000000000000000E+000  0.000000000000000E+000  0.000000000000000E+000
 -8.543545484409644E-002  3.977919993694151E-002 -4.640942481365582E-002
  0.354329576706994      -0.713372605097920       0.309470872336671     
  0.353514360850363      -0.469317112130001       0.562721311193246     
 -0.109967712435516       0.241871603414170      -0.314834253813407     
 -3.934361921247763E-003 -0.561013707787789       0.104820603274464     
 -0.127478895993407      -0.166626241483717      -8.034249920991592E-002
 -8.611116892682730E-002 -0.144742386468886      -0.201355713088878     
 -7.906752804865123E-002 -0.190085569886285      -7.936642065889679E-002
 -0.486966597849361      -0.293716582932169       0.105031906572658     
  0.304384157436398       3.149708597580506E-002 -0.357019609567465     
 -0.592105124735381       7.165605640229539E-002  0.574898243290399     
 -0.780164549795585      -4.477395609783050E-002  0.301340887188110     
  7.467179945279695E-002 -5.173920535910507E-002 -4.603296634518971E-002
  0.000000000000000E+000  0.000000000000000E+000  0.000000000000000E+000
  0.000000000000000E+000  0.000000000000000E+000  0.000000000000000E+000
  0.000000000000000E+000  0.000000000000000E+000  0.000000000000000E+000
  0.000000000000000E+000  0.000000000000000E+000  0.000000000000000E+000
 -0.111429406857162      -1.827562084439064E-003 -7.509604304525014E-002
  0.450947346899539      -0.718156746555928       0.548517997687797     
 -0.288438012782092       0.669829441340447      -0.522629150101438     
  0.342946591668597      -0.618654093867299       0.925581557651382     
 -0.275882205894744      -7.381758675050300E-002  0.222820517372876     
 -0.233397836959855       3.339501238351388E-002  -1.04093346801171     
 -0.164413259987691      -0.282577473505367       0.805500485524462     
  0.129558447896085      -0.182394318353439      -0.981795448944496     
  8.685332233081994E-002 -0.285047636322419       0.206890773039614     
 -0.712231114500589      -2.218785264430109E-002  0.951282058156870     
  0.721631182372831       9.096986705679568E-002 -0.516226489995493     
 -0.828512240552765       3.067758402711350E-002  0.540325731511672     
  5.231735606592781E-002 -9.324876648956071E-002 -7.554281120969340E-002
  0.000000000000000E+000  0.000000000000000E+000  0.000000000000000E+000
  0.000000000000000E+000  0.000000000000000E+000  0.000000000000000E+000
  0.000000000000000E+000  0.000000000000000E+000  0.000000000000000E+000
  0.000000000000000E+000  0.000000000000000E+000  0.000000000000000E+000
 -2.329501266994311E-002  8.660586337149619E-003 -1.941187341219598E-002
  9.431581746410530E-003 -9.086614153661209E-002  6.610319543107897E-002
 -0.244417807688889       0.396224431080597      -0.429560407442837     
 -7.910917210912407E-003 -0.142037604139547       0.756290533780321     
 -0.387943732527544       0.218659475458918      -0.667695977510531     
 -7.769171683645441E-002 -0.303451834154228        1.45245473458240     
 -2.782678830657443E-003 -6.384819666933174E-003 -6.348694319894958E-002
 -0.206158698927902      -0.210770758789798        1.41182961352249     
  0.390684463210725      -0.231977383864904      -0.682898303040158     
 -0.130805713593376      -7.901273711190836E-002  0.796945775159298     
  0.483230675926043      -1.712866118790229E-002 -0.438359117589356     
 -8.069079211142242E-002 -3.322749925213220E-002  6.935715365945408E-002
  1.803640950146976E-002 -1.582416973774463E-002 -2.035427093893338E-002
  0.000000000000000E+000  0.000000000000000E+000  0.000000000000000E+000
  0.000000000000000E+000  0.000000000000000E+000  0.000000000000000E+000
  0.000000000000000E+000  0.000000000000000E+000  0.000000000000000E+000
  0.000000000000000E+000  0.000000000000000E+000  0.000000000000000E+000
  0.000000000000000E+000  0.000000000000000E+000  0.000000000000000E+000
  0.000000000000000E+000  0.000000000000000E+000  0.000000000000000E+000
  0.000000000000000E+000  0.000000000000000E+000  0.000000000000000E+000
  0.000000000000000E+000  0.000000000000000E+000  0.000000000000000E+000
  0.000000000000000E+000  0.000000000000000E+000  0.000000000000000E+000
  0.000000000000000E+000  0.000000000000000E+000  0.000000000000000E+000
  0.000000000000000E+000  0.000000000000000E+000  0.000000000000000E+000
  0.000000000000000E+000  0.000000000000000E+000  0.000000000000000E+000
  0.000000000000000E+000  0.000000000000000E+000  0.000000000000000E+000
  0.000000000000000E+000  0.000000000000000E+000  0.000000000000000E+000
  0.000000000000000E+000  0.000000000000000E+000  0.000000000000000E+000
  0.000000000000000E+000  0.000000000000000E+000  0.000000000000000E+000
  0.000000000000000E+000  0.000000000000000E+000  0.000000000000000E+000
  0.000000000000000E+000  0.000000000000000E+000  0.000000000000000E+000
  0.000000000000000E+000  0.000000000000000E+000  0.000000000000000E+000
  0.000000000000000E+000  0.000000000000000E+000  0.000000000000000E+000
  0.000000000000000E+000  0.000000000000000E+000  0.000000000000000E+000
  0.000000000000000E+000  0.000000000000000E+000  0.000000000000000E+000
  0.000000000000000E+000  0.000000000000000E+000  0.000000000000000E+000
  0.000000000000000E+000  0.000000000000000E+000  0.000000000000000E+000
  0.000000000000000E+000  0.000000000000000E+000  0.000000000000000E+000
  0.000000000000000E+000  0.000000000000000E+000  0.000000000000000E+000
  0.000000000000000E+000  0.000000000000000E+000  0.000000000000000E+000
  0.000000000000000E+000  0.000000000000000E+000  0.000000000000000E+000
  0.000000000000000E+000  0.000000000000000E+000  0.000000000000000E+000
  0.000000000000000E+000  0.000000000000000E+000  0.000000000000000E+000
  0.000000000000000E+000  0.000000000000000E+000  0.000000000000000E+000
  0.000000000000000E+000  0.000000000000000E+000  0.000000000000000E+000
  0.000000000000000E+000  0.000000000000000E+000  0.000000000000000E+000
  0.000000000000000E+000  0.000000000000000E+000  0.000000000000000E+000
  0.000000000000000E+000  0.000000000000000E+000  0.000000000000000E+000
  0.000000000000000E+000  0.000000000000000E+000  0.000000000000000E+000
