          80  8.000000000000007E-003  8.000000000000007E-003
  0.000000000000000E+000  0.000000000000000E+000  0.000000000000000E+000
  0.000000000000000E+000  0.000000000000000E+000  0.000000000000000E+000
  5.483303590629379E-002  8.767825627236202E-002 -7.708865321950298E-002
  7.061311975151909E-002  0.146015825158879      -0.116158420813728     
  0.101676252405829       0.199528986808934      -0.161801199521164     
  0.119633363761260       0.251715063296668      -0.191777194122409     
  0.139515684001014       0.279631580072065      -0.217436821032074     
  0.155532832098372       0.291729369745441      -0.231786363022963     
  0.168454518527304       0.291845010129316      -0.237177505562702     
  0.174805742406186       0.280555633757156      -0.231761404704561     
  0.172333066657670       0.260629871592160      -0.217401518354763     
  0.158173713509277       0.229531223967877      -0.191801246182530     
  0.122001606077730       0.187902250350420      -0.161834892652540     
  9.117010155176225E-002  0.134220006173100      -0.116202866517904     
  4.855364414605571E-002  9.139090317307902E-002 -7.715046141577792E-002
  0.000000000000000E+000  0.000000000000000E+000  0.000000000000000E+000
  0.000000000000000E+000  0.000000000000000E+000  0.000000000000000E+000
  0.000000000000000E+000  0.000000000000000E+000  0.000000000000000E+000
  0.000000000000000E+000  0.000000000000000E+000  0.000000000000000E+000
  4.302722439272734E-002  8.149261212261462E-002 -6.592680607975028E-002
  6.750176702522412E-002  0.144455494513407      -0.115185710977699     
  9.000769428161327E-002  0.196672822100131      -0.153387678165839     
  0.111159678406437       0.240289836048696      -0.187903886790070     
  0.127986474913260       0.265308989568664      -0.210372708635205     
  0.144617179633883       0.274403240510801      -0.226921437783139     
  0.157581061628516       0.273002427048833      -0.231095214432135     
  0.165268968208544       0.262458235673423      -0.226914733796268     
  0.165704417994015       0.243488703345679      -0.210347086633949     
  0.152500289396535       0.216472591026920      -0.187923136091287     
  0.125340148544953       0.176333690172901      -0.153405271072214     
  9.136657209331275E-002  0.130742523429854      -0.115226923742061     
  4.910105174384366E-002  7.805108928959155E-002 -6.597295323424963E-002
  0.000000000000000E+000  0.000000000000000E+000  0.000000000000000E+000
  0.000000000000000E+000  0.000000000000000E+000  0.000000000000000E+000
  0.000000000000000E+000  0.000000000000000E+000  0.000000000000000E+000
  0.000000000000000E+000  0.000000000000000E+000  0.000000000000000E+000
  3.416394280395393E-002  6.871668420848291E-002 -5.072219505414251E-002
  5.330685344762085E-002  0.141974919540081      -0.105398373221168     
  7.532392949590701E-002  0.192030794027264      -0.143225304900431     
  9.131141662771670E-002  0.225154307312307      -0.175566575688033     
  0.108502269165125       0.239543637914263      -0.199812483097343     
  0.123009306828199       0.241937217767285      -0.214147369585352     
  0.136868902188300       0.237126382328964      -0.220076919113782     
  0.147967387572051       0.227521056315805      -0.214172269369429     
  0.153131013840223       0.213751211487742      -0.199800237778402     
  0.149301970706529       0.191672631776800      -0.175574119982016     
  0.128622001850920       0.161284474024535      -0.143225572645045     
  9.632031504576935E-002  0.117149856639922      -0.105409258865948     
  4.245359981985418E-002  6.398037286531501E-002 -5.075054340041356E-002
  0.000000000000000E+000  0.000000000000000E+000  0.000000000000000E+000
  0.000000000000000E+000  0.000000000000000E+000  0.000000000000000E+000
  0.000000000000000E+000  0.000000000000000E+000  0.000000000000000E+000
  0.000000000000000E+000  0.000000000000000E+000  0.000000000000000E+000
  3.073498283065439E-002  4.787570352767909E-002 -3.717742061985595E-002
  3.997198751866653E-002  0.131255595531293      -8.903982816587716E-002
  5.601456422895477E-002  0.176961062492644      -0.127109191633928     
  6.913288625836171E-002  0.201312173247432      -0.158708472488402     
  8.274583628609075E-002  0.205275298754301      -0.181482414562715     
  9.551682868506331E-002  0.197932795933619      -0.195501800857748     
  0.108860040082083       0.188599486334591      -0.199966475160169     
  0.123596847726313       0.181729578031639      -0.195558893373341     
  0.136343092682719       0.174304095824975      -0.181497434149721     
  0.139746346352690       0.160568275951232      -0.158706301552805     
  0.125227657518786       0.136955929129082      -0.127089505008197     
  9.364980028253758E-002  0.100245624447900      -8.901421358435647E-002
  2.613227913384908E-002  5.054273703414153E-002 -3.718478277811156E-002
  0.000000000000000E+000  0.000000000000000E+000  0.000000000000000E+000
  0.000000000000000E+000  0.000000000000000E+000  0.000000000000000E+000
  0.000000000000000E+000  0.000000000000000E+000  0.000000000000000E+000
  0.000000000000000E+000  0.000000000000000E+000  0.000000000000000E+000
  2.920223396440302E-002  2.142548951455157E-002 -2.640474415437518E-002
  2.979876994533742E-002  0.115128132333501      -7.437278066172202E-002
  4.212639626525184E-002  0.157802063303513      -0.111243575239921     
  5.105380456858764E-002  0.176015494925234      -0.142797046440036     
  6.117129512717691E-002  0.171685102093394      -0.163977506858801     
  7.211982110167331E-002  0.158538813032042      -0.175900649918300     
  8.418622577447593E-002  0.145858658071113      -0.180033159090091     
  0.101193721274883       0.141783935159604      -0.175991493644690     
  0.118066625771198       0.138879728716652      -0.164017942707958     
  0.126907405389234       0.132223738579065      -0.142802462859005     
  0.115551833201184       0.115404502484469      -0.111211972855551     
  8.480185314679603E-002  8.326686206212601E-002 -7.430706907324716E-002
  3.901288139053825E-003  3.603609019540382E-002 -2.642350447511785E-002
  0.000000000000000E+000  0.000000000000000E+000  0.000000000000000E+000
  0.000000000000000E+000  0.000000000000000E+000  0.000000000000000E+000
  0.000000000000000E+000  0.000000000000000E+000  0.000000000000000E+000
  0.000000000000000E+000  0.000000000000000E+000  0.000000000000000E+000
  1.954785867435556E-002 -6.734278838593984E-003 -1.475593665740365E-002
  2.520713389672814E-002  0.103596327224937      -6.128377695434675E-002
  3.238565003367451E-002  0.137787698872533      -9.845333922254582E-002
  3.412387896170965E-002  0.147240458141886      -0.127156270616526     
  4.308572267821877E-002  0.138798308951974      -0.145574925169588     
  5.084485535539475E-002  0.120604819359553      -0.155454296278550     
  6.203712352394734E-002  0.107482693989618      -0.158252299766739     
  7.902796491181212E-002  0.104459681813771      -0.155591417197052     
  9.866737020222643E-002  0.106792315130589      -0.145656905837616     
  0.110472997599212       0.103251999281043      -0.127173103425237     
  0.103117474994299       9.684887965038162E-002 -9.840709168497606E-002
  7.706036645651668E-002  7.369293566326364E-002 -6.125827106846082E-002
 -1.555533829891926E-002  1.344478788436582E-002 -1.472383758645429E-002
  0.000000000000000E+000  0.000000000000000E+000  0.000000000000000E+000
  0.000000000000000E+000  0.000000000000000E+000  0.000000000000000E+000
  0.000000000000000E+000  0.000000000000000E+000  0.000000000000000E+000
  0.000000000000000E+000  0.000000000000000E+000  0.000000000000000E+000
  9.330499647732051E-003 -1.714282094396058E-002 -8.999195849776903E-003
  2.926953549644321E-002  9.703200934300077E-002 -5.393754232175232E-002
  1.694107797545656E-002  0.108088438684783      -8.451500291934201E-002
  2.173742828157181E-002  0.116755779830805      -0.109438659384567     
  2.473382187751305E-002  0.100523005563413      -0.124383767374170     
  3.150934462280892E-002  8.336257881081907E-002 -0.132052932711495     
  4.028707878209911E-002  6.979754327552472E-002 -0.134014841064005     
  5.652305144359928E-002  6.917136564965090E-002 -0.132256566950266     
  7.473902248006796E-002  7.180413407541927E-002 -0.124519329860055     
  9.029004631766756E-002  7.728080189527128E-002 -0.109477542469695     
  8.509075399491134E-002  6.871743720273302E-002 -8.447949788674815E-002
  6.943732256441362E-002  7.373060176635678E-002 -5.386105860842764E-002
 -1.956550489048075E-002 -3.323238784502414E-004 -9.083194128554713E-003
  0.000000000000000E+000  0.000000000000000E+000  0.000000000000000E+000
  0.000000000000000E+000  0.000000000000000E+000  0.000000000000000E+000
  0.000000000000000E+000  0.000000000000000E+000  0.000000000000000E+000
  0.000000000000000E+000  0.000000000000000E+000  0.000000000000000E+000
  1.467405841738985E-002 -9.299439116346189E-003 -9.319335663475399E-003
  1.901583386046972E-002  7.175442022173328E-002 -4.103141289314337E-002
  8.807609922464212E-003  7.815590077989860E-002 -6.783638368838696E-002
  8.797273278001796E-003  7.786186061404764E-002 -8.595902236258275E-002
  9.042084299043431E-003  6.218341814779107E-002 -9.781778631777639E-002
  1.411570801411459E-002  4.707843869388990E-002 -0.104063059724170     
  2.048726464315700E-002  3.547787919395510E-002 -0.105300306969377     
  3.386843251875669E-002  3.600646815864034E-002 -0.104351493703365     
  4.939494183657824E-002  3.906272031080951E-002 -9.798668578360233E-002
  6.304225330407572E-002  4.660215572440904E-002 -8.601849248648748E-002
  6.331001153913331E-002  4.675472790918923E-002 -6.781612232393255E-002
  5.257174583715495E-002  5.223578583724185E-002 -4.098012018931798E-002
 -1.536918666507275E-002  8.073482797652224E-003 -9.281437611790349E-003
  0.000000000000000E+000  0.000000000000000E+000  0.000000000000000E+000
  0.000000000000000E+000  0.000000000000000E+000  0.000000000000000E+000
  0.000000000000000E+000  0.000000000000000E+000  0.000000000000000E+000
  0.000000000000000E+000  0.000000000000000E+000  0.000000000000000E+000
  7.370257501626436E-003 -8.575319433268554E-003 -4.139953393773126E-003
  1.463301852911787E-002  4.196326113052928E-002 -2.599701645151338E-002
  1.658565479351270E-003  4.154011064204324E-002 -4.241632351256085E-002
 -1.067811538001071E-004  4.130108427945350E-002 -5.451592135953850E-002
 -8.396138199782409E-004  3.058586144865570E-002 -6.446774083776600E-002
  1.814517892082447E-003  2.112048883307150E-002 -7.084486228940892E-002
  7.837536730167407E-003  1.354694549723263E-002 -7.329711715057205E-002
  1.754281417272966E-002  1.230874877076646E-002 -7.113205152815351E-002
  2.690818654862545E-002  1.463657471372776E-002 -6.458022268898787E-002
  3.579276299681970E-002  2.058657896238459E-002 -5.454988948408953E-002
  3.516943020965167E-002  2.224741652307049E-002 -4.243425215856701E-002
  2.902919274029646E-002  3.359973987612228E-002 -2.595551325529632E-002
 -1.115170508071834E-002  2.079237306994579E-003 -4.128358170681164E-003
  0.000000000000000E+000  0.000000000000000E+000  0.000000000000000E+000
  0.000000000000000E+000  0.000000000000000E+000  0.000000000000000E+000
  0.000000000000000E+000  0.000000000000000E+000  0.000000000000000E+000
  0.000000000000000E+000  0.000000000000000E+000  0.000000000000000E+000
  6.751544881938824E-004 -4.014379456908052E-003 -2.504617793851133E-003
  1.025616549379055E-002  9.072514248548495E-003 -6.958377558024024E-003
  3.454295454339799E-004  1.111260040316425E-002 -1.260510894931849E-002
  1.404925210381178E-003  1.258824213954793E-002 -1.983638815431147E-002
 -3.645194798447780E-003  8.885980212812779E-003 -2.498564480678056E-002
 -2.350726950515999E-003  5.353676583869178E-003 -3.209573637208374E-002
  3.712203659189538E-004  5.142029067480479E-004 -3.381898926397621E-002
  5.897496044859892E-003  7.464519836517913E-004 -3.228652893416867E-002
  9.448566869173242E-003  1.336538993280972E-003 -2.499427554156157E-002
  1.017397257334869E-002  7.503706165522398E-003 -1.982465533121544E-002
  9.468926140464771E-003  5.857878045003816E-003 -1.260362543334624E-002
  2.748218731753179E-003  1.340827213740199E-002 -6.962080202989736E-003
 -3.818639113280637E-003 -1.438570570346687E-003 -2.484599073989129E-003
  0.000000000000000E+000  0.000000000000000E+000  0.000000000000000E+000
  0.000000000000000E+000  0.000000000000000E+000  0.000000000000000E+000
  0.000000000000000E+000  0.000000000000000E+000  0.000000000000000E+000
  0.000000000000000E+000  0.000000000000000E+000  0.000000000000000E+000
  0.000000000000000E+000  0.000000000000000E+000  0.000000000000000E+000
  0.000000000000000E+000  0.000000000000000E+000  0.000000000000000E+000
  0.000000000000000E+000  0.000000000000000E+000  0.000000000000000E+000
  0.000000000000000E+000  0.000000000000000E+000  0.000000000000000E+000
  0.000000000000000E+000  0.000000000000000E+000  0.000000000000000E+000
  0.000000000000000E+000  0.000000000000000E+000  0.000000000000000E+000
  0.000000000000000E+000  0.000000000000000E+000  0.000000000000000E+000
  0.000000000000000E+000  0.000000000000000E+000  0.000000000000000E+000
  0.000000000000000E+000  0.000000000000000E+000  0.000000000000000E+000
  0.000000000000000E+000  0.000000000000000E+000  0.000000000000000E+000
  0.000000000000000E+000  0.000000000000000E+000  0.000000000000000E+000
  0.000000000000000E+000  0.000000000000000E+000  0.000000000000000E+000
  0.000000000000000E+000  0.000000000000000E+000  0.000000000000000E+000
  0.000000000000000E+000  0.000000000000000E+000  0.000000000000000E+000
  0.000000000000000E+000  0.000000000000000E+000  0.000000000000000E+000
  0.000000000000000E+000  0.000000000000000E+000  0.000000000000000E+000
  0.000000000000000E+000  0.000000000000000E+000  0.000000000000000E+000
  0.000000000000000E+000  0.000000000000000E+000  0.000000000000000E+000
  0.000000000000000E+000  0.000000000000000E+000  0.000000000000000E+000
  0.000000000000000E+000  0.000000000000000E+000  0.000000000000000E+000
  0.000000000000000E+000  0.000000000000000E+000  0.000000000000000E+000
  0.000000000000000E+000  0.000000000000000E+000  0.000000000000000E+000
  0.000000000000000E+000  0.000000000000000E+000  0.000000000000000E+000
  0.000000000000000E+000  0.000000000000000E+000  0.000000000000000E+000
  0.000000000000000E+000  0.000000000000000E+000  0.000000000000000E+000
  0.000000000000000E+000  0.000000000000000E+000  0.000000000000000E+000
  0.000000000000000E+000  0.000000000000000E+000  0.000000000000000E+000
  0.000000000000000E+000  0.000000000000000E+000  0.000000000000000E+000
  0.000000000000000E+000  0.000000000000000E+000  0.000000000000000E+000
  0.000000000000000E+000  0.000000000000000E+000  0.000000000000000E+000
  0.000000000000000E+000  0.000000000000000E+000  0.000000000000000E+000
  0.000000000000000E+000  0.000000000000000E+000  0.000000000000000E+000
  0.000000000000000E+000  0.000000000000000E+000  0.000000000000000E+000
  0.000000000000000E+000  0.000000000000000E+000  0.000000000000000E+000
  1.073484184547734E-002 -0.210080553114221       0.259993739370889     
  7.398030084796141E-002 -3.543953772818987E-003  0.346434477685381     
  7.677143751730924E-002  2.579620773136484E-003  0.439191285464019     
  9.425969131905385E-002 -7.343125382724433E-002  0.562156610369451     
 -1.224502601774567E-002 -0.542002622354600       0.915043765309663     
 -0.110897180731884      -0.457009483196626        1.10126871992190     
 -0.177954131847250      -0.309689716380929        1.14819200919887     
 -0.335624024238376      -0.321190194275727        1.10051904514317     
 -0.461392878669305      -0.283276722042582       0.918732295580451     
 -0.111106897853441       4.060461227462512E-002  0.567921109371790     
 -2.501031434467754E-002  6.920689975031713E-002  0.442269245312543     
 -3.378115151862073E-002  6.233181389548180E-002  0.347949205175017     
 -0.190886651300429      -9.824130549475289E-002  0.261460133327192     
  0.000000000000000E+000  0.000000000000000E+000  0.000000000000000E+000
  0.000000000000000E+000  0.000000000000000E+000  0.000000000000000E+000
  0.000000000000000E+000  0.000000000000000E+000  0.000000000000000E+000
  0.000000000000000E+000  0.000000000000000E+000  0.000000000000000E+000
  4.663907747466283E-002 -0.181834053125253       0.222677402562719     
  7.882232527625334E-002 -0.125488936441781       0.372813658150312     
  0.103065306587801      -1.038675487247223E-002  0.421606315837453     
  0.134348699484050       6.386053383072247E-002  0.517199849981713     
  0.163066417697894       5.719950305126844E-002  0.694068006445337     
  0.243563469361468       0.357596735005354       0.786720242897414     
  0.361411732242716       0.623825596631958       0.774368413499131     
  0.190802893537817       0.389202718752326       0.788262228297343     
 -3.128970294283213E-002  0.166677427272626       0.698703415604802     
 -1.185482884088281E-002  0.143933686534278       0.523319234499819     
 -5.382428186196791E-002  8.352687521417999E-002  0.424974834893190     
 -0.144931758516912       4.278128796616764E-003  0.374586218955301     
 -0.183926666341280      -5.253073166812005E-002  0.223754783749785     
  0.000000000000000E+000  0.000000000000000E+000  0.000000000000000E+000
  0.000000000000000E+000  0.000000000000000E+000  0.000000000000000E+000
  0.000000000000000E+000  0.000000000000000E+000  0.000000000000000E+000
  0.000000000000000E+000  0.000000000000000E+000  0.000000000000000E+000
  5.891525997511599E-002 -0.130694560791071       0.186662335853017     
  0.122494134956568      -0.323100824665931       0.382867461878767     
  0.133520456053243      -0.166150450941005       0.441749015675416     
  0.251616766718922       0.283291874704788       0.457126999912449     
  0.494312376989923        1.03338332357030       0.405053674706839     
   1.04085234867447        2.21320500335046       0.130975757978788     
   1.62853528980625        2.81923802285912      -8.587499463589905E-002
   1.39368115629137        2.00160925304600       0.136203759590708     
  0.645945986560866       0.939368578517271       0.411264395374705     
  0.116479369856130       0.353866748357004       0.464096361220717     
 -0.212453442687690       2.771698027626848E-002  0.445792072663275     
 -0.342316498719705      -5.837953784984380E-002  0.384738286274597     
 -0.144889910015146      -1.601590077685779E-002  0.187347838674982     
  0.000000000000000E+000  0.000000000000000E+000  0.000000000000000E+000
  0.000000000000000E+000  0.000000000000000E+000  0.000000000000000E+000
  0.000000000000000E+000  0.000000000000000E+000  0.000000000000000E+000
  0.000000000000000E+000  0.000000000000000E+000  0.000000000000000E+000
  3.709485761037778E-002 -6.670509175216088E-002  0.163591583834565     
  0.127919561843664      -0.276272407413351       0.357174125650250     
  0.134625323548679      -9.106239238507667E-002  0.439650166082708     
  0.221421742561169       0.125291436555373       0.536751767884011     
  0.417870678178693       0.719858645515318       0.532374321100968     
  0.819521610930714        1.64669595531339       0.317725901636596     
   1.11760889415208        1.93688388415572       0.213888056039541     
   1.02007546437716        1.53731614227136       0.320266490962308     
  0.419443305651230       0.724302750371173       0.536904699036909     
  6.004967399017427E-004  0.253783015398838       0.541379632099423     
 -0.150277832560353       6.630611914432930E-002  0.443631016023331     
 -0.304939042207801      -3.030371120558390E-002  0.358525951807870     
 -7.758560657496334E-002 -2.643845905450052E-003  0.163895949057865     
  0.000000000000000E+000  0.000000000000000E+000  0.000000000000000E+000
  0.000000000000000E+000  0.000000000000000E+000  0.000000000000000E+000
  0.000000000000000E+000  0.000000000000000E+000  0.000000000000000E+000
  0.000000000000000E+000  0.000000000000000E+000  0.000000000000000E+000
  2.528166027967099E-002 -7.537959878960507E-003  0.141749654594329     
  5.214617607762589E-002  2.127599085581497E-002  0.273815922049102     
  3.128828057565321E-002  0.375898219059817       0.356810831590611     
  8.344653403288550E-002  5.128625314535620E-002  0.620352591724183     
  2.776005170325344E-002 -0.398895136985009       0.982192262162288     
  9.648645620726459E-003 -0.193675924571935        1.01825808460105     
  9.803525427357118E-002  0.169846565282098       0.914652795015216     
 -0.167406071220906      -8.099955343814308E-002   1.02088632035059     
 -0.355983385627435      -0.172106423451159       0.987323504412035     
  6.170693453890340E-003  9.939060044908235E-002  0.624139154623076     
  0.311419412744036       0.214017903951076       0.358872800096891     
 -5.563804183602685E-003  5.571701853131983E-002  0.273036340323360     
 -1.895285262106425E-002  1.742950495328546E-002  0.141516585045236     
  0.000000000000000E+000  0.000000000000000E+000  0.000000000000000E+000
  0.000000000000000E+000  0.000000000000000E+000  0.000000000000000E+000
  0.000000000000000E+000  0.000000000000000E+000  0.000000000000000E+000
  0.000000000000000E+000  0.000000000000000E+000  0.000000000000000E+000
  3.996695356116296E-002 -1.943400988620440E-002  0.121207653449490     
 -4.016399515549664E-002  0.285124200671284       0.221935917864712     
 -6.914870615794426E-002  0.504481904346151       0.328813431768585     
 -6.478845307106325E-002  0.211381944356843       0.615731785727658     
 -9.590554039148433E-002 -0.180411707164024       0.988767682015436     
 -0.166515260545075      -0.264932012426055        1.10890523867178     
  5.150394033088141E-002  8.735710480026115E-002  0.916193307011558     
 -0.138679299450858      -0.268786223912917        1.10979337835851     
 -0.112689064470296      -0.174992669656804       0.998721641830824     
  0.212199852877809       4.869476630828617E-002  0.621618737878420     
  0.482220396220213       0.197887372446572       0.327497942560786     
  0.277956899414167       0.110353031070211       0.218961190584675     
 -3.884532575706807E-002  2.576924090319501E-002  0.120192810497889     
  0.000000000000000E+000  0.000000000000000E+000  0.000000000000000E+000
  0.000000000000000E+000  0.000000000000000E+000  0.000000000000000E+000
  0.000000000000000E+000  0.000000000000000E+000  0.000000000000000E+000
  0.000000000000000E+000  0.000000000000000E+000  0.000000000000000E+000
  1.396228716886532E-002  1.519970743655670E-003  0.129682719817979     
 -5.494233756951621E-002  0.284779235698457       0.189522125296438     
 -0.121237943753417       0.150680540914643       0.434931946348177     
 -0.160677253995590       0.296426478319271       0.594604762571296     
 -0.167462916294518      -6.688769164071099E-003  0.888809760257734     
 -0.314547428684780      -0.707029447722108        1.43555593503857     
 -0.352605242445019      -0.615209389489389        1.39546854427327     
 -0.454387158866539      -0.630318767843064        1.44169262084652     
  8.227458994576273E-002 -0.144469465393983       0.892558508992583     
  0.329867382616463       6.541302589887252E-003  0.603059889125881     
  0.196978912823419      -2.645526409067939E-002  0.434574906852179     
  0.289954147456191       0.100973098821367       0.184340441900778     
 -6.987119187564210E-003  1.295415530210767E-002  0.129556915760827     
  0.000000000000000E+000  0.000000000000000E+000  0.000000000000000E+000
  0.000000000000000E+000  0.000000000000000E+000  0.000000000000000E+000
  0.000000000000000E+000  0.000000000000000E+000  0.000000000000000E+000
  0.000000000000000E+000  0.000000000000000E+000  0.000000000000000E+000
 -1.381791803308072E-003  3.623876339919491E-002  0.102180352674238     
 -5.858378693630899E-002  0.106960152125716       0.202628050783882     
 -0.135663392771074       1.874163182208703E-002  0.445670037448617     
 -0.128588213792942      -0.160224631957863       0.773790392706455     
 -0.204001140404746       -1.02960512384992        1.56259073974424     
 -0.310323588125921      -0.638468866851805        1.55050376192030     
 -0.207249804886921      -0.363993196829977        1.26918863197958     
 -0.403745930529113      -0.598533069232601        1.56455122994509     
 -0.778869028040365      -0.687636494635481        1.55894892671490     
 -8.385615007756131E-002 -0.194935944499574       0.785293894042804     
  6.831965275668699E-002 -0.113301477712975       0.455371539824954     
  0.135595025282745       8.368522459991864E-003  0.196750296765368     
  3.023919536974316E-002  1.705486389285206E-002  0.102189490131899     
  0.000000000000000E+000  0.000000000000000E+000  0.000000000000000E+000
  0.000000000000000E+000  0.000000000000000E+000  0.000000000000000E+000
  0.000000000000000E+000  0.000000000000000E+000  0.000000000000000E+000
  0.000000000000000E+000  0.000000000000000E+000  0.000000000000000E+000
 -7.633088074063103E-003  3.263112497048672E-002  5.648641817981324E-002
 -4.096204601020131E-002  2.845525574433724E-003  0.174809194707132     
 -0.117356309867914       9.288929984881446E-002  0.236545232586301     
  4.735504622853223E-002 -0.597014305305004       0.982340098721194     
 -9.599551218327665E-002 -0.415822636041110        1.12065069202945     
 -8.404198430875431E-002  9.333887237344024E-002  0.593786097196481     
 -0.188619724692669      -0.324928394268166        1.35528464069867     
  0.117644446604442      -2.925854399087086E-002  0.601793473108378     
 -0.306107595603096      -0.290531614446768        1.11749072200983     
 -0.538155370821483      -0.256604027113533       0.984254705523394     
  0.119431412754541      -6.087912276411318E-002  0.251936397705665     
  2.665162902192083E-002 -3.203000751141067E-002  0.171754715724240     
  3.211033006964501E-002  9.971914821154044E-003  5.669163822377949E-002
  0.000000000000000E+000  0.000000000000000E+000  0.000000000000000E+000
  0.000000000000000E+000  0.000000000000000E+000  0.000000000000000E+000
  0.000000000000000E+000  0.000000000000000E+000  0.000000000000000E+000
  0.000000000000000E+000  0.000000000000000E+000  0.000000000000000E+000
  4.743494852771340E-003  2.053221381241166E-002  3.572991417767014E-002
 -4.555697991429493E-002  4.317925736163417E-002  8.050575437778894E-002
 -8.703419365650854E-002  1.300237791656702E-002  0.103111149470483     
 -4.281675725506923E-003 -0.210159317951078       0.569925711181807     
 -0.226088682016670       0.321963402661449      -0.500840329396010     
 -3.186751117477204E-002 -2.674785440427762E-002  2.218835842814515E-002
 -1.861027715612907E-002 -1.790782290521995E-002   1.68196994153221     
 -5.935190521001576E-003 -4.279029395089015E-002  2.488218629490781E-002
  0.385779862362239      -3.495081585285159E-002 -0.494392793645284     
 -0.173509783843211      -0.107291977797420       0.562482928637585     
  5.015100128007449E-002 -7.080411703883566E-002  0.107596449951591     
  6.004535608624696E-002 -1.780708247760064E-002  8.042753680089589E-002
  1.551593912206190E-002  1.445266735708348E-002  3.522072944714326E-002
  0.000000000000000E+000  0.000000000000000E+000  0.000000000000000E+000
  0.000000000000000E+000  0.000000000000000E+000  0.000000000000000E+000
  0.000000000000000E+000  0.000000000000000E+000  0.000000000000000E+000
  0.000000000000000E+000  0.000000000000000E+000  0.000000000000000E+000
  0.000000000000000E+000  0.000000000000000E+000  0.000000000000000E+000
  0.000000000000000E+000  0.000000000000000E+000  0.000000000000000E+000
  0.000000000000000E+000  0.000000000000000E+000  0.000000000000000E+000
  0.000000000000000E+000  0.000000000000000E+000  0.000000000000000E+000
  0.000000000000000E+000  0.000000000000000E+000  0.000000000000000E+000
  0.000000000000000E+000  0.000000000000000E+000  0.000000000000000E+000
  0.000000000000000E+000  0.000000000000000E+000  0.000000000000000E+000
  0.000000000000000E+000  0.000000000000000E+000  0.000000000000000E+000
  0.000000000000000E+000  0.000000000000000E+000  0.000000000000000E+000
  0.000000000000000E+000  0.000000000000000E+000  0.000000000000000E+000
  0.000000000000000E+000  0.000000000000000E+000  0.000000000000000E+000
  0.000000000000000E+000  0.000000000000000E+000  0.000000000000000E+000
  0.000000000000000E+000  0.000000000000000E+000  0.000000000000000E+000
  0.000000000000000E+000  0.000000000000000E+000  0.000000000000000E+000
  0.000000000000000E+000  0.000000000000000E+000  0.000000000000000E+000
  0.000000000000000E+000  0.000000000000000E+000  0.000000000000000E+000
  0.000000000000000E+000  0.000000000000000E+000  0.000000000000000E+000
  0.000000000000000E+000  0.000000000000000E+000  0.000000000000000E+000
  0.000000000000000E+000  0.000000000000000E+000  0.000000000000000E+000
  0.000000000000000E+000  0.000000000000000E+000  0.000000000000000E+000
  0.000000000000000E+000  0.000000000000000E+000  0.000000000000000E+000
  0.000000000000000E+000  0.000000000000000E+000  0.000000000000000E+000
  0.000000000000000E+000  0.000000000000000E+000  0.000000000000000E+000
  0.000000000000000E+000  0.000000000000000E+000  0.000000000000000E+000
  0.000000000000000E+000  0.000000000000000E+000  0.000000000000000E+000
  0.000000000000000E+000  0.000000000000000E+000  0.000000000000000E+000
  0.000000000000000E+000  0.000000000000000E+000  0.000000000000000E+000
  0.000000000000000E+000  0.000000000000000E+000  0.000000000000000E+000
  0.000000000000000E+000  0.000000000000000E+000  0.000000000000000E+000
  0.000000000000000E+000  0.000000000000000E+000  0.000000000000000E+000
  0.000000000000000E+000  0.000000000000000E+000  0.000000000000000E+000
  0.000000000000000E+000  0.000000000000000E+000  0.000000000000000E+000
  0.000000000000000E+000  0.000000000000000E+000  0.000000000000000E+000
  0.000000000000000E+000  0.000000000000000E+000  0.000000000000000E+000
   276.575805160410       -740.064750817476       -3788.15869207834     
   199.254688735419        916.916552510745       -5742.58029301533     
   891.824884869350        905.479195717534       -7735.70471223948     
  -20.4790494599639       -2461.03460642859       -7971.59028017663     
  -57.5163817330628        5363.67025008727       -9754.21663298696     
   42.5534275829563        3252.24876605553       -5669.52646439083     
  -4414.85969286859       -7693.67593691040        593.776809559249     
   2803.36541620571        1606.82544941629       -5649.95778480936     
   4637.69671456902        2548.09315697526       -9709.63998461533     
  -2252.92892823093       -1378.36141096171       -7920.99032889285     
   375.182079020693        1209.14285450374       -7714.16813939188     
   769.997260017200        637.723929574844       -5750.53945498883     
  -801.065788507379       -146.500152704360       -3800.60342513664     
  0.000000000000000E+000  0.000000000000000E+000  0.000000000000000E+000
  0.000000000000000E+000  0.000000000000000E+000  0.000000000000000E+000
  0.000000000000000E+000  0.000000000000000E+000  0.000000000000000E+000
  0.000000000000000E+000  0.000000000000000E+000  0.000000000000000E+000
  -296.769567705020       -1113.72022016173       -3118.54497894484     
   157.835901102672        415.623404221069       -5608.93445514762     
   399.996608509885        538.549378209704       -7346.17322318483     
  -158.040937906110       -3570.52682764602       -7863.88304697453     
   159.175539510147        2636.71099462836       -9207.70910724956     
   1429.70030755806        4239.31048918498       -6253.17924783038     
  -316.748073324829       -596.814913440152       -1534.41927319281     
   2982.28761612286        3315.87616686861       -6239.99481556287     
   2202.27830016030        1406.95355310830       -9186.38495741144     
  -3125.39580733972       -2040.95513758894       -7817.06028732381     
   248.599815402931        569.087827473353       -7316.70471444988     
   345.718996989665        353.023509644518       -5620.64784602464     
  -828.246817870685       -827.962591776071       -3132.02167887768     
  0.000000000000000E+000  0.000000000000000E+000  0.000000000000000E+000
  0.000000000000000E+000  0.000000000000000E+000  0.000000000000000E+000
  0.000000000000000E+000  0.000000000000000E+000  0.000000000000000E+000
  0.000000000000000E+000  0.000000000000000E+000  0.000000000000000E+000
  -487.113230948957       -1801.63279229350       -2410.07700785182     
  -119.854633951090       -851.599707294114       -4790.83466608126     
   172.605004588718        208.969186273393       -7064.64870671274     
  -267.382400167823       -6336.46476512144       -7007.49218802932     
   280.476259286660       -2451.98607721658       -7745.68489864783     
   3638.72502982600        6253.66529670576       -7269.26069180025     
   6365.56524840798        10997.4443945492       -6572.07949661712     
   3676.47760711475        6334.91472405547       -7299.78277055899     
  -2174.43806731864       -935.837657071438       -7766.97289931131     
  -5490.62974474891       -3518.48142759547       -6956.07223659352     
  -8.91906357191969        175.946884766957       -7029.47236008525     
  -601.664400705892       -511.013699804627       -4810.16669066625     
  -1319.15260240230       -1334.90590201959       -2424.85818520127     
  0.000000000000000E+000  0.000000000000000E+000  0.000000000000000E+000
  0.000000000000000E+000  0.000000000000000E+000  0.000000000000000E+000
  0.000000000000000E+000  0.000000000000000E+000  0.000000000000000E+000
  0.000000000000000E+000  0.000000000000000E+000  0.000000000000000E+000
  -488.993537029927       -1676.92181803405       -2060.53038682506     
   538.911334804550       -3693.36410554261       -3422.37765801346     
   540.547693134223       -2524.64165516826       -6095.46725017949     
   500.106698461426       -5521.94220312791       -6795.56673593872     
   84.0346826931741       -6878.93833014298       -6408.33681770084     
  -467.360217316605       -6420.63883839412       -3688.33696963870     
  -5193.36389950413       -8976.50544159379       -962.426951036658     
  -5480.59235569388       -3782.41850387226       -3603.95077585400     
  -5883.43108729288       -3267.34019459870       -6464.15562248377     
  -5024.59374766280       -2330.38689866286       -6796.12579463824     
  -2463.23279764081       -792.923599926352       -6090.89159125220     
  -3359.94926102347       -1341.25339261404       -3456.95798194752     
  -1206.64810810154       -1266.64699696532       -2078.74729466847     
  0.000000000000000E+000  0.000000000000000E+000  0.000000000000000E+000
  0.000000000000000E+000  0.000000000000000E+000  0.000000000000000E+000
  0.000000000000000E+000  0.000000000000000E+000  0.000000000000000E+000
  0.000000000000000E+000  0.000000000000000E+000  0.000000000000000E+000
  -522.702391314330       -839.984976892484       -2063.94085049317     
   961.603551384241       -3046.86788298848       -2940.51378485409     
   1127.92421146817       -4423.82859266301       -5011.61351567194     
   1321.11734983086       -7066.37670149592       -6391.77148734516     
   1127.30343903678       -6814.51397725980       -6280.73017102828     
   5921.76373145932        10409.6060178943       -11652.1224204803     
   8151.73182697842        14158.8076287438       -12724.4280146900     
   5879.35800643457        10203.0762874170       -11533.5796943423     
  -6509.09143545057       -2426.37973079072       -6289.35263376910     
  -6769.58476315047       -2356.42248887588       -6408.45232978191     
  -4337.41954467155       -1181.43148588589       -5034.65361265425     
  -3005.70832225068       -634.920123975905       -2983.86572346858     
  -467.581511660533       -871.022749027575       -2083.83237197794     
  0.000000000000000E+000  0.000000000000000E+000  0.000000000000000E+000
  0.000000000000000E+000  0.000000000000000E+000  0.000000000000000E+000
  0.000000000000000E+000  0.000000000000000E+000  0.000000000000000E+000
  0.000000000000000E+000  0.000000000000000E+000  0.000000000000000E+000
  -347.513270977892       -317.285171103276       -1885.12079914287     
   665.426501369071       -1031.11068744062       -2926.63927422839     
   2030.71554098940       -10916.2903906993       -2455.62512812013     
   1580.65380595350       -10714.1755107004       -4444.45837035865     
   2492.29565415418       -1370.53650744676       -8386.62177762046     
   4400.59720906759        6825.59255348605       -12214.5304390988     
   4737.57192858260        8266.95274428402       -12005.2184018372     
   3835.69086133861        7444.42262373804       -12331.7274458127     
  -2447.05230832589        1519.73323549775       -8413.70774027784     
  -10148.4690935521       -3984.63417784746       -4441.38556380141     
  -10409.4523328159       -3627.74364908996       -2485.66749407364     
  -1086.79803375046        133.720980352271       -2969.77598504506     
  -118.801080870687       -457.079501740131       -1904.05951860516     
  0.000000000000000E+000  0.000000000000000E+000  0.000000000000000E+000
  0.000000000000000E+000  0.000000000000000E+000  0.000000000000000E+000
  0.000000000000000E+000  0.000000000000000E+000  0.000000000000000E+000
  0.000000000000000E+000  0.000000000000000E+000  0.000000000000000E+000
  -364.293065899144        146.231227042720       -1523.59391011832     
   916.929692056779       -1817.89647757912       -2622.49724011696     
   2560.50449317859       -13686.1068970232       -4.62395306518817     
   1799.96347732388       -4237.14415208754       -5993.28866266598     
   1797.46857611750       -2442.62577181362       -8373.66769258369     
  -1173.18832202721       -7696.02581952536       -3891.48024527522     
  -583.199865632921       -1059.82189353489       -6902.49904169024     
  -6238.38223110127       -5054.51639484013       -3754.04179980465     
  -3035.13564378675        363.628078318016       -8414.37735934427     
  -4584.11055540241       -518.434973269616       -6003.02851696146     
  -13313.8897073730       -4667.58317027866        65.5252470741252     
  -1899.67530704585       -28.3668641072171       -2675.43008941282     
   296.136519775162       -244.463909645682       -1531.58148936772     
  0.000000000000000E+000  0.000000000000000E+000  0.000000000000000E+000
  0.000000000000000E+000  0.000000000000000E+000  0.000000000000000E+000
  0.000000000000000E+000  0.000000000000000E+000  0.000000000000000E+000
  0.000000000000000E+000  0.000000000000000E+000  0.000000000000000E+000
  -132.767863636607        245.508021382367       -1481.67518075705     
   963.009771656919       -3282.52253214581       -1444.12953251321     
   1784.30112278127       -4788.94519031908       -2251.41977248348     
   1203.06990983551        2413.28612006838       -9383.25991577846     
   791.206328931071        1338.62998774956       -11111.5978952121     
   1465.97177446828        6480.11562862732       -13288.0324008055     
   8566.17669096257        14809.7538156233       -22960.4838323792     
   4923.45877392218        4568.47382797481       -13392.3823197020     
   797.159965014415        1368.73941596431       -11192.9982168700     
   1724.99333623249        2374.98415708796       -9538.93867718538     
  -5288.43000881862       -908.698021254294       -2094.33426896970     
  -3275.64281512286       -762.070211145802       -1476.37037633229     
   281.579806290101        11.9126394753743       -1488.43462797642     
  0.000000000000000E+000  0.000000000000000E+000  0.000000000000000E+000
  0.000000000000000E+000  0.000000000000000E+000  0.000000000000000E+000
  0.000000000000000E+000  0.000000000000000E+000  0.000000000000000E+000
  0.000000000000000E+000  0.000000000000000E+000  0.000000000000000E+000
   73.3010176162563       -293.999105838277       -1046.40891111272     
   387.469309987053       -1475.33668826937       -813.906145185316     
   494.777938329006        1306.96462621140       -4844.69702444423     
   791.015973089338       -793.341561103409       -5306.90631716108     
  -1316.14479120124        6389.92075657479       -15859.8924414726     
   1351.65011110905        4720.15726347945       -13525.9645113683     
   2308.28883403968        4073.07836760895       -12126.8021984528     
   3551.92473562639        3664.20885597163       -13909.2837918365     
   6002.47965072121        1984.46196320931       -15657.2549176157     
  -875.204308146917        354.975440572851       -5506.86809419856     
   916.739078161445        1107.75974228514       -4834.70075828791     
  -1476.80515571940       -386.111735379495       -808.397924273332     
  -290.691428429567       -83.2207908842763       -1056.42421859022     
  0.000000000000000E+000  0.000000000000000E+000  0.000000000000000E+000
  0.000000000000000E+000  0.000000000000000E+000  0.000000000000000E+000
  0.000000000000000E+000  0.000000000000000E+000  0.000000000000000E+000
  0.000000000000000E+000  0.000000000000000E+000  0.000000000000000E+000
  -54.5089747123449       -380.510265299986       -552.098472738313     
   392.280791113618       -287.430678927167       -521.166620916202     
   431.456605730847       -52.4544751983405       -2621.91099932434     
   1798.23800617438       -2509.28492627035        1371.94703870925     
  -1327.50215502519        3273.59599373102       -13444.7692728397     
   1784.12743969138       -1671.77899088812        779.366756280061     
   251.829877170707        501.360653430181        9505.25245710021     
  -2322.69220813115        747.352330603373        707.262552013052     
   3241.74844732314        525.973218813698       -13026.7983086146     
  -3073.33306791813        274.472180293505        1412.90374292575     
  -172.248584926638        379.548220857240       -2687.71669839929     
  -448.605125916090        206.211865277721       -502.280158956389     
  -303.220094609672       -240.609134840363       -561.135592302752     
  0.000000000000000E+000  0.000000000000000E+000  0.000000000000000E+000
  0.000000000000000E+000  0.000000000000000E+000  0.000000000000000E+000
  0.000000000000000E+000  0.000000000000000E+000  0.000000000000000E+000
  0.000000000000000E+000  0.000000000000000E+000  0.000000000000000E+000
  0.000000000000000E+000  0.000000000000000E+000  0.000000000000000E+000
  0.000000000000000E+000  0.000000000000000E+000  0.000000000000000E+000
  0.000000000000000E+000  0.000000000000000E+000  0.000000000000000E+000
  0.000000000000000E+000  0.000000000000000E+000  0.000000000000000E+000
  0.000000000000000E+000  0.000000000000000E+000  0.000000000000000E+000
  0.000000000000000E+000  0.000000000000000E+000  0.000000000000000E+000
  0.000000000000000E+000  0.000000000000000E+000  0.000000000000000E+000
  0.000000000000000E+000  0.000000000000000E+000  0.000000000000000E+000
  0.000000000000000E+000  0.000000000000000E+000  0.000000000000000E+000
  0.000000000000000E+000  0.000000000000000E+000  0.000000000000000E+000
  0.000000000000000E+000  0.000000000000000E+000  0.000000000000000E+000
  0.000000000000000E+000  0.000000000000000E+000  0.000000000000000E+000
  0.000000000000000E+000  0.000000000000000E+000  0.000000000000000E+000
  0.000000000000000E+000  0.000000000000000E+000  0.000000000000000E+000
  0.000000000000000E+000  0.000000000000000E+000  0.000000000000000E+000
  0.000000000000000E+000  0.000000000000000E+000  0.000000000000000E+000
  0.000000000000000E+000  0.000000000000000E+000  0.000000000000000E+000
  0.000000000000000E+000  0.000000000000000E+000  0.000000000000000E+000
  0.000000000000000E+000  0.000000000000000E+000  0.000000000000000E+000
  0.000000000000000E+000  0.000000000000000E+000  0.000000000000000E+000
  0.000000000000000E+000  0.000000000000000E+000  0.000000000000000E+000
  0.000000000000000E+000  0.000000000000000E+000  0.000000000000000E+000
  0.000000000000000E+000  0.000000000000000E+000  0.000000000000000E+000
  0.000000000000000E+000  0.000000000000000E+000  0.000000000000000E+000
  0.000000000000000E+000  0.000000000000000E+000  0.000000000000000E+000
  0.000000000000000E+000  0.000000000000000E+000  0.000000000000000E+000
  0.000000000000000E+000  0.000000000000000E+000  0.000000000000000E+000
  0.000000000000000E+000  0.000000000000000E+000  0.000000000000000E+000
  0.000000000000000E+000  0.000000000000000E+000  0.000000000000000E+000
  0.000000000000000E+000  0.000000000000000E+000  0.000000000000000E+000
  0.000000000000000E+000  0.000000000000000E+000  0.000000000000000E+000
  0.000000000000000E+000  0.000000000000000E+000  0.000000000000000E+000
