          80  8.000000000000007E-003  8.000000000000007E-003
  0.000000000000000E+000  0.000000000000000E+000  0.000000000000000E+000
  0.000000000000000E+000  0.000000000000000E+000  0.000000000000000E+000
  2.278603444774836E-002  5.617663875845297E-002 -5.875225497416984E-002
  1.964077948087672E-002  8.300472281238100E-002 -9.023376830889340E-002
  2.225782133477770E-002  0.101882200267814      -0.128686244392133     
  2.307988547789033E-002  0.136396590043616      -0.150864503005299     
  2.870694307989186E-002  0.132203672362771      -0.164790643222268     
  3.640028954441703E-002  0.105155054036138      -0.164908153704865     
  4.990018585586573E-002  8.649656052113948E-002 -0.164099965951626     
  7.280625390100921E-002  8.411013873873613E-002 -0.164909197823841     
  0.100089815875107       9.099966812876088E-002 -0.164803799603888     
  0.106583350891288       8.825444673982991E-002 -0.150877612727025     
  7.712961312112503E-002  7.028644029538299E-002 -0.128714262166229     
  6.205251510777627E-002  5.852508763551557E-002 -9.022939978772861E-002
  3.730246755161178E-002  4.785734081280898E-002 -5.879583985943616E-002
  0.000000000000000E+000  0.000000000000000E+000  0.000000000000000E+000
  0.000000000000000E+000  0.000000000000000E+000  0.000000000000000E+000
  0.000000000000000E+000  0.000000000000000E+000  0.000000000000000E+000
  0.000000000000000E+000  0.000000000000000E+000  0.000000000000000E+000
  2.000048184983294E-002  5.158332940107006E-002 -5.247425277195978E-002
  1.694177091185049E-002  8.514232978786553E-002 -8.894691365004510E-002
  1.778120173264361E-002  0.108196315509945      -0.124639644367120     
  2.049606695411348E-002  0.134719390312490      -0.149849724410374     
  2.753179739399998E-002  0.125314420938218      -0.162406735152489     
  3.647672905637553E-002  9.816985077923578E-002 -0.162553282804197     
  4.692435632254673E-002  8.133864303322805E-002 -0.160661016232461     
  6.671897132210468E-002  8.068597367984266E-002 -0.162564114046973     
  9.471175174750074E-002  8.653460068304950E-002 -0.162420943655506     
  0.106399012251370       8.516238499729886E-002 -0.149859274269391     
  8.481771525716159E-002  6.955249605884285E-002 -0.124655498330033     
  6.524595642456391E-002  5.725215811823626E-002 -8.893612818497371E-002
  3.471069735687937E-002  4.313721628745357E-002 -5.250735407630568E-002
  0.000000000000000E+000  0.000000000000000E+000  0.000000000000000E+000
  0.000000000000000E+000  0.000000000000000E+000  0.000000000000000E+000
  0.000000000000000E+000  0.000000000000000E+000  0.000000000000000E+000
  0.000000000000000E+000  0.000000000000000E+000  0.000000000000000E+000
  1.761840722357988E-002  4.182912550271082E-002 -4.297334582323038E-002
  1.071734206297941E-002  9.103734355760328E-002 -8.449901564809155E-002
  1.178476696586040E-002  0.119605167792858      -0.119670890876636     
  1.552335382805687E-002  0.132668672254911      -0.145913387688153     
  2.452247598390261E-002  0.114172586213807      -0.156979209175902     
  3.193276982774571E-002  8.544433598567856E-002 -0.156689866173986     
  4.021790168687961E-002  6.971540015631905E-002 -0.155438791078425     
  5.796472853098351E-002  7.039404347527403E-002 -0.156716458173542     
  8.656136209267008E-002  7.835494272405964E-002 -0.157000305230161     
  0.107079767173674       7.980576413798381E-002 -0.145911250120625     
  9.765742567094908E-002  7.004195354610614E-002 -0.119669500136294     
  7.344544846806689E-002  5.479354595209762E-002 -8.446695812585472E-002
  2.744022082594741E-002  3.618231960618705E-002 -4.299130865036192E-002
  0.000000000000000E+000  0.000000000000000E+000  0.000000000000000E+000
  0.000000000000000E+000  0.000000000000000E+000  0.000000000000000E+000
  0.000000000000000E+000  0.000000000000000E+000  0.000000000000000E+000
  0.000000000000000E+000  0.000000000000000E+000  0.000000000000000E+000
  1.811577698537664E-002  2.409835865111274E-002 -3.284817545857189E-002
  3.949037182940532E-003  9.569164071086611E-002 -7.701008073913895E-002
  5.174519895034654E-003  0.124426382439661      -0.113213774709050     
  9.298253754924391E-003  0.124285672518008      -0.138554759031174     
  1.721435643102048E-002  9.855145594401674E-002 -0.147174998679317     
  2.371863153315660E-002  6.765384863572853E-002 -0.146328209076683     
  2.974840413568296E-002  5.156407141224987E-002 -0.144577778418565     
  4.667738120969293E-002  5.440691533647801E-002 -0.146380207562876     
  7.669236298701058E-002  6.422029233148509E-002 -0.147212552796802     
  0.102911679754680       7.021150207577793E-002 -0.138542489612048     
  0.105088245984114       6.669872460075010E-002 -0.113181647056674     
  8.081087931770627E-002  5.123271620963904E-002 -7.694466398378522E-002
  1.181221605484477E-002  2.773338767344427E-002 -3.285356772516870E-002
  0.000000000000000E+000  0.000000000000000E+000  0.000000000000000E+000
  0.000000000000000E+000  0.000000000000000E+000  0.000000000000000E+000
  0.000000000000000E+000  0.000000000000000E+000  0.000000000000000E+000
  0.000000000000000E+000  0.000000000000000E+000  0.000000000000000E+000
  1.775730849652014E-002  2.647205342117871E-003 -2.284998897016275E-002
  7.139332957115275E-004  9.775813276226959E-002 -6.920631217832121E-002
  1.551534444941968E-003  0.118222623424859      -0.106280190354227     
  2.453211159243085E-003  0.111319515792866      -0.128394600716745     
  1.063039736621992E-002  8.375510337494797E-002 -0.136239589226933     
  1.546929444334112E-002  5.158746677481735E-002 -0.133336192110755     
  2.132515148185210E-002  3.696370923737220E-002 -0.131506005248468     
  3.695257717742531E-002  3.927764592324617E-002 -0.133442284831752     
  6.718142405343926E-002  5.113076179122651E-002 -0.136299446262403     
  9.509054159565936E-002  5.779708308906320E-002 -0.128376644310298     
  0.101499281073555       6.045004361895016E-002 -0.106224289455731     
  8.419380617231813E-002  4.945300360961793E-002 -6.911407111954762E-002
 -6.619557377660047E-003  1.667274775938461E-002 -2.283787768428432E-002
  0.000000000000000E+000  0.000000000000000E+000  0.000000000000000E+000
  0.000000000000000E+000  0.000000000000000E+000  0.000000000000000E+000
  0.000000000000000E+000  0.000000000000000E+000  0.000000000000000E+000
  0.000000000000000E+000  0.000000000000000E+000  0.000000000000000E+000
  1.349827872619093E-002 -1.069762380847145E-002 -1.548751761306384E-002
  4.118222917420358E-003  9.714539870848474E-002 -6.350356357719769E-002
 -3.611210924919326E-003  0.101550455417224      -9.514171787580626E-002
 -1.096863108595405E-003  9.945257963325656E-002 -0.117059473269039     
  3.406739143232933E-003  6.907322152418291E-002 -0.122590909106843     
  9.353982970663186E-003  4.100836398570602E-002 -0.119195817916638     
  1.495357401673365E-002  2.591444850513314E-002 -0.116389240523909     
  3.094466967805816E-002  2.875111857234911E-002 -0.119410143092706     
  5.810139945186880E-002  3.754403619651185E-002 -0.122680496399145     
  8.656698581266450E-002  4.880622283495150E-002 -0.117040499249492     
  8.964167349717085E-002  4.763287696283153E-002 -9.506829391732907E-002
  8.198186947685131E-002  5.211075109740518E-002 -6.341076763614827E-002
 -1.604884823727509E-002  6.305983970976675E-003 -1.547056528092296E-002
  0.000000000000000E+000  0.000000000000000E+000  0.000000000000000E+000
  0.000000000000000E+000  0.000000000000000E+000  0.000000000000000E+000
  0.000000000000000E+000  0.000000000000000E+000  0.000000000000000E+000
  0.000000000000000E+000  0.000000000000000E+000  0.000000000000000E+000
  1.503066687797127E-002 -6.861364303488909E-003 -1.285413709502456E-002
  3.215960485431405E-003  7.796698389661016E-002 -5.246587153461007E-002
 -3.835013833256112E-003  8.681699052494891E-002 -8.248491618533015E-002
 -5.148115456402272E-003  8.173167741612200E-002 -0.101738613358889     
 -1.631594740316724E-003  5.688443816479961E-002 -0.106767541492784     
  4.209366309558744E-003  3.252233777520512E-002 -0.104186721423195     
  1.104381518862657E-002  1.912862616819284E-002 -0.101340624669135     
  2.626033382298272E-002  2.007992879577664E-002 -0.104539680685615     
  5.008404889782547E-002  2.710055622861816E-002 -0.106891325075092     
  7.323195087690927E-002  3.643951996099711E-002 -0.101720899739426     
  7.702333427435520E-002  4.011007606975114E-002 -8.242031720691430E-002
  6.584721320742437E-002  4.170476207010579E-002 -5.237948469060134E-002
 -1.346581389676201E-002  9.596705095921110E-003 -1.282075360161410E-002
  0.000000000000000E+000  0.000000000000000E+000  0.000000000000000E+000
  0.000000000000000E+000  0.000000000000000E+000  0.000000000000000E+000
  0.000000000000000E+000  0.000000000000000E+000  0.000000000000000E+000
  0.000000000000000E+000  0.000000000000000E+000  0.000000000000000E+000
  9.398969986537596E-003 -9.342373150257025E-003 -7.301550124425895E-003
  7.290946189805901E-003  5.766035523496096E-002 -4.054402807371948E-002
 -3.991391332616821E-003  6.426188990163083E-002 -6.461193948927291E-002
 -6.203106984651419E-003  6.176710938042177E-002 -8.064528227477345E-002
 -4.733599130084530E-003  4.387384435414655E-002 -8.743147845681044E-002
  4.283646376306765E-004  2.554455521644031E-002 -8.692527402477233E-002
  8.327889387596217E-003  1.437949854088037E-002 -8.623695265724900E-002
  2.216169480331100E-002  1.331684906558646E-002 -8.741759473334243E-002
  4.036671268891196E-002  1.790672150832652E-002 -8.756905131160662E-002
  5.646728976399877E-002  2.555309162912903E-002 -8.063234801380215E-002
  5.761303505519461E-002  2.870392302915623E-002 -6.456842431442877E-002
  4.625161864731550E-002  3.509238910395930E-002 -4.048577630990135E-002
 -1.276454993701364E-002  3.482734388513238E-003 -7.250616685187703E-003
  0.000000000000000E+000  0.000000000000000E+000  0.000000000000000E+000
  0.000000000000000E+000  0.000000000000000E+000  0.000000000000000E+000
  0.000000000000000E+000  0.000000000000000E+000  0.000000000000000E+000
  0.000000000000000E+000  0.000000000000000E+000  0.000000000000000E+000
  4.974887072483995E-003 -8.564394259467797E-003 -4.508017416125587E-003
  8.302100879893432E-003  3.412246949804565E-002 -2.502536972669929E-002
 -2.002411998408339E-003  3.559959104473152E-002 -3.844091102478525E-002
 -4.585822138567354E-003  3.904624227247962E-002 -5.308565440819323E-002
 -5.555358435010314E-003  2.752656215677216E-002 -5.960024587737505E-002
 -2.138329291525396E-003  1.693112688727459E-002 -6.277254949254363E-002
  4.986379235574900E-003  8.549072732164780E-003 -6.423136632753600E-002
  1.595262999456219E-002  6.713867350911219E-003 -6.327157073052343E-002
  2.658782409206063E-002  9.006279610026516E-003 -5.968825157408189E-002
  3.602657660125445E-002  1.557453530564838E-002 -5.310933577912007E-002
  3.179958826747766E-002  1.611339244678072E-002 -3.837478206628604E-002
  2.539818811335788E-002  2.417093421596933E-002 -2.505748254498811E-002
 -9.870321532590577E-003  1.030592515063544E-004 -4.381022379987947E-003
  0.000000000000000E+000  0.000000000000000E+000  0.000000000000000E+000
  0.000000000000000E+000  0.000000000000000E+000  0.000000000000000E+000
  0.000000000000000E+000  0.000000000000000E+000  0.000000000000000E+000
  0.000000000000000E+000  0.000000000000000E+000  0.000000000000000E+000
  3.185244647292817E-004 -3.969213953937330E-003 -4.260996410351187E-003
  6.623380203190777E-003  7.162643069089071E-003 -5.686290822306409E-003
  2.008108155901776E-003  8.845126342672300E-003 -1.091598372085385E-002
  2.003265502751041E-003  1.306532492214612E-002 -1.792367943278579E-002
 -1.613282694124129E-003  1.032872652092543E-002 -2.153270702549542E-002
 -5.872545246727571E-004  7.317557557057549E-003 -2.631431353272690E-002
  2.028608935308731E-003  3.386123138681203E-003 -2.782127285921689E-002
  6.741799614396363E-003  3.232735860401507E-003 -2.661727392924863E-002
  9.716588685528230E-003  3.815262534038790E-003 -2.157363599788090E-002
  1.029008656902620E-002  8.249054691314810E-003 -1.789884968960712E-002
  6.667956813687882E-003  6.176027710511511E-003 -1.092797639335214E-002
  2.897565288712006E-003  9.281604143379451E-003 -5.666349733137979E-003
 -3.589272475223056E-003 -1.685564470692582E-003 -4.252946997940417E-003
  0.000000000000000E+000  0.000000000000000E+000  0.000000000000000E+000
  0.000000000000000E+000  0.000000000000000E+000  0.000000000000000E+000
  0.000000000000000E+000  0.000000000000000E+000  0.000000000000000E+000
  0.000000000000000E+000  0.000000000000000E+000  0.000000000000000E+000
  0.000000000000000E+000  0.000000000000000E+000  0.000000000000000E+000
  0.000000000000000E+000  0.000000000000000E+000  0.000000000000000E+000
  0.000000000000000E+000  0.000000000000000E+000  0.000000000000000E+000
  0.000000000000000E+000  0.000000000000000E+000  0.000000000000000E+000
  0.000000000000000E+000  0.000000000000000E+000  0.000000000000000E+000
  0.000000000000000E+000  0.000000000000000E+000  0.000000000000000E+000
  0.000000000000000E+000  0.000000000000000E+000  0.000000000000000E+000
  0.000000000000000E+000  0.000000000000000E+000  0.000000000000000E+000
  0.000000000000000E+000  0.000000000000000E+000  0.000000000000000E+000
  0.000000000000000E+000  0.000000000000000E+000  0.000000000000000E+000
  0.000000000000000E+000  0.000000000000000E+000  0.000000000000000E+000
  0.000000000000000E+000  0.000000000000000E+000  0.000000000000000E+000
  0.000000000000000E+000  0.000000000000000E+000  0.000000000000000E+000
  0.000000000000000E+000  0.000000000000000E+000  0.000000000000000E+000
  0.000000000000000E+000  0.000000000000000E+000  0.000000000000000E+000
  0.000000000000000E+000  0.000000000000000E+000  0.000000000000000E+000
  0.000000000000000E+000  0.000000000000000E+000  0.000000000000000E+000
  0.000000000000000E+000  0.000000000000000E+000  0.000000000000000E+000
  0.000000000000000E+000  0.000000000000000E+000  0.000000000000000E+000
  0.000000000000000E+000  0.000000000000000E+000  0.000000000000000E+000
  0.000000000000000E+000  0.000000000000000E+000  0.000000000000000E+000
  0.000000000000000E+000  0.000000000000000E+000  0.000000000000000E+000
  0.000000000000000E+000  0.000000000000000E+000  0.000000000000000E+000
  0.000000000000000E+000  0.000000000000000E+000  0.000000000000000E+000
  0.000000000000000E+000  0.000000000000000E+000  0.000000000000000E+000
  0.000000000000000E+000  0.000000000000000E+000  0.000000000000000E+000
  0.000000000000000E+000  0.000000000000000E+000  0.000000000000000E+000
  0.000000000000000E+000  0.000000000000000E+000  0.000000000000000E+000
  0.000000000000000E+000  0.000000000000000E+000  0.000000000000000E+000
  0.000000000000000E+000  0.000000000000000E+000  0.000000000000000E+000
  0.000000000000000E+000  0.000000000000000E+000  0.000000000000000E+000
  0.000000000000000E+000  0.000000000000000E+000  0.000000000000000E+000
  0.000000000000000E+000  0.000000000000000E+000  0.000000000000000E+000
  0.000000000000000E+000  0.000000000000000E+000  0.000000000000000E+000
  6.073682981162201E-002  0.262308960866221      -0.224354511274014     
  0.113893466899303      -7.448964066256189E-002 -0.573917034018208     
 -0.107405680507260      -9.412613198759552E-002  -1.18338814941915     
 -0.404454542557433       3.186031903070968E-002  -1.53137904991040     
 -0.740171342689169       -1.20683493772141       -1.35366843531712     
  -1.26129047785086       -2.38469017806067       -1.05047257115671     
  -1.31926814595338       -2.27420176394408       -1.16598271068158     
  -1.44126770803063       -2.27568047133549       -1.05459951086905     
 -0.670620547196334       -1.22734679980546       -1.35973262731889     
  0.230218724787304      -0.324962267753050       -1.53505592468467     
 -4.057381919186210E-002 -0.142837670728331       -1.19034554631548     
 -0.126395914333974       5.970052397882642E-002 -0.581583627750068     
  0.191810234329324       0.182713295338265      -0.231970502014288     
  0.000000000000000E+000  0.000000000000000E+000  0.000000000000000E+000
  0.000000000000000E+000  0.000000000000000E+000  0.000000000000000E+000
  0.000000000000000E+000  0.000000000000000E+000  0.000000000000000E+000
  0.000000000000000E+000  0.000000000000000E+000  0.000000000000000E+000
  5.153063306588952E-002  0.243937233859869      -0.198125225521465     
  5.895598217910044E-002  4.645681739391853E-002 -0.543229358496210     
 -0.210843718233822       7.487822335058348E-003  -1.10994587255685     
 -0.493585304957385       0.184443150236992       -1.55480832182205     
 -0.718462063688121      -0.960192977802157       -1.41899704333760     
  -1.09290425502687       -1.96081038040876       -1.12273529483650     
  -1.14541192608173       -1.97227589198074       -1.21117298709032     
  -1.16001266442556       -1.91888176702120       -1.12604884802488     
 -0.470085693762560       -1.08636307563115       -1.42430057448402     
  0.411520601149119      -0.321569638897370       -1.55932325121218     
  0.104355188001169      -0.177865283283842       -1.11663703850318     
  7.137303011362391E-003  7.345460419497259E-002 -0.551479623013399     
  0.181448526961973       0.165107985910194      -0.204964824160130     
  0.000000000000000E+000  0.000000000000000E+000  0.000000000000000E+000
  0.000000000000000E+000  0.000000000000000E+000  0.000000000000000E+000
  0.000000000000000E+000  0.000000000000000E+000  0.000000000000000E+000
  0.000000000000000E+000  0.000000000000000E+000  0.000000000000000E+000
  4.858438748154194E-002  0.213954798862180      -0.165863492661147     
 -4.823926910784360E-002  0.282119231162479      -0.490594698015750     
 -0.345686239337300       0.247029564538838       -1.02653529145563     
 -0.582341229058349       0.636824375930070       -1.59519811847962     
 -0.659262842615848      -0.369776229614409       -1.53437915249527     
 -0.824495324040632       -1.22381027304160       -1.25716238029573     
 -0.791533615788156       -1.35852423626450       -1.33189396781122     
 -0.658064477656312       -1.32076698808165       -1.25944195997860     
  8.683665381431008E-003 -0.742426596318120       -1.53865518683509     
  0.856710710130945      -0.166016804922263       -1.60172222762205     
  0.391428530908812      -0.166879308162319       -1.03321357903227     
  0.267325876594341       0.100010544273051      -0.499314101158172     
  0.158386435999109       0.147515237243399      -0.171895994508722     
  0.000000000000000E+000  0.000000000000000E+000  0.000000000000000E+000
  0.000000000000000E+000  0.000000000000000E+000  0.000000000000000E+000
  0.000000000000000E+000  0.000000000000000E+000  0.000000000000000E+000
  0.000000000000000E+000  0.000000000000000E+000  0.000000000000000E+000
  6.930508238114108E-002  0.129551217952867      -0.128162851782703     
 -0.189917916748670       0.523068956282419      -0.452108047297714     
 -0.469541043738667       0.621411226599910      -0.974875262199304     
 -0.652025454908701        1.35508031927781       -1.74618892277016     
 -0.557055256492033       0.549334493898245       -1.74729216157834     
 -0.429047978239539      -0.123098290475200       -1.56445321536292     
 -0.447054328076449      -0.767574085810612       -1.42531286130846     
  8.571875439778329E-002 -0.446296819108399       -1.55736184682852     
  0.742204669170998      -0.206550954485869       -1.74513783539044     
   1.50413082418316       0.125716081866745       -1.75045320811265     
  0.788503365844801      -8.156339964170607E-002 -0.983527394689566     
  0.552042160052230       0.100615612199034      -0.460800224175994     
  7.581342916644628E-002  0.123823581790167      -0.134083552430831     
  0.000000000000000E+000  0.000000000000000E+000  0.000000000000000E+000
  0.000000000000000E+000  0.000000000000000E+000  0.000000000000000E+000
  0.000000000000000E+000  0.000000000000000E+000  0.000000000000000E+000
  0.000000000000000E+000  0.000000000000000E+000  0.000000000000000E+000
  9.473515085119043E-002 -6.201584166038102E-006 -7.275869596694898E-002
 -0.268261766788444       0.593548833339042      -0.396753006017195     
 -0.511315950287745       0.763484358994944      -0.916918923007398     
 -0.728441996538060        1.75974442198903       -1.86002430242286     
 -0.497350104246493       0.904476414528525       -1.79695069914931     
 -0.260913471219683       0.333834223767006       -1.69722654339093     
 -9.638998126554782E-002 -0.166892082364234       -1.49069295583227     
  0.404657974176055      -7.297557571802851E-002  -1.68968268986463     
   1.02232675021578       1.876563440405076E-002  -1.79468279716828     
   1.87735571241677       0.251817031537108       -1.85647863905880     
  0.929889086083597      -4.823864029506306E-002 -0.925798993226453     
  0.657848420870808       7.048460966586563E-002 -0.405295307017909     
 -4.926992173748355E-002  8.188288782212562E-002 -7.856690859282210E-002
  0.000000000000000E+000  0.000000000000000E+000  0.000000000000000E+000
  0.000000000000000E+000  0.000000000000000E+000  0.000000000000000E+000
  0.000000000000000E+000  0.000000000000000E+000  0.000000000000000E+000
  0.000000000000000E+000  0.000000000000000E+000  0.000000000000000E+000
  5.880714860932176E-002 -5.315663789710084E-002 -3.731409366157376E-002
 -0.227318501323366       0.498934197797966      -0.328950811363404     
 -0.522598832122578       0.724995561019562      -0.775754799619292     
 -0.711431817579016        1.46596167196070       -1.64850107255016     
 -0.465953984726892       0.345719379190094       -1.20673711828704     
 -0.206516467797539       0.583523712806469       -1.60466814364261     
  0.444033922887265       0.764778774435051       -2.13517781166573     
  0.609966941256567       0.106719564750946       -1.61156299186258     
  0.537079243709306      -0.231360083077238       -1.21567180230570     
   1.61573412053772       0.117964246601676       -1.64445979536897     
  0.898298911189569      -8.071308957878846E-002 -0.783294029458536     
  0.558910148681620       6.011748288829340E-002 -0.337632590230346     
 -7.748669225522263E-002  2.495064630365904E-002 -4.227911313065944E-002
  0.000000000000000E+000  0.000000000000000E+000  0.000000000000000E+000
  0.000000000000000E+000  0.000000000000000E+000  0.000000000000000E+000
  0.000000000000000E+000  0.000000000000000E+000  0.000000000000000E+000
  0.000000000000000E+000  0.000000000000000E+000  0.000000000000000E+000
  5.778573934159684E-002 -2.779118317815428E-002 -3.726291301255349E-002
 -0.184674271576288       0.295749845289976      -0.213232832430554     
 -0.412300840456331       0.450290825967255      -0.523862731993552     
 -0.540979374802377       0.611990108424955      -0.964229928994070     
 -0.374364321889472       3.348911246191949E-002 -0.567265344232406     
 -0.177781971010569       0.641927220302201       -1.31402629327498     
  0.457492195652584       0.785504806848723       -1.97346348654281     
  0.653784617779254       0.165584124598041       -1.33454447250359     
  0.225400401471283      -0.310035691793101      -0.581788582890701     
  0.801851832784530      -0.161004351965662      -0.966715010493496     
  0.600163640549532      -0.126676916496757      -0.528354677230133     
  0.362470885010888      -4.806645944526437E-003 -0.221577783977786     
 -5.570129426392197E-002  3.714375045702512E-002 -4.105052462317894E-002
  0.000000000000000E+000  0.000000000000000E+000  0.000000000000000E+000
  0.000000000000000E+000  0.000000000000000E+000  0.000000000000000E+000
  0.000000000000000E+000  0.000000000000000E+000  0.000000000000000E+000
  0.000000000000000E+000  0.000000000000000E+000  0.000000000000000E+000
  1.831963544006009E-002 -2.138062224924956E-002 -1.033271044201701E-002
 -0.108591415536961       0.122582287207530      -0.119804003915370     
 -0.185301265573503      -6.315917090805603E-002 -0.108133046710401     
 -0.353211070127138       0.148316178424535      -0.375596291448667     
 -0.386994568903253       0.373998302823538      -0.750626721620738     
 -0.107484548159809      -0.109066718642201       1.484410592224937E-002
 -0.130147281746932      -0.222072760691838       0.749029678505654     
 -2.980212949144117E-002 -0.146426398781789      -1.549939059242923E-002
  0.516211634761569      -0.154592217212393      -0.752812815092077     
  0.312439541774754      -0.231592435915287      -0.382474352168496     
  3.539045479503081E-002 -0.191485206647664      -0.106026946249200     
  0.170514396845763      -2.673057259693561E-002 -0.126902954240734     
 -2.992194687164795E-002  5.710767778120184E-003 -1.214716731215697E-002
  0.000000000000000E+000  0.000000000000000E+000  0.000000000000000E+000
  0.000000000000000E+000  0.000000000000000E+000  0.000000000000000E+000
  0.000000000000000E+000  0.000000000000000E+000  0.000000000000000E+000
  0.000000000000000E+000  0.000000000000000E+000  0.000000000000000E+000
  6.671245970007053E-004  3.764312449946754E-004 -5.173283106831136E-003
 -6.326573007242932E-002 -9.834530390389050E-003 -3.929128378451253E-002
  2.314472230465026E-002 -0.345413399966129       0.238756090232474     
 -0.251605930009901       0.169731568839970      -0.276122400098040     
 -0.283977274811639       0.248960671484576      -0.671744914077062     
  6.596754103221449E-002 -0.496908575067149        1.42700322350128     
 -0.122360485246110      -0.203227968015000        1.77682638069924     
 -0.462694122710541      -0.191714211514763        1.42404231647295     
  0.343049004521429      -0.124948403355691      -0.654648358866835     
  0.277980635680404      -0.133986265587116      -0.281721944564045     
 -0.316020658376289      -0.154222034538573       0.245531417060413     
  2.771808806248312E-002 -5.604472784827976E-002 -4.342593740403764E-002
 -1.738437046360066E-003  9.152934275286759E-004 -5.944409522004368E-003
  0.000000000000000E+000  0.000000000000000E+000  0.000000000000000E+000
  0.000000000000000E+000  0.000000000000000E+000  0.000000000000000E+000
  0.000000000000000E+000  0.000000000000000E+000  0.000000000000000E+000
  0.000000000000000E+000  0.000000000000000E+000  0.000000000000000E+000
 -1.370725924878382E-003  4.136333362521193E-003 -8.366241952424970E-003
 -4.207840664200999E-002 -9.889848286256196E-003 -1.122702141771934E-002
 -2.791117457270132E-002 -0.169281304886777       0.118966331861335     
 -7.067227382616907E-002  7.540367235205817E-002 -0.144159745573801     
 -0.105596625389059      -3.830451290923403E-002 -3.776428485630168E-002
  1.392456739031861E-003 -0.161449397022116       0.966410544201473     
 -4.508799756250664E-002 -7.452926509090119E-002  0.125657180748983     
 -0.146161052700536      -7.862104748767677E-002  0.981045550980499     
  1.333324102149640E-002 -0.111641248840118      -2.636922224273801E-002
  0.100682904838220      -2.447119022482526E-002 -0.145280278416054     
 -0.133080995836536      -0.110430501106558       0.122210136596865     
  1.246440617275135E-002 -4.021292178758552E-002 -1.089326059705857E-002
  3.904675449265272E-003  5.212055776367039E-004 -9.586267030547118E-003
  0.000000000000000E+000  0.000000000000000E+000  0.000000000000000E+000
  0.000000000000000E+000  0.000000000000000E+000  0.000000000000000E+000
  0.000000000000000E+000  0.000000000000000E+000  0.000000000000000E+000
  0.000000000000000E+000  0.000000000000000E+000  0.000000000000000E+000
  0.000000000000000E+000  0.000000000000000E+000  0.000000000000000E+000
  0.000000000000000E+000  0.000000000000000E+000  0.000000000000000E+000
  0.000000000000000E+000  0.000000000000000E+000  0.000000000000000E+000
  0.000000000000000E+000  0.000000000000000E+000  0.000000000000000E+000
  0.000000000000000E+000  0.000000000000000E+000  0.000000000000000E+000
  0.000000000000000E+000  0.000000000000000E+000  0.000000000000000E+000
  0.000000000000000E+000  0.000000000000000E+000  0.000000000000000E+000
  0.000000000000000E+000  0.000000000000000E+000  0.000000000000000E+000
  0.000000000000000E+000  0.000000000000000E+000  0.000000000000000E+000
  0.000000000000000E+000  0.000000000000000E+000  0.000000000000000E+000
  0.000000000000000E+000  0.000000000000000E+000  0.000000000000000E+000
  0.000000000000000E+000  0.000000000000000E+000  0.000000000000000E+000
  0.000000000000000E+000  0.000000000000000E+000  0.000000000000000E+000
  0.000000000000000E+000  0.000000000000000E+000  0.000000000000000E+000
  0.000000000000000E+000  0.000000000000000E+000  0.000000000000000E+000
  0.000000000000000E+000  0.000000000000000E+000  0.000000000000000E+000
  0.000000000000000E+000  0.000000000000000E+000  0.000000000000000E+000
  0.000000000000000E+000  0.000000000000000E+000  0.000000000000000E+000
  0.000000000000000E+000  0.000000000000000E+000  0.000000000000000E+000
  0.000000000000000E+000  0.000000000000000E+000  0.000000000000000E+000
  0.000000000000000E+000  0.000000000000000E+000  0.000000000000000E+000
  0.000000000000000E+000  0.000000000000000E+000  0.000000000000000E+000
  0.000000000000000E+000  0.000000000000000E+000  0.000000000000000E+000
  0.000000000000000E+000  0.000000000000000E+000  0.000000000000000E+000
  0.000000000000000E+000  0.000000000000000E+000  0.000000000000000E+000
  0.000000000000000E+000  0.000000000000000E+000  0.000000000000000E+000
  0.000000000000000E+000  0.000000000000000E+000  0.000000000000000E+000
  0.000000000000000E+000  0.000000000000000E+000  0.000000000000000E+000
  0.000000000000000E+000  0.000000000000000E+000  0.000000000000000E+000
  0.000000000000000E+000  0.000000000000000E+000  0.000000000000000E+000
  0.000000000000000E+000  0.000000000000000E+000  0.000000000000000E+000
  0.000000000000000E+000  0.000000000000000E+000  0.000000000000000E+000
  0.000000000000000E+000  0.000000000000000E+000  0.000000000000000E+000
  0.000000000000000E+000  0.000000000000000E+000  0.000000000000000E+000
   518.024040348362        4850.50885929193       -5965.45571657626     
   2495.84883525290       -944.645514755711       -7272.36232144098     
   4200.90581991967        1510.81471440839       -11750.6084579596     
   2367.41527174000       -844.309930697242       -14852.7984421924     
   215.512597981949       -3560.32513364520       -13169.6761298350     
  -5252.64441481442       -16269.6572497543       -5664.95857654348     
  -8904.04040296728       -15391.4047266606       -4976.44557740088     
  -11716.7391140172       -12871.3969983738       -5580.89308595203     
  -3118.93456351127       -1450.90777696946       -13172.2394406353     
  -1795.84212752698        1701.71769016124       -14951.2483805664     
  -1048.15720146730        4304.92549277060       -11917.3642343386     
  -2053.16927775991        1778.82923023755       -7353.88600668991     
   3681.97459604023        2792.03413456556       -5944.07041179033     
  0.000000000000000E+000  0.000000000000000E+000  0.000000000000000E+000
  0.000000000000000E+000  0.000000000000000E+000  0.000000000000000E+000
  0.000000000000000E+000  0.000000000000000E+000  0.000000000000000E+000
  0.000000000000000E+000  0.000000000000000E+000  0.000000000000000E+000
   240.675357894976        4323.20698049640       -5307.96683569434     
   2649.51300925909       -678.743616533214       -7124.01964900753     
   3590.87700267005       -5.66801785738036       -11026.2110675451     
   1807.52593047111       -1366.05526417859       -14903.7767986039     
   188.424545269994       -4614.81058527046       -13378.6783091774     
  -2829.25895564139       -10731.6111647240       -6880.76763552711     
  -3021.78669972939       -5207.88413935938       -6497.07744120708     
  -8089.41757778530       -7971.34891269610       -6802.24082975625     
  -4125.16344514106       -2070.44548132729       -13356.7524776332     
  -1922.00817975190        1027.63098825169       -15027.3415770979     
  -1939.72923286066        3060.80044920595       -11189.9743245708     
  -1965.63537613170        2005.41740176648       -7189.15232921800     
   3392.70255892437        2301.41975187355       -5285.96418813198     
  0.000000000000000E+000  0.000000000000000E+000  0.000000000000000E+000
  0.000000000000000E+000  0.000000000000000E+000  0.000000000000000E+000
  0.000000000000000E+000  0.000000000000000E+000  0.000000000000000E+000
  0.000000000000000E+000  0.000000000000000E+000  0.000000000000000E+000
   182.594825024735        3521.87112929216       -4466.80964588021     
   2435.12782952146       -389.060235578223       -6347.68993404481     
   2672.37093514384       -3454.99611502201       -10094.1781305372     
   770.296728118213       -2873.33869017951       -14385.0226074153     
   442.261166820224       -4921.90823032305       -13781.1240557482     
   2786.93612684296        1956.68063015602       -10411.3076834541     
   9758.39070262428        16890.3944375693       -13471.4401314513     
   153.374525505569        3259.52069162201       -10340.7054532957     
  -4710.67266546273       -2161.49172463527       -13715.2330179169     
  -2610.70368419953       -534.445357589529       -14539.2080894498     
  -4221.16914019631        649.944277314608       -10253.3810415430     
  -1735.60688764461        1888.34104126461       -6381.21569142308     
   2780.68758170834        1876.65631978564       -4444.04398951100     
  0.000000000000000E+000  0.000000000000000E+000  0.000000000000000E+000
  0.000000000000000E+000  0.000000000000000E+000  0.000000000000000E+000
  0.000000000000000E+000  0.000000000000000E+000  0.000000000000000E+000
  0.000000000000000E+000  0.000000000000000E+000  0.000000000000000E+000
   370.560845786058        2270.39452627336       -3327.35452385771     
   1845.29109509481       -2176.32971438560       -4915.68875285085     
   1426.74283816760       -6736.15960661428       -7789.26259205568     
  -490.291253676622        1394.64182248360       -14093.2497175872     
   629.939352805474       -3835.89529796398       -12669.6476458455     
   4911.51611169446        8508.06119851765       -13470.3476037655     
   5778.58904033166        9916.70249759553       -15367.4397422307     
   5101.67621024972        8611.67701189315       -13581.4619756322     
  -3927.58353451525       -1559.39908679484       -12526.1671281915     
   1556.07247846663        387.133220133973       -14200.1246612126     
  -6315.64714187172       -2042.29898684331       -7940.66616239952     
  -2983.55931567471        474.586304114541       -4918.08694595523     
   1678.97282731513        1431.69877258749       -3313.06925998198     
  0.000000000000000E+000  0.000000000000000E+000  0.000000000000000E+000
  0.000000000000000E+000  0.000000000000000E+000  0.000000000000000E+000
  0.000000000000000E+000  0.000000000000000E+000  0.000000000000000E+000
  0.000000000000000E+000  0.000000000000000E+000  0.000000000000000E+000
   272.726915525975        650.346234587399       -1915.97663590814     
   1328.47891114334       -4744.50541624128       -3093.09702565205     
  -394.871344400938       -2650.35958376311       -6385.36977642562     
  -2904.13154749408        15959.9438155398       -18765.5884460314     
   595.203829492080        1402.39100393773       -12449.7110402651     
   1515.09755104734        467.184641502702       -10209.1580939106     
  -4871.77193542458       -8530.34591838027       -1478.64312650788     
  -50.3696051824307        1694.16558328120       -10485.1829753857     
   983.193598812642        1196.91869487718       -12462.7420070987     
   15148.6832644811        5416.57197153525       -18723.6487376160     
  -2072.92104184086       -1664.88041576730       -6458.58982006532     
  -4833.54605445671       -1231.05457687425       -3100.13854421734     
   392.589318219588        556.020235357683       -1916.27765898418     
  0.000000000000000E+000  0.000000000000000E+000  0.000000000000000E+000
  0.000000000000000E+000  0.000000000000000E+000  0.000000000000000E+000
  0.000000000000000E+000  0.000000000000000E+000  0.000000000000000E+000
  0.000000000000000E+000  0.000000000000000E+000  0.000000000000000E+000
  -296.425416878985       -351.443835214665       -1234.19802742902     
   1173.28855712619       -5907.05883887485       -1455.10488749849     
  -1873.35171458298        713.992201389621       -5411.40873089056     
  -4647.69728250231        19853.7504851863       -20804.8985866773     
  -530.453452766012       -246.952432517268       -9153.76377926743     
  -1771.29149703540       -774.224326410730       -8267.79368593926     
   6276.94107172793        10781.1882863026       -17926.4414979496     
   120.232317328725       -2098.79267079786       -8151.34595363706     
   74.9970469367203       -627.375008546889       -9196.48764970314     
   19591.1935905279        5918.02939720187       -20851.3251353722     
   1411.62574984622       -1314.60513000354       -5380.67310678631     
  -5682.84586143213       -1944.84349782580       -1482.13951283543     
  -164.679434579068       -414.874679224079       -1227.45858098431     
  0.000000000000000E+000  0.000000000000000E+000  0.000000000000000E+000
  0.000000000000000E+000  0.000000000000000E+000  0.000000000000000E+000
  0.000000000000000E+000  0.000000000000000E+000  0.000000000000000E+000
  0.000000000000000E+000  0.000000000000000E+000  0.000000000000000E+000
  -321.841669778548        117.762907546458       -929.826036787556     
   653.401881667709       -6664.58884098497       -95.4601389950787     
  -1199.25133037622        655.690730476708       -3730.34559378302     
  -2793.75868116818        8364.34453193886       -11819.4269847570     
  -2153.63049424604       -1602.86008151349       -6617.16458948206     
  -2521.24999768275       -832.713480578858       -3622.66349668709     
   10606.7769140875        18345.6217008959       -35687.1700744384     
   496.082812347471       -2629.97865644048       -3654.69560528140     
  -546.877391091344       -2788.08025713720       -6429.00054528226     
   8915.91309911727        1832.64928005713       -12064.0156835066     
   1030.24289812955       -765.912034377959       -3660.75753330156     
  -6046.35984398411       -2766.47138824978       -137.150266531409     
   257.987966199727       -208.375837181343       -914.845327514437     
  0.000000000000000E+000  0.000000000000000E+000  0.000000000000000E+000
  0.000000000000000E+000  0.000000000000000E+000  0.000000000000000E+000
  0.000000000000000E+000  0.000000000000000E+000  0.000000000000000E+000
  0.000000000000000E+000  0.000000000000000E+000  0.000000000000000E+000
  -563.539866608198        262.817646664108       -879.199716099912     
   480.035958670798       -5744.95855728128        941.358450812411     
  -1553.11422290655        3245.63897689116       -4841.52742197877     
  -553.079328589139        506.935589473419       -2805.90759924584     
  -3679.93223189850       -560.004303841082       -7888.42777790175     
   822.867392312130       -1.04603771884322       -2573.32815821179     
  -74.6719276778824       0.621675518867677        1148.41880708084     
  -217.859948955143        871.367463331770       -3275.42653195964     
   1158.92182150157       -3504.00992960286       -7655.77471574467     
   870.104327127693       -216.658349882092       -2974.68032091918     
   3395.86933262824        232.505731302836       -4711.72218143640     
  -5158.58658897660       -2465.26917847331        892.889019385524     
   500.281386705397       -344.854746018843       -856.965714533276     
  0.000000000000000E+000  0.000000000000000E+000  0.000000000000000E+000
  0.000000000000000E+000  0.000000000000000E+000  0.000000000000000E+000
  0.000000000000000E+000  0.000000000000000E+000  0.000000000000000E+000
  0.000000000000000E+000  0.000000000000000E+000  0.000000000000000E+000
  -264.029878669635        227.224679855227       -540.012335066430     
  -24.3597235729439       -3233.12641898311        835.864033895345     
  -2330.62989963429        5942.11455339956       -6969.44132453158     
   1196.80200429941       -3934.20487542273        3017.85471544525     
  -2429.25466110953       -1228.04522153401       -3108.16050095949     
   464.179433903557        3377.81184269616       -15474.5585188729     
  -550.551700369862       -804.153053270084        13425.7685357380     
   2741.44955910115        2097.84957015706       -15782.8008542817     
  -23.2324226938145       -2672.13803809471       -2866.45000111413     
  -3919.95795814945       -941.317937201239        2940.11222432781     
   6072.98717310919        915.087717544843       -6775.54108136066     
  -2758.14805398373       -1644.37641062232        804.505119456456     
   321.469146909120       -115.834006292966       -526.758868724948     
  0.000000000000000E+000  0.000000000000000E+000  0.000000000000000E+000
  0.000000000000000E+000  0.000000000000000E+000  0.000000000000000E+000
  0.000000000000000E+000  0.000000000000000E+000  0.000000000000000E+000
  0.000000000000000E+000  0.000000000000000E+000  0.000000000000000E+000
  -79.1678922418177       -102.248627725913       -382.937006843496     
  -232.776656713658       -616.127384506882       -62.9465812347340     
  -178.138342612569        2047.74411591787       -2744.89839661371     
   117.960347387869       -3093.47325141341        3320.45996486973     
   1301.58441104478       -866.392088992226       -418.411634572616     
  -728.959203421412        1719.39131781206       -16615.3011919542     
   501.241938336858        894.002507674678       -2906.42203236954     
   1809.68435923460        231.675921291216       -16542.8060511235     
  -1483.10907172248        713.347076903578       -241.769929024173     
  -2691.30728185725       -1439.02506232882        3248.75083809257     
   1793.73110339498        835.719063293550       -2681.23037964007     
  -410.362779899053       -514.681033083069       -68.7784943258578     
  -49.8841070130348       -120.222765455570       -387.382683396312     
  0.000000000000000E+000  0.000000000000000E+000  0.000000000000000E+000
  0.000000000000000E+000  0.000000000000000E+000  0.000000000000000E+000
  0.000000000000000E+000  0.000000000000000E+000  0.000000000000000E+000
  0.000000000000000E+000  0.000000000000000E+000  0.000000000000000E+000
  0.000000000000000E+000  0.000000000000000E+000  0.000000000000000E+000
  0.000000000000000E+000  0.000000000000000E+000  0.000000000000000E+000
  0.000000000000000E+000  0.000000000000000E+000  0.000000000000000E+000
  0.000000000000000E+000  0.000000000000000E+000  0.000000000000000E+000
  0.000000000000000E+000  0.000000000000000E+000  0.000000000000000E+000
  0.000000000000000E+000  0.000000000000000E+000  0.000000000000000E+000
  0.000000000000000E+000  0.000000000000000E+000  0.000000000000000E+000
  0.000000000000000E+000  0.000000000000000E+000  0.000000000000000E+000
  0.000000000000000E+000  0.000000000000000E+000  0.000000000000000E+000
  0.000000000000000E+000  0.000000000000000E+000  0.000000000000000E+000
  0.000000000000000E+000  0.000000000000000E+000  0.000000000000000E+000
  0.000000000000000E+000  0.000000000000000E+000  0.000000000000000E+000
  0.000000000000000E+000  0.000000000000000E+000  0.000000000000000E+000
  0.000000000000000E+000  0.000000000000000E+000  0.000000000000000E+000
  0.000000000000000E+000  0.000000000000000E+000  0.000000000000000E+000
  0.000000000000000E+000  0.000000000000000E+000  0.000000000000000E+000
  0.000000000000000E+000  0.000000000000000E+000  0.000000000000000E+000
  0.000000000000000E+000  0.000000000000000E+000  0.000000000000000E+000
  0.000000000000000E+000  0.000000000000000E+000  0.000000000000000E+000
  0.000000000000000E+000  0.000000000000000E+000  0.000000000000000E+000
  0.000000000000000E+000  0.000000000000000E+000  0.000000000000000E+000
  0.000000000000000E+000  0.000000000000000E+000  0.000000000000000E+000
  0.000000000000000E+000  0.000000000000000E+000  0.000000000000000E+000
  0.000000000000000E+000  0.000000000000000E+000  0.000000000000000E+000
  0.000000000000000E+000  0.000000000000000E+000  0.000000000000000E+000
  0.000000000000000E+000  0.000000000000000E+000  0.000000000000000E+000
  0.000000000000000E+000  0.000000000000000E+000  0.000000000000000E+000
  0.000000000000000E+000  0.000000000000000E+000  0.000000000000000E+000
  0.000000000000000E+000  0.000000000000000E+000  0.000000000000000E+000
  0.000000000000000E+000  0.000000000000000E+000  0.000000000000000E+000
  0.000000000000000E+000  0.000000000000000E+000  0.000000000000000E+000
  0.000000000000000E+000  0.000000000000000E+000  0.000000000000000E+000
