         140  1.399999999999997E-002  1.399999999999997E-002
  0.000000000000000E+000  0.000000000000000E+000  0.000000000000000E+000
  0.000000000000000E+000  0.000000000000000E+000  0.000000000000000E+000
  3.192972036392504E-002  3.314554380252582E-002 -7.922575043007651E-002
  2.673740395967393E-002  1.755170488773782E-002 -0.113052830039469     
  3.119248799453016E-002  1.985526225940688E-002 -0.157383525945284     
  2.775946016564845E-002  2.573771697387546E-002 -0.177567526404368     
  2.976275526731547E-002  2.131650853613373E-002 -0.195514469772502     
  3.048812525709011E-002  5.535679619902472E-002 -0.208110777772052     
  5.130836699174136E-002  8.892753544994557E-002 -0.218891645577300     
  3.272718000609529E-002  5.414445740613584E-002 -0.208126467443242     
  3.623188383128793E-003  3.650173193008003E-002 -0.195532716010809     
  8.468574149463084E-003  3.698299290255808E-002 -0.177585775804452     
  1.631142140950988E-003  3.699232556565499E-002 -0.157428419057047     
  1.832017963478737E-003  3.193116809535042E-002 -0.113059381764750     
  1.272361593779281E-002  4.422652608728837E-002 -7.930056350392435E-002
  0.000000000000000E+000  0.000000000000000E+000  0.000000000000000E+000
  0.000000000000000E+000  0.000000000000000E+000  0.000000000000000E+000
  0.000000000000000E+000  0.000000000000000E+000  0.000000000000000E+000
  0.000000000000000E+000  0.000000000000000E+000  0.000000000000000E+000
  2.295201568747111E-002  3.841723698997634E-002 -7.001088650464272E-002
  2.297118397222460E-002  2.535909566927705E-002 -0.112111483423177     
  2.309607928628137E-002  2.646183773528144E-002 -0.151547103379289     
  2.378129657124526E-002  2.999062003208940E-002 -0.177017672126375     
  2.497852459318659E-002  2.642168394592960E-002 -0.193557165181489     
  2.798085866275144E-002  5.529187997563082E-002 -0.207210370466790     
  4.688474253478853E-002  8.125929988332034E-002 -0.217989193990371     
  3.389440225319181E-002  5.192649961372673E-002 -0.207229502233650     
  1.040445454597003E-002  3.489203965212049E-002 -0.193576515463452     
  1.410941928243232E-002  3.565062264992214E-002 -0.177037686951744     
  1.137390530047386E-002  3.326065594095684E-002 -0.151577626032597     
  1.045810572233489E-002  3.256898773211275E-002 -0.112115468039665     
  2.178664105671779E-002  3.907580512760653E-002 -7.006718430851738E-002
  0.000000000000000E+000  0.000000000000000E+000  0.000000000000000E+000
  0.000000000000000E+000  0.000000000000000E+000  0.000000000000000E+000
  0.000000000000000E+000  0.000000000000000E+000  0.000000000000000E+000
  0.000000000000000E+000  0.000000000000000E+000  0.000000000000000E+000
  1.421999960975235E-002  4.927729730392426E-002 -5.817261130453009E-002
  1.235812990342239E-002  4.133510455504776E-002 -0.105348290784391     
  1.265434363021204E-002  3.986037794817050E-002 -0.145003623412401     
  1.388512732619419E-002  3.728380953118933E-002 -0.172593918538896     
  1.766544926596733E-002  3.025434993019918E-002 -0.190744155754250     
  2.480093536036617E-002  6.428279920925709E-002 -0.203619887493023     
  3.942467585934589E-002  6.833001567966428E-002 -0.216308106071551     
  4.319380884829685E-002  5.361169425997571E-002 -0.203640323785334     
  1.731729294685573E-002  3.045778360638919E-002 -0.190772462557213     
  2.532268295776949E-002  3.068528440102310E-002 -0.172602825848867     
  2.814113245634652E-002  3.090019630540596E-002 -0.145023021267652     
  2.957779368258987E-002  3.133240726728266E-002 -0.105322739179493     
  3.556166117920489E-002  3.694508699474246E-002 -5.820810560806632E-002
  0.000000000000000E+000  0.000000000000000E+000  0.000000000000000E+000
  0.000000000000000E+000  0.000000000000000E+000  0.000000000000000E+000
  0.000000000000000E+000  0.000000000000000E+000  0.000000000000000E+000
  0.000000000000000E+000  0.000000000000000E+000  0.000000000000000E+000
  9.242081967750568E-003  5.344285067925882E-002 -4.831429290417930E-002
  1.023410508024630E-003  7.304005937252178E-002 -9.629873142542107E-002
  7.297228984001865E-004  6.635688259994335E-002 -0.137709212714816     
  2.773702610055004E-003  6.895528561203747E-002 -0.166899232859282     
  9.257211131393300E-003  7.517754882687705E-002 -0.187226824294161     
  2.106470512935526E-002  6.745015712414547E-002 -0.202363758901254     
  2.889131205702574E-002  5.007422553538426E-002 -0.204109245580272     
  4.779354922767751E-002  5.197640991881729E-002 -0.202394622712509     
  6.036251206690993E-002  4.559315935572193E-002 -0.187261126971412     
  5.827206966042901E-002  3.690685305899273E-002 -0.166904176463331     
  5.701945934809899E-002  3.378871266364568E-002 -0.137693942264189     
  6.265450143801841E-002  3.737624646852878E-002 -9.624747083627329E-002
  4.168450231981501E-002  3.470345204594925E-002 -4.832448108403231E-002
  0.000000000000000E+000  0.000000000000000E+000  0.000000000000000E+000
  0.000000000000000E+000  0.000000000000000E+000  0.000000000000000E+000
  0.000000000000000E+000  0.000000000000000E+000  0.000000000000000E+000
  0.000000000000000E+000  0.000000000000000E+000  0.000000000000000E+000
  1.174800347468871E-002  3.611715638065036E-002 -3.997313061660226E-002
 -1.074902223792997E-002  9.855668452663187E-002 -9.084373250626167E-002
 -1.017892094552338E-002  0.109036828444645      -0.132816636889459     
 -8.862255699914915E-003  0.112679793478022      -0.168202996081567     
  1.925700314261716E-003  8.825107251357624E-002 -0.187975589069594     
  1.261011333825953E-002  5.434047920039541E-002 -0.190805926584725     
  2.073134823322448E-002  3.593763638285558E-002 -0.189673864086845     
  4.074533215735552E-002  3.816243877854256E-002 -0.190904941574452     
  7.536883836905130E-002  4.581938677136021E-002 -0.188029198753053     
  0.101870903198040       4.864807729045820E-002 -0.168190197876096     
  9.941824868919660E-002  4.572346328157997E-002 -0.132788333878325     
  9.061703031672351E-002  3.990578718211223E-002 -9.074695889167729E-002
  2.543886332163262E-002  2.825232748399332E-002 -3.999669108734368E-002
  0.000000000000000E+000  0.000000000000000E+000  0.000000000000000E+000
  0.000000000000000E+000  0.000000000000000E+000  0.000000000000000E+000
  0.000000000000000E+000  0.000000000000000E+000  0.000000000000000E+000
  0.000000000000000E+000  0.000000000000000E+000  0.000000000000000E+000
  1.691226247376564E-002  5.197430936831000E-003 -2.820937206303835E-002
 -1.722738177722433E-002  0.109115730887180      -8.370219325690922E-002
 -1.739257767836919E-002  0.122314072471907      -0.131121691872256     
 -1.837036210055400E-002  0.110323757501194      -0.162607004850025     
 -5.865099835963628E-003  7.989378129647697E-002 -0.176067932368739     
  4.403335533608817E-003  4.320255587408164E-002 -0.174149799040690     
  1.400377690747702E-002  2.427166693934255E-002 -0.171216613993742     
  3.534514324236989E-002  2.558155229766564E-002 -0.174415953760565     
  7.207757401804916E-002  3.490797385640553E-002 -0.176179849594565     
  0.104563572600747       3.929688130046979E-002 -0.162585891899023     
  0.114417846667009       4.603284279217394E-002 -0.131028812162945     
  0.103019574573080       3.966573790372196E-002 -8.362790043082215E-002
 -3.860256861359535E-003  1.719764608693421E-002 -2.822706588619158E-002
  0.000000000000000E+000  0.000000000000000E+000  0.000000000000000E+000
  0.000000000000000E+000  0.000000000000000E+000  0.000000000000000E+000
  0.000000000000000E+000  0.000000000000000E+000  0.000000000000000E+000
  0.000000000000000E+000  0.000000000000000E+000  0.000000000000000E+000
  1.317065916455518E-002 -1.450794544602448E-002 -1.842192598031594E-002
 -1.350127957037146E-002  0.116129389421282      -7.920161124124522E-002
 -2.348377078493778E-002  0.104913734562754      -0.118113957622088     
 -2.105050555940999E-002  0.100825995349733      -0.147521044919662     
 -1.256067227152007E-002  6.611009725692538E-002 -0.158097120774904     
 -1.355941235871015E-003  3.486043969567203E-002 -0.154911531021873     
  9.305934985091994E-003  1.611679757901581E-002 -0.151541524963489     
  3.113713440025153E-002  1.646690855288852E-002 -0.155394268714515     
  6.355081581686489E-002  2.225561425353953E-002 -0.158278909032674     
  9.762456259653306E-002  3.220552175373941E-002 -0.147493357514891     
  0.102451573448044       3.218743830130867E-002 -0.118023027997724     
  0.107107241486098       4.621139473619508E-002 -7.904568528407661E-002
 -1.900041677570687E-002  4.301991369128020E-003 -1.851377563787921E-002
  0.000000000000000E+000  0.000000000000000E+000  0.000000000000000E+000
  0.000000000000000E+000  0.000000000000000E+000  0.000000000000000E+000
  0.000000000000000E+000  0.000000000000000E+000  0.000000000000000E+000
  0.000000000000000E+000  0.000000000000000E+000  0.000000000000000E+000
  1.490656984446541E-002 -6.045398120972402E-003 -1.610890107918026E-002
 -1.264199119336325E-002  9.057545763975991E-002 -6.445124851910546E-002
 -2.059878548298234E-002  8.902890469762002E-002 -0.101619209364621     
 -2.264757098377156E-002  8.088646804464301E-002 -0.126468863108495     
 -1.622047568256444E-002  5.423701995472258E-002 -0.135654551400668     
 -5.547691381509700E-003  2.834109942886960E-002 -0.135554894910744     
  6.865473514859577E-003  1.183885174185560E-002 -0.132850746346367     
  2.770376171181645E-002  9.579163637327104E-003 -0.136328164165989     
  5.512252917777456E-002  1.316993830280868E-002 -0.135909716715929     
  8.115986495528742E-002  2.087388701193260E-002 -0.126433556301039     
  8.731602294199098E-002  2.675963480215642E-002 -0.101576386110242     
  8.458992088704298E-002  3.426326531282593E-002 -6.430029288795040E-002
 -1.267592925695966E-002  9.850253148533626E-003 -1.608790237281585E-002
  0.000000000000000E+000  0.000000000000000E+000  0.000000000000000E+000
  0.000000000000000E+000  0.000000000000000E+000  0.000000000000000E+000
  0.000000000000000E+000  0.000000000000000E+000  0.000000000000000E+000
  0.000000000000000E+000  0.000000000000000E+000  0.000000000000000E+000
  4.454581443895026E-003 -8.746049172162590E-003 -5.966000920882864E-003
  4.009590406360788E-004  5.824145925247171E-002 -4.440619464117290E-002
 -1.804394577825104E-002  5.800985106472305E-002 -7.156789685738102E-002
 -2.019321064693340E-002  5.546001503544099E-002 -9.188559184620464E-002
 -1.639734314868085E-002  3.711085569058695E-002 -0.102568937594236     
 -8.771374750392613E-003  1.973157427156477E-002 -0.106391332250251     
  4.139340571832097E-003  7.065507190203275E-003 -0.107862212034722     
  2.182766006789381E-002  2.374272529581230E-003 -0.107207583079212     
  4.033395188867289E-002  4.410450668635079E-003 -0.102778512654078     
  5.796031630853760E-002  1.030639064071289E-002 -9.190403974302912E-002
  5.922829427815445E-002  1.345436699565709E-002 -7.156552866545507E-002
  5.016000686077934E-002  2.943031718787458E-002 -4.431799616254616E-002
 -9.808737904298955E-003 -5.609718115576126E-004 -5.945651810850863E-003
  0.000000000000000E+000  0.000000000000000E+000  0.000000000000000E+000
  0.000000000000000E+000  0.000000000000000E+000  0.000000000000000E+000
  0.000000000000000E+000  0.000000000000000E+000  0.000000000000000E+000
  0.000000000000000E+000  0.000000000000000E+000  0.000000000000000E+000
 -2.844491533938807E-003 -2.548778999317062E-003 -5.269990353670083E-003
  1.243187215021716E-002  1.174637356999391E-002 -1.342163450368134E-002
 -5.091798571472088E-003  2.258726709341885E-002 -2.671357111597795E-002
 -3.664149047548246E-003  2.319720778424973E-002 -4.196353835919069E-002
 -1.058511797371819E-002  1.873688488208138E-002 -5.319739999477887E-002
 -6.620439794627804E-003  1.062957370767703E-002 -6.502967727445083E-002
  1.315794876876933E-003  1.976810679364095E-003 -6.764055154853137E-002
  1.272331616135900E-002 -4.108677602540700E-004 -6.574022209320572E-002
  2.143174780687940E-002  2.912189868259802E-004 -5.330793513993207E-002
  2.184281412467974E-002  8.433134204577256E-003 -4.194072229796898E-002
  2.214366788762025E-002  6.899852122517904E-003 -2.674512464551394E-002
  3.938087825261375E-003  1.660573627448120E-002 -1.339478441803791E-002
 -7.710542597162980E-004 -3.743368486027900E-003 -5.276477357757461E-003
  0.000000000000000E+000  0.000000000000000E+000  0.000000000000000E+000
  0.000000000000000E+000  0.000000000000000E+000  0.000000000000000E+000
  0.000000000000000E+000  0.000000000000000E+000  0.000000000000000E+000
  0.000000000000000E+000  0.000000000000000E+000  0.000000000000000E+000
  0.000000000000000E+000  0.000000000000000E+000  0.000000000000000E+000
  0.000000000000000E+000  0.000000000000000E+000  0.000000000000000E+000
  0.000000000000000E+000  0.000000000000000E+000  0.000000000000000E+000
  0.000000000000000E+000  0.000000000000000E+000  0.000000000000000E+000
  0.000000000000000E+000  0.000000000000000E+000  0.000000000000000E+000
  0.000000000000000E+000  0.000000000000000E+000  0.000000000000000E+000
  0.000000000000000E+000  0.000000000000000E+000  0.000000000000000E+000
  0.000000000000000E+000  0.000000000000000E+000  0.000000000000000E+000
  0.000000000000000E+000  0.000000000000000E+000  0.000000000000000E+000
  0.000000000000000E+000  0.000000000000000E+000  0.000000000000000E+000
  0.000000000000000E+000  0.000000000000000E+000  0.000000000000000E+000
  0.000000000000000E+000  0.000000000000000E+000  0.000000000000000E+000
  0.000000000000000E+000  0.000000000000000E+000  0.000000000000000E+000
  0.000000000000000E+000  0.000000000000000E+000  0.000000000000000E+000
  0.000000000000000E+000  0.000000000000000E+000  0.000000000000000E+000
  0.000000000000000E+000  0.000000000000000E+000  0.000000000000000E+000
  0.000000000000000E+000  0.000000000000000E+000  0.000000000000000E+000
  0.000000000000000E+000  0.000000000000000E+000  0.000000000000000E+000
  0.000000000000000E+000  0.000000000000000E+000  0.000000000000000E+000
  0.000000000000000E+000  0.000000000000000E+000  0.000000000000000E+000
  0.000000000000000E+000  0.000000000000000E+000  0.000000000000000E+000
  0.000000000000000E+000  0.000000000000000E+000  0.000000000000000E+000
  0.000000000000000E+000  0.000000000000000E+000  0.000000000000000E+000
  0.000000000000000E+000  0.000000000000000E+000  0.000000000000000E+000
  0.000000000000000E+000  0.000000000000000E+000  0.000000000000000E+000
  0.000000000000000E+000  0.000000000000000E+000  0.000000000000000E+000
  0.000000000000000E+000  0.000000000000000E+000  0.000000000000000E+000
  0.000000000000000E+000  0.000000000000000E+000  0.000000000000000E+000
  0.000000000000000E+000  0.000000000000000E+000  0.000000000000000E+000
  0.000000000000000E+000  0.000000000000000E+000  0.000000000000000E+000
  0.000000000000000E+000  0.000000000000000E+000  0.000000000000000E+000
  0.000000000000000E+000  0.000000000000000E+000  0.000000000000000E+000
  0.000000000000000E+000  0.000000000000000E+000  0.000000000000000E+000
  0.000000000000000E+000  0.000000000000000E+000  0.000000000000000E+000
 -1.476991170065308E-005  9.443118155551588E-005 -2.768406992928175E-004
 -5.332124296396818E-004 -5.920742709327957E-005 -4.959346265058775E-004
 -1.211810057179073E-003  1.812309391072819E-004 -3.978601298056629E-004
 -1.281225007106293E-003 -2.580542483093360E-004  1.419469875712104E-004
 -1.349356730562940E-003  9.943626880748499E-004  2.253571828189023E-004
 -4.985723787417522E-004 -8.338301778288381E-004 -2.274135534014489E-004
 -4.045788267116765E-003 -7.046812347871143E-003  1.073663062400275E-003
 -4.473724684675409E-004 -8.512620215303801E-004 -2.389876906129944E-004
  1.461780887825964E-003 -7.100370278365442E-004  2.260773246135517E-004
  4.410356360737334E-004 -1.206121313275951E-003  1.451957635788036E-004
  7.457222761612548E-004 -9.355718998398634E-004 -3.969262406222671E-004
  3.513286214560630E-004 -3.900628496255691E-004 -4.870201466182043E-004
  1.463140052443155E-004  6.267380127973381E-005 -2.858543102083819E-004
  0.000000000000000E+000  0.000000000000000E+000  0.000000000000000E+000
  0.000000000000000E+000  0.000000000000000E+000  0.000000000000000E+000
  0.000000000000000E+000  0.000000000000000E+000  0.000000000000000E+000
  0.000000000000000E+000  0.000000000000000E+000  0.000000000000000E+000
 -3.493412519480987E-005 -3.759469624085846E-005 -2.250875584561063E-004
 -6.037682869990447E-004  3.108802759060409E-005 -5.272573331434918E-004
 -1.161477198356890E-003  3.944872225135531E-005 -4.526258138108616E-004
 -1.206945714399453E-003 -2.523908967831824E-004  1.839106054233256E-005
 -1.258680495473394E-003  6.518795593445922E-004  4.371510889349202E-004
 -9.171354956227407E-004 -6.108794957541544E-004 -4.781629687364018E-004
 -2.124016675575677E-003 -3.709881189082786E-003  7.859049720549402E-004
 -2.950086096455761E-005 -1.097321776334105E-003 -4.897093165641798E-004
  1.212320725113217E-003 -7.519236638005034E-004  4.415763112862272E-004
  4.552291994569019E-004 -1.112875309179054E-003  1.908823294800060E-005
  6.184036311226845E-004 -9.539902025479317E-004 -4.500762476548937E-004
  4.192637124824862E-004 -4.290228539115010E-004 -5.192983410378594E-004
  3.416314619600547E-005 -2.459449887161322E-005 -2.330389252823161E-004
  0.000000000000000E+000  0.000000000000000E+000  0.000000000000000E+000
  0.000000000000000E+000  0.000000000000000E+000  0.000000000000000E+000
  0.000000000000000E+000  0.000000000000000E+000  0.000000000000000E+000
  0.000000000000000E+000  0.000000000000000E+000  0.000000000000000E+000
 -7.773575744862295E-005 -3.354885166173215E-004 -1.753304678513100E-004
 -5.942311627719998E-004  2.204199408221840E-004 -5.841597060755935E-004
 -9.801408458956133E-004  1.214052365093928E-004 -6.423106846577358E-004
 -1.004197045247195E-003  7.148180475248665E-004 -1.241737802410957E-004
 -6.234395993597418E-004 -1.106261395972194E-003 -2.122729872066799E-006
 -4.288769616946313E-004  3.407478802987648E-004 -1.012389925546906E-005
  1.568856017139041E-003  2.699206950198468E-003 -3.749018079906745E-004
  4.894225834008343E-004 -2.370100586344366E-004 -5.202621728063139E-005
 -3.166356245765897E-004 -9.284109080160668E-004  9.577772033391309E-006
  1.312035300355672E-003 -3.865309375132950E-004 -1.283385250963121E-004
  5.894215975119968E-004 -7.594814189767978E-004 -6.382350624739563E-004
  5.020301444082129E-004 -3.699241008737016E-004 -5.775539267331209E-004
 -2.165182852950229E-004 -2.162712119573616E-004 -1.815730756837849E-004
  0.000000000000000E+000  0.000000000000000E+000  0.000000000000000E+000
  0.000000000000000E+000  0.000000000000000E+000  0.000000000000000E+000
  0.000000000000000E+000  0.000000000000000E+000  0.000000000000000E+000
  0.000000000000000E+000  0.000000000000000E+000  0.000000000000000E+000
 -3.212145415791301E-005 -5.465673742191420E-004 -1.567293795036921E-004
 -4.999496288485868E-004 -8.683732054403989E-005 -6.253433263017369E-004
 -4.548830316581941E-004 -4.641528616152873E-004 -9.382166383785656E-004
  1.532480434991555E-004 -9.269798635012398E-004 -5.662224557855277E-004
  3.973554337799896E-004  6.549199157896845E-004  1.237342056610617E-004
  1.247536325361178E-003  3.646918112764780E-003 -9.381649316030214E-004
  1.745897691275812E-003  3.014608446775477E-003 -1.324667086020888E-003
  2.237284161567270E-003  2.632157539057369E-003 -8.252557876583290E-004
  3.119406309989356E-004  6.130924263383330E-004  8.672984335613425E-005
 -7.573485853888854E-004 -2.917013317364838E-004 -5.718670599697673E-004
 -2.535613089688401E-004 -6.470983518176010E-004 -9.403035286847179E-004
  1.303054490352702E-004 -4.720680110926996E-004 -6.150232609266429E-004
 -4.285923582799052E-004 -2.804859985152703E-004 -1.612399240897244E-004
  0.000000000000000E+000  0.000000000000000E+000  0.000000000000000E+000
  0.000000000000000E+000  0.000000000000000E+000  0.000000000000000E+000
  0.000000000000000E+000  0.000000000000000E+000  0.000000000000000E+000
  0.000000000000000E+000  0.000000000000000E+000  0.000000000000000E+000
 -6.401364515555643E-005 -4.614167263015390E-004 -2.050937798706075E-004
 -3.491593557087282E-004  8.508011062503438E-004 -7.403543303335103E-004
  1.325662570150150E-004  1.045955874971116E-003 -8.089695824042700E-004
  6.317924044149402E-004  3.267419457308181E-003 -1.125488278486689E-003
  1.157576344057941E-003  3.139935422674693E-003 -1.418402141716764E-003
  6.242610344180484E-004 -3.435053658693851E-005 -4.520948119402832E-004
  1.928858931514432E-004  3.908332235925854E-004 -2.003047098413071E-004
 -3.055093271497653E-004  5.556474593134315E-004 -4.862786411995989E-004
  2.009649584133630E-003  2.464637639279599E-003 -1.353570318536079E-003
  2.486193239250758E-003  2.153673379020013E-003 -1.151880791946781E-003
  7.946203078055153E-004  6.153291445505383E-004 -8.063631492898112E-004
  8.676039985496442E-004  1.310514134873778E-004 -7.310570599896144E-004
 -3.458038699225546E-004 -2.710986714161792E-004 -2.043588636581661E-004
  0.000000000000000E+000  0.000000000000000E+000  0.000000000000000E+000
  0.000000000000000E+000  0.000000000000000E+000  0.000000000000000E+000
  0.000000000000000E+000  0.000000000000000E+000  0.000000000000000E+000
  0.000000000000000E+000  0.000000000000000E+000  0.000000000000000E+000
  7.965152944169098E-005 -2.969130088208693E-004 -4.337184364260615E-004
 -7.907886583406064E-004  2.561346727782116E-003 -9.181774104061595E-004
  2.223648968920295E-004  3.088749682075129E-003 -1.153792131887933E-003
  1.044371096900655E-003  2.544891343943045E-003 -1.638276287308490E-003
  1.040627835013177E-003  6.087951349526605E-004 -8.976979168725515E-004
 -2.020991510513598E-004 -2.410214339877115E-003  1.457004181716859E-003
 -3.282907900868681E-004 -5.580126312044977E-004 -8.885516611082234E-005
 -1.936579570150458E-003 -1.325155585288844E-003  1.359881443707949E-003
  1.766460334807113E-004  1.268863745694458E-003 -1.028217618486271E-003
  1.744938098079910E-003  2.162239855650845E-003 -1.669551917512316E-003
  2.536407283740245E-003  1.718110798733808E-003 -1.153897433697726E-003
  2.570500621077696E-003  5.920570652742078E-004 -9.036011156865229E-004
 -2.842943234297886E-004 -6.492500599175233E-005 -4.297721618007734E-004
  0.000000000000000E+000  0.000000000000000E+000  0.000000000000000E+000
  0.000000000000000E+000  0.000000000000000E+000  0.000000000000000E+000
  0.000000000000000E+000  0.000000000000000E+000  0.000000000000000E+000
  0.000000000000000E+000  0.000000000000000E+000  0.000000000000000E+000
  1.713222486397189E-004 -8.943432679465903E-005 -3.594622101869875E-004
 -8.948995485999797E-004  3.092732564469748E-003 -1.147973109981992E-003
  9.888051857370309E-004  9.584429805983219E-004 -1.158295195405535E-004
  9.899857013968396E-004  6.597230029632090E-004  4.989202565881763E-005
  1.029041027476170E-004  3.374656458807910E-004 -1.268503972275357E-003
 -2.676867862695819E-004 -1.885430040797597E-004 -1.505240484076667E-003
  1.579514114796598E-003  2.678226714449503E-003 -6.713950836759627E-003
 -1.264614159621156E-004 -4.261461449860808E-004 -1.278630541071861E-003
  1.898260513231143E-004  2.334796353907251E-004 -1.218867112970533E-003
  1.097872978790080E-004  1.172799183009422E-003  9.538255350514561E-006
  3.927419825544645E-004  1.322051176232394E-003 -1.471374071835083E-004
  3.096972730280851E-003  7.735362811480648E-004 -1.129553434392949E-003
 -1.662922830960522E-004  1.029827263087274E-004 -3.526786567695633E-004
  0.000000000000000E+000  0.000000000000000E+000  0.000000000000000E+000
  0.000000000000000E+000  0.000000000000000E+000  0.000000000000000E+000
  0.000000000000000E+000  0.000000000000000E+000  0.000000000000000E+000
  0.000000000000000E+000  0.000000000000000E+000  0.000000000000000E+000
  2.069013426348257E-004 -1.053672595581645E-004 -2.246389456830218E-004
 -6.270050899670374E-004  2.348019237603682E-003 -1.016253624862878E-003
  2.042223340813004E-003 -1.842226640594642E-003  2.187148152304185E-003
  1.169460473030506E-003 -6.875457810985124E-004  1.218850587416946E-003
 -1.852545087507047E-004 -1.363865989052732E-003  2.784804587253695E-004
 -8.540134902409397E-004 -1.473530594458934E-005 -8.323250601826255E-004
  6.444577759647721E-004  1.063072392499537E-003 -6.039948335289540E-003
  4.271788460731554E-004 -7.785091146548088E-004 -8.391826283604545E-004
 -1.073646233339958E-003 -8.548352319938164E-004  2.778075757419453E-004
 -1.253556834393813E-003  6.499527195075876E-004  1.286995747880671E-003
 -2.574010233023167E-003  8.217692488394706E-004  2.148051880821232E-003
  2.358316528797477E-003  6.310057265395960E-004 -1.007198349429674E-003
 -2.022634501327093E-004  1.297730422489646E-004 -2.174558455032260E-004
  0.000000000000000E+000  0.000000000000000E+000  0.000000000000000E+000
  0.000000000000000E+000  0.000000000000000E+000  0.000000000000000E+000
  0.000000000000000E+000  0.000000000000000E+000  0.000000000000000E+000
  0.000000000000000E+000  0.000000000000000E+000  0.000000000000000E+000
  5.618880175488632E-005 -8.773606491083430E-005 -3.227323413356029E-005
 -9.498894984301158E-005  1.045182259952525E-003 -5.403913794280907E-004
  2.935069200378416E-003 -3.291317230808657E-003  4.048619387519640E-003
 -8.239718140350310E-005  2.674393324082364E-004  8.976006692187137E-004
 -3.013413912209752E-003  2.964115307867590E-003 -7.467744881497346E-003
 -8.070459992688752E-004  1.224910266122162E-003 -6.107701909522255E-003
 -3.770330737620568E-004 -6.931316561588249E-004  2.872280384380320E-003
  1.476039470794725E-003 -1.257215834899789E-004 -6.141831219918147E-003
  4.026205436968703E-003 -1.147097939535122E-003 -7.464560989875310E-003
  2.512371202452973E-004  6.863596983811589E-005  9.267667075872962E-004
 -4.379056429465298E-003  8.751496506738579E-004  4.094330809281609E-003
  9.626261927207384E-004  4.402568516755264E-004 -5.451983574023984E-004
 -1.048584044449045E-004  5.676476494945971E-006 -2.314364168400192E-005
  0.000000000000000E+000  0.000000000000000E+000  0.000000000000000E+000
  0.000000000000000E+000  0.000000000000000E+000  0.000000000000000E+000
  0.000000000000000E+000  0.000000000000000E+000  0.000000000000000E+000
  0.000000000000000E+000  0.000000000000000E+000  0.000000000000000E+000
 -3.501523286784633E-005 -2.150912716623018E-005 -8.596610514091785E-005
  1.684604652267076E-004  2.023819612156876E-004  7.723563398194892E-005
  3.111617610258966E-004 -8.328871926861142E-004  1.443507807257771E-003
 -3.679554056074643E-004  1.112284404265711E-003 -1.614978350587943E-003
 -3.252663019641091E-003  2.406048636698431E-003 -8.959095126459536E-003
 -1.475283828071625E-003  4.345224874321898E-004 -5.868507655764385E-003
  3.185200406963229E-004  6.164448389799693E-004  1.658887831111300E-003
  1.208562738196781E-003 -1.160739406727566E-003 -6.299488153305512E-003
  3.622916468525149E-003 -1.591273546917766E-003 -8.814199992058232E-003
  1.140220673460809E-003  2.294457161026634E-004 -1.629253387130218E-003
 -9.069811010429359E-004 -1.528396545728831E-004  1.482745969488271E-003
  8.942118302643912E-005  2.419369347200199E-004  7.651086097471458E-005
  9.262679709490083E-007 -3.957432109774297E-005 -8.187709271929252E-005
  0.000000000000000E+000  0.000000000000000E+000  0.000000000000000E+000
  0.000000000000000E+000  0.000000000000000E+000  0.000000000000000E+000
  0.000000000000000E+000  0.000000000000000E+000  0.000000000000000E+000
  0.000000000000000E+000  0.000000000000000E+000  0.000000000000000E+000
  0.000000000000000E+000  0.000000000000000E+000  0.000000000000000E+000
  0.000000000000000E+000  0.000000000000000E+000  0.000000000000000E+000
  0.000000000000000E+000  0.000000000000000E+000  0.000000000000000E+000
  0.000000000000000E+000  0.000000000000000E+000  0.000000000000000E+000
  0.000000000000000E+000  0.000000000000000E+000  0.000000000000000E+000
  0.000000000000000E+000  0.000000000000000E+000  0.000000000000000E+000
  0.000000000000000E+000  0.000000000000000E+000  0.000000000000000E+000
  0.000000000000000E+000  0.000000000000000E+000  0.000000000000000E+000
  0.000000000000000E+000  0.000000000000000E+000  0.000000000000000E+000
  0.000000000000000E+000  0.000000000000000E+000  0.000000000000000E+000
  0.000000000000000E+000  0.000000000000000E+000  0.000000000000000E+000
  0.000000000000000E+000  0.000000000000000E+000  0.000000000000000E+000
  0.000000000000000E+000  0.000000000000000E+000  0.000000000000000E+000
  0.000000000000000E+000  0.000000000000000E+000  0.000000000000000E+000
  0.000000000000000E+000  0.000000000000000E+000  0.000000000000000E+000
  0.000000000000000E+000  0.000000000000000E+000  0.000000000000000E+000
  0.000000000000000E+000  0.000000000000000E+000  0.000000000000000E+000
  0.000000000000000E+000  0.000000000000000E+000  0.000000000000000E+000
  0.000000000000000E+000  0.000000000000000E+000  0.000000000000000E+000
  0.000000000000000E+000  0.000000000000000E+000  0.000000000000000E+000
  0.000000000000000E+000  0.000000000000000E+000  0.000000000000000E+000
  0.000000000000000E+000  0.000000000000000E+000  0.000000000000000E+000
  0.000000000000000E+000  0.000000000000000E+000  0.000000000000000E+000
  0.000000000000000E+000  0.000000000000000E+000  0.000000000000000E+000
  0.000000000000000E+000  0.000000000000000E+000  0.000000000000000E+000
  0.000000000000000E+000  0.000000000000000E+000  0.000000000000000E+000
  0.000000000000000E+000  0.000000000000000E+000  0.000000000000000E+000
  0.000000000000000E+000  0.000000000000000E+000  0.000000000000000E+000
  0.000000000000000E+000  0.000000000000000E+000  0.000000000000000E+000
  0.000000000000000E+000  0.000000000000000E+000  0.000000000000000E+000
  0.000000000000000E+000  0.000000000000000E+000  0.000000000000000E+000
  0.000000000000000E+000  0.000000000000000E+000  0.000000000000000E+000
  0.000000000000000E+000  0.000000000000000E+000  0.000000000000000E+000
  0.000000000000000E+000  0.000000000000000E+000  0.000000000000000E+000
  -2.16108588935183      -0.431075567600246       -15.6632417045001     
  -13.2914723322828       8.748653235497637E-002  -12.1121901945121     
  -9.05478986180252       -2.11060073267709        6.25261409366211     
   1.70089742313021        3.35282221527654        18.8230968101948     
   10.9822107016969       -5.48838129575853        18.9574018626658     
   5.28809279236452        2.55486078834599        22.7934694745697     
   50.1995862413082        86.9902291553281       0.850875751104762     
   1.88717980660305        7.90872493294802        22.0252331672740     
  -11.4699420030510        7.12155823908701        19.3452885663027     
   2.86656140796956        4.16926840296513        19.5215321493375     
   2.17429152412148       -9.26478168974717        6.14795205812923     
   7.79655415714138       -10.9734484716761       -12.7410142911133     
  0.580510809214363       -2.12898584094881       -16.1556557659345     
  0.000000000000000E+000  0.000000000000000E+000  0.000000000000000E+000
  0.000000000000000E+000  0.000000000000000E+000  0.000000000000000E+000
  0.000000000000000E+000  0.000000000000000E+000  0.000000000000000E+000
  0.000000000000000E+000  0.000000000000000E+000  0.000000000000000E+000
  -4.19449828522613       0.504057618554966       -13.7538415649433     
  -11.7811348536089      -0.380632715200121       -14.3258921485202     
  -5.33695485125322       -1.21417405664967        3.96774481509066     
   6.04131706304062      -0.835087192735942        19.9862761068559     
   9.37273931740212        4.54394177456104        18.7036278260606     
   8.22586085279301       -1.46805957831346        24.5562278658000     
   31.1817051485419        54.0190508224861        5.58545371338086     
  -4.59461351267358        7.27520191669819        23.6360363323398     
  -1.65904845808756        10.5515379576350        19.2234297778624     
  -3.55240112445090        5.75613051421817        20.7050974463667     
   1.21548945773020       -5.33926186196567        3.75195785957062     
   6.17970386983691       -10.1461439855258       -14.9923416474094     
   2.54393943675882       -3.41721779165798       -14.1678453293349     
  0.000000000000000E+000  0.000000000000000E+000  0.000000000000000E+000
  0.000000000000000E+000  0.000000000000000E+000  0.000000000000000E+000
  0.000000000000000E+000  0.000000000000000E+000  0.000000000000000E+000
  0.000000000000000E+000  0.000000000000000E+000  0.000000000000000E+000
  -5.82119687239565        1.78511883466906       -12.0211550429333     
  -10.6299217462143       0.525777705675067       -15.7321296754867     
  0.331295357950448        1.79621078910366       7.383700944239281E-002
   10.1122240144629        7.95754960292691        20.4520718777715     
   10.0306591341738       -24.2589348509560        11.9170287991285     
   4.88066510944387        10.5479271369825        36.2386620504635     
   2.93557400299531        5.14890522328230       -2.99184868785206     
   6.25019564901305        9.08194814780640        35.9226478803894     
  -28.5907797305514       -4.52792206463170        12.2599385246632     
   2.68802747409553        13.9289963488033        21.1497158710666     
  0.496842114319231        1.02478844849827      -0.260736884621260     
   5.66500603443605       -9.11576084863905       -16.3749749156874     
   4.69003438378099       -4.08960689579471       -12.3622601610738     
  0.000000000000000E+000  0.000000000000000E+000  0.000000000000000E+000
  0.000000000000000E+000  0.000000000000000E+000  0.000000000000000E+000
  0.000000000000000E+000  0.000000000000000E+000  0.000000000000000E+000
  0.000000000000000E+000  0.000000000000000E+000  0.000000000000000E+000
  -6.59739776553094        8.28511223150353       -10.9410790039127     
  -7.97283840397329       -6.66570354453321       -15.7404368365017     
   3.97240447927363       -1.51756759881684      -0.550763052397522     
   18.5785562265769       -15.1350832139773        15.5652378036819     
   2.93160277292873        27.4927999323475        16.8198015984859     
   15.8546533550233        59.2526265644075       -4.95417032650169     
  -88.0930579460740       -152.469018034743        74.4019794703476     
   46.9596836705068        46.2673087542455       -6.37514782434292     
   23.7013190540904        16.9113422719408        17.6656518391015     
  -22.0793089292431        9.04126672321230        16.0618042591267     
  -3.28793522746870        2.98372939779061      -0.910351997855615     
  -2.00757750971347       -10.3610804329351       -16.2928914145239     
   11.0542569652965       -1.37799699707379       -11.2623675857551     
  0.000000000000000E+000  0.000000000000000E+000  0.000000000000000E+000
  0.000000000000000E+000  0.000000000000000E+000  0.000000000000000E+000
  0.000000000000000E+000  0.000000000000000E+000  0.000000000000000E+000
  0.000000000000000E+000  0.000000000000000E+000  0.000000000000000E+000
  -5.39040295580980       0.752046153759329       -10.4716665878886     
  -10.4301079653200        26.9708037362463       -17.3943082898706     
   9.15173509450342        8.93485401354742        2.28405087695660     
   10.7853199044739        20.8054530679275        10.2298705403292     
   9.60868194090717        44.7119537942124       -2.85434627437495     
  -2.03895795054037       -13.9305983387093        4.12247878949611     
  -21.1778812905374       -37.1999937609658        59.7136955388630     
  -10.2288260027841       -8.69748418531206        4.28338737991464     
   34.5998807413278        30.8059616585374       -2.06907048262700     
   15.4819622420565        21.0087559605927        10.1669777433149     
   3.03446152948617        12.3343588407703        1.92954824210827     
   28.2306410343934        4.26096173728955       -17.8892390149129     
   3.82085252879333       -4.09915618105432       -10.7598100794439     
  0.000000000000000E+000  0.000000000000000E+000  0.000000000000000E+000
  0.000000000000000E+000  0.000000000000000E+000  0.000000000000000E+000
  0.000000000000000E+000  0.000000000000000E+000  0.000000000000000E+000
  0.000000000000000E+000  0.000000000000000E+000  0.000000000000000E+000
 -2.578069602888821E-002  -4.66693116056021       -9.71705476804590     
  -19.5850663600607        51.7570986652950       -20.6633227357363     
   10.4081503006832        7.39427570368692        1.19774009459690     
   13.0205665167350       -8.14751299830084        13.3051199702187     
   3.83286534310654       -11.4548370013717        24.3909009543467     
  -11.4662947048769        21.5347398195161      -0.492108605556076     
   73.4195308280723        126.461786854456       -148.047768428677     
   22.8904028643126      -0.776933722659546        2.58538600808440     
  -13.6044803291138       -3.28666297570211        26.7261055098748     
  -12.3035163822960        7.67085570264812        12.7569683842266     
   1.28118404785895        12.5594445626706       0.878364128614414     
   53.4280947967586        8.58044575973047       -21.0706003774535     
  -3.73877110634564       -2.18358417996249       -9.87075690643814     
  0.000000000000000E+000  0.000000000000000E+000  0.000000000000000E+000
  0.000000000000000E+000  0.000000000000000E+000  0.000000000000000E+000
  0.000000000000000E+000  0.000000000000000E+000  0.000000000000000E+000
  0.000000000000000E+000  0.000000000000000E+000  0.000000000000000E+000
  -1.10825239605205      -0.923692612257481       -7.73869568023086     
  -11.4981040552926        35.6271905367815       -19.3881356477824     
   23.1664687050028       -38.2300132030371        20.8285883535667     
   5.86268024302660       -8.06750357215515        26.2488958213057     
  -16.0148059612695        60.4892373920595       -49.8355431881259     
   1.35424777643277       -29.0484591553021        49.9699892371462     
  -28.2120395919801       -48.6425195087776        100.986919149660     
  -25.2428375607114       -12.6639469011369        48.8017430399875     
   60.6337964523916        16.9909082667307       -49.9106995166860     
  -12.5534194923814       0.717276408289752        27.7431059889495     
  -42.5325904271171        1.26448510638385        19.0849297959882     
   36.8368835110123        7.72362503351460       -19.7563799956426     
 -0.441750678697383       -1.33546551783704       -7.94747395728095     
  0.000000000000000E+000  0.000000000000000E+000  0.000000000000000E+000
  0.000000000000000E+000  0.000000000000000E+000  0.000000000000000E+000
  0.000000000000000E+000  0.000000000000000E+000  0.000000000000000E+000
  0.000000000000000E+000  0.000000000000000E+000  0.000000000000000E+000
  -1.61885648771819      -0.571291955420437       -7.90625310801882     
  0.992703455562600        6.35369458683038       -6.98848500515830     
   10.2793633395801       -12.3390558036511        15.1001845582278     
  -16.0143882629362        35.2414467072229       -23.0523051450522     
  -12.2953289305614        16.5527433079441       -17.4835555080818     
  -6.75154850411015       -7.02515712933262        33.4198541121042     
   3.36670554374573        6.23881348195527        6.94360098162120     
  -3.27792862400478       -9.01962686162356        32.9971394053617     
   22.5805135600186       -1.07687490257885       -21.6163716955429     
   37.6988436071336        4.29013675195022       -22.8381366507386     
  -15.1429607231915        2.74452583188899        13.6686878103403     
   6.81158633235481        4.06690838872820       -8.01984007810683     
 -3.210124765590606E-002  -1.57063873982262       -7.87491856557754     
  0.000000000000000E+000  0.000000000000000E+000  0.000000000000000E+000
  0.000000000000000E+000  0.000000000000000E+000  0.000000000000000E+000
  0.000000000000000E+000  0.000000000000000E+000  0.000000000000000E+000
  0.000000000000000E+000  0.000000000000000E+000  0.000000000000000E+000
 -0.924367132585274       -1.17387755395995       -5.71935378821384     
   3.80279968606203       -1.17351480037501        1.10246601763184     
  -9.76451883154021        14.2078312212388       -9.94885606522869     
  -15.0559110304738        19.6855117959349       -20.0861753011483     
   4.35917778192310       -11.9292156919407        36.4098948790704     
  -3.89231864760616        7.29569164329931       -1.24091195568489     
   7.58483408506507        13.8260693730896       -101.651125479638     
   7.08598286018712       0.518161382232234       0.294894525419829     
  -12.4012208212441       -1.70784085188297        34.9362337027656     
   26.1274024745390       -2.74583832506073       -22.3412977788792     
   15.0010447029551       -1.13949690209102       -8.67443148728265     
  -1.91484900491006        2.84540717093599       5.330883756276837E-002
 -0.655634206721429       -1.35351291526907       -5.55794968934868     
  0.000000000000000E+000  0.000000000000000E+000  0.000000000000000E+000
  0.000000000000000E+000  0.000000000000000E+000  0.000000000000000E+000
  0.000000000000000E+000  0.000000000000000E+000  0.000000000000000E+000
  0.000000000000000E+000  0.000000000000000E+000  0.000000000000000E+000
 -0.287374802680838       -1.04573101145275       -2.89776524964321     
   1.17927873325810       6.291330934765041E-002   1.42371059839187     
  -4.05240932397545        6.50033780131045       -4.91585274177029     
   1.46739641883758       -2.90660014515121        13.2288711063571     
   6.71598677111112       -2.60349611479659        27.3047087033591     
  -1.91191279705617        5.78174781325262       -37.2650632248773     
 -0.385815794069237       0.131205954193749       -38.3905063730402     
   5.26126130213884        1.70872698016585       -35.9327485646516     
  -7.41906694513419        5.52260830676477        32.4066036939339     
  -2.95199146384115      -2.689555078206959E-002   11.8540524636996     
   7.00074348000049      -0.137336855693052       -4.34428973472070     
 -0.617433191974211        1.14449421845330        1.17640375348032     
 -0.729419259543104      -0.788797486497239       -2.90641817088778     
  0.000000000000000E+000  0.000000000000000E+000  0.000000000000000E+000
  0.000000000000000E+000  0.000000000000000E+000  0.000000000000000E+000
  0.000000000000000E+000  0.000000000000000E+000  0.000000000000000E+000
  0.000000000000000E+000  0.000000000000000E+000  0.000000000000000E+000
  0.000000000000000E+000  0.000000000000000E+000  0.000000000000000E+000
  0.000000000000000E+000  0.000000000000000E+000  0.000000000000000E+000
  0.000000000000000E+000  0.000000000000000E+000  0.000000000000000E+000
  0.000000000000000E+000  0.000000000000000E+000  0.000000000000000E+000
  0.000000000000000E+000  0.000000000000000E+000  0.000000000000000E+000
  0.000000000000000E+000  0.000000000000000E+000  0.000000000000000E+000
  0.000000000000000E+000  0.000000000000000E+000  0.000000000000000E+000
  0.000000000000000E+000  0.000000000000000E+000  0.000000000000000E+000
  0.000000000000000E+000  0.000000000000000E+000  0.000000000000000E+000
  0.000000000000000E+000  0.000000000000000E+000  0.000000000000000E+000
  0.000000000000000E+000  0.000000000000000E+000  0.000000000000000E+000
  0.000000000000000E+000  0.000000000000000E+000  0.000000000000000E+000
  0.000000000000000E+000  0.000000000000000E+000  0.000000000000000E+000
  0.000000000000000E+000  0.000000000000000E+000  0.000000000000000E+000
  0.000000000000000E+000  0.000000000000000E+000  0.000000000000000E+000
  0.000000000000000E+000  0.000000000000000E+000  0.000000000000000E+000
  0.000000000000000E+000  0.000000000000000E+000  0.000000000000000E+000
  0.000000000000000E+000  0.000000000000000E+000  0.000000000000000E+000
  0.000000000000000E+000  0.000000000000000E+000  0.000000000000000E+000
  0.000000000000000E+000  0.000000000000000E+000  0.000000000000000E+000
  0.000000000000000E+000  0.000000000000000E+000  0.000000000000000E+000
  0.000000000000000E+000  0.000000000000000E+000  0.000000000000000E+000
  0.000000000000000E+000  0.000000000000000E+000  0.000000000000000E+000
  0.000000000000000E+000  0.000000000000000E+000  0.000000000000000E+000
  0.000000000000000E+000  0.000000000000000E+000  0.000000000000000E+000
  0.000000000000000E+000  0.000000000000000E+000  0.000000000000000E+000
  0.000000000000000E+000  0.000000000000000E+000  0.000000000000000E+000
  0.000000000000000E+000  0.000000000000000E+000  0.000000000000000E+000
  0.000000000000000E+000  0.000000000000000E+000  0.000000000000000E+000
  0.000000000000000E+000  0.000000000000000E+000  0.000000000000000E+000
  0.000000000000000E+000  0.000000000000000E+000  0.000000000000000E+000
  0.000000000000000E+000  0.000000000000000E+000  0.000000000000000E+000
