         140  1.399999999999997E-002  1.399999999999997E-002
  0.000000000000000E+000  0.000000000000000E+000  0.000000000000000E+000
  0.000000000000000E+000  0.000000000000000E+000  0.000000000000000E+000
  3.183730466749254E-002  3.256594561692316E-002 -7.722011106254163E-002
  2.871894135814564E-002  1.783103183544231E-002 -0.113811439813634     
  3.492884095895078E-002  1.925271210342848E-002 -0.159297101453282     
  3.195732225816590E-002  2.542725671924434E-002 -0.180547100320055     
  3.451033207980043E-002  1.856945289165823E-002 -0.198364472557972     
  3.475990360870786E-002  5.749768314428223E-002 -0.212011148863431     
  5.484220605008675E-002  9.503598563374090E-002 -0.225412985454014     
  3.241710595818521E-002  5.888302224108562E-002 -0.212016746558783     
 -1.156048901453379E-003  3.921859242693315E-002 -0.198375230742602     
  6.066963031715774E-003  4.044162851122976E-002 -0.180557831637709     
 -7.836266463819712E-004  3.991163395811888E-002 -0.159332051878632     
  1.058147021032233E-003  3.377195073492042E-002 -0.113812126833592     
  1.227591371345746E-002  4.385831586530477E-002 -7.728525701892693E-002
  0.000000000000000E+000  0.000000000000000E+000  0.000000000000000E+000
  0.000000000000000E+000  0.000000000000000E+000  0.000000000000000E+000
  0.000000000000000E+000  0.000000000000000E+000  0.000000000000000E+000
  0.000000000000000E+000  0.000000000000000E+000  0.000000000000000E+000
  2.285475988239349E-002  3.716585242775234E-002 -6.798855967133290E-002
  2.511119400285470E-002  2.622667268623313E-002 -0.112707243345959     
  2.691291169722366E-002  2.677146009949635E-002 -0.153374396417639     
  2.821691209444631E-002  3.116267453130688E-002 -0.180005743211817     
  2.989994960947370E-002  2.497945179599508E-002 -0.196485566266051     
  3.171394588012275E-002  5.981029691874813E-002 -0.210908737812605     
  5.024997455914919E-002  8.707561961296759E-002 -0.225218793901604     
  3.591953400581240E-002  5.739163083055546E-002 -0.210919360709575     
  6.677681434111585E-003  3.841733401488194E-002 -0.196497891920955     
  1.288002030388578E-002  4.005800781524774E-002 -0.180018095328311     
  9.713601527471995E-003  3.670890007207587E-002 -0.153395338346299     
  1.012609164301990E-002  3.484608076263380E-002 -0.112704198983367     
  2.075427752952305E-002  3.836659812384703E-002 -6.803759641751439E-002
  0.000000000000000E+000  0.000000000000000E+000  0.000000000000000E+000
  0.000000000000000E+000  0.000000000000000E+000  0.000000000000000E+000
  0.000000000000000E+000  0.000000000000000E+000  0.000000000000000E+000
  0.000000000000000E+000  0.000000000000000E+000  0.000000000000000E+000
  1.487030412243272E-002  4.671763515868948E-002 -5.639792842873188E-002
  1.432021355340595E-002  4.347887146102888E-002 -0.105486423932215     
  1.704260356349189E-002  4.117226621946492E-002 -0.146796561170558     
  1.914134072776743E-002  3.965900975247320E-002 -0.175762156176572     
  2.310519121012270E-002  4.199919772711404E-002 -0.192720004133440     
  3.012410523954262E-002  7.197471468966732E-002 -0.209283671464747     
  4.298152387483165E-002  7.447598875575513E-002 -0.222139459032987     
  4.719628038136337E-002  6.205563396247002E-002 -0.209286652542246     
  2.473705193140025E-002  4.101051217502883E-002 -0.192742856273054     
  2.475237498186958E-002  3.642407667100541E-002 -0.175760792768656     
  2.705880173811253E-002  3.533762405387737E-002 -0.146803239328710     
  3.046209133475217E-002  3.411048843799429E-002 -0.105453362500049     
  3.301513649795915E-002  3.622198162130631E-002 -5.642761269021587E-002
  0.000000000000000E+000  0.000000000000000E+000  0.000000000000000E+000
  0.000000000000000E+000  0.000000000000000E+000  0.000000000000000E+000
  0.000000000000000E+000  0.000000000000000E+000  0.000000000000000E+000
  0.000000000000000E+000  0.000000000000000E+000  0.000000000000000E+000
  9.998247003278820E-003  4.785597178664839E-002 -4.637316989732305E-002
  4.087806906249741E-003  7.801193022977905E-002 -9.709564172673298E-002
  5.115739325428463E-003  7.847932664652037E-002 -0.139726928372771     
  8.173572841309351E-003  9.180709361093502E-002 -0.172482507526920     
  1.625403655511357E-002  9.267323152147056E-002 -0.196049224798171     
  2.766164352746480E-002  7.539966171966428E-002 -0.208891799041646     
  3.575136196069136E-002  6.194886271758162E-002 -0.209649756767433     
  5.143876272766301E-002  6.169138189439240E-002 -0.208930544600499     
  7.201561002761239E-002  6.039334636364321E-002 -0.196066616849285     
  7.534338650307452E-002  5.299513635357911E-002 -0.172481790509703     
  6.535129884617182E-002  4.366663272017951E-002 -0.139693897355988     
  6.546727860200623E-002  4.252194641912509E-002 -9.703421129301766E-002
  3.641185625271132E-002  3.253308617328147E-002 -4.637664667551059E-002
  0.000000000000000E+000  0.000000000000000E+000  0.000000000000000E+000
  0.000000000000000E+000  0.000000000000000E+000  0.000000000000000E+000
  0.000000000000000E+000  0.000000000000000E+000  0.000000000000000E+000
  0.000000000000000E+000  0.000000000000000E+000  0.000000000000000E+000
  1.410008077029729E-002  3.138787309636496E-002 -3.881459958316569E-002
 -7.039184916338355E-003  9.905332895786507E-002 -9.065943346668105E-002
 -4.039747976320396E-003  0.120751244824918      -0.137318621209556     
 -2.128482184651754E-003  0.121509583980321      -0.175335598439154     
  9.995076821934524E-003  9.811993654942718E-002 -0.194396367904376     
  2.073905880440755E-002  6.993245345671935E-002 -0.197068834724950     
  3.132635053916009E-002  5.428074213377029E-002 -0.197054255214625     
  5.025886503915263E-002  5.303916912271811E-002 -0.197221808750463     
  7.992348187404330E-002  5.775230666512235E-002 -0.194456181107744     
  0.106116110823181       5.888020247272313E-002 -0.175296393335494     
  0.106466016045492       5.687928481907620E-002 -0.137263840058111     
  8.914566351430772E-002  4.333208555193691E-002 -9.053953856730286E-002
  2.005491902797163E-002  2.786148686823556E-002 -3.881516922962650E-002
  0.000000000000000E+000  0.000000000000000E+000  0.000000000000000E+000
  0.000000000000000E+000  0.000000000000000E+000  0.000000000000000E+000
  0.000000000000000E+000  0.000000000000000E+000  0.000000000000000E+000
  0.000000000000000E+000  0.000000000000000E+000  0.000000000000000E+000
  1.472065617899623E-002  6.826505998709137E-004 -2.572600591089516E-002
 -8.279700769904742E-003  0.111753689618063      -8.540958715636562E-002
 -9.970235654296463E-003  0.124267220935205      -0.132865329375119     
 -7.759750724273445E-003  0.121817028822303      -0.167290866389175     
  4.168074034571267E-003  9.546786932945607E-002 -0.182886371876277     
  1.587349952719347E-002  6.599716455631822E-002 -0.184139137274064     
  2.843154353043048E-002  4.925061183398546E-002 -0.182781135184313     
  4.941087322922273E-002  4.694276914277692E-002 -0.184478659409513     
  8.060292240016359E-002  5.141655943887589E-002 -0.183031045706151     
  0.109200619794282       5.420944143560299E-002 -0.167243797694594     
  0.112369947320591       5.344110250041839E-002 -0.132742468041416     
  0.100742213043207       4.868309999671955E-002 -8.527881055325771E-002
 -6.878985442417167E-003  1.294823032232188E-002 -2.568917934072135E-002
  0.000000000000000E+000  0.000000000000000E+000  0.000000000000000E+000
  0.000000000000000E+000  0.000000000000000E+000  0.000000000000000E+000
  0.000000000000000E+000  0.000000000000000E+000  0.000000000000000E+000
  0.000000000000000E+000  0.000000000000000E+000  0.000000000000000E+000
  1.565022517620669E-002 -1.152691646601024E-002 -1.920597317512365E-002
 -7.778718531942092E-003  0.112786521067751      -7.896455611251955E-002
 -1.281486148335468E-002  0.112192242842010      -0.120381946105799     
 -9.761638739566814E-003  0.115173997922124      -0.154656087726764     
 -6.029298004628530E-004  8.764355378999136E-002 -0.168481563297853     
  1.203089826415106E-002  6.244293280733414E-002 -0.169758755404273     
  2.622197221238878E-002  4.539589271970471E-002 -0.168989482203380     
  4.835834940497003E-002  4.188791546485929E-002 -0.170297619893583     
  7.628355612604991E-002  4.341085279746535E-002 -0.168725151896053     
  0.104449293011023       4.917205992474010E-002 -0.154628350977560     
  0.103377782919385       4.500833400639250E-002 -0.120261802078404     
  0.101387258252831       4.957738674234764E-002 -7.880742829095426E-002
 -1.784939747917587E-002  7.756629425255536E-003 -1.922133717222865E-002
  0.000000000000000E+000  0.000000000000000E+000  0.000000000000000E+000
  0.000000000000000E+000  0.000000000000000E+000  0.000000000000000E+000
  0.000000000000000E+000  0.000000000000000E+000  0.000000000000000E+000
  0.000000000000000E+000  0.000000000000000E+000  0.000000000000000E+000
  1.377828418271875E-002 -5.838293248381078E-003 -1.433599397979637E-002
 -5.146119565441849E-003  8.751856929073953E-002 -6.414502460053158E-002
 -1.081665670427904E-002  9.733187125274560E-002 -0.104693355011662     
 -1.095467312491841E-002  9.672520793656633E-002 -0.134099889130034     
 -3.150285953974832E-003  7.761596631073626E-002 -0.148481290953204     
  8.926634128575368E-003  5.660673963072343E-002 -0.153058372498541     
  2.409487470307813E-002  4.165450682710585E-002 -0.153200075631590     
  4.495512548064666E-002  3.631899165994838E-002 -0.153864094313837     
  6.890781146566427E-002  3.622452543123696E-002 -0.148827345635432     
  8.910467768346579E-002  3.893912291461775E-002 -0.134109682070819     
  8.962383677311954E-002  3.935591039176277E-002 -0.104634267166658     
  7.821370712150028E-002  3.924277673192925E-002 -6.399674385090222E-002
 -1.195928849039244E-002  8.958311648602224E-003 -1.432283642513873E-002
  0.000000000000000E+000  0.000000000000000E+000  0.000000000000000E+000
  0.000000000000000E+000  0.000000000000000E+000  0.000000000000000E+000
  0.000000000000000E+000  0.000000000000000E+000  0.000000000000000E+000
  0.000000000000000E+000  0.000000000000000E+000  0.000000000000000E+000
  5.244258825517422E-003 -9.274808805284643E-003 -5.452759312727913E-003
  3.826781401047303E-003  5.793259585566372E-002 -4.460389914327345E-002
 -9.839119127992275E-003  6.418883996032261E-002 -7.352125340462068E-002
 -1.036614459556260E-002  6.889811555327258E-002 -9.913186384676992E-002
 -5.117633340119094E-003  5.571046403925246E-002 -0.113657421014175     
  3.965753861618351E-003  4.184243622019419E-002 -0.119881923432232     
  1.773117243603554E-002  3.058670171283328E-002 -0.122623486762526     
  3.460119865946518E-002  2.454457941703326E-002 -0.120679851699937     
  5.087268031858726E-002  2.351759505553741E-002 -0.113984474601232     
  6.475519207105158E-002  2.554334406062546E-002 -9.919755394547435E-002
  6.050324962237302E-002  2.364247922109643E-002 -7.352829353618293E-002
  4.820068556047603E-002  3.223728433544651E-002 -4.451401869007259E-002
 -1.067579790040340E-002 -1.238596049007846E-004 -5.450635762637612E-003
  0.000000000000000E+000  0.000000000000000E+000  0.000000000000000E+000
  0.000000000000000E+000  0.000000000000000E+000  0.000000000000000E+000
  0.000000000000000E+000  0.000000000000000E+000  0.000000000000000E+000
  0.000000000000000E+000  0.000000000000000E+000  0.000000000000000E+000
 -1.670434641332663E-003 -3.445662325715045E-003 -4.964013080210023E-003
  1.157536274087183E-002  1.225155649584739E-002 -1.309271366692608E-002
  6.510155716791680E-004  2.254301863449613E-002 -2.545429581584133E-002
  2.392018483317007E-003  2.873390747194068E-002 -4.309613092592764E-002
 -1.858561945746706E-003  2.699845829878152E-002 -5.499855042931692E-002
  2.813927367457268E-003  2.242400160249107E-002 -6.638905269494891E-002
  9.480613018038424E-003  1.614895117044526E-002 -6.866422953474532E-002
  1.824169308418969E-002  1.377525299508472E-002 -6.707031052319891E-002
  2.428421764791390E-002  1.200292529906752E-002 -5.520321296731411E-002
  2.366424698287690E-002  1.644578490988600E-002 -4.310494586818079E-002
  1.921500600665008E-002  1.185216553573710E-002 -2.547104319252394E-002
  4.852415123831841E-003  1.611757731185905E-002 -1.308084711615495E-002
 -2.170300963608419E-003 -3.168767594947134E-003 -4.957137295033827E-003
  0.000000000000000E+000  0.000000000000000E+000  0.000000000000000E+000
  0.000000000000000E+000  0.000000000000000E+000  0.000000000000000E+000
  0.000000000000000E+000  0.000000000000000E+000  0.000000000000000E+000
  0.000000000000000E+000  0.000000000000000E+000  0.000000000000000E+000
  0.000000000000000E+000  0.000000000000000E+000  0.000000000000000E+000
  0.000000000000000E+000  0.000000000000000E+000  0.000000000000000E+000
  0.000000000000000E+000  0.000000000000000E+000  0.000000000000000E+000
  0.000000000000000E+000  0.000000000000000E+000  0.000000000000000E+000
  0.000000000000000E+000  0.000000000000000E+000  0.000000000000000E+000
  0.000000000000000E+000  0.000000000000000E+000  0.000000000000000E+000
  0.000000000000000E+000  0.000000000000000E+000  0.000000000000000E+000
  0.000000000000000E+000  0.000000000000000E+000  0.000000000000000E+000
  0.000000000000000E+000  0.000000000000000E+000  0.000000000000000E+000
  0.000000000000000E+000  0.000000000000000E+000  0.000000000000000E+000
  0.000000000000000E+000  0.000000000000000E+000  0.000000000000000E+000
  0.000000000000000E+000  0.000000000000000E+000  0.000000000000000E+000
  0.000000000000000E+000  0.000000000000000E+000  0.000000000000000E+000
  0.000000000000000E+000  0.000000000000000E+000  0.000000000000000E+000
  0.000000000000000E+000  0.000000000000000E+000  0.000000000000000E+000
  0.000000000000000E+000  0.000000000000000E+000  0.000000000000000E+000
  0.000000000000000E+000  0.000000000000000E+000  0.000000000000000E+000
  0.000000000000000E+000  0.000000000000000E+000  0.000000000000000E+000
  0.000000000000000E+000  0.000000000000000E+000  0.000000000000000E+000
  0.000000000000000E+000  0.000000000000000E+000  0.000000000000000E+000
  0.000000000000000E+000  0.000000000000000E+000  0.000000000000000E+000
  0.000000000000000E+000  0.000000000000000E+000  0.000000000000000E+000
  0.000000000000000E+000  0.000000000000000E+000  0.000000000000000E+000
  0.000000000000000E+000  0.000000000000000E+000  0.000000000000000E+000
  0.000000000000000E+000  0.000000000000000E+000  0.000000000000000E+000
  0.000000000000000E+000  0.000000000000000E+000  0.000000000000000E+000
  0.000000000000000E+000  0.000000000000000E+000  0.000000000000000E+000
  0.000000000000000E+000  0.000000000000000E+000  0.000000000000000E+000
  0.000000000000000E+000  0.000000000000000E+000  0.000000000000000E+000
  0.000000000000000E+000  0.000000000000000E+000  0.000000000000000E+000
  0.000000000000000E+000  0.000000000000000E+000  0.000000000000000E+000
  0.000000000000000E+000  0.000000000000000E+000  0.000000000000000E+000
  0.000000000000000E+000  0.000000000000000E+000  0.000000000000000E+000
  0.000000000000000E+000  0.000000000000000E+000  0.000000000000000E+000
 -4.958790526763582E-006 -8.216655233722404E-005 -7.841574997282697E-005
 -2.262062891442592E-004  8.694408888045895E-005  4.094931340284598E-005
 -2.822198906470327E-004 -1.910567301741986E-004  9.588180615823674E-004
 -2.885765599845120E-005  2.307291046352043E-004  2.311798660672445E-003
  7.235401828310033E-004 -9.100570787376453E-004  3.332697374984758E-003
  4.142646999493739E-004  4.643678882081601E-004  4.142586656163443E-003
  3.943859899087926E-003  6.842975505592290E-003  2.260868136920684E-003
  1.754547715183012E-004  5.768077948910500E-004  4.143196433851134E-003
 -1.143365120241195E-003  1.599681113305369E-004  3.296649149221966E-003
  2.735366814776834E-004  1.062667730534739E-004  2.280021833648657E-003
  5.136611005927859E-005 -3.156924552969599E-004  9.409258293231833E-004
  1.229353962024871E-004 -1.953540670120544E-004  3.437678039933347E-005
 -1.518711784481772E-004 -8.467243647518112E-005 -6.013776581251426E-005
  0.000000000000000E+000  0.000000000000000E+000  0.000000000000000E+000
  0.000000000000000E+000  0.000000000000000E+000  0.000000000000000E+000
  0.000000000000000E+000  0.000000000000000E+000  0.000000000000000E+000
  0.000000000000000E+000  0.000000000000000E+000  0.000000000000000E+000
 -2.748830380944930E-005 -7.571403731084308E-006 -7.489187961408056E-005
 -1.790304482290006E-004  1.651278636342745E-005  8.041304255142588E-006
 -7.143155544610964E-005 -1.044868538215888E-004  7.391677471563216E-004
  4.139766321893742E-004  8.875706341829327E-005  2.304672804096896E-003
  8.874902895383856E-004 -9.348462765988662E-005  3.242388444287394E-003
  7.749367347856984E-004  2.889478692774860E-004  4.371036013745613E-003
  2.069530987986548E-003  3.594285431570374E-003  2.496993662036076E-003
 -1.546331241461299E-004  8.149170065641765E-004  4.373648345895643E-003
 -5.398085971826690E-004  7.047372243200699E-004  3.196775371327044E-003
 -9.673408346880484E-005  3.940099394346372E-004  2.277481978020030E-003
 -1.205661924737195E-005 -1.075746565374680E-004  7.189508307049010E-004
  6.759356289381292E-005 -1.783000316993976E-004  6.071187771854214E-006
 -6.413578109881865E-005 -5.927240043174139E-005 -5.920979854385667E-005
  0.000000000000000E+000  0.000000000000000E+000  0.000000000000000E+000
  0.000000000000000E+000  0.000000000000000E+000  0.000000000000000E+000
  0.000000000000000E+000  0.000000000000000E+000  0.000000000000000E+000
  0.000000000000000E+000  0.000000000000000E+000  0.000000000000000E+000
 -3.389679505758763E-005  1.744793344196781E-004 -6.605633351309975E-005
 -1.734006895945771E-004 -2.229953902349559E-004 -6.956468434629850E-005
  1.167395695214413E-004  3.131605019754891E-004  5.366184069421890E-004
  8.029929043482273E-004 -2.738582909766411E-004  1.938819284051454E-003
  8.590105647510552E-004 -3.495825002605727E-004  3.116884164555881E-003
  5.330538990450584E-004 -4.700164828839857E-004  4.251848248291840E-003
 -1.725739986702123E-003 -2.984405011536535E-003  4.099345983750136E-003
 -5.167297165408543E-004  3.568329807207179E-004  4.240218397781292E-003
 -8.117105715654365E-004  5.286765695671560E-004  3.107898544347742E-003
 -7.220839858033593E-004  4.889608964020836E-004  1.901302124087710E-003
  2.357258762734796E-004  2.333844156371712E-004  5.259363648862642E-004
 -9.333042301784069E-005 -2.657035608614431E-004 -7.061785820766721E-005
  1.188472939831330E-004  3.641066610327070E-005 -5.189330924536140E-005
  0.000000000000000E+000  0.000000000000000E+000  0.000000000000000E+000
  0.000000000000000E+000  0.000000000000000E+000  0.000000000000000E+000
  0.000000000000000E+000  0.000000000000000E+000  0.000000000000000E+000
  0.000000000000000E+000  0.000000000000000E+000  0.000000000000000E+000
 -1.046603586520144E-004  3.944621792452670E-004 -7.866544701524071E-005
 -2.113993328743715E-005 -1.520699302726448E-005 -6.444792389282558E-005
  3.563074265348181E-004 -4.967406538745036E-004  4.278494975853638E-004
  9.856901130629696E-004 -3.259681786552467E-004  1.969953029165582E-003
  9.193157422999835E-004  1.831892450415918E-003  2.822732768987894E-003
  6.595287135705269E-004  7.350097607398021E-004  3.020086605895308E-003
 -1.658036661264637E-003 -2.914702414063565E-003  5.474915813123662E-003
  4.791906502868180E-004  1.069085513890923E-003  2.928184878406887E-003
  1.343171461631543E-003  1.820914609228234E-003  2.796942967669108E-003
 -7.537702230053825E-004  6.715413441187063E-004  1.971632526860354E-003
 -5.382362617944017E-004  6.537901150878675E-005  4.146943903838731E-004
  4.012984507576164E-005 -2.386180348725728E-005 -6.146761134796380E-005
  3.679892789215752E-004  9.442732237203060E-005 -6.996176017622000E-005
  0.000000000000000E+000  0.000000000000000E+000  0.000000000000000E+000
  0.000000000000000E+000  0.000000000000000E+000  0.000000000000000E+000
  0.000000000000000E+000  0.000000000000000E+000  0.000000000000000E+000
  0.000000000000000E+000  0.000000000000000E+000  0.000000000000000E+000
 -2.443549884506035E-005  6.583764857475690E-005 -1.142089369821035E-004
 -3.700906155862041E-004  1.503135452077343E-003 -1.838064449262552E-004
  2.028744173016320E-004  3.119870295300302E-003  2.366653905124904E-004
  6.570625144289718E-004  4.216695477669378E-003  5.635540747503241E-004
  8.757613682362754E-004  3.262181655627507E-003  1.418014264399731E-003
  5.644321856051011E-004  2.141592375382952E-003  1.859738305636846E-003
  1.032449831923654E-003  1.714389592448893E-003  1.675405807882776E-003
  1.502448369039044E-003  1.442725341270363E-003  2.010313321217613E-003
  2.372073592482857E-003  2.380997334426462E-003  1.434185903412333E-003
  3.490505616186836E-003  2.735319344063268E-003  5.198109052885884E-004
  2.713400821135515E-003  1.756811746811772E-003  2.210164309768967E-004
  1.507716167535775E-003  4.188132379167477E-004 -1.818311913703662E-004
  5.979241726112377E-005  5.437176442967276E-006 -1.093780155370489E-004
  0.000000000000000E+000  0.000000000000000E+000  0.000000000000000E+000
  0.000000000000000E+000  0.000000000000000E+000  0.000000000000000E+000
  0.000000000000000E+000  0.000000000000000E+000  0.000000000000000E+000
  0.000000000000000E+000  0.000000000000000E+000  0.000000000000000E+000
  1.649363609329523E-005 -7.285699457582501E-005 -6.581547521594593E-005
 -3.568503342432793E-004  1.461582299649439E-003 -2.005102985413020E-004
  3.271677330316768E-004  2.094840956915725E-003  2.291785148369768E-005
  6.957094077112664E-004  2.411748293658680E-003  4.973395848477184E-004
  6.366278093000339E-004  1.881448215829225E-003  1.603211689796095E-003
 -2.409756343527785E-005 -7.172979411780782E-004  4.529177509028888E-003
 -8.870268042731870E-004 -1.547873365368083E-003  5.461126860546177E-003
 -5.815182391244315E-004 -3.895510350849812E-004  4.518317210156685E-003
  1.231393312796268E-003  1.434396431545529E-003  1.727237655878073E-003
  1.769304891241570E-003  1.828916256981587E-003  4.851354945700306E-004
  1.697269576572064E-003  1.339700357121880E-003  1.085033263511273E-005
  1.429295221817468E-003  4.033988451103330E-004 -1.937063785011849E-004
 -6.934949479292927E-005 -2.567074289804817E-005 -6.298057631529163E-005
  0.000000000000000E+000  0.000000000000000E+000  0.000000000000000E+000
  0.000000000000000E+000  0.000000000000000E+000  0.000000000000000E+000
  0.000000000000000E+000  0.000000000000000E+000  0.000000000000000E+000
  0.000000000000000E+000  0.000000000000000E+000  0.000000000000000E+000
 -9.201450919988506E-005 -3.079431623050808E-006 -4.012362971338079E-005
  2.615390214643214E-004 -1.906492901638057E-005  9.133303015755118E-005
  1.433405433794954E-003 -1.580271495389996E-003  1.479071293621384E-003
  1.843540807439445E-003 -2.132375144613337E-003  3.265861355330199E-003
  7.323256740265395E-004  1.059489523709478E-003  1.204467777788134E-003
  1.865935381142125E-004 -9.603620284433515E-004  4.189980438046132E-003
 -2.113482731884318E-003 -3.675337176368150E-003  9.588523953211662E-003
 -9.897980044656486E-004 -3.862549093066183E-004  4.275132415488720E-003
  6.107773084231863E-004  1.197785972611902E-003  1.124187412040358E-003
 -2.748782850120371E-003  5.561099526255875E-004  3.254670786578746E-003
 -2.193150040202704E-003  4.380199292410348E-004  1.531679295660714E-003
 -1.830334947736199E-004  1.979039146225759E-004  9.282647683083935E-005
  5.021568046008310E-005 -8.677769752551701E-005 -3.453728979451653E-005
  0.000000000000000E+000  0.000000000000000E+000  0.000000000000000E+000
  0.000000000000000E+000  0.000000000000000E+000  0.000000000000000E+000
  0.000000000000000E+000  0.000000000000000E+000  0.000000000000000E+000
  0.000000000000000E+000  0.000000000000000E+000  0.000000000000000E+000
 -1.789243699523712E-004  1.150632922682617E-004 -7.334524069353041E-005
  7.312853299986509E-004 -1.087620495248658E-003  3.903628878082265E-004
  2.000142110558720E-003 -2.788407978304697E-003  2.231953842441770E-003
  1.514679994180808E-003 -4.799152389957352E-004  1.285125432586111E-003
  4.108908459852385E-004  3.186198727916364E-003 -3.332162621014762E-003
  7.134892578128970E-004  1.909400930574078E-003 -1.751545389419427E-003
  2.504170887067725E-004  4.649114807130110E-004  1.336285611311557E-003
  1.265362526662294E-003  1.555822655125199E-003 -1.726857021875873E-003
  2.635400160873062E-003  1.985892214985503E-003 -3.484859080714510E-003
 -1.094947087320178E-003  1.112069070177622E-003  1.198065462071663E-003
 -3.513954398664974E-003  3.385155995888447E-004  2.285091704686230E-003
 -1.366182811785608E-003  7.401287235792445E-005  3.959458923571443E-004
  1.986701107651306E-004 -1.042173724858619E-004 -7.081235777435532E-005
  0.000000000000000E+000  0.000000000000000E+000  0.000000000000000E+000
  0.000000000000000E+000  0.000000000000000E+000  0.000000000000000E+000
  0.000000000000000E+000  0.000000000000000E+000  0.000000000000000E+000
  0.000000000000000E+000  0.000000000000000E+000  0.000000000000000E+000
 -5.394327969070723E-005  6.689619559724423E-005 -1.020296036759432E-004
  3.273812092048703E-004 -8.220038945279260E-004  3.801512381758719E-004
  1.553503594771931E-003 -1.712348521323060E-003  1.510480917808270E-003
  4.267174926203564E-004  1.055507883945902E-003 -1.301943959283647E-003
  1.582226580459861E-004  1.870993324506615E-003 -3.204770799527322E-003
  3.591644570570282E-004  1.612084282917142E-003 -2.821027172591094E-003
  3.774361383810403E-004  7.011587456384409E-004 -1.452403835261096E-003
  1.179679459224837E-003  1.117419340069404E-003 -2.823984210525641E-003
  1.563870047825461E-003  1.086911168015071E-003 -3.276785398766867E-003
  7.335984152159964E-004  9.169396366061649E-004 -1.359410109154811E-003
 -2.275521000927959E-003  5.027874027229939E-004  1.506624731652526E-003
 -9.105210768671628E-004 -1.422996755792305E-004  3.865174375021256E-004
  8.962847312228843E-005 -1.360187382004441E-005 -1.047923598716929E-004
  0.000000000000000E+000  0.000000000000000E+000  0.000000000000000E+000
  0.000000000000000E+000  0.000000000000000E+000  0.000000000000000E+000
  0.000000000000000E+000  0.000000000000000E+000  0.000000000000000E+000
  0.000000000000000E+000  0.000000000000000E+000  0.000000000000000E+000
  1.732221518461510E-005 -5.738810843884063E-006  5.798100864086730E-006
  3.695492999482964E-006 -1.542616124591911E-004 -6.023644324072563E-005
  3.513614784680681E-004 -1.351542026499002E-004 -2.584623184485782E-004
  2.993803054687429E-004  5.488390166833503E-004 -1.237936029259851E-003
  5.483255035990580E-004  2.214324609450964E-004  2.817293254654841E-004
  1.935897124431827E-004  3.644085311422754E-004  2.016491415381200E-004
 -1.050922304751879E-005  3.533207990350545E-005  3.148232957579778E-003
  1.568011829230926E-004  3.646354463447074E-004  3.855382037945601E-004
 -9.321361227405238E-005  5.960531042983201E-004  2.817464569090291E-004
  3.241850769284207E-004  5.445189879049444E-004 -1.239580503119320E-003
 -2.943237592498821E-004  2.478973119218855E-004 -2.762847493388990E-004
 -1.402183649609048E-004 -7.954790621340373E-005 -6.616869382580339E-005
 -1.432444417278255E-005  1.268259508393685E-005  6.103276265314037E-006
  0.000000000000000E+000  0.000000000000000E+000  0.000000000000000E+000
  0.000000000000000E+000  0.000000000000000E+000  0.000000000000000E+000
  0.000000000000000E+000  0.000000000000000E+000  0.000000000000000E+000
  0.000000000000000E+000  0.000000000000000E+000  0.000000000000000E+000
  0.000000000000000E+000  0.000000000000000E+000  0.000000000000000E+000
  0.000000000000000E+000  0.000000000000000E+000  0.000000000000000E+000
  0.000000000000000E+000  0.000000000000000E+000  0.000000000000000E+000
  0.000000000000000E+000  0.000000000000000E+000  0.000000000000000E+000
  0.000000000000000E+000  0.000000000000000E+000  0.000000000000000E+000
  0.000000000000000E+000  0.000000000000000E+000  0.000000000000000E+000
  0.000000000000000E+000  0.000000000000000E+000  0.000000000000000E+000
  0.000000000000000E+000  0.000000000000000E+000  0.000000000000000E+000
  0.000000000000000E+000  0.000000000000000E+000  0.000000000000000E+000
  0.000000000000000E+000  0.000000000000000E+000  0.000000000000000E+000
  0.000000000000000E+000  0.000000000000000E+000  0.000000000000000E+000
  0.000000000000000E+000  0.000000000000000E+000  0.000000000000000E+000
  0.000000000000000E+000  0.000000000000000E+000  0.000000000000000E+000
  0.000000000000000E+000  0.000000000000000E+000  0.000000000000000E+000
  0.000000000000000E+000  0.000000000000000E+000  0.000000000000000E+000
  0.000000000000000E+000  0.000000000000000E+000  0.000000000000000E+000
  0.000000000000000E+000  0.000000000000000E+000  0.000000000000000E+000
  0.000000000000000E+000  0.000000000000000E+000  0.000000000000000E+000
  0.000000000000000E+000  0.000000000000000E+000  0.000000000000000E+000
  0.000000000000000E+000  0.000000000000000E+000  0.000000000000000E+000
  0.000000000000000E+000  0.000000000000000E+000  0.000000000000000E+000
  0.000000000000000E+000  0.000000000000000E+000  0.000000000000000E+000
  0.000000000000000E+000  0.000000000000000E+000  0.000000000000000E+000
  0.000000000000000E+000  0.000000000000000E+000  0.000000000000000E+000
  0.000000000000000E+000  0.000000000000000E+000  0.000000000000000E+000
  0.000000000000000E+000  0.000000000000000E+000  0.000000000000000E+000
  0.000000000000000E+000  0.000000000000000E+000  0.000000000000000E+000
  0.000000000000000E+000  0.000000000000000E+000  0.000000000000000E+000
  0.000000000000000E+000  0.000000000000000E+000  0.000000000000000E+000
  0.000000000000000E+000  0.000000000000000E+000  0.000000000000000E+000
  0.000000000000000E+000  0.000000000000000E+000  0.000000000000000E+000
  0.000000000000000E+000  0.000000000000000E+000  0.000000000000000E+000
  0.000000000000000E+000  0.000000000000000E+000  0.000000000000000E+000
  0.000000000000000E+000  0.000000000000000E+000  0.000000000000000E+000
  0.849043199382486       -1.75215436553509        4.72832271699353     
  0.359227735218737        1.02071774165995       -4.16163995704583     
   4.58072159045164       -3.06044955747600       -7.66652628925416     
   8.02997633825490        5.32979096865665       -16.8200750136308     
   8.98473301740670       -9.19843890477484       -18.0271572390319     
  -1.33291885179061        5.33103589670530        5.34757679998951     
   72.3056912822994        124.783632772238       -22.5678546155683     
   3.78511502999673       0.298569061307900        5.06597597848566     
  -13.3265666255395        2.76641476650527       -18.8829047102709     
   1.99761811198046        10.7780699236308       -17.2488125922454     
  -5.02196875388979        2.96507018750880       -7.73285887468480     
 -0.943340335078897       0.322699654442342       -3.74239849269725     
  -2.82983021984279      -0.556316281780182        5.08520910906358     
  0.000000000000000E+000  0.000000000000000E+000  0.000000000000000E+000
  0.000000000000000E+000  0.000000000000000E+000  0.000000000000000E+000
  0.000000000000000E+000  0.000000000000000E+000  0.000000000000000E+000
  0.000000000000000E+000  0.000000000000000E+000  0.000000000000000E+000
   1.03741495055587       0.825778440744663        4.10558341199011     
 -0.625943341718176      -0.388712009602082       -2.42213335287757     
   4.03873207796140       -1.19337599024751       -7.82072895204981     
   6.70275440655454        2.08589503031621       -13.7179802600606     
   9.33460717927157       -1.09057398295146       -22.7397439408615     
   9.72352767620358        1.55622888364034        9.75369193557626     
   38.2082567404861        66.1585975101141       -16.9084398307399     
  -3.71078841979333        8.92024871274760        9.48078217870003     
  -6.54833464646414        7.11784570913195       -23.6701531669673     
 -0.826488748840159        7.40198209297737       -14.1254121745252     
  -3.16165729493448        3.36448914881074       -7.82493894877070     
  -1.24714488149047       -1.01374780078524       -1.93848952897074     
 -0.579081238354519        1.00437546097504        4.39714223158377     
  0.000000000000000E+000  0.000000000000000E+000  0.000000000000000E+000
  0.000000000000000E+000  0.000000000000000E+000  0.000000000000000E+000
  0.000000000000000E+000  0.000000000000000E+000  0.000000000000000E+000
  0.000000000000000E+000  0.000000000000000E+000  0.000000000000000E+000
  0.833041493654365        6.69713038044152        3.86117083694840     
  -2.27779937793944       -3.93287901872448      -0.783599566457165     
 -0.230970033938240        2.69305328118675       -2.78099603490132     
   5.76585191481469       -2.32851019593441       -12.2421797991396     
   4.82374013790088       -11.7526975114405       -17.7830509335179     
   7.74467882426257        6.13693797511521        8.52595695097807     
  -36.1326797696410       -62.1809327311549        9.74301664407353     
   5.12968971117120        12.8155013409939        7.23180243238318     
  -13.7355939445176       -2.43435334900873       -18.1926696447229     
  -6.47963057796097        2.84474647664530       -12.7897841393365     
   2.97350298885576        1.58581495824252       -2.55754722984064     
  -2.83369395996845       -3.81974207822079      -0.307548714673954     
   4.84740346030290        3.91419155488022        4.10572377050421     
  0.000000000000000E+000  0.000000000000000E+000  0.000000000000000E+000
  0.000000000000000E+000  0.000000000000000E+000  0.000000000000000E+000
  0.000000000000000E+000  0.000000000000000E+000  0.000000000000000E+000
  0.000000000000000E+000  0.000000000000000E+000  0.000000000000000E+000
 -0.387664133795478        12.8031452698890        3.04953705568616     
  -6.31756836930194       -1.61040115392400        2.14573867770191     
  -8.81625745216148        4.49255072484873        2.35255530083287     
  -5.11960010709652       -10.2298842565561        1.12186036686247     
  -4.88277858509163        50.6742249382568       -17.2163706163235     
   3.50886236957091        12.2878037987198       -17.9813652585687     
  -56.0316536806457       -97.2061750686548        65.0747965133200     
   8.91675766173113        9.46506919972511       -18.3911757160769     
   46.0091193703725        20.7058993221475       -17.3142054493977     
  -7.12394822560656       -10.2388843475401        1.03582553069811     
   8.69491432035663       -5.07187641254166        2.56404190400284     
   1.97420460376109       -5.86666202920039        2.63636701849154     
   10.9964593903243        6.04097557560200        3.21126237123506     
  0.000000000000000E+000  0.000000000000000E+000  0.000000000000000E+000
  0.000000000000000E+000  0.000000000000000E+000  0.000000000000000E+000
  0.000000000000000E+000  0.000000000000000E+000  0.000000000000000E+000
  0.000000000000000E+000  0.000000000000000E+000  0.000000000000000E+000
 -0.320169769168780        6.56710521631172        4.27768892885781     
  -11.6664608367569        7.91615804062833       0.868751533984599     
  -12.3606610143312       -24.5184113597448        11.2931432285849     
  -12.0710987250773        15.6741788600764        6.71933495420155     
  -3.79487551609526        10.7278953528172       -5.74708961348087     
  -8.36283483430284       -1.57044120930031       -2.74336622260390     
   1.49756969929111        2.90843213894991       -5.62622524306790     
   1.77186895666717       -8.60719052573519       -1.61355525742018     
   10.4672041561596        1.87861099276321       -5.88995388616470     
   21.6322451571801       -1.90369024995184        5.88757432641111     
  -14.4192595841096       -22.7139313360938        11.6038765866377     
   13.0243028714100       -5.81080877363110        1.22949853611443     
   5.79932910700922        3.06380515241043        4.37948120864135     
  0.000000000000000E+000  0.000000000000000E+000  0.000000000000000E+000
  0.000000000000000E+000  0.000000000000000E+000  0.000000000000000E+000
  0.000000000000000E+000  0.000000000000000E+000  0.000000000000000E+000
  0.000000000000000E+000  0.000000000000000E+000  0.000000000000000E+000
   1.25964973442071        2.12187706436822        5.53066773339521     
  -14.2282571920690        2.34514702216638       0.469358183626163     
  -18.9008833550850        6.35786993715932        6.39614959899938     
  -7.66649455753147        8.62164242626223        10.5614027408931     
  0.425439628074177       -4.58769091517352        15.0180614028938     
   5.77506014381791        20.5481713079292       -23.2688892177797     
   23.5344302831853        41.4716852043197       -61.5819869905677     
   15.2416829402363        16.1958479100030       -24.2913884489914     
  -4.34218082663207       -2.00432890257778        15.3471634284843     
   10.1109023220553       -2.75238214541109        11.2620274055550     
   14.7934749210933       -13.1201695914920        6.70124883471945     
   8.95656790126795       -10.9915881763355       0.821783578340538     
   1.22745368159673        2.19752391840506        5.63657382700587     
  0.000000000000000E+000  0.000000000000000E+000  0.000000000000000E+000
  0.000000000000000E+000  0.000000000000000E+000  0.000000000000000E+000
  0.000000000000000E+000  0.000000000000000E+000  0.000000000000000E+000
  0.000000000000000E+000  0.000000000000000E+000  0.000000000000000E+000
  0.784256960020723       -1.29470367922785        3.85430717294746     
  -14.9537448457482        3.72615451811707        1.77079591716425     
  -28.0283911919876        46.7705590584534       -22.5895979848294     
   6.19953430957207       -19.5596174613304        33.1540784318088     
   7.17470316844638       -18.9859438674754        35.3972482375743     
   5.37750070865298        18.5744968170266       -28.0736512170586     
   4.55060794145812        7.84737196672122       -23.5267224923226     
   11.6160476172771        12.9195463143002       -24.9062653165046     
  -20.1427378137010       -3.05999999638549        35.3142780323477     
  -19.4403049163836       -4.18080222977793        32.9950411626482     
   55.5490594752600      -0.445501938573997       -22.8693226679173     
   9.95670161299144       -10.9828772084141        2.23844364051333     
  -1.50508940760695       5.719563905216493E-003   3.90447490323579     
  0.000000000000000E+000  0.000000000000000E+000  0.000000000000000E+000
  0.000000000000000E+000  0.000000000000000E+000  0.000000000000000E+000
  0.000000000000000E+000  0.000000000000000E+000  0.000000000000000E+000
  0.000000000000000E+000  0.000000000000000E+000  0.000000000000000E+000
 -0.838801952921012      -0.547195149839488        3.65596834612374     
  -10.0931702590246        1.99470148924585       -2.10758679321914     
  -18.3960019393964        29.2095060042174       -21.9839493781868     
   8.58001364765487        5.78133445549562        12.2799777036622     
   5.59588945964644        6.47243392794705        9.19080947816958     
   2.14232995087039       -6.11850862220935       -1.62122249866650     
  -24.2501533524019       -42.1320040538767        86.2451728365613     
  -4.88100038980389      -0.284982389451200       -3.71019445402423     
   3.06917273135541        7.98851654736493        9.50882204331016     
   1.28413041631391        10.5300671961473        12.0034674925583     
   36.1488897691888      -0.997514374622993       -22.9134232291445     
   6.33370826764800       -7.62285652618117       -1.70729107456923     
 -3.303544612846370E-002 -0.976842343720178        3.64094153519796     
  0.000000000000000E+000  0.000000000000000E+000  0.000000000000000E+000
  0.000000000000000E+000  0.000000000000000E+000  0.000000000000000E+000
  0.000000000000000E+000  0.000000000000000E+000  0.000000000000000E+000
  0.000000000000000E+000  0.000000000000000E+000  0.000000000000000E+000
 -0.784330427508828        1.61060708941619        1.30059004996340     
  -2.58451469592800       -6.67568258482798      -0.483001140767762     
 -0.180815576046058        3.63548747803576       -2.63178813143744     
  -3.36120217907770        25.1348475425434       -20.0710378990137     
  -4.81559124588672        27.4865618113578       -30.5804290729900     
  -9.71264218707182       -1.98961155558325       -15.5456689817229     
 -7.519235189103883E-002 -0.702721984990144       -15.5624972522575     
   4.33742066916237       -9.34612469475351       -17.2374949385686     
   25.5728675375200        9.51841211275895       -28.9216770754180     
   23.0434770042771        9.74781341487974       -19.0652568152752     
   2.56521294826221        1.77796846215134       -1.89608172282423     
  -4.45741435369716       -5.49666935321451      -0.478072846533775     
   1.77051372027917       0.142662428546729        1.35970876113675     
  0.000000000000000E+000  0.000000000000000E+000  0.000000000000000E+000
  0.000000000000000E+000  0.000000000000000E+000  0.000000000000000E+000
  0.000000000000000E+000  0.000000000000000E+000  0.000000000000000E+000
  0.000000000000000E+000  0.000000000000000E+000  0.000000000000000E+000
  0.399065032134450       0.482670502406937       0.681009090699994     
  -2.63179004332556       -3.02055465012506       -2.05655003832392     
   7.26512964520204       -1.56313075557985      -0.611645188937926     
  -6.55577679905929        22.4816794825401       -23.7251817646552     
  -5.49073879154012        7.14508295340597       -5.08828723949713     
  -2.62333282879969       -11.9129447006143        73.6565778588879     
  0.984133676095984       0.889367126672110       -71.2408802632119     
  -9.10487538551626       -8.11081563800962        74.8604861458581     
   8.97061869161780       -1.21477992357356       -4.86732753004594     
   23.1465722289941        5.61921680501496       -24.2638456842101     
  -5.33834776871972        5.47188719632880       7.057646984801894E-002
  -1.29051552341548       -3.76934703882836       -2.10824387183426     
  0.234071452439233       0.598361714900624       0.743674675413537     
  0.000000000000000E+000  0.000000000000000E+000  0.000000000000000E+000
  0.000000000000000E+000  0.000000000000000E+000  0.000000000000000E+000
  0.000000000000000E+000  0.000000000000000E+000  0.000000000000000E+000
  0.000000000000000E+000  0.000000000000000E+000  0.000000000000000E+000
  0.000000000000000E+000  0.000000000000000E+000  0.000000000000000E+000
  0.000000000000000E+000  0.000000000000000E+000  0.000000000000000E+000
  0.000000000000000E+000  0.000000000000000E+000  0.000000000000000E+000
  0.000000000000000E+000  0.000000000000000E+000  0.000000000000000E+000
  0.000000000000000E+000  0.000000000000000E+000  0.000000000000000E+000
  0.000000000000000E+000  0.000000000000000E+000  0.000000000000000E+000
  0.000000000000000E+000  0.000000000000000E+000  0.000000000000000E+000
  0.000000000000000E+000  0.000000000000000E+000  0.000000000000000E+000
  0.000000000000000E+000  0.000000000000000E+000  0.000000000000000E+000
  0.000000000000000E+000  0.000000000000000E+000  0.000000000000000E+000
  0.000000000000000E+000  0.000000000000000E+000  0.000000000000000E+000
  0.000000000000000E+000  0.000000000000000E+000  0.000000000000000E+000
  0.000000000000000E+000  0.000000000000000E+000  0.000000000000000E+000
  0.000000000000000E+000  0.000000000000000E+000  0.000000000000000E+000
  0.000000000000000E+000  0.000000000000000E+000  0.000000000000000E+000
  0.000000000000000E+000  0.000000000000000E+000  0.000000000000000E+000
  0.000000000000000E+000  0.000000000000000E+000  0.000000000000000E+000
  0.000000000000000E+000  0.000000000000000E+000  0.000000000000000E+000
  0.000000000000000E+000  0.000000000000000E+000  0.000000000000000E+000
  0.000000000000000E+000  0.000000000000000E+000  0.000000000000000E+000
  0.000000000000000E+000  0.000000000000000E+000  0.000000000000000E+000
  0.000000000000000E+000  0.000000000000000E+000  0.000000000000000E+000
  0.000000000000000E+000  0.000000000000000E+000  0.000000000000000E+000
  0.000000000000000E+000  0.000000000000000E+000  0.000000000000000E+000
  0.000000000000000E+000  0.000000000000000E+000  0.000000000000000E+000
  0.000000000000000E+000  0.000000000000000E+000  0.000000000000000E+000
  0.000000000000000E+000  0.000000000000000E+000  0.000000000000000E+000
  0.000000000000000E+000  0.000000000000000E+000  0.000000000000000E+000
  0.000000000000000E+000  0.000000000000000E+000  0.000000000000000E+000
  0.000000000000000E+000  0.000000000000000E+000  0.000000000000000E+000
  0.000000000000000E+000  0.000000000000000E+000  0.000000000000000E+000
  0.000000000000000E+000  0.000000000000000E+000  0.000000000000000E+000
