         140  1.399999999999997E-002  1.399999999999997E-002
  0.000000000000000E+000  0.000000000000000E+000  0.000000000000000E+000
  0.000000000000000E+000  0.000000000000000E+000  0.000000000000000E+000
  3.293838475437333E-002  3.145660862663852E-002 -5.572735529978012E-002
  3.114481363994322E-002  2.225885750766021E-002 -7.449071783847669E-002
  3.678195627022755E-002  1.713658929223482E-002 -0.102145491550601     
  3.537601836880760E-002  1.971665185500148E-002 -0.114522843427192     
  3.632891280390478E-002  1.980935033913304E-002 -0.124731109925480     
  3.713537011411478E-002  6.056168925306629E-002 -0.133945966641178     
  4.767693445795445E-002  8.259535582464424E-002 -0.142366507019220     
  3.384778630746714E-002  6.243012532020904E-002 -0.133940523148030     
 -1.015234347624243E-003  4.137706817616330E-002 -0.124738701271743     
 -6.289055810984571E-004  4.049806809596528E-002 -0.114533692829659     
 -3.571414527805998E-003  4.042406503179202E-002 -0.102181034857025     
  3.669901853243547E-003  3.808597176259929E-002 -7.450623848234018E-002
  1.078954003571285E-002  4.428562309877551E-002 -5.577156209058110E-002
  0.000000000000000E+000  0.000000000000000E+000  0.000000000000000E+000
  0.000000000000000E+000  0.000000000000000E+000  0.000000000000000E+000
  0.000000000000000E+000  0.000000000000000E+000  0.000000000000000E+000
  0.000000000000000E+000  0.000000000000000E+000  0.000000000000000E+000
  2.547675527751617E-002  2.913701455388226E-002 -4.834692572266826E-002
  2.873316829854758E-002  3.059204156320592E-002 -7.552742357241907E-002
  3.078488842566911E-002  2.578590811294517E-002 -9.806123639790774E-002
  3.300234132592413E-002  2.834418658127334E-002 -0.114908777741392     
  3.269082677935401E-002  2.908542447741361E-002 -0.122801446349962     
  3.459154292187299E-002  6.155139923864566E-002 -0.134269841690295     
  4.409099783018446E-002  7.638430790529843E-002 -0.142095836574811     
  3.598129542617074E-002  6.072669133347305E-002 -0.134267058264254     
  8.818737281385340E-003  4.285575129308467E-002 -0.122807962122157     
  8.023648134557091E-003  4.275387111749896E-002 -0.114921363514750     
  6.907112540867413E-003  3.954751458049264E-002 -9.808776736251097E-002
  1.209587480018788E-002  4.016612032414874E-002 -7.554002968268406E-002
  1.251064983426672E-002  3.665219899271219E-002 -4.838076597890361E-002
  0.000000000000000E+000  0.000000000000000E+000  0.000000000000000E+000
  0.000000000000000E+000  0.000000000000000E+000  0.000000000000000E+000
  0.000000000000000E+000  0.000000000000000E+000  0.000000000000000E+000
  0.000000000000000E+000  0.000000000000000E+000  0.000000000000000E+000
  1.665833706074798E-002  2.393145891497033E-002 -3.699426602184976E-002
  2.036933004111208E-002  4.634593738693166E-002 -7.259353105287128E-002
  2.359924770607594E-002  4.472090105946507E-002 -9.459643883045397E-002
  2.595292679419777E-002  4.539300808395404E-002 -0.112014901958861     
  2.836775264826509E-002  4.645334797101343E-002 -0.122152790970175     
  3.253317790540353E-002  6.566407813013952E-002 -0.133385373682569     
  4.077388681394060E-002  7.063842283117602E-002 -0.140694267120403     
  4.056748483131876E-002  6.099472934409891E-002 -0.133383155333237     
  2.598151072244039E-002  4.777645426311780E-002 -0.122160288718198     
  2.629910705868756E-002  4.516583822355024E-002 -0.112022273049435     
  2.688292882042389E-002  4.278280372103447E-002 -9.461321148815720E-002
  2.992245960942872E-002  4.079453835840744E-002 -7.258845726066659E-002
  1.240953708902779E-002  2.639400136214447E-002 -3.701083235126675E-002
  0.000000000000000E+000  0.000000000000000E+000  0.000000000000000E+000
  0.000000000000000E+000  0.000000000000000E+000  0.000000000000000E+000
  0.000000000000000E+000  0.000000000000000E+000  0.000000000000000E+000
  0.000000000000000E+000  0.000000000000000E+000  0.000000000000000E+000
  1.572803547258490E-002  1.295409588418212E-002 -2.718221377276152E-002
  8.729942621918134E-003  6.105315615218296E-002 -6.518060376116322E-002
  1.512591505200193E-002  7.660031796963974E-002 -9.163502370382999E-002
  1.726796304761773E-002  7.923017133097701E-002 -0.111932295660285     
  2.385230456569494E-002  7.471846481224513E-002 -0.123672802007941     
  2.994449686722659E-002  6.678039449304293E-002 -0.131663413875843     
  3.579050140821587E-002  6.200161813464274E-002 -0.133949378223578     
  4.285071472857169E-002  5.934475621158707E-002 -0.131686279320198     
  5.271305601697068E-002  5.800077174069690E-002 -0.123679893592531     
  5.991219407966827E-002  5.455027161441085E-002 -0.111933328503461     
  5.870301551802775E-002  5.137717809913615E-002 -9.162914986789399E-002
  4.846061095687093E-002  3.804027899375552E-002 -6.514238130899311E-002
  3.354599523426826E-003  2.009774572748027E-002 -2.718880030820073E-002
  0.000000000000000E+000  0.000000000000000E+000  0.000000000000000E+000
  0.000000000000000E+000  0.000000000000000E+000  0.000000000000000E+000
  0.000000000000000E+000  0.000000000000000E+000  0.000000000000000E+000
  0.000000000000000E+000  0.000000000000000E+000  0.000000000000000E+000
  1.048994509995447E-002 -3.580158071891455E-003 -1.735614613398669E-002
  7.445574551099440E-003  7.117580731280285E-002 -5.882451123061785E-002
  7.374991135161499E-003  8.922592816259435E-002 -8.906232362285064E-002
  1.167367179469899E-002  9.373844187647094E-002 -0.111297108953047     
  1.913047414185074E-002  7.951141450224881E-002 -0.121925198125319     
  2.532262829893309E-002  6.345199030228969E-002 -0.124428723817805     
  3.135242941578407E-002  5.431195070224776E-002 -0.124825017988024     
  4.233480162299409E-002  5.373331893683745E-002 -0.124512967243143     
  5.927997556378168E-002  5.634553700011895E-002 -0.121967721609497     
  7.525147784072811E-002  5.696375652221610E-002 -0.111285509939421     
  7.347605487821721E-002  5.095433317565320E-002 -8.902649932982662E-002
  5.784379847174018E-002  4.199277596917838E-002 -5.876435264657416E-002
 -8.358920302639520E-003  7.268522120759374E-003 -1.734946586925634E-002
  0.000000000000000E+000  0.000000000000000E+000  0.000000000000000E+000
  0.000000000000000E+000  0.000000000000000E+000  0.000000000000000E+000
  0.000000000000000E+000  0.000000000000000E+000  0.000000000000000E+000
  0.000000000000000E+000  0.000000000000000E+000  0.000000000000000E+000
  1.255740980112022E-002 -8.126598356095392E-003 -1.391753186948912E-002
  6.605819592406319E-003  7.102760645785357E-002 -5.172127591517720E-002
  4.401325316701794E-003  8.766107385522585E-002 -8.351682015907927E-002
  8.323034471205103E-003  9.317233290124975E-002 -0.105455336288761     
  1.474312717939775E-002  7.646588468164356E-002 -0.114399020253992     
  2.158277755702779E-002  5.898919915715924E-002 -0.115035130427971     
  2.808249981957642E-002  4.864182198025371E-002 -0.114078109491075     
  4.041813088157105E-002  4.832149647327347E-002 -0.115216780776706     
  5.890380763362199E-002  5.107735821647587E-002 -0.114506577528922     
  7.643989459876080E-002  5.378852409041709E-002 -0.105443284223621     
  7.359113156894555E-002  4.760839725111002E-002 -8.345593181118315E-002
  5.813695530274200E-002  4.116861653021695E-002 -5.164790683963645E-002
 -1.332812670370422E-002  6.811941346740565E-003 -1.391049185400841E-002
  0.000000000000000E+000  0.000000000000000E+000  0.000000000000000E+000
  0.000000000000000E+000  0.000000000000000E+000  0.000000000000000E+000
  0.000000000000000E+000  0.000000000000000E+000  0.000000000000000E+000
  0.000000000000000E+000  0.000000000000000E+000  0.000000000000000E+000
  1.046932177780265E-002 -2.751502860625155E-003 -9.214744631587531E-003
  8.595581453360073E-003  5.693909485348473E-002 -4.405500456691631E-002
  3.427733223380921E-003  7.920170443488833E-002 -7.361790367827888E-002
  6.102424373095185E-003  8.292846761790154E-002 -9.504454898174083E-002
  1.144779714115908E-002  7.031213499763353E-002 -0.103959676303000     
  1.818317765056901E-002  5.466736755539490E-002 -0.104825636659178     
  2.598804152708322E-002  4.500235404379176E-002 -0.104097955407836     
  3.845413310270212E-002  4.327342964537115E-002 -0.105130719917761     
  5.528982775486412E-002  4.518584078427717E-002 -0.104149832532072     
  6.869823090095588E-002  4.677588867788011E-002 -9.505304587909262E-002
  6.678410615345050E-002  4.254189786062092E-002 -7.354891823744662E-002
  4.492424475027892E-002  3.585190121071740E-002 -4.398610537953698E-002
 -7.584714583325139E-003  7.686977431748830E-003 -9.188083186683727E-003
  0.000000000000000E+000  0.000000000000000E+000  0.000000000000000E+000
  0.000000000000000E+000  0.000000000000000E+000  0.000000000000000E+000
  0.000000000000000E+000  0.000000000000000E+000  0.000000000000000E+000
  0.000000000000000E+000  0.000000000000000E+000  0.000000000000000E+000
  1.033665333053439E-002 -4.376364242760061E-003 -7.746941299797524E-003
  8.959304848442675E-003  4.205816724725423E-002 -3.289695096973159E-002
  3.847690249035163E-003  5.951748161530375E-002 -5.806786719693933E-002
  5.240486633779707E-003  6.715979745464631E-002 -7.811490342548802E-002
  8.638593076437726E-003  5.887775604012328E-002 -8.841445812209996E-002
  1.521018727653369E-002  4.840693046368476E-002 -9.148745520578953E-002
  2.315125327153994E-002  4.005472259504769E-002 -9.184605292541857E-002
  3.458153313073236E-002  3.761398770634600E-002 -9.192604452761075E-002
  4.682128049256228E-002  3.707352023551471E-002 -8.867972092401874E-002
  5.551165198974657E-002  3.815946978072488E-002 -7.816301137933157E-002
  4.956740236632987E-002  3.310230164669523E-002 -5.800492225998684E-002
  3.187330516221696E-002  2.868772755808898E-002 -3.284689046046421E-002
 -8.929095402534804E-003  6.810366522709517E-003 -7.689610929309949E-003
  0.000000000000000E+000  0.000000000000000E+000  0.000000000000000E+000
  0.000000000000000E+000  0.000000000000000E+000  0.000000000000000E+000
  0.000000000000000E+000  0.000000000000000E+000  0.000000000000000E+000
  0.000000000000000E+000  0.000000000000000E+000  0.000000000000000E+000
  7.130726357352139E-003 -3.588705055524414E-003 -5.068121024565873E-003
  6.582150505552211E-003  2.188325442279084E-002 -1.816631977968551E-002
  4.821225651197982E-003  3.561306683452052E-002 -3.620914698682100E-002
  3.909625929504770E-003  4.234184540597315E-002 -5.159750136640021E-002
  5.537073628011121E-003  4.017666210493864E-002 -6.245261361860782E-002
  1.017787955697488E-002  3.444041342017191E-002 -6.752004981054799E-002
  1.683277017357482E-002  2.909095670019732E-002 -6.929282523272100E-002
  2.498809717735333E-002  2.624378324288248E-002 -6.799332596413230E-002
  3.215285751636901E-002  2.501286612043547E-002 -6.273003563812056E-002
  3.469958397245178E-002  2.458961721400892E-002 -5.164043337607694E-002
  2.843561973706099E-002  2.201000443475188E-002 -3.621279006954724E-002
  1.561116849487394E-002  1.656722728327039E-002 -1.809372556777479E-002
 -6.666524499927154E-003  4.389986435324333E-003 -5.061162880443159E-003
  0.000000000000000E+000  0.000000000000000E+000  0.000000000000000E+000
  0.000000000000000E+000  0.000000000000000E+000  0.000000000000000E+000
  0.000000000000000E+000  0.000000000000000E+000  0.000000000000000E+000
  0.000000000000000E+000  0.000000000000000E+000  0.000000000000000E+000
  2.146463987653674E-003 -3.477317899948620E-003 -1.710927454778747E-003
  4.077380236646061E-003  5.225100268407245E-003 -5.663949473099755E-003
  4.696573307182926E-003  8.006443044012780E-003 -1.011110978500654E-002
  4.469916136947914E-003  1.367270596602062E-002 -1.691080964838527E-002
  4.171057797907192E-003  1.422825321300080E-002 -2.210272069998422E-002
  5.207009962453645E-003  1.403611834587246E-002 -2.641138273766627E-002
  7.245056773957387E-003  1.244234099078894E-002 -2.801471992370915E-002
  9.697760450862793E-003  1.169350374281886E-002 -2.670916498890736E-002
  1.026775778812703E-002  1.082246708010702E-002 -2.223230035342473E-002
  9.607550976609369E-003  1.070538593801981E-002 -1.691802570685466E-002
  4.604412309221304E-003  8.074287539915090E-003 -1.011568077239140E-002
  2.497357082630978E-003  6.121262007757011E-003 -5.653314759892266E-003
 -4.089777332959846E-003  1.189273627636731E-004 -1.693896407697257E-003
  0.000000000000000E+000  0.000000000000000E+000  0.000000000000000E+000
  0.000000000000000E+000  0.000000000000000E+000  0.000000000000000E+000
  0.000000000000000E+000  0.000000000000000E+000  0.000000000000000E+000
  0.000000000000000E+000  0.000000000000000E+000  0.000000000000000E+000
  0.000000000000000E+000  0.000000000000000E+000  0.000000000000000E+000
  0.000000000000000E+000  0.000000000000000E+000  0.000000000000000E+000
  0.000000000000000E+000  0.000000000000000E+000  0.000000000000000E+000
  0.000000000000000E+000  0.000000000000000E+000  0.000000000000000E+000
  0.000000000000000E+000  0.000000000000000E+000  0.000000000000000E+000
  0.000000000000000E+000  0.000000000000000E+000  0.000000000000000E+000
  0.000000000000000E+000  0.000000000000000E+000  0.000000000000000E+000
  0.000000000000000E+000  0.000000000000000E+000  0.000000000000000E+000
  0.000000000000000E+000  0.000000000000000E+000  0.000000000000000E+000
  0.000000000000000E+000  0.000000000000000E+000  0.000000000000000E+000
  0.000000000000000E+000  0.000000000000000E+000  0.000000000000000E+000
  0.000000000000000E+000  0.000000000000000E+000  0.000000000000000E+000
  0.000000000000000E+000  0.000000000000000E+000  0.000000000000000E+000
  0.000000000000000E+000  0.000000000000000E+000  0.000000000000000E+000
  0.000000000000000E+000  0.000000000000000E+000  0.000000000000000E+000
  0.000000000000000E+000  0.000000000000000E+000  0.000000000000000E+000
  0.000000000000000E+000  0.000000000000000E+000  0.000000000000000E+000
  0.000000000000000E+000  0.000000000000000E+000  0.000000000000000E+000
  0.000000000000000E+000  0.000000000000000E+000  0.000000000000000E+000
  0.000000000000000E+000  0.000000000000000E+000  0.000000000000000E+000
  0.000000000000000E+000  0.000000000000000E+000  0.000000000000000E+000
  0.000000000000000E+000  0.000000000000000E+000  0.000000000000000E+000
  0.000000000000000E+000  0.000000000000000E+000  0.000000000000000E+000
  0.000000000000000E+000  0.000000000000000E+000  0.000000000000000E+000
  0.000000000000000E+000  0.000000000000000E+000  0.000000000000000E+000
  0.000000000000000E+000  0.000000000000000E+000  0.000000000000000E+000
  0.000000000000000E+000  0.000000000000000E+000  0.000000000000000E+000
  0.000000000000000E+000  0.000000000000000E+000  0.000000000000000E+000
  0.000000000000000E+000  0.000000000000000E+000  0.000000000000000E+000
  0.000000000000000E+000  0.000000000000000E+000  0.000000000000000E+000
  0.000000000000000E+000  0.000000000000000E+000  0.000000000000000E+000
  0.000000000000000E+000  0.000000000000000E+000  0.000000000000000E+000
  0.000000000000000E+000  0.000000000000000E+000  0.000000000000000E+000
  0.000000000000000E+000  0.000000000000000E+000  0.000000000000000E+000
  9.879278105990921E-003 -2.981816705951196E-003  5.164969810800955E-003
  3.037731083558155E-002  3.455246910699745E-003  2.401730235365619E-003
  4.434722540999198E-002  1.552777803151450E-003 -1.067131881083172E-002
  4.905182917553758E-002  2.979806468806400E-003 -2.714779079156922E-002
  4.851367404819389E-002 -1.074237600362693E-002 -5.022843671185869E-002
  3.008335261161896E-002  7.411404789053727E-003 -7.056236662136101E-002
  1.999364257933097E-002  3.535514032745747E-002 -7.730941003813192E-002
 -9.382944230255715E-003  3.002264690782425E-002 -6.971022847694724E-002
 -3.262773087405332E-002  3.747709944883397E-002 -4.914326055952473E-002
 -2.058332191760883E-002  4.474860343868788E-002 -2.630656593782161E-002
 -2.041709413340445E-002  3.932571916209726E-002 -1.037717687446254E-002
 -1.289514155790029E-002  2.771814036683636E-002  2.443467205037062E-003
 -8.293608214814285E-003  6.803563920799200E-003  5.327664569787273E-003
  0.000000000000000E+000  0.000000000000000E+000  0.000000000000000E+000
  0.000000000000000E+000  0.000000000000000E+000  0.000000000000000E+000
  0.000000000000000E+000  0.000000000000000E+000  0.000000000000000E+000
  0.000000000000000E+000  0.000000000000000E+000  0.000000000000000E+000
  1.033268754272543E-002 -3.532988969054388E-003  5.787513930339570E-003
  2.907209517786882E-002  2.704805262956883E-004  4.787345359040593E-003
  4.074421841933620E-002  2.374282202926214E-003 -7.714112899887111E-003
  4.419718009973382E-002  1.643193895340954E-003 -2.455208974001162E-002
  3.929753131616455E-002 -5.746366143929847E-003 -4.930809818917543E-002
  2.437845982799106E-002  1.072641655485764E-002 -7.291547111972212E-002
  2.048113425035961E-002  3.586034490067888E-002 -8.276856745618431E-002
 -3.338569107628306E-003  2.672266445435405E-002 -7.195083821776747E-002
 -2.390294210054026E-002  3.196702346097312E-002 -4.818866864695839E-002
 -1.947738093885874E-002  3.991157143633620E-002 -2.372655513794539E-002
 -1.791086906665773E-002  3.671455860365332E-002 -7.477862196554230E-003
 -1.482764466780327E-002  2.509662740787894E-002  4.819900260822275E-003
 -8.856305344457735E-003  6.970723090014821E-003  5.922444717070255E-003
  0.000000000000000E+000  0.000000000000000E+000  0.000000000000000E+000
  0.000000000000000E+000  0.000000000000000E+000  0.000000000000000E+000
  0.000000000000000E+000  0.000000000000000E+000  0.000000000000000E+000
  0.000000000000000E+000  0.000000000000000E+000  0.000000000000000E+000
  1.085160237739190E-002 -3.745074393310009E-003  6.913639580315463E-003
  2.581822863951117E-002 -7.848338954383183E-003  8.792530746902819E-003
  3.343271899206794E-002  6.291683465721239E-003 -2.604714533228403E-003
  3.518278761125802E-002  1.198972493541882E-002 -2.004613029497098E-002
  3.103459783008440E-002  1.237848361593051E-003 -5.065012177335517E-002
  2.045989496893211E-002  2.149762659652994E-002 -7.551515748490288E-002
  2.364582831076675E-002  4.091982692330143E-002 -8.642309564479951E-002
  8.338907289411569E-003  2.869051119952350E-002 -7.464495919403373E-002
 -1.382464874672110E-002  2.828996818152577E-002 -4.960125180462147E-002
 -6.038660292276702E-003  3.740501715410886E-002 -1.929759466364173E-002
 -1.081294190900582E-002  3.246453556709595E-002 -2.444913469207320E-003
 -1.988671234943602E-002  1.843866443924311E-002  8.816438169865442E-003
 -9.069767993823041E-003  7.398222493945066E-003  6.994595118863320E-003
  0.000000000000000E+000  0.000000000000000E+000  0.000000000000000E+000
  0.000000000000000E+000  0.000000000000000E+000  0.000000000000000E+000
  0.000000000000000E+000  0.000000000000000E+000  0.000000000000000E+000
  0.000000000000000E+000  0.000000000000000E+000  0.000000000000000E+000
  8.242878694582534E-003 -7.344864496797808E-004  8.351494444593471E-003
  2.232861657624719E-002 -2.242493952816610E-002  1.502358672122084E-002
  2.133507792527303E-002 -2.303460734875950E-002  4.532027142469055E-003
  1.960633976995835E-002 -5.413115052509165E-002 -8.700905347594485E-003
  1.499515192505911E-002 -3.911826454615264E-002 -3.792994096184858E-002
  2.289499672866340E-002  4.949979874291977E-002 -8.454125624739144E-002
  5.050087859797765E-002  8.745636963643044E-002 -0.111291479291005     
  3.087911023314984E-002  4.414681044012298E-002 -8.354082062529176E-002
 -4.254520355030907E-002 -6.938986253490175E-003 -3.673005031109181E-002
 -5.711263528296694E-002 -1.000550516975057E-002 -8.025877290969690E-003
 -2.985467562757608E-002  7.522441774995263E-003  4.581678034936266E-003
 -3.025962429683958E-002  8.385832438293562E-003  1.499800529208359E-002
 -4.943543763345892E-003  6.740381325280387E-003  8.358624673984301E-003
  0.000000000000000E+000  0.000000000000000E+000  0.000000000000000E+000
  0.000000000000000E+000  0.000000000000000E+000  0.000000000000000E+000
  0.000000000000000E+000  0.000000000000000E+000  0.000000000000000E+000
  0.000000000000000E+000  0.000000000000000E+000  0.000000000000000E+000
  4.328177452268437E-003  8.213063136594989E-004  9.103803166018849E-003
  1.847527715075369E-002 -3.211344037885225E-002  2.018112978604913E-002
  1.422851523386212E-002 -5.273707201644346E-002  1.486053188836068E-002
  9.800804662448381E-003 -0.117040954807598       2.157122924081416E-002
  8.031756667213957E-004 -0.102700193045690       5.482435310617166E-003
  1.883745811585045E-002  4.097925694309518E-002 -8.133313900099010E-002
  6.403905908310117E-002  0.111148420449612      -0.138332525391329     
  2.528446756401659E-002  3.641507889568129E-002 -8.033540056456577E-002
 -9.113521336114531E-002 -5.139589730444583E-002  7.025302296344677E-003
 -0.107035497957920      -5.007595878772823E-002  2.233143174986199E-002
 -5.168802500272045E-002 -1.334852501256321E-002  1.470102051129842E-002
 -3.646412540533597E-002  3.179493507219378E-004  2.011519721249559E-002
 -1.544864207511265E-003  4.192135663096632E-003  9.080633300128167E-003
  0.000000000000000E+000  0.000000000000000E+000  0.000000000000000E+000
  0.000000000000000E+000  0.000000000000000E+000  0.000000000000000E+000
  0.000000000000000E+000  0.000000000000000E+000  0.000000000000000E+000
  0.000000000000000E+000  0.000000000000000E+000  0.000000000000000E+000
  1.768816245349964E-003  2.254503345088073E-003  9.038775695448994E-003
  1.358697858879680E-002 -3.807275958192348E-002  2.332326619732595E-002
  3.896960161429860E-003 -4.349157943597617E-002  1.719928291804953E-002
 -3.080778732062526E-003 -6.859212772227734E-002  1.293742439312121E-002
 -4.188986307940428E-003 -7.597669203767238E-002  1.071509159197163E-002
  1.381097718390295E-002  2.953707024676163E-002 -7.054005207644959E-002
  5.348462250435477E-002  9.302076340046714E-002 -0.135074558763487     
  1.879959133347574E-002  2.747419031319318E-002 -7.081978710407043E-002
 -6.360940568637599E-002 -4.119350899365919E-002  1.094673097219430E-002
 -5.654740166187428E-002 -3.610199502540313E-002  1.262697878733186E-002
 -3.786782922287573E-002 -1.753067632495346E-002  1.672166666723334E-002
 -3.917107077318351E-002 -6.864243160427098E-003  2.326530275292274E-002
  1.015146088666462E-003  2.746727307694459E-003  9.004743321077905E-003
  0.000000000000000E+000  0.000000000000000E+000  0.000000000000000E+000
  0.000000000000000E+000  0.000000000000000E+000  0.000000000000000E+000
  0.000000000000000E+000  0.000000000000000E+000  0.000000000000000E+000
  0.000000000000000E+000  0.000000000000000E+000  0.000000000000000E+000
  6.947269762534345E-004  4.287294837592431E-003  6.858756670006244E-003
  7.162551947853264E-003 -3.594552452305347E-002  2.422487776596372E-002
 -8.747556498089129E-003 -3.141529547800976E-003  1.697138261231389E-003
 -2.304741007114513E-002  4.194149586429476E-002 -5.237302258183095E-002
 -9.746537591395469E-003  2.516497767247571E-002 -5.550092474595407E-002
  1.114456984565369E-002  4.585422559453481E-002 -7.883751291898825E-002
  4.063271033001464E-002  7.069723508097417E-002 -0.115255261216451     
  3.393506919272109E-002  3.301216435982438E-002 -7.866602433475639E-002
  2.716211681363801E-002  4.735685718203108E-003 -5.549511632516892E-002
  5.006854098341847E-002  2.152735903698628E-003 -5.344415948691936E-002
  3.616861988339774E-003 -8.313823969059270E-003  1.037104126918174E-003
 -3.415579767664145E-002 -1.138585983588543E-002  2.419028631308667E-002
  3.290368700695324E-003  2.852264393165363E-003  6.819494382603639E-003
  0.000000000000000E+000  0.000000000000000E+000  0.000000000000000E+000
  0.000000000000000E+000  0.000000000000000E+000  0.000000000000000E+000
  0.000000000000000E+000  0.000000000000000E+000  0.000000000000000E+000
  0.000000000000000E+000  0.000000000000000E+000  0.000000000000000E+000
 -6.197511725709249E-004  2.498250781823808E-003  5.921977189785779E-003
  1.605981742622311E-003 -2.293481267132016E-002  1.936173103297463E-002
 -1.556899073950644E-002  2.892980338653842E-002 -1.706525222783078E-002
 -3.201880622727431E-002  8.744646415177318E-002 -9.070868055807987E-002
 -1.478284505726998E-002  6.414098887195906E-002 -8.564757912092044E-002
  1.607823119397863E-003  3.224411833426530E-002 -4.612129606010568E-002
  1.322094198319628E-002  2.299400403451704E-002 -3.801778867926200E-002
  2.664616005921798E-002  1.735076941190574E-002 -4.467640616425626E-002
  6.279222492619473E-002  1.945684599510226E-002 -8.459238138892249E-002
  9.234250945563070E-002  1.649998396803628E-002 -9.056256854907865E-002
  3.384159135608721E-002  1.466766379718895E-003 -1.727920979505415E-002
 -2.016242490390887E-002 -9.718186724501091E-003  1.935035674338337E-002
  2.363346481427029E-003  7.708005108815492E-004  5.856814158282972E-003
  0.000000000000000E+000  0.000000000000000E+000  0.000000000000000E+000
  0.000000000000000E+000  0.000000000000000E+000  0.000000000000000E+000
  0.000000000000000E+000  0.000000000000000E+000  0.000000000000000E+000
  0.000000000000000E+000  0.000000000000000E+000  0.000000000000000E+000
 -5.375880006903566E-004  1.927688769467112E-003  4.789755879656133E-003
 -1.638035988286785E-003 -8.056793930787415E-003  9.507619017719241E-003
 -9.842301075908326E-003  2.722174658040453E-002 -1.890906855053653E-002
 -1.897061123898281E-002  5.216213002899246E-002 -5.870952952691754E-002
 -1.008027595152223E-002  3.382303885118869E-002 -4.368757452298253E-002
 -1.932614307001766E-003 -9.976117915648278E-004  2.025402160150609E-002
 -1.156538943743079E-002 -2.005264743756503E-002  7.084112270828524E-002
  6.700466903671731E-004 -1.791339466486737E-003  2.005702370144669E-002
  3.521105528714825E-002  8.631933245877497E-003 -4.403403821168465E-002
  5.423218614130899E-002  9.710734970980739E-003 -5.757992768243016E-002
  2.833402205537252E-002  5.155740761653866E-003 -1.838906308690509E-002
 -5.869957746040069E-003 -5.246890007405047E-003  9.469720373684841E-003
  1.883947667183556E-003  5.556646402981747E-004  4.827851649635865E-003
  0.000000000000000E+000  0.000000000000000E+000  0.000000000000000E+000
  0.000000000000000E+000  0.000000000000000E+000  0.000000000000000E+000
  0.000000000000000E+000  0.000000000000000E+000  0.000000000000000E+000
  0.000000000000000E+000  0.000000000000000E+000  0.000000000000000E+000
  4.909539961380757E-004  1.232869271275020E-003  2.682294662661253E-003
 -2.572931178241666E-003  1.322609036505544E-004  2.339535490672825E-003
 -9.447055085171033E-004  7.154650773074729E-003 -5.065359725774355E-003
 -1.554683800955975E-003  9.490414611433911E-003 -8.080535255948930E-003
 -2.240620101498807E-003  8.677302249582833E-003 -3.853715918460324E-003
 -3.402640774186682E-003 -4.868742659529082E-003  2.656002383508186E-002
 -8.966970505881633E-003 -1.583557784058565E-002  6.735198528682040E-002
 -1.478426609669996E-003 -5.224894340298668E-003  2.571943448402924E-002
  9.751072959146132E-003  2.936567078693723E-003 -5.220982392139666E-003
  8.993066744922023E-003  3.516966786511291E-003 -7.713037581306870E-003
  6.489441669605637E-003  2.659772204794979E-003 -4.714379419509898E-003
  1.460308772986532E-003 -2.092308842670765E-003  2.383462967059134E-003
  8.031361235553458E-004  1.052320797275923E-003  2.698897219360389E-003
  0.000000000000000E+000  0.000000000000000E+000  0.000000000000000E+000
  0.000000000000000E+000  0.000000000000000E+000  0.000000000000000E+000
  0.000000000000000E+000  0.000000000000000E+000  0.000000000000000E+000
  0.000000000000000E+000  0.000000000000000E+000  0.000000000000000E+000
  0.000000000000000E+000  0.000000000000000E+000  0.000000000000000E+000
  0.000000000000000E+000  0.000000000000000E+000  0.000000000000000E+000
  0.000000000000000E+000  0.000000000000000E+000  0.000000000000000E+000
  0.000000000000000E+000  0.000000000000000E+000  0.000000000000000E+000
  0.000000000000000E+000  0.000000000000000E+000  0.000000000000000E+000
  0.000000000000000E+000  0.000000000000000E+000  0.000000000000000E+000
  0.000000000000000E+000  0.000000000000000E+000  0.000000000000000E+000
  0.000000000000000E+000  0.000000000000000E+000  0.000000000000000E+000
  0.000000000000000E+000  0.000000000000000E+000  0.000000000000000E+000
  0.000000000000000E+000  0.000000000000000E+000  0.000000000000000E+000
  0.000000000000000E+000  0.000000000000000E+000  0.000000000000000E+000
  0.000000000000000E+000  0.000000000000000E+000  0.000000000000000E+000
  0.000000000000000E+000  0.000000000000000E+000  0.000000000000000E+000
  0.000000000000000E+000  0.000000000000000E+000  0.000000000000000E+000
  0.000000000000000E+000  0.000000000000000E+000  0.000000000000000E+000
  0.000000000000000E+000  0.000000000000000E+000  0.000000000000000E+000
  0.000000000000000E+000  0.000000000000000E+000  0.000000000000000E+000
  0.000000000000000E+000  0.000000000000000E+000  0.000000000000000E+000
  0.000000000000000E+000  0.000000000000000E+000  0.000000000000000E+000
  0.000000000000000E+000  0.000000000000000E+000  0.000000000000000E+000
  0.000000000000000E+000  0.000000000000000E+000  0.000000000000000E+000
  0.000000000000000E+000  0.000000000000000E+000  0.000000000000000E+000
  0.000000000000000E+000  0.000000000000000E+000  0.000000000000000E+000
  0.000000000000000E+000  0.000000000000000E+000  0.000000000000000E+000
  0.000000000000000E+000  0.000000000000000E+000  0.000000000000000E+000
  0.000000000000000E+000  0.000000000000000E+000  0.000000000000000E+000
  0.000000000000000E+000  0.000000000000000E+000  0.000000000000000E+000
  0.000000000000000E+000  0.000000000000000E+000  0.000000000000000E+000
  0.000000000000000E+000  0.000000000000000E+000  0.000000000000000E+000
  0.000000000000000E+000  0.000000000000000E+000  0.000000000000000E+000
  0.000000000000000E+000  0.000000000000000E+000  0.000000000000000E+000
  0.000000000000000E+000  0.000000000000000E+000  0.000000000000000E+000
  0.000000000000000E+000  0.000000000000000E+000  0.000000000000000E+000
  0.000000000000000E+000  0.000000000000000E+000  0.000000000000000E+000
   176.666836322439        30.8272637008206       -636.134485471396     
   86.9533442568744        24.0878029646246       -666.036452261704     
   129.264482623128       -20.5925070703096       -838.354025796368     
   14.1744664237714        128.880695714092       -834.391854182365     
   17.7699098647902       -82.5456797966709       -706.391594662063     
   47.0518575093806        270.610309252787       -663.172790441242     
   466.023069742033        807.913971607354       -814.253946698791     
   222.799827801297        182.839239094383       -659.339456831633     
  -90.8600219097375       -36.0840329504142       -703.446010153199     
   78.1658402006379        53.0809562649117       -837.999958365908     
  -87.4516132550180        89.5901391309595       -849.779044602681     
  -5.96643780069595        92.4085748717048       -682.392576904486     
  -42.6652962591063        180.934420058606       -648.951039880551     
  0.000000000000000E+000  0.000000000000000E+000  0.000000000000000E+000
  0.000000000000000E+000  0.000000000000000E+000  0.000000000000000E+000
  0.000000000000000E+000  0.000000000000000E+000  0.000000000000000E+000
  0.000000000000000E+000  0.000000000000000E+000  0.000000000000000E+000
   98.2583234792222        13.4463561287576       -553.253573690042     
   103.234954943262        6.51246612374584       -691.294117738697     
   79.8903864830070       -10.1321198203081       -805.477356721098     
   47.9761183075897        64.0016304956196       -874.532281131005     
   48.4675880650856       -35.1549261923461       -708.445394827382     
   55.4518980888986        128.782847277717       -635.556739385583     
   246.884757418107        425.645376167414       -761.367655901197     
   95.0744858859768        118.312409907353       -631.383557543602     
  -58.7505475463663        18.0654262005154       -703.550287236616     
   14.4225352779586        58.6811735466672       -877.689530197753     
  -52.2614851776556        55.4495841577579       -817.987967501881     
  -30.2327603502674        96.9149914388196       -708.552357312526     
  -20.8676630292643        101.936813409394       -563.933869668088     
  0.000000000000000E+000  0.000000000000000E+000  0.000000000000000E+000
  0.000000000000000E+000  0.000000000000000E+000  0.000000000000000E+000
  0.000000000000000E+000  0.000000000000000E+000  0.000000000000000E+000
  0.000000000000000E+000  0.000000000000000E+000  0.000000000000000E+000
   36.2101051677811       -16.0470035561331       -443.765438762762     
   59.7620158908063       -37.3034898007409       -665.586507482971     
   77.9095086302104        15.8719175596229       -792.733858095682     
   34.5264088331812       -78.2876973058890       -859.362179280844     
   1.92401852043710       -44.3702724750104       -728.984592307984     
  -54.6605978845408       -233.469363539996       -585.524620989281     
  -118.173453089968       -207.949731702313       -619.734708637402     
  -158.592469199808       -152.495902586808       -584.475945727115     
  -28.7976406438629       -15.1551109560135       -724.302283025981     
  -87.3190545293677       -12.5861634404601       -863.758830395230     
  -27.6707521423268        69.9340258332002       -806.298018137183     
  -47.3913257514248        35.8407183525549       -682.718722648637     
  -19.9631225154032        29.6472802380166       -451.223208398407     
  0.000000000000000E+000  0.000000000000000E+000  0.000000000000000E+000
  0.000000000000000E+000  0.000000000000000E+000  0.000000000000000E+000
  0.000000000000000E+000  0.000000000000000E+000  0.000000000000000E+000
  0.000000000000000E+000  0.000000000000000E+000  0.000000000000000E+000
   18.7209170571253       -31.5018073581373       -360.666650143983     
   51.2324793387218       -170.798516965336       -584.358527533624     
   64.7972657104248        23.1175219729054       -754.575874700311     
   41.8682829079001        390.776787847316       -894.023938677544     
  -2.19548042619731        239.496718478355       -811.864778179199     
  -130.468994019559       -370.679553772705       -462.874583966051     
  -363.476066978620       -633.698561352858       -285.264539120585     
  -260.631419606407       -304.844108651063       -455.729453542665     
   214.403028779495        120.047448589394       -809.259233121559     
   319.248389154666        229.252704138918       -899.309675522133     
  -14.3327671934170        61.9887797929065       -767.274919277304     
  -161.469879098172       -42.1982564967983       -598.814096583503     
  -31.5281889694214        3.63316391657915       -364.920331716221     
  0.000000000000000E+000  0.000000000000000E+000  0.000000000000000E+000
  0.000000000000000E+000  0.000000000000000E+000  0.000000000000000E+000
  0.000000000000000E+000  0.000000000000000E+000  0.000000000000000E+000
  0.000000000000000E+000  0.000000000000000E+000  0.000000000000000E+000
   11.9775826961648       -42.3914988299895       -303.811719682721     
   87.1452454735302       -181.519446627813       -531.240652537435     
   96.8356385230600       -31.9491105210097       -690.086416518615     
   60.1110429170411        478.871210877747       -938.934646289720     
   41.1677412319697        977.027805137238       -1157.68582258649     
   53.1668505429510        349.670916959354       -741.028724371793     
  -154.058944023805       -270.342432217314       -309.223447974228     
   255.004164381250        197.555592438533       -716.777498312401     
   820.680368847992        519.321172243639       -1151.07919885101     
   383.222808513626        285.880529709662       -942.424251826120     
  -82.0817426626172        57.8961737206945       -698.783747054691     
  -193.333640428888       -19.5375833911992       -542.383052097446     
  -42.1115507917638       -10.5406505452638       -305.520792077389     
  0.000000000000000E+000  0.000000000000000E+000  0.000000000000000E+000
  0.000000000000000E+000  0.000000000000000E+000  0.000000000000000E+000
  0.000000000000000E+000  0.000000000000000E+000  0.000000000000000E+000
  0.000000000000000E+000  0.000000000000000E+000  0.000000000000000E+000
   49.3837143844620       -60.9400531692047       -262.818601667963     
   71.6781800322991        29.1323066325692       -530.056770155945     
   128.837920416001        174.650543953931       -722.110169922061     
   141.900122584377        107.856077772414       -747.255721118347     
   82.0938954410152        1048.53376418338       -1330.24700158375     
   180.022458453576        664.542993484069       -933.565196357550     
  -129.821949295334       -223.549042846381       -17.1419885038146     
   478.230438268150        481.118860534919       -922.765299968927     
   872.154330446271        597.321040252331       -1331.03349588889     
   20.8323647596504        170.548157393104       -748.061484420271     
   80.4822764234244        187.784002389068       -727.062286723895     
  -7.59058027593928        70.1267190178577       -537.941410365780     
  -78.4098642164196        10.8972198021485       -263.437333989980     
  0.000000000000000E+000  0.000000000000000E+000  0.000000000000000E+000
  0.000000000000000E+000  0.000000000000000E+000  0.000000000000000E+000
  0.000000000000000E+000  0.000000000000000E+000  0.000000000000000E+000
  0.000000000000000E+000  0.000000000000000E+000  0.000000000000000E+000
   92.3738339722241       -82.9493217004292       -211.303164935626     
   35.1160574984317        348.704314978260       -563.522189445574     
   26.6562764652660        751.329285785586       -982.204668389728     
   189.128171684062       -180.056636783524       -492.113802159642     
   111.646008329511        236.354297254951       -739.951379706586     
   176.880968251950        311.967239913085       -574.174448966736     
  -134.802156343423       -226.881543452454        386.577086678090     
   176.880183805836        308.574235163598       -568.335394368875     
   146.249304373159        215.566770082617       -735.819321038034     
  -254.182987291371        69.1028532494350       -491.322457546668     
   638.055762573955        391.623930602499       -989.003187069186     
   283.840393910266        197.500580422503       -568.207607916851     
  -118.154738811616        36.1396676083015       -211.182166996455     
  0.000000000000000E+000  0.000000000000000E+000  0.000000000000000E+000
  0.000000000000000E+000  0.000000000000000E+000  0.000000000000000E+000
  0.000000000000000E+000  0.000000000000000E+000  0.000000000000000E+000
  0.000000000000000E+000  0.000000000000000E+000  0.000000000000000E+000
   101.152754839637       -107.349543483924       -131.872219419505     
   49.4745876416848        543.487041108697       -561.161962457407     
  -121.100512970434        1077.57797373275       -1166.75840171470     
   192.251623534787       -444.898198844555       -165.920001236998     
   164.655512310512       -648.378922336292        253.430180234827     
   169.411656182486        63.1962757146522       -296.343626924244     
   133.899313749115        236.573006887130       -265.275415519705     
  -41.1248035986830        174.551684606755       -277.898133423904     
  -652.692425768204       -181.414020858748        265.093280510792     
  -479.734477744273       -55.0678088662616       -171.516463390825     
   1000.40761074277        432.768228349421       -1177.50980602069     
   443.172369944365        308.299258004334       -565.225038959587     
  -142.091929390056        32.1147996532833       -129.846548477915     
  0.000000000000000E+000  0.000000000000000E+000  0.000000000000000E+000
  0.000000000000000E+000  0.000000000000000E+000  0.000000000000000E+000
  0.000000000000000E+000  0.000000000000000E+000  0.000000000000000E+000
  0.000000000000000E+000  0.000000000000000E+000  0.000000000000000E+000
   75.2368148761320       -132.766732013092       -103.467860627288     
   102.035883952548        456.519155963405       -379.780972554584     
  -96.1999956109134        707.405990547548       -852.104117338996     
   169.126308416781       -636.894549502297        309.575399784600     
   163.892288173433       -653.361149151254        555.860765893235     
   166.985394313706        10.4096752584352       -264.449766107204     
   97.9917572455733        170.286339844193       -343.671686865903     
  -77.5589785697264        151.502880979001       -259.691400456766     
  -645.733459206072       -180.803762277888        552.922635159287     
  -623.009659904846       -166.534390430488        290.950504934205     
   668.322454872917        272.774365192284       -865.344445433819     
   342.149742597863        313.038930952043       -380.751293197530     
  -151.920109182714       -2.95733724255343       -104.791692863667     
  0.000000000000000E+000  0.000000000000000E+000  0.000000000000000E+000
  0.000000000000000E+000  0.000000000000000E+000  0.000000000000000E+000
  0.000000000000000E+000  0.000000000000000E+000  0.000000000000000E+000
  0.000000000000000E+000  0.000000000000000E+000  0.000000000000000E+000
   5.99717394098407       -57.4236724527835       -39.9116136033323     
   102.327189364465        102.351672772788       -108.565706574696     
   9.64019287005381        98.2962768135326       -166.082695216172     
   37.2254050778619       -341.744720718524        249.652640240313     
   88.9248731341232       -211.058623733080        47.4190163987407     
   117.157906310479       -89.0243774949611       -126.188629811170     
  -68.7607447494884       -120.450839766177        371.628625656005     
  -134.074036091119        58.6913045753191       -129.628654762806     
  -224.573995036942       -26.1692459870689        41.8728228407148     
  -307.435522721054       -133.842432412620        239.083121263560     
   81.5573379575815        60.4833328217353       -172.612361060938     
   36.4791689721078        138.171916223258       -110.586949478918     
  -52.0269310391166       -23.9297531383103       -40.3205993346523     
  0.000000000000000E+000  0.000000000000000E+000  0.000000000000000E+000
  0.000000000000000E+000  0.000000000000000E+000  0.000000000000000E+000
  0.000000000000000E+000  0.000000000000000E+000  0.000000000000000E+000
  0.000000000000000E+000  0.000000000000000E+000  0.000000000000000E+000
  0.000000000000000E+000  0.000000000000000E+000  0.000000000000000E+000
  0.000000000000000E+000  0.000000000000000E+000  0.000000000000000E+000
  0.000000000000000E+000  0.000000000000000E+000  0.000000000000000E+000
  0.000000000000000E+000  0.000000000000000E+000  0.000000000000000E+000
  0.000000000000000E+000  0.000000000000000E+000  0.000000000000000E+000
  0.000000000000000E+000  0.000000000000000E+000  0.000000000000000E+000
  0.000000000000000E+000  0.000000000000000E+000  0.000000000000000E+000
  0.000000000000000E+000  0.000000000000000E+000  0.000000000000000E+000
  0.000000000000000E+000  0.000000000000000E+000  0.000000000000000E+000
  0.000000000000000E+000  0.000000000000000E+000  0.000000000000000E+000
  0.000000000000000E+000  0.000000000000000E+000  0.000000000000000E+000
  0.000000000000000E+000  0.000000000000000E+000  0.000000000000000E+000
  0.000000000000000E+000  0.000000000000000E+000  0.000000000000000E+000
  0.000000000000000E+000  0.000000000000000E+000  0.000000000000000E+000
  0.000000000000000E+000  0.000000000000000E+000  0.000000000000000E+000
  0.000000000000000E+000  0.000000000000000E+000  0.000000000000000E+000
  0.000000000000000E+000  0.000000000000000E+000  0.000000000000000E+000
  0.000000000000000E+000  0.000000000000000E+000  0.000000000000000E+000
  0.000000000000000E+000  0.000000000000000E+000  0.000000000000000E+000
  0.000000000000000E+000  0.000000000000000E+000  0.000000000000000E+000
  0.000000000000000E+000  0.000000000000000E+000  0.000000000000000E+000
  0.000000000000000E+000  0.000000000000000E+000  0.000000000000000E+000
  0.000000000000000E+000  0.000000000000000E+000  0.000000000000000E+000
  0.000000000000000E+000  0.000000000000000E+000  0.000000000000000E+000
  0.000000000000000E+000  0.000000000000000E+000  0.000000000000000E+000
  0.000000000000000E+000  0.000000000000000E+000  0.000000000000000E+000
  0.000000000000000E+000  0.000000000000000E+000  0.000000000000000E+000
  0.000000000000000E+000  0.000000000000000E+000  0.000000000000000E+000
  0.000000000000000E+000  0.000000000000000E+000  0.000000000000000E+000
  0.000000000000000E+000  0.000000000000000E+000  0.000000000000000E+000
  0.000000000000000E+000  0.000000000000000E+000  0.000000000000000E+000
  0.000000000000000E+000  0.000000000000000E+000  0.000000000000000E+000
