          80  8.000000000000007E-003  8.000000000000007E-003
  0.000000000000000E+000  0.000000000000000E+000  0.000000000000000E+000
  0.000000000000000E+000  0.000000000000000E+000  0.000000000000000E+000
  5.052962703755690E-002  6.692658046692498E-002 -7.622428197354668E-002
  5.562203967868991E-002  8.148283456111147E-002 -0.106198697573114     
  7.466154698184116E-002  0.108701772359870      -0.146368012087156     
  8.223618117021876E-002  0.135196123577044      -0.168172008975549     
  9.190747510809050E-002  0.167732627671912      -0.189137195223151     
  0.104170596100446       0.194455420093358      -0.205429416210891     
  0.114495829157285       0.198367784050182      -0.212023874162323     
  0.116254503788903       0.187448288814735      -0.205416907282609     
  9.929537905275550E-002  0.163502846578328      -0.189143953541203     
  7.598382480281528E-002  0.138876074383274      -0.168194399813094     
  5.683978824861409E-002  0.119079099296621      -0.146412884043237     
  4.273706724223205E-002  8.893197197167123E-002 -0.106244253383710     
  3.269443978689313E-002  7.726860476117758E-002 -7.627870508747837E-002
  0.000000000000000E+000  0.000000000000000E+000  0.000000000000000E+000
  0.000000000000000E+000  0.000000000000000E+000  0.000000000000000E+000
  0.000000000000000E+000  0.000000000000000E+000  0.000000000000000E+000
  0.000000000000000E+000  0.000000000000000E+000  0.000000000000000E+000
  3.773541494935038E-002  6.413585468089249E-002 -6.563595368595551E-002
  5.326457784394559E-002  8.845371886715654E-002 -0.107018074631780     
  6.363687093624842E-002  0.112551638262067      -0.139280282568401     
  7.648883838538914E-002  0.138662010239457      -0.167554428380464     
  8.413079839306896E-002  0.164977887186770      -0.185591681791115     
  9.693448296069770E-002  0.183582991235112      -0.203536620902553     
  0.106908799044981       0.185226284211071      -0.208532325285743     
  0.110468104567956       0.175753362246610      -0.203534670632090     
  0.100770011046660       0.155376655365390      -0.185596398040506     
  8.183940095240140E-002  0.135619978019089      -0.167577672815274     
  6.566028380374349E-002  0.111432392217991      -0.139313168531683     
  4.994705191743241E-002  9.037125825651426E-002 -0.107059865831467     
  3.669003435892291E-002  6.478197017859148E-002 -6.567758515707414E-002
  0.000000000000000E+000  0.000000000000000E+000  0.000000000000000E+000
  0.000000000000000E+000  0.000000000000000E+000  0.000000000000000E+000
  0.000000000000000E+000  0.000000000000000E+000  0.000000000000000E+000
  0.000000000000000E+000  0.000000000000000E+000  0.000000000000000E+000
  2.765592670980931E-002  5.773741143696374E-002 -5.116264307917864E-002
  3.748567775907082E-002  0.102153982072843      -9.983339842631830E-002
  5.251884041564893E-002  0.123677740329526      -0.131709973578386     
  5.954196028713394E-002  0.148262862846722      -0.159642874823463     
  7.228193143307450E-002  0.164787536250789      -0.181697342217962     
  8.230682790345088E-002  0.165257223547575      -0.196534589290482     
  9.343467718295115E-002  0.161883784306516      -0.202418500173181     
  0.101896912924360       0.153919118936399      -0.196546816739911     
  0.106483738452758       0.144994572534027      -0.181703921958775     
  9.859008181113590E-002  0.125717283117085      -0.159656048121221     
  8.080649479021894E-002  0.107327379342257      -0.131732085450699     
  6.970522780219993E-002  8.353845219021179E-002 -9.984770951763655E-002
  3.621182800739339E-002  5.283862074132517E-002 -5.118418093756824E-002
  0.000000000000000E+000  0.000000000000000E+000  0.000000000000000E+000
  0.000000000000000E+000  0.000000000000000E+000  0.000000000000000E+000
  0.000000000000000E+000  0.000000000000000E+000  0.000000000000000E+000
  0.000000000000000E+000  0.000000000000000E+000  0.000000000000000E+000
  2.135718452874556E-002  4.327369959336590E-002 -3.775502151910110E-002
  2.485322777122146E-002  0.109965336768354      -8.695154360937112E-002
  3.296189693014531E-002  0.139672011132172      -0.121309371572202     
  4.351662207638499E-002  0.156320302655944      -0.150084755601298     
  5.306260091419206E-002  0.150908492797931      -0.170741295357596     
  6.327502127669839E-002  0.137865896773669      -0.182856427565726     
  7.292969435186880E-002  0.126360822422123      -0.186673503193537     
  8.768404320085969E-002  0.123754446295330      -0.182899183544330     
  0.104082391873327       0.121425250113643      -0.170758691591172     
  0.113568811166041       0.115849237207746      -0.150089255473714     
  0.104433193242377       9.837794636198248E-002 -0.121306895366869     
  8.279683445849355E-002  7.648010780254649E-002 -8.692494316881563E-002
  2.685187515707389E-002  4.016204935633022E-002 -3.777061920391479E-002
  0.000000000000000E+000  0.000000000000000E+000  0.000000000000000E+000
  0.000000000000000E+000  0.000000000000000E+000  0.000000000000000E+000
  0.000000000000000E+000  0.000000000000000E+000  0.000000000000000E+000
  0.000000000000000E+000  0.000000000000000E+000  0.000000000000000E+000
  2.616012038790313E-002  1.901310577273566E-002 -2.809034074084841E-002
  1.127572678928897E-002  0.103219166859836      -7.400108209325050E-002
  2.422975341357222E-002  0.136291948246971      -0.109883979780166     
  2.756929713371411E-002  0.142721555710793      -0.138893615657635     
  3.794297870487785E-002  0.130291421086998      -0.156667004776337     
  4.558742593411227E-002  0.108925475698376      -0.165685861626025     
  5.515451004784768E-002  9.556385663746993E-002 -0.168350002867130     
  7.149408962951330E-002  9.399895060944866E-002 -0.165760719351775     
  9.382542716746234E-002  9.805258864850366E-002 -0.156714199481054     
  0.109780698310214       9.524753812521551E-002 -0.138893416287377     
  0.105853386250265       8.909303968259666E-002 -0.109861463837762     
  8.371048992468572E-002  6.134097201283900E-002 -7.395383520026755E-002
  3.470055332854984E-003  3.218853486463299E-002 -2.810847944858019E-002
  0.000000000000000E+000  0.000000000000000E+000  0.000000000000000E+000
  0.000000000000000E+000  0.000000000000000E+000  0.000000000000000E+000
  0.000000000000000E+000  0.000000000000000E+000  0.000000000000000E+000
  0.000000000000000E+000  0.000000000000000E+000  0.000000000000000E+000
  1.193755705009207E-002 -1.018381737238313E-002 -1.378508112785458E-002
  1.603299487763208E-002  0.101710046360505      -6.459550418060192E-002
  1.293818579451157E-002  0.119858274470221      -9.861692120341228E-002
  1.766649252201006E-002  0.124169997714167      -0.125569001382732     
  2.447691391507418E-002  0.105622231436705      -0.140468778060422     
  3.121605593704729E-002  8.286098518723524E-002 -0.146723588083022     
  3.961539184772982E-002  6.863500653976366E-002 -0.147821799556947     
  5.617697843716186E-002  6.858337365573366E-002 -0.146854942259189     
  7.923835172857949E-002  7.408542705965086E-002 -0.140551449783562     
  9.866947079734593E-002  7.740829416279738E-002 -0.125572813720916     
  9.723185505247735E-002  7.108674965448263E-002 -9.856602980374653E-002
  7.999604849413716E-002  6.465003947640786E-002 -6.452753847184893E-002
 -1.471106599975082E-002  5.325972803860640E-003 -1.382403526778175E-002
  0.000000000000000E+000  0.000000000000000E+000  0.000000000000000E+000
  0.000000000000000E+000  0.000000000000000E+000  0.000000000000000E+000
  0.000000000000000E+000  0.000000000000000E+000  0.000000000000000E+000
  0.000000000000000E+000  0.000000000000000E+000  0.000000000000000E+000
  1.613784485763583E-002 -1.431182192575354E-002 -1.364141117784529E-002
  1.258219220478668E-002  9.389705470392105E-002 -5.477665958755856E-002
  6.291946074164953E-003  9.853425645747861E-002 -8.683689349953570E-002
  9.389545843267063E-003  0.102797373505573      -0.109864949272904     
  1.306768391703027E-002  8.097350048191061E-002 -0.122033868905007     
  1.963452883593592E-002  6.073145266159676E-002 -0.125654128676647     
  2.702169297382530E-002  4.681277985765729E-002 -0.125942240668873     
  4.289969676469618E-002  4.755649454366736E-002 -0.125875903575760     
  6.365176509453306E-002  5.192118859021341E-002 -0.122168842684992     
  8.427619502852880E-002  5.955105612770654E-002 -0.109875873785256     
  8.211928072264217E-002  5.471328359817601E-002 -8.677734757876190E-002
  7.489449284008616E-002  5.770121725955815E-002 -5.468971284309798E-002
 -2.039315637156919E-002  6.883318818030890E-003 -1.365343018252599E-002
  0.000000000000000E+000  0.000000000000000E+000  0.000000000000000E+000
  0.000000000000000E+000  0.000000000000000E+000  0.000000000000000E+000
  0.000000000000000E+000  0.000000000000000E+000  0.000000000000000E+000
  0.000000000000000E+000  0.000000000000000E+000  0.000000000000000E+000
  1.305578896372363E-002 -8.045304871854727E-003 -8.149753303628830E-003
  1.078394608941193E-002  6.795295761321007E-002 -4.328428937568040E-002
  2.686072910557608E-003  7.796381237017483E-002 -7.122229845172766E-002
  2.264212589396464E-003  7.526214544179621E-002 -9.007111254712710E-002
  4.541298825998104E-003  5.908482340971144E-002 -9.973259031856463E-002
  1.041319802426268E-002  4.217930050113779E-002 -0.103360815229660     
  1.770138831623348E-002  3.064235399357611E-002 -0.102941238969815     
  3.154452149234318E-002  3.034989232132433E-002 -0.103727520241869     
  4.898284273558578E-002  3.361390235984259E-002 -9.992487900414523E-002
  6.398396978071989E-002  3.962857662496846E-002 -9.008623570240951E-002
  6.613707227760207E-002  4.132962264883470E-002 -7.118925014967908E-002
  5.338028975768017E-002  4.321126308769557E-002 -4.319361775139146E-002
 -1.352388894216876E-002  7.252903932845885E-003 -8.131545268444616E-003
  0.000000000000000E+000  0.000000000000000E+000  0.000000000000000E+000
  0.000000000000000E+000  0.000000000000000E+000  0.000000000000000E+000
  0.000000000000000E+000  0.000000000000000E+000  0.000000000000000E+000
  0.000000000000000E+000  0.000000000000000E+000  0.000000000000000E+000
  6.705517691497355E-003 -9.872086764994481E-003 -3.400722585690426E-003
  1.066646401030479E-002  4.318654335855559E-002 -2.846833481062306E-002
 -4.942339556648022E-004  4.513798865244807E-002 -4.699507526346755E-002
 -2.463065824959161E-003  4.654516525177024E-002 -6.116917693528721E-002
 -1.377551136740039E-003  3.619570311190837E-002 -7.139134835232740E-002
  2.783978258715733E-003  2.572968990616687E-002 -7.578669493362135E-002
  1.028945055658517E-002  1.777953927103006E-002 -7.766250206248732E-002
  2.113413639074795E-002  1.547092574047328E-002 -7.622706885917803E-002
  3.208674550810083E-002  1.699854238578958E-002 -7.156551605929966E-002
  4.147350115274115E-002  2.117483105704478E-002 -6.119062975959730E-002
  3.932622937111761E-002  2.217444609027804E-002 -4.699599805381697E-002
  3.204914470906666E-002  3.078003270970182E-002 -2.841926157660791E-002
 -1.192384288587674E-002  8.230143821417936E-004 -3.373789964932283E-003
  0.000000000000000E+000  0.000000000000000E+000  0.000000000000000E+000
  0.000000000000000E+000  0.000000000000000E+000  0.000000000000000E+000
  0.000000000000000E+000  0.000000000000000E+000  0.000000000000000E+000
  0.000000000000000E+000  0.000000000000000E+000  0.000000000000000E+000
  6.808397652386759E-005 -4.417673622644188E-003 -1.889370009436984E-003
  9.476420793129946E-003  1.035264733422005E-002 -8.614751856440513E-003
  9.732686267809899E-004  1.246266053617641E-002 -1.402887523574367E-002
  1.545591778235458E-003  1.712140213574528E-002 -2.477342403816694E-002
 -2.456057273549851E-003  1.397672861455561E-002 -3.101183776818240E-002
 -2.048627398835208E-004  1.097408211155860E-002 -3.876279248931470E-002
  3.600763261716410E-003  6.076610975215569E-003 -4.052627465052334E-002
  9.764685877997050E-003  5.424705379941313E-003 -3.914267897197813E-002
  1.331094492830059E-002  4.939606408374510E-003 -3.110895846489820E-002
  1.401271503556229E-002  9.900849765246255E-003 -2.476343391580378E-002
  1.032835714206267E-002  7.072109945454552E-003 -1.402942979518134E-002
  4.232710978294379E-003  1.337036121818270E-002 -8.620583800158300E-003
 -3.849286425412698E-003 -2.162694996160387E-003 -1.867389427357676E-003
  0.000000000000000E+000  0.000000000000000E+000  0.000000000000000E+000
  0.000000000000000E+000  0.000000000000000E+000  0.000000000000000E+000
  0.000000000000000E+000  0.000000000000000E+000  0.000000000000000E+000
  0.000000000000000E+000  0.000000000000000E+000  0.000000000000000E+000
  0.000000000000000E+000  0.000000000000000E+000  0.000000000000000E+000
  0.000000000000000E+000  0.000000000000000E+000  0.000000000000000E+000
  0.000000000000000E+000  0.000000000000000E+000  0.000000000000000E+000
  0.000000000000000E+000  0.000000000000000E+000  0.000000000000000E+000
  0.000000000000000E+000  0.000000000000000E+000  0.000000000000000E+000
  0.000000000000000E+000  0.000000000000000E+000  0.000000000000000E+000
  0.000000000000000E+000  0.000000000000000E+000  0.000000000000000E+000
  0.000000000000000E+000  0.000000000000000E+000  0.000000000000000E+000
  0.000000000000000E+000  0.000000000000000E+000  0.000000000000000E+000
  0.000000000000000E+000  0.000000000000000E+000  0.000000000000000E+000
  0.000000000000000E+000  0.000000000000000E+000  0.000000000000000E+000
  0.000000000000000E+000  0.000000000000000E+000  0.000000000000000E+000
  0.000000000000000E+000  0.000000000000000E+000  0.000000000000000E+000
  0.000000000000000E+000  0.000000000000000E+000  0.000000000000000E+000
  0.000000000000000E+000  0.000000000000000E+000  0.000000000000000E+000
  0.000000000000000E+000  0.000000000000000E+000  0.000000000000000E+000
  0.000000000000000E+000  0.000000000000000E+000  0.000000000000000E+000
  0.000000000000000E+000  0.000000000000000E+000  0.000000000000000E+000
  0.000000000000000E+000  0.000000000000000E+000  0.000000000000000E+000
  0.000000000000000E+000  0.000000000000000E+000  0.000000000000000E+000
  0.000000000000000E+000  0.000000000000000E+000  0.000000000000000E+000
  0.000000000000000E+000  0.000000000000000E+000  0.000000000000000E+000
  0.000000000000000E+000  0.000000000000000E+000  0.000000000000000E+000
  0.000000000000000E+000  0.000000000000000E+000  0.000000000000000E+000
  0.000000000000000E+000  0.000000000000000E+000  0.000000000000000E+000
  0.000000000000000E+000  0.000000000000000E+000  0.000000000000000E+000
  0.000000000000000E+000  0.000000000000000E+000  0.000000000000000E+000
  0.000000000000000E+000  0.000000000000000E+000  0.000000000000000E+000
  0.000000000000000E+000  0.000000000000000E+000  0.000000000000000E+000
  0.000000000000000E+000  0.000000000000000E+000  0.000000000000000E+000
  0.000000000000000E+000  0.000000000000000E+000  0.000000000000000E+000
  0.000000000000000E+000  0.000000000000000E+000  0.000000000000000E+000
  0.000000000000000E+000  0.000000000000000E+000  0.000000000000000E+000
  0.000000000000000E+000  0.000000000000000E+000  0.000000000000000E+000
 -7.095050899858979E-002  0.110590178454347       0.194554893876822     
 -8.839062925680358E-002 -5.138410159075325E-002  0.512071073775543     
 -0.168744187168794       7.278007620886230E-002  0.845716186617036     
 -0.158663207442867      -0.119347324069270        1.19499533771176     
 -0.318442629519209       0.192989723529128        1.52184206959124     
 -0.302902218113042      -0.324866520518323        2.18593353388009     
  -1.18821254458278       -2.04690649294017        2.79167337119045     
 -0.139556938838931      -0.416440095307330        2.18079692266349     
  0.327286441669262      -0.163300543371481        1.51808839567892     
 -3.398165650803916E-002 -0.189221310009532        1.19443575835820     
  0.143111217324175      -0.100636506276828       0.849793907497820     
  3.581747071466688E-003 -9.385722165299401E-002  0.517820556407609     
  0.131376159211678      -5.695470664786327E-003  0.198358173782472     
  0.000000000000000E+000  0.000000000000000E+000  0.000000000000000E+000
  0.000000000000000E+000  0.000000000000000E+000  0.000000000000000E+000
  0.000000000000000E+000  0.000000000000000E+000  0.000000000000000E+000
  0.000000000000000E+000  0.000000000000000E+000  0.000000000000000E+000
 -2.138518442412695E-002  7.101241498340805E-002  0.158096097134904     
 -5.056776832377281E-002 -3.297203027139616E-002  0.480939072046723     
 -6.199981408665940E-002  5.451426872710581E-002  0.791476268788588     
 -6.690681366682145E-002 -7.331465249156113E-002   1.15217717939007     
 -0.117084236351805       0.295981926185815        1.47493579786362     
 -0.109969680614752      -2.859732791573198E-002   2.06731191775918     
 -0.664250930300837       -1.13748726956692        2.61652222150989     
  1.800884345044382E-002 -0.103280636686516        2.06291318266614     
  0.312553843103422       5.939787318969243E-002   1.47156960163721     
 -3.749441168755678E-002 -8.669205787728604E-002   1.15220914703755     
  7.426915877003425E-002 -1.850573744241560E-002  0.796341849119080     
 -7.433428471193873E-004 -5.292123522370300E-002  0.487148602958582     
  7.184473165686558E-002  1.790970415992268E-002  0.161427541940344     
  0.000000000000000E+000  0.000000000000000E+000  0.000000000000000E+000
  0.000000000000000E+000  0.000000000000000E+000  0.000000000000000E+000
  0.000000000000000E+000  0.000000000000000E+000  0.000000000000000E+000
  0.000000000000000E+000  0.000000000000000E+000  0.000000000000000E+000
  2.294966306437675E-004  5.866475230237755E-003  0.132553076095592     
  3.450222184971821E-002 -3.565256348719932E-002  0.395589916127482     
  4.490057774976352E-002  9.224364081337270E-002  0.718048502577415     
  0.114756510199996      -2.276751577148184E-002   1.04987455224462     
  0.222983933451648       0.601644498202193        1.34872987308371     
  0.425137375661859       0.816811346882742        1.80258481294008     
  0.201543481403196       0.363067798925408        2.20268961240675     
  0.471501704135188       0.769182281880414        1.80365562768310     
  0.410262161685240       0.505400892204085        1.34570404456802     
 -8.146195152786222E-002  9.362270363093150E-002   1.05220013432136     
  5.094928130738725E-002  8.950009631689708E-002  0.724224419368711     
 -4.640571564430420E-002  1.876825820353621E-002  0.401929528582464     
  3.598209365763397E-003  4.309144514022323E-003  0.135340994378610     
  0.000000000000000E+000  0.000000000000000E+000  0.000000000000000E+000
  0.000000000000000E+000  0.000000000000000E+000  0.000000000000000E+000
  0.000000000000000E+000  0.000000000000000E+000  0.000000000000000E+000
  0.000000000000000E+000  0.000000000000000E+000  0.000000000000000E+000
  2.168361525522628E-002 -4.958325241917664E-002  0.127714538930847     
  7.465105206707641E-002 -0.317893148739076       0.358125806922184     
  0.122342583677825      -4.164979815487692E-002  0.604966860617718     
  0.160898076239987      -0.809693565148484        1.07620471526506     
  0.189386505222854      -0.411664712674999        1.45407252511856     
  0.497230273220320       0.870552014379318        1.52493721676464     
  0.563807690691113       0.983282470298620        1.61347455570564     
  0.493419998324867       0.861022216357451        1.53037580732227     
 -0.452089406263442      -3.856917828004512E-002   1.45444719356511     
 -0.779935873391722      -0.261672672558196        1.07968586178095     
 -9.283365604653257E-002  9.254644950084984E-002  0.610642197239701     
 -0.311453427407053      -8.876274159286623E-002  0.363746975942081     
 -5.598200665591684E-002 -4.600065908553245E-003  0.130113408707069     
  0.000000000000000E+000  0.000000000000000E+000  0.000000000000000E+000
  0.000000000000000E+000  0.000000000000000E+000  0.000000000000000E+000
  0.000000000000000E+000  0.000000000000000E+000  0.000000000000000E+000
  0.000000000000000E+000  0.000000000000000E+000  0.000000000000000E+000
 -4.653109351208178E-002  2.703478671182119E-002  0.118230942493820     
  0.207357868570477      -0.752643347206138       0.404821644864823     
  8.103249911886455E-002 -0.159038796235866       0.531395789945310     
  0.105022539236962      -0.346856864260442       0.935743381547940     
 -2.555470993733063E-002  -1.12243253228591        1.59655878287749     
 -0.417764956650142       -1.75197799118277        2.24213190007620     
  -1.35011056847825       -2.34171970602667        2.82950957068248     
  -1.29784267553296       -1.23250461832553        2.23938192020335     
 -0.957450423252357      -0.587390448495399        1.60089481982597     
 -0.346138092781370      -7.932845321794262E-002  0.937276965418733     
 -0.172359495140973      -3.274199023587485E-003  0.535415872622266     
 -0.759569544378335      -0.193772241692422       0.410443059151660     
  4.620673523052315E-002 -2.460942650833379E-002  0.119839977106805     
  0.000000000000000E+000  0.000000000000000E+000  0.000000000000000E+000
  0.000000000000000E+000  0.000000000000000E+000  0.000000000000000E+000
  0.000000000000000E+000  0.000000000000000E+000  0.000000000000000E+000
  0.000000000000000E+000  0.000000000000000E+000  0.000000000000000E+000
 -1.729785524900190E-002  5.071780730291167E-002  7.445123875426128E-002
  0.183826129158543      -0.735561907312178       0.349866310345218     
  7.964595038624660E-002 -0.188260387794357       0.446113048269769     
  7.525326355757780E-002 -0.620357780693587       0.788887868562122     
 -9.906661747224689E-002  -1.74451410474108        1.72649166022821     
 -0.400642944009543       -1.40683748841362        1.93184678328565     
 -0.497588669952147      -0.875648249337923        1.78194978528803     
  -1.04034319260575       -1.09132895419901        1.95903860754552     
  -1.45107189282105      -0.960616264683789        1.72462956735048     
 -0.558142246728948      -0.241128326908407       0.784405066873845     
 -0.199654873460211      -2.165239854784143E-002  0.449259208145366     
 -0.729068546419279      -0.203911238057552       0.353295353359305     
  5.117524238481493E-002  1.140724133627442E-002  7.613665233228969E-002
  0.000000000000000E+000  0.000000000000000E+000  0.000000000000000E+000
  0.000000000000000E+000  0.000000000000000E+000  0.000000000000000E+000
  0.000000000000000E+000  0.000000000000000E+000  0.000000000000000E+000
  0.000000000000000E+000  0.000000000000000E+000  0.000000000000000E+000
  1.677090034641125E-002  1.432200659217695E-002  8.826463886431021E-002
  4.854051553066575E-002 -0.282619163776368       0.179379888934820     
  0.199989282302620      -0.588646699155627       0.423767463999265     
  0.247466181449072       -2.24478606650006        1.42811161650181     
  5.523961093348068E-002  -1.24220943285818        1.33072803599082     
  0.187824161952805       3.023975588531573E-002  0.564140852099436     
  0.203678797144668       0.346374537937128       0.490114207183735     
 -8.080772012425205E-002  0.152088918567722       0.585555221545876     
  -1.10688488953807      -0.589858678197607        1.33435520404263     
  -2.06548684075957      -0.913760558448341        1.42721857376879     
 -0.600685111248926      -0.117186607810801       0.421663773479786     
 -0.258644046561713      -9.213674504194158E-002  0.178964214734390     
  1.377150273115979E-003  2.385657989542044E-002  8.936758155661081E-002
  0.000000000000000E+000  0.000000000000000E+000  0.000000000000000E+000
  0.000000000000000E+000  0.000000000000000E+000  0.000000000000000E+000
  0.000000000000000E+000  0.000000000000000E+000  0.000000000000000E+000
  0.000000000000000E+000  0.000000000000000E+000  0.000000000000000E+000
  2.808414762471448E-002 -1.100840706403936E-002  9.097980456532262E-002
 -3.898706520128238E-002  9.509668173981979E-002 -4.677363009769975E-002
  0.382701595093086       -1.43706108630241       0.775443294814179     
  0.275107117051214       -1.44968213755995       0.980060069037499     
  0.272923177298358      -1.810301389909749E-003  6.670769335601470E-002
  0.291252841798282      -2.947101859999992E-002  0.406758537403220     
  0.478777981852755       0.832863257692416      -0.503778376919922     
 -0.170506429974698       0.237699957497694       0.400311617051464     
 -0.156729902230462       0.219852778320670       7.622855189605901E-002
  -1.39712613404965      -0.493463774720111       0.979432200829085     
  -1.42691538162298      -0.384875925880854       0.770106490091967     
  0.116495252270320       2.124638890600943E-002 -5.000381750385096E-002
 -2.620698134353564E-002  2.095861762966170E-002  9.222329401096556E-002
  0.000000000000000E+000  0.000000000000000E+000  0.000000000000000E+000
  0.000000000000000E+000  0.000000000000000E+000  0.000000000000000E+000
  0.000000000000000E+000  0.000000000000000E+000  0.000000000000000E+000
  0.000000000000000E+000  0.000000000000000E+000  0.000000000000000E+000
  1.311572364999512E-002  2.277750790658788E-002  7.117293094399879E-002
 -4.264736154608029E-002 -3.070820943237982E-003 -7.415881715101386E-002
  0.420961945780659       -1.44316234810628       0.986053810091817     
  1.744114788917858E-002 -3.096085376023761E-002 -0.244490344468157     
  0.191471595305286       0.168710670666459      -0.491572516640375     
  0.212957667730940      -2.440375643833859E-002  0.557549282215691     
  9.235183035358288E-002  0.170819472912743      -0.238360847018072     
 -0.135874490784085       0.180206558210853       0.539007746629473     
  5.166724171304039E-002  0.250966501637636      -0.512617470607134     
 -3.114751290425653E-002 -3.294415390731212E-003 -0.255644901238712     
  -1.45968656768901      -0.358897707901902       0.987884207382102     
  2.756276957079908E-002 -3.216405968241594E-002 -7.855246258041099E-002
  1.132554453906663E-002  2.334161937549393E-002  7.301529588192253E-002
  0.000000000000000E+000  0.000000000000000E+000  0.000000000000000E+000
  0.000000000000000E+000  0.000000000000000E+000  0.000000000000000E+000
  0.000000000000000E+000  0.000000000000000E+000  0.000000000000000E+000
  0.000000000000000E+000  0.000000000000000E+000  0.000000000000000E+000
  7.095903161161265E-003  9.688824359155794E-003  2.975566187155025E-002
 -2.746525828401553E-002 -2.157972863683429E-002 -4.810590380187767E-002
  6.533368889543639E-002 -0.474461016901214       0.323855715516908     
  2.300162319512712E-002  0.151069848270454      -0.602487618822019     
  0.119581798659424      -0.208344075386004       0.140232758051076     
  0.153420163178643      -0.241611097068898        1.07832483311924     
 -0.216232156299276      -0.353029864175704        2.42527082565863     
 -0.299759722421317       1.812354552894023E-002   1.09645670507872     
 -0.241629724626746       2.250314240134516E-003  0.117142038833942     
  0.118983946710723       9.727239953854158E-002 -0.610484770918674     
 -0.444788366639727      -0.182251856555743       0.328042754275329     
 -3.854436891233323E-003 -3.222478383575435E-002 -4.800373100106262E-002
  4.526934634013951E-003  1.092945342497681E-002  3.022106427636222E-002
  0.000000000000000E+000  0.000000000000000E+000  0.000000000000000E+000
  0.000000000000000E+000  0.000000000000000E+000  0.000000000000000E+000
  0.000000000000000E+000  0.000000000000000E+000  0.000000000000000E+000
  0.000000000000000E+000  0.000000000000000E+000  0.000000000000000E+000
  0.000000000000000E+000  0.000000000000000E+000  0.000000000000000E+000
  0.000000000000000E+000  0.000000000000000E+000  0.000000000000000E+000
  0.000000000000000E+000  0.000000000000000E+000  0.000000000000000E+000
  0.000000000000000E+000  0.000000000000000E+000  0.000000000000000E+000
  0.000000000000000E+000  0.000000000000000E+000  0.000000000000000E+000
  0.000000000000000E+000  0.000000000000000E+000  0.000000000000000E+000
  0.000000000000000E+000  0.000000000000000E+000  0.000000000000000E+000
  0.000000000000000E+000  0.000000000000000E+000  0.000000000000000E+000
  0.000000000000000E+000  0.000000000000000E+000  0.000000000000000E+000
  0.000000000000000E+000  0.000000000000000E+000  0.000000000000000E+000
  0.000000000000000E+000  0.000000000000000E+000  0.000000000000000E+000
  0.000000000000000E+000  0.000000000000000E+000  0.000000000000000E+000
  0.000000000000000E+000  0.000000000000000E+000  0.000000000000000E+000
  0.000000000000000E+000  0.000000000000000E+000  0.000000000000000E+000
  0.000000000000000E+000  0.000000000000000E+000  0.000000000000000E+000
  0.000000000000000E+000  0.000000000000000E+000  0.000000000000000E+000
  0.000000000000000E+000  0.000000000000000E+000  0.000000000000000E+000
  0.000000000000000E+000  0.000000000000000E+000  0.000000000000000E+000
  0.000000000000000E+000  0.000000000000000E+000  0.000000000000000E+000
  0.000000000000000E+000  0.000000000000000E+000  0.000000000000000E+000
  0.000000000000000E+000  0.000000000000000E+000  0.000000000000000E+000
  0.000000000000000E+000  0.000000000000000E+000  0.000000000000000E+000
  0.000000000000000E+000  0.000000000000000E+000  0.000000000000000E+000
  0.000000000000000E+000  0.000000000000000E+000  0.000000000000000E+000
  0.000000000000000E+000  0.000000000000000E+000  0.000000000000000E+000
  0.000000000000000E+000  0.000000000000000E+000  0.000000000000000E+000
  0.000000000000000E+000  0.000000000000000E+000  0.000000000000000E+000
  0.000000000000000E+000  0.000000000000000E+000  0.000000000000000E+000
  0.000000000000000E+000  0.000000000000000E+000  0.000000000000000E+000
  0.000000000000000E+000  0.000000000000000E+000  0.000000000000000E+000
  0.000000000000000E+000  0.000000000000000E+000  0.000000000000000E+000
  0.000000000000000E+000  0.000000000000000E+000  0.000000000000000E+000
  0.000000000000000E+000  0.000000000000000E+000  0.000000000000000E+000
  0.000000000000000E+000  0.000000000000000E+000  0.000000000000000E+000
   37.1899837045169        6767.67967891272       -1543.16052403433     
  -2636.93463053717       -5427.16085367402       -7327.28384733020     
  -4609.29116216594        1580.82542267868       -8392.22205886439     
  -5383.56916393150       -414.597529018639       -8870.90562898761     
  -5246.05802438732       -680.404253602441       -8960.77365152323     
  -4278.43100695919       -4604.50611407069       -9933.32107230076     
  -7508.94997696680       -13005.2491238254       -8640.32072883176     
  -2501.66350269262       -6608.72653484537       -9684.46175126037     
   1978.59711143508       -4919.15842702137       -8936.18449573797     
   2621.86825226629       -4698.96894375082       -8846.04014696156     
   3602.70805174885       -3217.81481790576       -8384.70494674174     
  -3600.83868022393       -5122.91834409349       -7339.43324375086     
   5888.02460919521        3453.36002447474       -1597.51661501909     
  0.000000000000000E+000  0.000000000000000E+000  0.000000000000000E+000
  0.000000000000000E+000  0.000000000000000E+000  0.000000000000000E+000
  0.000000000000000E+000  0.000000000000000E+000  0.000000000000000E+000
  0.000000000000000E+000  0.000000000000000E+000  0.000000000000000E+000
  -493.216685643678        7984.44559950702       -1473.24878487399     
  -3230.04746831253       -1925.18438833759       -7152.05600702537     
  -4653.41885212365       -272.412644430237       -8596.10521643294     
  -5434.19578913859        664.795539218033       -8968.23248786737     
  -5703.14142251933       -1801.84757683370       -8750.85344673117     
  -4999.72151959054       -4551.10602407285       -9753.62514701823     
  -5977.44132191293       -10321.7711556561       -8906.41695107289     
  -1768.76647962577       -6909.27592498777       -9585.68457344424     
   1265.53966908568       -5830.37443523261       -8737.79217283631     
   3495.74897216240       -4247.49968787391       -8946.12013243565     
   1989.29310513956       -4198.00071430238       -8588.49700461183     
  -188.096144774682       -3824.98576392810       -7172.79330925849     
   7231.13576374756        3603.07097596990       -1526.09395409430     
  0.000000000000000E+000  0.000000000000000E+000  0.000000000000000E+000
  0.000000000000000E+000  0.000000000000000E+000  0.000000000000000E+000
  0.000000000000000E+000  0.000000000000000E+000  0.000000000000000E+000
  0.000000000000000E+000  0.000000000000000E+000  0.000000000000000E+000
  -1227.34081798182        9959.20337523743       -1747.65803215709     
  -3721.11042503304        6940.81295471007       -6458.48015360381     
  -4554.73461449550       -3498.84880861634       -8125.23886412014     
  -4427.50134128937        3243.48071122519       -9318.11752352620     
  -4173.64719543865        1067.89162190558       -8748.94048160903     
  -4420.45336831922       -2908.67360872211       -8867.87369626462     
  -3513.80489781583       -6131.05692371212       -8057.20610743976     
  -108.197175014557       -5091.88344836772       -8891.16147940684     
   2999.69616986689       -3080.15710468461       -8715.27303473639     
   5073.45546331966       -2143.07205249430       -9314.79622301360     
  -868.468010970145       -5719.78445044879       -8113.49285344471     
   7915.89125845885        302.448569068559       -6483.89290675067     
   9341.17857443363        3959.25966490110       -1803.02627917041     
  0.000000000000000E+000  0.000000000000000E+000  0.000000000000000E+000
  0.000000000000000E+000  0.000000000000000E+000  0.000000000000000E+000
  0.000000000000000E+000  0.000000000000000E+000  0.000000000000000E+000
  0.000000000000000E+000  0.000000000000000E+000  0.000000000000000E+000
  -1069.88677891835        7513.53119846088       -1572.89422171008     
  -6116.71347198541        18156.1569361402       -7303.76215834216     
  -4086.38395921612        5506.27481924846       -7468.04145045707     
  -3416.29046604718       -2375.68274394537       -8766.44165489940     
  -1333.62581382168        6280.66256681362       -10747.4863309141     
   517.797388289822        3425.14022541216       -11086.3828813545     
   5410.35225619691        9347.22465507142       -12365.2946694665     
   2502.57392268718        1912.09385116939       -11011.1650725184     
   6115.54649951807        2030.98051641551       -10743.4037480075     
  -396.106241922907       -4102.27579618845       -8758.30095766288     
   6767.82989134007       -716.584992777065       -7469.08046138587     
   19041.2698304419        3940.45172241731       -7355.54910551839     
   7115.42198640338        2866.88692090994       -1630.75713001533     
  0.000000000000000E+000  0.000000000000000E+000  0.000000000000000E+000
  0.000000000000000E+000  0.000000000000000E+000  0.000000000000000E+000
  0.000000000000000E+000  0.000000000000000E+000  0.000000000000000E+000
  0.000000000000000E+000  0.000000000000000E+000  0.000000000000000E+000
   502.645026409756        2063.61893637989       -120.597366274357     
  -6739.40773070307        14567.2991487552       -6025.93931334811     
  -2927.56816437303       -999.626003812058       -5310.88988226991     
  -2066.77144106998       -12140.0756568915       -4766.33301442762     
  -1934.60062789129       -22003.1736888978       -2903.63296390502     
  -4791.35252525360       -18990.1810755127       -1417.37910643359     
   884.739200238371        1649.39900097156       -13674.7885317872     
  -14237.1657784330       -13731.1280134490       -1351.80870743866     
  -17911.9626153261       -12459.6441957021       -3037.17676179052     
  -9195.80039415288       -7595.20399338488       -4863.48590035732     
   454.282667871170       -2976.84681840434       -5290.42191492242     
   16067.2187853916        1547.02257470788       -6052.12960356154     
   1563.71328775154        1500.90613179919       -160.945691964607     
  0.000000000000000E+000  0.000000000000000E+000  0.000000000000000E+000
  0.000000000000000E+000  0.000000000000000E+000  0.000000000000000E+000
  0.000000000000000E+000  0.000000000000000E+000  0.000000000000000E+000
  0.000000000000000E+000  0.000000000000000E+000  0.000000000000000E+000
  -419.666509516589        877.160903574820        719.917555765334     
  -3870.03070991231        2461.12388424235       -2511.62446698137     
  -1786.69303771325       -4218.64101310557       -2217.40820107811     
  -1780.87422039309       -6770.81215233013       -4821.78798024155     
  -2485.52348941234       -13171.4891842427       -3125.17548956954     
   2330.70654548933        7948.12591403632       -17079.9992807452     
   6587.24997736310        11422.0602251077       -21652.7898637252     
   5725.33484252383        6043.21717620701       -17054.2314645965     
  -10450.0415498654       -8917.11520545916       -2968.08638191409     
  -4748.37568257539       -4739.90222669342       -4936.36038253688     
  -2681.20837281326       -3517.77997252283       -2232.60372843986     
   3977.41784077587       -2056.82091961209       -2485.20819571640     
   982.645355018048        77.0011301325229        698.944593076253     
  0.000000000000000E+000  0.000000000000000E+000  0.000000000000000E+000
  0.000000000000000E+000  0.000000000000000E+000  0.000000000000000E+000
  0.000000000000000E+000  0.000000000000000E+000  0.000000000000000E+000
  0.000000000000000E+000  0.000000000000000E+000  0.000000000000000E+000
  -2157.32799644863       -99.5074998895923        288.974640563713     
  -857.395723762432       -5642.31867820513        433.633148041151     
  -1515.48129411137       -4436.41230871169        14.3604383895598     
  -4243.69196105926        3546.83963918980       -8340.88830791447     
  -2852.94440787586        381.595326881271       -9291.99652698155     
  -4056.07167002581       -4296.93263478908       -6344.18023963967     
   11756.9111137867        20264.9214631658       -28824.1635554375     
  -1351.40985526080       -5523.91637842970       -6563.52417831018     
   1366.08153319803       -2657.83797628684       -8879.92625959694     
   5065.07460348575       -1963.07759518522       -8280.40469137418     
  -2935.27193288524       -3416.95487933553       -24.4330251255534     
  -4521.91441249386       -3508.29677516182        484.877831995293     
   971.142442764107       -1911.98465701239        266.763779630834     
  0.000000000000000E+000  0.000000000000000E+000  0.000000000000000E+000
  0.000000000000000E+000  0.000000000000000E+000  0.000000000000000E+000
  0.000000000000000E+000  0.000000000000000E+000  0.000000000000000E+000
  0.000000000000000E+000  0.000000000000000E+000  0.000000000000000E+000
  -2133.26572264827        935.164305632481       -243.995366836203     
   561.394534065994       -9951.46743775440        2939.99069154145     
  -1169.95456047730       -7694.07198198247        3425.20418875286     
  -3670.64794646222       -4204.75967752511       -1119.08712198683     
  -4343.48878398553        2567.41975130735       -10290.8312839901     
   248.561433305295        3311.81004203114       -5277.68985804308     
   4525.56637961968        7664.89673958013       -16513.4504564996     
   2767.23226221323        1804.51464517180       -5236.42932708297     
   4512.29215837780       -2501.51065960896       -10453.2974548327     
  -1606.19875258955       -5284.34601090674       -1280.98985206325     
  -6191.71510539643       -4882.64933642842        3554.00654319391     
  -8990.54962287768       -4472.08780953822        3002.09743892650     
   1889.61019243800       -1362.10815262214       -250.591763185665     
  0.000000000000000E+000  0.000000000000000E+000  0.000000000000000E+000
  0.000000000000000E+000  0.000000000000000E+000  0.000000000000000E+000
  0.000000000000000E+000  0.000000000000000E+000  0.000000000000000E+000
  0.000000000000000E+000  0.000000000000000E+000  0.000000000000000E+000
  -981.386847865629        1050.66340719407       -771.329560208521     
  -782.556702573026       -7676.72558721340        3314.44781112523     
   919.793544006615       -8418.90686466447        5020.82323270028     
   40.3558312561494       -10208.9212468430        6975.23762023840     
  -2357.21494853279        3566.02692316854       -8463.75748535652     
   1950.24853556170        5465.72284888190       -11710.5137751401     
  -630.790852792708       -967.089411918388        5266.92096538948     
   3784.50760373365        4467.30487993650       -11835.9452861790     
   4223.90716686026       -310.959150598988       -8571.36740869233     
  -8548.20457937632       -5049.09254778201        6619.14171912407     
  -7813.18559391428       -3426.19505559928        5126.43701403413     
  -6334.97268912345       -4539.17762730295        3391.36589518014     
   1402.16198447627       -312.553107394468       -779.646051942919     
  0.000000000000000E+000  0.000000000000000E+000  0.000000000000000E+000
  0.000000000000000E+000  0.000000000000000E+000  0.000000000000000E+000
  0.000000000000000E+000  0.000000000000000E+000  0.000000000000000E+000
  0.000000000000000E+000  0.000000000000000E+000  0.000000000000000E+000
   21.0607403820243        351.632733067697        55.9126036026686     
  -1739.19854131456       -1405.43536415303       -154.401753960970     
   275.833539658964       -5013.71346870070        2945.79462175574     
  -112.238650409277       -1889.31076512248       -898.052445788624     
   1570.07241071223       -690.433196953686       -6322.33828729329     
   2037.90444610849       -5029.44275412617        17397.5683761436     
  -98.2352104747400       -60.6486710787732        8245.64512100242     
  -5465.07478040713       -671.750487989563        17459.1459982160     
  -1583.15017398696        1022.98415277201       -6144.29332445555     
  -1545.97382869130       -1045.31305334575       -981.929950725469     
  -4467.52111785798       -2254.74706063977        2952.90396536938     
  -353.358312531919       -2221.25722554005       -125.777483786863     
   291.263303562961        197.762993619471        62.6345254892109     
  0.000000000000000E+000  0.000000000000000E+000  0.000000000000000E+000
  0.000000000000000E+000  0.000000000000000E+000  0.000000000000000E+000
  0.000000000000000E+000  0.000000000000000E+000  0.000000000000000E+000
  0.000000000000000E+000  0.000000000000000E+000  0.000000000000000E+000
  0.000000000000000E+000  0.000000000000000E+000  0.000000000000000E+000
  0.000000000000000E+000  0.000000000000000E+000  0.000000000000000E+000
  0.000000000000000E+000  0.000000000000000E+000  0.000000000000000E+000
  0.000000000000000E+000  0.000000000000000E+000  0.000000000000000E+000
  0.000000000000000E+000  0.000000000000000E+000  0.000000000000000E+000
  0.000000000000000E+000  0.000000000000000E+000  0.000000000000000E+000
  0.000000000000000E+000  0.000000000000000E+000  0.000000000000000E+000
  0.000000000000000E+000  0.000000000000000E+000  0.000000000000000E+000
  0.000000000000000E+000  0.000000000000000E+000  0.000000000000000E+000
  0.000000000000000E+000  0.000000000000000E+000  0.000000000000000E+000
  0.000000000000000E+000  0.000000000000000E+000  0.000000000000000E+000
  0.000000000000000E+000  0.000000000000000E+000  0.000000000000000E+000
  0.000000000000000E+000  0.000000000000000E+000  0.000000000000000E+000
  0.000000000000000E+000  0.000000000000000E+000  0.000000000000000E+000
  0.000000000000000E+000  0.000000000000000E+000  0.000000000000000E+000
  0.000000000000000E+000  0.000000000000000E+000  0.000000000000000E+000
  0.000000000000000E+000  0.000000000000000E+000  0.000000000000000E+000
  0.000000000000000E+000  0.000000000000000E+000  0.000000000000000E+000
  0.000000000000000E+000  0.000000000000000E+000  0.000000000000000E+000
  0.000000000000000E+000  0.000000000000000E+000  0.000000000000000E+000
  0.000000000000000E+000  0.000000000000000E+000  0.000000000000000E+000
  0.000000000000000E+000  0.000000000000000E+000  0.000000000000000E+000
  0.000000000000000E+000  0.000000000000000E+000  0.000000000000000E+000
  0.000000000000000E+000  0.000000000000000E+000  0.000000000000000E+000
  0.000000000000000E+000  0.000000000000000E+000  0.000000000000000E+000
  0.000000000000000E+000  0.000000000000000E+000  0.000000000000000E+000
  0.000000000000000E+000  0.000000000000000E+000  0.000000000000000E+000
  0.000000000000000E+000  0.000000000000000E+000  0.000000000000000E+000
  0.000000000000000E+000  0.000000000000000E+000  0.000000000000000E+000
  0.000000000000000E+000  0.000000000000000E+000  0.000000000000000E+000
  0.000000000000000E+000  0.000000000000000E+000  0.000000000000000E+000
  0.000000000000000E+000  0.000000000000000E+000  0.000000000000000E+000
