          80  8.000000000000007E-003  8.000000000000007E-003
  0.000000000000000E+000  0.000000000000000E+000  0.000000000000000E+000
  0.000000000000000E+000  0.000000000000000E+000  0.000000000000000E+000
  3.217592352279266E-002  6.086041557145632E-002 -9.659228660660461E-002
  2.902749669631225E-002  7.710545791536276E-002 -0.168800366984998     
  4.171567834594970E-002  0.106247078853036      -0.255674992467584     
  4.750617537343556E-002  0.132563280229911      -0.309500952455919     
  6.096698967008278E-002  0.157405890633868      -0.360990395067371     
  8.444175267618986E-002  0.205026377536834      -0.396715953552169     
  0.123660148127749       0.214278878899722      -0.420869962274330     
  0.135354861440504       0.175770311199231      -0.396763155170307     
  0.105965903778553       0.131657077395135      -0.361010581297353     
  9.119709597480241E-002  0.107579899719206      -0.309531724033530     
  7.132348124533203E-002  8.939817533462092E-002 -0.255742048557584     
  5.231240672224889E-002  6.372323874910321E-002 -0.168792155926876     
  3.668532198742724E-002  5.833869125934134E-002 -9.668653829163686E-002
  0.000000000000000E+000  0.000000000000000E+000  0.000000000000000E+000
  0.000000000000000E+000  0.000000000000000E+000  0.000000000000000E+000
  0.000000000000000E+000  0.000000000000000E+000  0.000000000000000E+000
  0.000000000000000E+000  0.000000000000000E+000  0.000000000000000E+000
  2.212710519634817E-002  6.598675202106703E-002 -8.496135387207236E-002
  2.330109294868993E-002  8.354635228374803E-002 -0.163453938292172     
  2.895971192702486E-002  0.109160031286518      -0.243057821493075     
  3.838865980492322E-002  0.135765174331641      -0.304521730259056     
  5.189580213700008E-002  0.159294084824015      -0.354052250927184     
  7.906811609971853E-002  0.202438570983234      -0.393021470314355     
  0.113798948649821       0.197184206299797      -0.413080335598355     
  0.135740365702603       0.169775899088964      -0.393069022850355     
  0.112027534407118       0.124687422891208      -0.354077894848011     
  9.842828447635248E-002  0.101223064194260      -0.304545900668892     
  8.011059708142805E-002  7.973530921417736E-002 -0.243102734432582     
  6.074665847322933E-002  6.197182869163085E-002 -0.163430089649207     
  4.612556232557219E-002  5.217418818795522E-002 -8.503579212379127E-002
  0.000000000000000E+000  0.000000000000000E+000  0.000000000000000E+000
  0.000000000000000E+000  0.000000000000000E+000  0.000000000000000E+000
  0.000000000000000E+000  0.000000000000000E+000  0.000000000000000E+000
  0.000000000000000E+000  0.000000000000000E+000  0.000000000000000E+000
  1.396691547451363E-002  7.813943586367340E-002 -7.207593960233176E-002
  1.252842041059624E-002  9.295290104707414E-002 -0.149968597175403     
  1.336783322748233E-002  0.124150227880259      -0.227953951743012     
  2.130653959260422E-002  0.137715747839831      -0.291119516262447     
  3.691639776462036E-002  0.167692408033348      -0.342381426995464     
  6.567324639660152E-002  0.187830000293550      -0.383077330004292     
  9.804313353838928E-002  0.169894431839194      -0.398914807521336     
  0.129709758214976       0.150825342051398      -0.383135203439557     
  0.126726705442216       0.115878901342350      -0.342416685720691     
  0.108607037150002       8.736681070877700E-002 -0.291122789537701     
  0.100834283877181       7.368174036256593E-002 -0.227962853236045     
  7.421864060865310E-002  5.729931968366122E-002 -0.149906758214867     
  6.069017181720285E-002  5.114921404145246E-002 -7.212056500041718E-002
  0.000000000000000E+000  0.000000000000000E+000  0.000000000000000E+000
  0.000000000000000E+000  0.000000000000000E+000  0.000000000000000E+000
  0.000000000000000E+000  0.000000000000000E+000  0.000000000000000E+000
  0.000000000000000E+000  0.000000000000000E+000  0.000000000000000E+000
  1.229878074581406E-002  8.648420050702299E-002 -6.329814925136695E-002
  1.429969977191468E-003  0.117148597179958      -0.136908207332541     
 -2.165422615088543E-003  0.136338242039927      -0.213744888022428     
  3.255380819157105E-003  0.161254878360694      -0.276197477595122     
  2.085212149212312E-002  0.185276233985559      -0.331194533952374     
  4.593294605439358E-002  0.157518761076334      -0.365537203562896     
  7.670923006919302E-002  0.132947724682561      -0.375226214875041     
  0.113299496442928       0.118579004321134      -0.365617395947682     
  0.149930596155598       0.110732205732322      -0.331235943771730     
  0.138003988039728       8.348561067225464E-002 -0.276177234413932     
  0.119105880357598       6.629391661864574E-002 -0.213697987328950     
  0.100654513657325       5.974692762063204E-002 -0.136808513228479     
  6.869952868154836E-002  5.384584611548471E-002 -6.331495083717927E-002
  0.000000000000000E+000  0.000000000000000E+000  0.000000000000000E+000
  0.000000000000000E+000  0.000000000000000E+000  0.000000000000000E+000
  0.000000000000000E+000  0.000000000000000E+000  0.000000000000000E+000
  0.000000000000000E+000  0.000000000000000E+000  0.000000000000000E+000
  1.226079239500148E-002  0.113660764955889      -5.869450138542635E-002
 -4.208659062736408E-003  0.129803695947974      -0.130388301333205     
 -1.557864576310905E-002  0.170989744695354      -0.205724434323747     
 -1.111024137802260E-002  0.188800371876266      -0.269156180559313     
  4.470465307173778E-003  0.167648638947712      -0.319687408528849     
  2.706889592761408E-002  0.126702950529161      -0.342516834764285     
  5.505822720286228E-002  9.544183543646170E-002 -0.351221299638837     
  9.609476331412151E-002  8.691039990280960E-002 -0.342650414503475     
  0.142862467102311       8.774976969731074E-002 -0.319742636026843     
  0.168994552593750       8.480208002109769E-002 -0.269116782505963     
  0.155836058819082       7.201933958215355E-002 -0.205639040831629     
  0.114439487245562       6.121345520471772E-002 -0.130259553652263     
  9.232228155939451E-002  6.742671643089587E-002 -5.868621837989382E-002
  0.000000000000000E+000  0.000000000000000E+000  0.000000000000000E+000
  0.000000000000000E+000  0.000000000000000E+000  0.000000000000000E+000
  0.000000000000000E+000  0.000000000000000E+000  0.000000000000000E+000
  0.000000000000000E+000  0.000000000000000E+000  0.000000000000000E+000
  1.915149254483068E-002  0.100842130714702      -5.555735434651417E-002
 -1.718274935115109E-002  0.172035863038750      -0.130673760129434     
 -2.805343871480645E-002  0.185755009538945      -0.202246840490144     
 -2.568326414505098E-002  0.176841328645638      -0.260669529275961     
 -1.317540436829459E-002  0.137988513199411      -0.298467727805892     
  8.168308967067214E-003  9.053599620453812E-002 -0.315608290079501     
  3.198668026156030E-002  5.546722420536081E-002 -0.318110745277184     
  7.434469507086333E-002  5.256023542406496E-002 -0.315852713457992     
  0.126049876038595       5.768905213688624E-002 -0.298586493137420     
  0.165905285506818       6.621977865136894E-002 -0.260622827584385     
  0.174799214485762       6.860148744318700E-002 -0.202134632714209     
  0.157483029773547       7.109466859968083E-002 -0.130517506148211     
  7.772118285753847E-002  6.696140196213836E-002 -5.553933944672494E-002
  0.000000000000000E+000  0.000000000000000E+000  0.000000000000000E+000
  0.000000000000000E+000  0.000000000000000E+000  0.000000000000000E+000
  0.000000000000000E+000  0.000000000000000E+000  0.000000000000000E+000
  0.000000000000000E+000  0.000000000000000E+000  0.000000000000000E+000
  3.583586365270101E-002  7.115753315295677E-002 -4.829047720497228E-002
 -3.044150155592019E-002  0.165892953531903      -0.129005421771763     
 -3.584629641351632E-002  0.166529362559632      -0.188687270578888     
 -4.023679096974411E-002  0.148136606500197      -0.238074574135267     
 -2.754804076768557E-002  0.105531477236887      -0.269443132037261     
 -9.460798691507245E-003  5.658100424959087E-002 -0.279047814669175     
  1.435016813571922E-002  2.489199273997557E-002 -0.280396353116096     
  5.394427999286197E-002  2.042232562429984E-002 -0.279497806432962     
  0.105141164049423       2.903894691601127E-002 -0.269618634287899     
  0.148296861940927       3.929994033793695E-002 -0.238066831227836     
  0.162110878087444       5.228410482760122E-002 -0.188597664356326     
  0.158690606597573       5.652919563022583E-002 -0.128798399281200     
  4.365552417393044E-002  6.656493826788602E-002 -4.827732274036148E-002
  0.000000000000000E+000  0.000000000000000E+000  0.000000000000000E+000
  0.000000000000000E+000  0.000000000000000E+000  0.000000000000000E+000
  0.000000000000000E+000  0.000000000000000E+000  0.000000000000000E+000
  0.000000000000000E+000  0.000000000000000E+000  0.000000000000000E+000
  4.126719931946052E-002  4.743752100615419E-002 -4.139601951666880E-002
 -3.523905553158808E-002  0.146530564117617      -0.115860294957270     
 -4.448964604444471E-002  0.135371418723022      -0.164129079382494     
 -4.807182855137629E-002  0.113400344631234      -0.205124705245228     
 -4.081901244899481E-002  7.242902564325923E-002 -0.229729453960030     
 -2.321215647943197E-002  2.990046506117017E-002 -0.238306774071432     
  1.391007305134220E-004  2.101329619168470E-004 -0.238357443968600     
  3.787443937295473E-002 -4.843102106946226E-003 -0.239085362503933     
  8.307362687415770E-002  1.012551221446654E-003 -0.229934761351575     
  0.122085803715913       1.517971295145925E-002 -0.205143740973831     
  0.139520503687575       2.926317832794904E-002 -0.164125695849116     
  0.144382071066560       4.271432103381236E-002 -0.115618549754523     
  2.037116310918402E-002  5.938794507568453E-002 -4.138521957660854E-002
  0.000000000000000E+000  0.000000000000000E+000  0.000000000000000E+000
  0.000000000000000E+000  0.000000000000000E+000  0.000000000000000E+000
  0.000000000000000E+000  0.000000000000000E+000  0.000000000000000E+000
  0.000000000000000E+000  0.000000000000000E+000  0.000000000000000E+000
  3.764905611111230E-002  2.829791039339122E-002 -2.834581860562086E-002
 -4.520770581928960E-002  0.110026257074596      -8.857161090679169E-002
 -3.114744566617045E-002  8.062612517969535E-002 -0.112118267012800     
 -4.839776106256303E-002  6.985677954081349E-002 -0.146428196525832     
 -4.096565530974017E-002  3.718647891765824E-002 -0.164956665061786     
 -3.010516656657066E-002  6.583311332966205E-003 -0.174413199468138     
 -9.207551750702861E-003 -1.606025005913113E-002 -0.177510210648465     
  2.112965673225618E-002 -2.260935929418139E-002 -0.175198115304585     
  5.255026626032584E-002 -1.677273723915364E-002 -0.165051595901601     
  8.451010049539548E-002 -6.883028781018115E-003 -0.146496670030198     
  8.552580532937999E-002  1.341855126455407E-002 -0.112243303430016     
  0.117859458400356       1.587273809869915E-002 -8.837983947709008E-002
  5.603004730159174E-003  4.668328970907833E-002 -2.832696247484021E-002
  0.000000000000000E+000  0.000000000000000E+000  0.000000000000000E+000
  0.000000000000000E+000  0.000000000000000E+000  0.000000000000000E+000
  0.000000000000000E+000  0.000000000000000E+000  0.000000000000000E+000
  0.000000000000000E+000  0.000000000000000E+000  0.000000000000000E+000
  1.952379589288844E-002  5.058769622993048E-003 -1.430294467328666E-002
 -1.066513297812547E-002  5.082598019595569E-002 -4.128618714649387E-002
 -2.501628360368389E-002  4.277167296862826E-002 -6.478892525075031E-002
 -3.695047901286713E-002  3.475530944023377E-002 -8.966032033582592E-002
 -3.817252828427684E-002  1.588319762156892E-002 -0.104657348498271     
 -3.307501401908470E-002 -6.213569315488526E-003 -0.121592999103587     
 -1.439771583352117E-002 -2.560291726857923E-002 -0.127617616334718     
  1.132634111424333E-002 -3.186081227372598E-002 -0.122120893236841     
  3.245663464626578E-002 -2.487285741934142E-002 -0.104665312926777     
  4.842237583487508E-002 -1.453211012391077E-002 -8.971658746086977E-002
  4.964200849832485E-002 -2.141670529024166E-004 -6.495187812517937E-002
  4.942034159770498E-002  1.615704863533206E-002 -4.121533523046778E-002
 -5.419929580779216E-003  1.939060264526808E-002 -1.429186218869140E-002
  0.000000000000000E+000  0.000000000000000E+000  0.000000000000000E+000
  0.000000000000000E+000  0.000000000000000E+000  0.000000000000000E+000
  0.000000000000000E+000  0.000000000000000E+000  0.000000000000000E+000
  0.000000000000000E+000  0.000000000000000E+000  0.000000000000000E+000
  0.000000000000000E+000  0.000000000000000E+000  0.000000000000000E+000
  0.000000000000000E+000  0.000000000000000E+000  0.000000000000000E+000
  0.000000000000000E+000  0.000000000000000E+000  0.000000000000000E+000
  0.000000000000000E+000  0.000000000000000E+000  0.000000000000000E+000
  0.000000000000000E+000  0.000000000000000E+000  0.000000000000000E+000
  0.000000000000000E+000  0.000000000000000E+000  0.000000000000000E+000
  0.000000000000000E+000  0.000000000000000E+000  0.000000000000000E+000
  0.000000000000000E+000  0.000000000000000E+000  0.000000000000000E+000
  0.000000000000000E+000  0.000000000000000E+000  0.000000000000000E+000
  0.000000000000000E+000  0.000000000000000E+000  0.000000000000000E+000
  0.000000000000000E+000  0.000000000000000E+000  0.000000000000000E+000
  0.000000000000000E+000  0.000000000000000E+000  0.000000000000000E+000
  0.000000000000000E+000  0.000000000000000E+000  0.000000000000000E+000
  0.000000000000000E+000  0.000000000000000E+000  0.000000000000000E+000
  0.000000000000000E+000  0.000000000000000E+000  0.000000000000000E+000
  0.000000000000000E+000  0.000000000000000E+000  0.000000000000000E+000
  0.000000000000000E+000  0.000000000000000E+000  0.000000000000000E+000
  0.000000000000000E+000  0.000000000000000E+000  0.000000000000000E+000
  0.000000000000000E+000  0.000000000000000E+000  0.000000000000000E+000
  0.000000000000000E+000  0.000000000000000E+000  0.000000000000000E+000
  0.000000000000000E+000  0.000000000000000E+000  0.000000000000000E+000
  0.000000000000000E+000  0.000000000000000E+000  0.000000000000000E+000
  0.000000000000000E+000  0.000000000000000E+000  0.000000000000000E+000
  0.000000000000000E+000  0.000000000000000E+000  0.000000000000000E+000
  0.000000000000000E+000  0.000000000000000E+000  0.000000000000000E+000
  0.000000000000000E+000  0.000000000000000E+000  0.000000000000000E+000
  0.000000000000000E+000  0.000000000000000E+000  0.000000000000000E+000
  0.000000000000000E+000  0.000000000000000E+000  0.000000000000000E+000
  0.000000000000000E+000  0.000000000000000E+000  0.000000000000000E+000
  0.000000000000000E+000  0.000000000000000E+000  0.000000000000000E+000
  0.000000000000000E+000  0.000000000000000E+000  0.000000000000000E+000
  0.000000000000000E+000  0.000000000000000E+000  0.000000000000000E+000
  0.000000000000000E+000  0.000000000000000E+000  0.000000000000000E+000
  0.000000000000000E+000  0.000000000000000E+000  0.000000000000000E+000
 -1.959180280899041E-004  3.258710615919730E-004  5.949461474711499E-005
  7.773360363684037E-004  1.369070441549537E-003  1.049761577641853E-003
  1.641811149100885E-003 -1.550999503697498E-003  1.490695250669904E-003
  5.744373414607054E-004  3.286293498996873E-003 -2.522978128940120E-004
  6.872964061646015E-004 -4.457174822838354E-003 -3.020618468962403E-003
 -1.044219488975800E-003  9.066991920519180E-003  3.325292194865033E-004
  2.470029980286935E-002  4.294225418528933E-002 -2.741584601398005E-002
  8.946392448716426E-003  4.157372424673541E-003  1.829554538092917E-004
 -4.728433870302911E-003 -1.848834733356701E-003 -2.907497853214701E-003
  2.542884787836281E-003  2.211636810158757E-003 -2.090010888761259E-004
 -2.097510712978208E-003  7.372699485269832E-004  1.587049000133061E-003
  9.060972686989912E-004  1.463491677924224E-003  1.111284633386543E-003
  3.818591772737528E-004 -1.923636682636316E-005  7.028957219224702E-005
  0.000000000000000E+000  0.000000000000000E+000  0.000000000000000E+000
  0.000000000000000E+000  0.000000000000000E+000  0.000000000000000E+000
  0.000000000000000E+000  0.000000000000000E+000  0.000000000000000E+000
  0.000000000000000E+000  0.000000000000000E+000  0.000000000000000E+000
 -1.682394437428956E-004  1.022106981176453E-004  1.938819925318623E-006
  1.005838690393551E-003  2.516855457000611E-004  9.835087045777932E-004
  1.364819566346164E-003  6.570791965897752E-004  1.573477364240204E-003
  1.064964775348863E-003 -1.319011650274482E-003 -5.621251653195919E-005
 -1.449465899204365E-003  2.840186890624197E-003 -2.380034045923349E-003
  3.076498551109022E-003  3.601257831693745E-003 -8.596341188088489E-004
 -1.655530918094539E-002 -2.865119345971893E-002 -4.994148148567904E-003
  1.704428596118207E-003  4.687117415286286E-003 -9.665912645602571E-004
  3.538363316335647E-003  4.617469119028477E-004 -2.279023292564219E-003
 -1.968421833968368E-003  1.733996123272517E-004 -5.170954578640137E-007
 -1.626367814011620E-004  1.540724941747436E-003  1.666987241027858E-003
 -2.925516280296620E-004  1.034207357892884E-003  1.040927738263342E-003
  1.647789843581889E-004 -1.066830714255481E-004  9.087510399849722E-006
  0.000000000000000E+000  0.000000000000000E+000  0.000000000000000E+000
  0.000000000000000E+000  0.000000000000000E+000  0.000000000000000E+000
  0.000000000000000E+000  0.000000000000000E+000  0.000000000000000E+000
  0.000000000000000E+000  0.000000000000000E+000  0.000000000000000E+000
  2.160994499298456E-005 -1.757978009274211E-003 -1.317117374515104E-005
  5.025986052353132E-004  2.745610382830967E-003  8.184482602016872E-004
  1.795008706658760E-003 -1.439506012925045E-003  2.070753302229750E-003
 -6.035599746899111E-004  4.877527454620398E-003 -4.894795547090555E-004
 -2.632753175859213E-003 -6.180152448293250E-003 -7.983003072804336E-004
 -1.332261142542756E-003  3.934002741462740E-003 -5.179147841894385E-004
 -1.663676865057518E-002 -2.884557447441343E-002  3.064911352256746E-003
  3.445288005736587E-003  2.722270705133697E-004 -2.841554428817084E-004
 -4.082830435808294E-003 -5.329747425697849E-003 -7.688158193276459E-004
  4.477457294491446E-003  1.918988431489329E-003 -3.791420900208808E-004
 -2.138802187438580E-003  9.014928360703984E-004  2.146707989714388E-003
  1.972968600846078E-003  1.770438902373958E-003  8.773066474648672E-004
 -1.568231779942468E-003 -8.850730117187325E-004 -1.199523802277799E-005
  0.000000000000000E+000  0.000000000000000E+000  0.000000000000000E+000
  0.000000000000000E+000  0.000000000000000E+000  0.000000000000000E+000
  0.000000000000000E+000  0.000000000000000E+000  0.000000000000000E+000
  0.000000000000000E+000  0.000000000000000E+000  0.000000000000000E+000
 -1.757903493110810E-004  3.046369471898153E-003 -1.436779729179920E-005
  1.337281466099584E-003 -2.783747293910099E-003  7.368744762779449E-004
  1.847475428436860E-003  3.551816634877747E-003  1.787038736403587E-003
 -2.753553527979595E-004 -7.341643238450052E-003 -1.866633412091001E-004
 -8.021616467982793E-004  1.182460203972716E-002 -4.532090225747207E-004
  2.007348285848327E-003  1.009671687093175E-002 -8.307641334794348E-004
  9.910301570971196E-003  1.716093233687511E-002 -1.044211465441336E-002
  8.220109261629055E-003  7.129961993412232E-003 -1.078105524861431E-003
  1.058576983486269E-002  5.147475940314077E-003 -3.278663489140176E-004
 -6.095476266817531E-003 -3.807431971231546E-003 -1.556975437601611E-004
  2.149156866334525E-003  3.432258908315080E-003  1.871950532889114E-003
 -3.059977704542200E-003 -1.860387176448803E-004  7.873359607756327E-004
  2.798247003908717E-003  1.400861805237724E-003 -1.324071822852081E-005
  0.000000000000000E+000  0.000000000000000E+000  0.000000000000000E+000
  0.000000000000000E+000  0.000000000000000E+000  0.000000000000000E+000
  0.000000000000000E+000  0.000000000000000E+000  0.000000000000000E+000
  0.000000000000000E+000  0.000000000000000E+000  0.000000000000000E+000
  9.736713514431681E-006 -2.360994179615602E-003 -1.728548712626414E-004
  8.173103479092632E-004  5.891617459220793E-003  4.751882028202099E-004
  2.579047368447099E-003 -5.554586079596425E-003  1.148123254501293E-003
 -1.736307967564611E-003  1.572990843512057E-002 -1.260133115334654E-003
 -1.221121717342829E-003  2.367371799227042E-003 -3.497021480102322E-003
  3.550848034911207E-003  7.290100553541804E-004  1.132141733569622E-002
 -1.199024645558725E-002 -2.097300720979983E-002  8.816226082577072E-003
 -1.626269579166434E-003  2.782653947602396E-003  1.165910970019931E-002
  2.913481233708492E-003  2.035938381922403E-004 -3.585815129889585E-003
  1.440221985588005E-002  6.287897710170243E-003 -1.188327049229050E-003
 -6.099501737848710E-003 -4.871075891154598E-004  1.208830974678313E-003
  4.530077973796410E-003  3.665715410256972E-003  5.261639593586060E-004
 -1.965432230265706E-003 -1.160586408921054E-003 -1.754182953060526E-004
  0.000000000000000E+000  0.000000000000000E+000  0.000000000000000E+000
  0.000000000000000E+000  0.000000000000000E+000  0.000000000000000E+000
  0.000000000000000E+000  0.000000000000000E+000  0.000000000000000E+000
  0.000000000000000E+000  0.000000000000000E+000  0.000000000000000E+000
  8.212073040932628E-004 -6.783625146299307E-004 -1.727875286494287E-004
  3.023539189931789E-003 -7.846772787350069E-003 -1.598636018183566E-004
  1.222066136831162E-003 -3.781501800419635E-003  2.551448793883648E-003
 -5.467427931099732E-004 -3.785031347004719E-003 -3.800369723936525E-003
  3.706516355078791E-003 -2.849751727342578E-002  2.271633172365342E-002
  3.721720271853793E-003  1.533784032350044E-002 -8.083112911318087E-003
 -3.095963962697094E-003 -5.332792245235005E-003  5.908618228404466E-003
  1.152313341471924E-002  1.086340168680117E-002 -8.099288878625245E-003
 -2.642280100741337E-002 -1.121554976137590E-002  2.264353378897021E-002
 -3.003208658348250E-003 -2.418788719879843E-003 -3.814979476822679E-003
 -3.763036816699509E-003 -7.037744178934324E-004  2.526048898629239E-003
 -8.199918139817144E-003 -1.215734207584615E-003 -1.037281405734743E-004
 -1.115772771346683E-003  3.040875910626794E-004 -1.698661804629801E-004
  0.000000000000000E+000  0.000000000000000E+000  0.000000000000000E+000
  0.000000000000000E+000  0.000000000000000E+000  0.000000000000000E+000
  0.000000000000000E+000  0.000000000000000E+000  0.000000000000000E+000
  0.000000000000000E+000  0.000000000000000E+000  0.000000000000000E+000
  3.716577345508252E-004 -1.482907055930947E-003 -3.586594519334625E-004
 -2.969498076812661E-003  1.198942265333030E-002 -4.487488578903890E-003
  1.658360887778024E-003 -5.353482227655274E-003 -5.363855575280694E-004
  3.593132133314342E-003 -2.082173164210130E-002  1.301464084599610E-002
 -1.533011352967970E-003  2.516676506377868E-002 -1.859439606378196E-002
 -3.763252576744436E-004  1.229065181023830E-003 -6.770307694616900E-004
  1.875812877956691E-003  3.465272115895449E-003 -1.296036878402773E-003
  1.293786694377935E-003  5.245292439499131E-004 -9.763109250417308E-004
  2.253081829896134E-002  1.126129471783733E-002 -1.863781669134300E-002
 -1.957227382811041E-002 -7.412646811390042E-003  1.287109808196650E-002
 -5.451840483895164E-003 -1.224444383376102E-003 -4.826187118884940E-004
  1.108451712661967E-002  3.418512582310807E-003 -4.294356971728626E-003
 -1.509449174736707E-003 -4.821420371651319E-004 -3.462672272282833E-004
  0.000000000000000E+000  0.000000000000000E+000  0.000000000000000E+000
  0.000000000000000E+000  0.000000000000000E+000  0.000000000000000E+000
  0.000000000000000E+000  0.000000000000000E+000  0.000000000000000E+000
  0.000000000000000E+000  0.000000000000000E+000  0.000000000000000E+000
  1.968611205098932E-003  1.083773605597574E-003 -1.067153331574471E-003
 -1.299195270566045E-002  2.221545000346508E-002 -1.298986179717885E-002
  2.067980141242335E-003 -8.819288920199080E-003  3.769436665725974E-003
 -7.746192439149959E-003  7.338554196047459E-003 -1.211766285403828E-002
 -2.543598430049107E-003  6.755879079905219E-003 -6.441658925935740E-003
  6.201152081685019E-003  3.763938671382437E-003  7.670153670611087E-004
 -6.120328735002419E-003 -1.043308115615643E-002  2.247071615210380E-002
 -5.264320885816532E-005  7.300055037827529E-003  1.071606449526247E-003
  7.164158371196919E-003  1.341769982164957E-003 -6.631844023007545E-003
  9.894681017385198E-003 -3.093811311882717E-003 -1.186821466900335E-002
 -7.748873089731429E-003 -2.681865617584280E-003  3.199357722860084E-003
  2.539365643634940E-002 -1.972197364647232E-005 -1.274993693226681E-002
 -1.183899887693014E-004  2.144034318430039E-003 -1.069787467069439E-003
  0.000000000000000E+000  0.000000000000000E+000  0.000000000000000E+000
  0.000000000000000E+000  0.000000000000000E+000  0.000000000000000E+000
  0.000000000000000E+000  0.000000000000000E+000  0.000000000000000E+000
  0.000000000000000E+000  0.000000000000000E+000  0.000000000000000E+000
  3.069963510111599E-003  1.637565664573538E-003 -1.994585010869284E-003
 -1.166456460160341E-002  1.071658558674054E-002 -7.548899377404578E-003
  3.959228388795622E-003 -3.089677384450804E-003  3.536086687693301E-003
 -6.491861812873257E-003 -4.460350572405816E-003 -1.179431740676005E-002
  2.157019212379862E-002 -4.355681509347001E-003  3.114160000199738E-002
  7.090709374243513E-004  6.451469116969072E-003 -1.107810056275403E-002
 -5.845886010786134E-003 -1.029597724487185E-002 -1.098739385380658E-002
  5.220892847887632E-003  3.847416270685927E-003 -1.090373986286650E-002
 -1.420781850905382E-002  1.646511695355512E-002  3.066645626942090E-002
 -1.326979756543431E-003 -7.570813388634995E-003 -1.096863818895639E-002
 -4.189895844005946E-003  1.690378218071262E-003  3.106043600830819E-003
  1.516953082281371E-002 -4.668732792986428E-003 -7.539774629372777E-003
 -1.364356875451544E-004  3.413424254606249E-003 -1.970509551747139E-003
  0.000000000000000E+000  0.000000000000000E+000  0.000000000000000E+000
  0.000000000000000E+000  0.000000000000000E+000  0.000000000000000E+000
  0.000000000000000E+000  0.000000000000000E+000  0.000000000000000E+000
  0.000000000000000E+000  0.000000000000000E+000  0.000000000000000E+000
  9.307478739606494E-004 -4.503691833892679E-004 -1.165897497408615E-003
 -1.207363216894710E-003  3.256845939182435E-003  9.631233566449487E-005
 -5.732192490682731E-003  3.079782591059635E-003 -4.546336474169087E-003
 -3.065365744408009E-003 -2.584806444119818E-003 -7.928119828887059E-003
  4.002021716063239E-003  5.845134147051619E-004 -1.047569839431983E-002
 -4.905909774568953E-003  2.191908433419763E-003 -5.149069201559240E-003
 -3.854754087441454E-003 -6.567048204029647E-003 -1.661766162691494E-003
  4.334443687267026E-003 -3.350486101258976E-003 -5.508297433022027E-003
 -1.590980240986917E-003  3.745605648860693E-003 -1.060251961107892E-002
 -8.668423315780346E-004 -3.720264928471294E-003 -7.803320581308231E-003
  5.679482258210483E-003 -3.502399808853488E-003 -4.557180639807770E-003
  3.445112765939675E-003  6.170392761619865E-004  5.976464504267701E-005
 -8.581367680045839E-004  5.645703644069797E-004 -1.161318740592940E-003
  0.000000000000000E+000  0.000000000000000E+000  0.000000000000000E+000
  0.000000000000000E+000  0.000000000000000E+000  0.000000000000000E+000
  0.000000000000000E+000  0.000000000000000E+000  0.000000000000000E+000
  0.000000000000000E+000  0.000000000000000E+000  0.000000000000000E+000
  0.000000000000000E+000  0.000000000000000E+000  0.000000000000000E+000
  0.000000000000000E+000  0.000000000000000E+000  0.000000000000000E+000
  0.000000000000000E+000  0.000000000000000E+000  0.000000000000000E+000
  0.000000000000000E+000  0.000000000000000E+000  0.000000000000000E+000
  0.000000000000000E+000  0.000000000000000E+000  0.000000000000000E+000
  0.000000000000000E+000  0.000000000000000E+000  0.000000000000000E+000
  0.000000000000000E+000  0.000000000000000E+000  0.000000000000000E+000
  0.000000000000000E+000  0.000000000000000E+000  0.000000000000000E+000
  0.000000000000000E+000  0.000000000000000E+000  0.000000000000000E+000
  0.000000000000000E+000  0.000000000000000E+000  0.000000000000000E+000
  0.000000000000000E+000  0.000000000000000E+000  0.000000000000000E+000
  0.000000000000000E+000  0.000000000000000E+000  0.000000000000000E+000
  0.000000000000000E+000  0.000000000000000E+000  0.000000000000000E+000
  0.000000000000000E+000  0.000000000000000E+000  0.000000000000000E+000
  0.000000000000000E+000  0.000000000000000E+000  0.000000000000000E+000
  0.000000000000000E+000  0.000000000000000E+000  0.000000000000000E+000
  0.000000000000000E+000  0.000000000000000E+000  0.000000000000000E+000
  0.000000000000000E+000  0.000000000000000E+000  0.000000000000000E+000
  0.000000000000000E+000  0.000000000000000E+000  0.000000000000000E+000
  0.000000000000000E+000  0.000000000000000E+000  0.000000000000000E+000
  0.000000000000000E+000  0.000000000000000E+000  0.000000000000000E+000
  0.000000000000000E+000  0.000000000000000E+000  0.000000000000000E+000
  0.000000000000000E+000  0.000000000000000E+000  0.000000000000000E+000
  0.000000000000000E+000  0.000000000000000E+000  0.000000000000000E+000
  0.000000000000000E+000  0.000000000000000E+000  0.000000000000000E+000
  0.000000000000000E+000  0.000000000000000E+000  0.000000000000000E+000
  0.000000000000000E+000  0.000000000000000E+000  0.000000000000000E+000
  0.000000000000000E+000  0.000000000000000E+000  0.000000000000000E+000
  0.000000000000000E+000  0.000000000000000E+000  0.000000000000000E+000
  0.000000000000000E+000  0.000000000000000E+000  0.000000000000000E+000
  0.000000000000000E+000  0.000000000000000E+000  0.000000000000000E+000
  0.000000000000000E+000  0.000000000000000E+000  0.000000000000000E+000
  0.000000000000000E+000  0.000000000000000E+000  0.000000000000000E+000
  0.000000000000000E+000  0.000000000000000E+000  0.000000000000000E+000
  -7.50627873865025       -36.1503803582479        44.4275913298209     
   102.046175804359        137.488122594160        109.405880298867     
   104.719546263912       -68.2579604500560        84.4751412512138     
   64.7353976678874        62.6783834908012       -63.8948620752430     
  -30.9204122108940       -31.2196944377767       -104.613046396870     
   30.0722293694584        46.0844796958213       -270.531660196761     
  -719.311636330824       -1248.51086223268        356.424629367127     
   29.1784523095205        48.0744651436733       -273.720036674944     
  -13.0345028035732       -46.4710474211446       -103.622489880732     
   18.6690102382506        85.0252555218501       -61.5684191997278     
  -116.092960774998        54.4607826638468        88.7971689765499     
   69.5723016342154        158.079417939143        111.694974184427     
  -28.9977624348591       -25.3735215820809        44.8427906388682     
  0.000000000000000E+000  0.000000000000000E+000  0.000000000000000E+000
  0.000000000000000E+000  0.000000000000000E+000  0.000000000000000E+000
  0.000000000000000E+000  0.000000000000000E+000  0.000000000000000E+000
  0.000000000000000E+000  0.000000000000000E+000  0.000000000000000E+000
   3.49422909330231       -71.9641820482718        34.4220635360185     
   100.124784852673        134.808735930987        109.253723443431     
   101.727769699278       -28.3232720284647        99.8431710333812     
   24.5618453841780        46.8299927029426       -56.6305528466835     
  -31.7098842554346       -8.86558541957539       -87.1078069383054     
  -10.2699488522947        493.925305839913       -320.728560777054     
   138.993849281839        237.357612911202       -104.723683351656     
   417.738087490226        222.009331169666       -321.669567276334     
   25.4804499858954       -24.8972153084911       -87.2465097643918     
   26.0691894198888        41.6936287596059       -53.3798754627819     
  -70.9049057240217        77.1557132364718        103.774373331653     
   64.9909549113848        153.367156804758        111.398488886967     
  -63.9000479519937       -32.8271338128541        34.7669216022542     
  0.000000000000000E+000  0.000000000000000E+000  0.000000000000000E+000
  0.000000000000000E+000  0.000000000000000E+000  0.000000000000000E+000
  0.000000000000000E+000  0.000000000000000E+000  0.000000000000000E+000
  0.000000000000000E+000  0.000000000000000E+000  0.000000000000000E+000
   13.6338969781405       -171.849654053190        30.1017038865844     
   85.2256649220910        146.089652840110        105.851420222550     
   82.6118299761339       -40.2539000971028        117.145236075073     
  -7.30933909328851        93.6645188491073       -29.8961008054407     
  -77.8860710167695       -142.875311766673       -81.8861246937551     
  -100.756904673578       -252.153625097376       -98.5157856858529     
  -27.0875835469025       -47.5755696085961        35.6239547133492     
  -176.889356405740       -224.464407914786       -96.4783408314482     
  -87.7846616717095       -143.911720058738       -83.4586145999915     
   86.4211274564506        40.2729532464061       -26.9908602589385     
  -75.7605108602784        52.6806616916489        120.244004123076     
   80.7728953720501        145.568301556377        107.713355800282     
  -152.894826893792       -72.5283217833372        30.3049778957659     
  0.000000000000000E+000  0.000000000000000E+000  0.000000000000000E+000
  0.000000000000000E+000  0.000000000000000E+000  0.000000000000000E+000
  0.000000000000000E+000  0.000000000000000E+000  0.000000000000000E+000
  0.000000000000000E+000  0.000000000000000E+000  0.000000000000000E+000
   13.3436325705924        7.19399190661930        30.8568634526547     
   86.1799828961887        25.3103558246487        102.178418558924     
   55.5514628444448        8.20443149776210        109.772575319598     
  -54.5100940110354       -40.9508011067504        36.1788693902224     
  -127.174507460199        167.878431706374       -72.8936304964743     
   45.4710827768013        303.755311712825       -66.9937331189977     
  -145.542347153463       -252.009740238346        93.8921836451535     
   250.417947319055        198.713249884500       -74.3103387809791     
   208.214464699974       -29.5763226653671       -73.3718079132191     
  -7.58220973349419       -67.8601454390264        36.4878696675032     
  -23.8557492529764        51.7688551088537        112.559002372685     
  -21.8170833549742        88.0165321714832        103.470870263427     
   4.21609976472625        17.4086945484649        31.1247713486809     
  0.000000000000000E+000  0.000000000000000E+000  0.000000000000000E+000
  0.000000000000000E+000  0.000000000000000E+000  0.000000000000000E+000
  0.000000000000000E+000  0.000000000000000E+000  0.000000000000000E+000
  0.000000000000000E+000  0.000000000000000E+000  0.000000000000000E+000
   15.4184456747018       -97.9580636708538        37.6113134317148     
   66.9082902413261        193.956934541959        81.3869314191897     
   26.3848560949161       -88.9453281093528        114.006444531778     
  -84.7956951169989        285.688947043196       -21.9298574548085     
  -97.3909077866672       -250.365509686417        112.485018393114     
   61.7962717627265        249.122929044900       -22.5227799598556     
  -294.450442331133       -511.230211684175        305.485734462379     
   173.488330003795        166.512882849592       -13.8605465318756     
  -164.178398884373       -210.424375224223        109.305368700127     
   289.823502653299        67.7590992333260       -20.6957069923955     
  -88.9230693256498       -18.9586428543256        115.496048345918     
   133.653561931522        155.992384920113        82.8480140828656     
  -96.6168521973898       -37.8204888785993        37.4154899432027     
  0.000000000000000E+000  0.000000000000000E+000  0.000000000000000E+000
  0.000000000000000E+000  0.000000000000000E+000  0.000000000000000E+000
  0.000000000000000E+000  0.000000000000000E+000  0.000000000000000E+000
  0.000000000000000E+000  0.000000000000000E+000  0.000000000000000E+000
   38.1507958718522       -98.0829968798578        41.6610496776721     
   77.9097138538308       -246.584559147650        72.5109556247428     
   36.5286957668333        28.6134602005141        94.6528731173564     
  -75.6014290300911       -54.3962201001632        12.1452573925042     
   8.75061361380517        62.4496385453370        118.240668426158     
   21.5048259547473        142.107343825162       -126.485050677136     
  -49.4573317536501       -82.7955408467291        144.927412313399     
   117.048499547530        95.0285863426151       -128.955938511361     
   49.9479451757923        37.0779168000062        118.398154915724     
  0.340385572630539       -91.2274459021873        8.48647409285100     
   7.04694189584075        47.1087501087475        96.8171411129358     
  -253.201964453567       -54.3899433190199        73.3811611180031     
  -106.891758003948       -17.8060678551496        41.5696114096053     
  0.000000000000000E+000  0.000000000000000E+000  0.000000000000000E+000
  0.000000000000000E+000  0.000000000000000E+000  0.000000000000000E+000
  0.000000000000000E+000  0.000000000000000E+000  0.000000000000000E+000
  0.000000000000000E+000  0.000000000000000E+000  0.000000000000000E+000
  -1.33481094955892       -112.357633312118        29.0886985736906     
   154.708682549328       -295.746746144897        127.637105024098     
  -112.127104615268        310.021165784048       -97.7965246893302     
  -9.03845360713556       -82.6349818927019        62.4758984301632     
   5.31123592351094        145.137040590907       -32.9209460141692     
   14.6781015095080       -44.9024313974774        152.739002079035     
   154.297657221960        266.790614588782       -438.923690728268     
  -49.1133870643965       -8.67586898137495        151.658774404786     
   123.567686749794        81.9236864646172       -32.9383819029629     
  -76.1879342396436       -52.8789291235521        70.0201627288352     
   335.536076085202        60.3402199518643       -102.019741551592     
  -344.113708770918       -13.1414395439973        131.228954113348     
  -98.3488977863703       -59.5522672414194        28.3040823066761     
  0.000000000000000E+000  0.000000000000000E+000  0.000000000000000E+000
  0.000000000000000E+000  0.000000000000000E+000  0.000000000000000E+000
  0.000000000000000E+000  0.000000000000000E+000  0.000000000000000E+000
  0.000000000000000E+000  0.000000000000000E+000  0.000000000000000E+000
  -11.4151067314581       -79.5316246407263        29.9054259490736     
  -9.21342096857780        5.48460674472960       -82.9651786375575     
   102.565674795772       -125.759132755006        46.4499960461451     
  -68.7869550881095        38.1143229406443       -50.1153361034920     
   27.2526677789340       -108.008673680345        303.936728372387     
   23.2594351130115        170.729358591718       -66.9822424424797     
  -94.7066395175848       -169.340519911095        312.008101404582     
   131.079317325202        100.759609522265       -58.4015660106131     
  -102.772769082916       -25.3455651065394        298.438663785528     
   54.0937856303343       -37.3233454319725       -37.1544806340689     
  -151.347363920781        23.4209280682678        36.4096023222543     
   3.96041918715470       -1.86411776132211       -81.0726597748918     
  -64.3897778114012       -52.2807042961238        29.3761380857521     
  0.000000000000000E+000  0.000000000000000E+000  0.000000000000000E+000
  0.000000000000000E+000  0.000000000000000E+000  0.000000000000000E+000
  0.000000000000000E+000  0.000000000000000E+000  0.000000000000000E+000
  0.000000000000000E+000  0.000000000000000E+000  0.000000000000000E+000
  -17.9915423876923       -2.67240275341638       0.748988498255342     
   36.4027976872769       -89.2241642700611       -62.5167997294822     
   94.7308714895546       -49.0469600783238        88.0563767741516     
  -363.364539696993        150.889731854713       -546.367623998176     
   373.063015989522       -131.806540839972        393.427624757942     
  -197.144167009496        67.9415717350816       -507.722721042884     
   61.7567599996940        107.080964468879        541.216924399465     
   158.657711386470       -143.210049287373       -507.130352294391     
  -289.341109490541        254.163587153764        383.894851332775     
   309.614181749308       -235.494859220678       -544.865266915203     
  -93.2108439736570        56.1929745708441        87.0049064768834     
  -96.3902140050148       -10.9350699136401       -62.9544467381160     
   6.60822626999597       -18.3207458564682       0.266611828941682     
  0.000000000000000E+000  0.000000000000000E+000  0.000000000000000E+000
  0.000000000000000E+000  0.000000000000000E+000  0.000000000000000E+000
  0.000000000000000E+000  0.000000000000000E+000  0.000000000000000E+000
  0.000000000000000E+000  0.000000000000000E+000  0.000000000000000E+000
   13.7902296450401       -8.39217551906722       -3.45623945457259     
  -52.0911044479514        32.5538149335770       -50.5539494931455     
   40.6295741694803       -56.4169911066943       -72.6374333962275     
   147.974721507085       -168.121810558013        34.9612529687582     
   57.1239302840500        92.7408184050859       -184.569590031439     
  -88.2561752762572       -316.711185380005       -348.688314770434     
   109.139043354802        202.060041410528        78.4776576853230     
  -229.992641066018       -234.813232163973       -344.993004443474     
   49.6110965600154        99.5386907492951       -177.602521564020     
  -217.307692166507        41.7171264740778        30.6533591729434     
  -63.0129625438127        3.08572027311108       -79.1055772645153     
   54.5013735666641       -28.0520367475104       -50.0133366138986     
  -14.2904026326314        7.44286109494546       -4.17048915003149     
  0.000000000000000E+000  0.000000000000000E+000  0.000000000000000E+000
  0.000000000000000E+000  0.000000000000000E+000  0.000000000000000E+000
  0.000000000000000E+000  0.000000000000000E+000  0.000000000000000E+000
  0.000000000000000E+000  0.000000000000000E+000  0.000000000000000E+000
  0.000000000000000E+000  0.000000000000000E+000  0.000000000000000E+000
  0.000000000000000E+000  0.000000000000000E+000  0.000000000000000E+000
  0.000000000000000E+000  0.000000000000000E+000  0.000000000000000E+000
  0.000000000000000E+000  0.000000000000000E+000  0.000000000000000E+000
  0.000000000000000E+000  0.000000000000000E+000  0.000000000000000E+000
  0.000000000000000E+000  0.000000000000000E+000  0.000000000000000E+000
  0.000000000000000E+000  0.000000000000000E+000  0.000000000000000E+000
  0.000000000000000E+000  0.000000000000000E+000  0.000000000000000E+000
  0.000000000000000E+000  0.000000000000000E+000  0.000000000000000E+000
  0.000000000000000E+000  0.000000000000000E+000  0.000000000000000E+000
  0.000000000000000E+000  0.000000000000000E+000  0.000000000000000E+000
  0.000000000000000E+000  0.000000000000000E+000  0.000000000000000E+000
  0.000000000000000E+000  0.000000000000000E+000  0.000000000000000E+000
  0.000000000000000E+000  0.000000000000000E+000  0.000000000000000E+000
  0.000000000000000E+000  0.000000000000000E+000  0.000000000000000E+000
  0.000000000000000E+000  0.000000000000000E+000  0.000000000000000E+000
  0.000000000000000E+000  0.000000000000000E+000  0.000000000000000E+000
  0.000000000000000E+000  0.000000000000000E+000  0.000000000000000E+000
  0.000000000000000E+000  0.000000000000000E+000  0.000000000000000E+000
  0.000000000000000E+000  0.000000000000000E+000  0.000000000000000E+000
  0.000000000000000E+000  0.000000000000000E+000  0.000000000000000E+000
  0.000000000000000E+000  0.000000000000000E+000  0.000000000000000E+000
  0.000000000000000E+000  0.000000000000000E+000  0.000000000000000E+000
  0.000000000000000E+000  0.000000000000000E+000  0.000000000000000E+000
  0.000000000000000E+000  0.000000000000000E+000  0.000000000000000E+000
  0.000000000000000E+000  0.000000000000000E+000  0.000000000000000E+000
  0.000000000000000E+000  0.000000000000000E+000  0.000000000000000E+000
  0.000000000000000E+000  0.000000000000000E+000  0.000000000000000E+000
  0.000000000000000E+000  0.000000000000000E+000  0.000000000000000E+000
  0.000000000000000E+000  0.000000000000000E+000  0.000000000000000E+000
  0.000000000000000E+000  0.000000000000000E+000  0.000000000000000E+000
  0.000000000000000E+000  0.000000000000000E+000  0.000000000000000E+000
