         140  1.399999999999997E-002  1.399999999999997E-002
  0.000000000000000E+000  0.000000000000000E+000  0.000000000000000E+000
  0.000000000000000E+000  0.000000000000000E+000  0.000000000000000E+000
  5.208966403749306E-002  6.039907257840923E-002 -0.103294302946404     
  6.314676621140657E-002  7.949574434497368E-002 -0.167050100288935     
  9.738254404170268E-002  0.108606407067122      -0.246542647266042     
  0.104995008855160       0.137041869651967      -0.289344173710911     
  0.120911469265176       0.162282733653425      -0.329461881125176     
  0.126732870760236       0.213268178679132      -0.357985932724157     
  0.160052812150598       0.277300144414876      -0.380582903965491     
  0.121393373602061       0.216484726298922      -0.357987719649562     
  8.016964016500927E-002  0.185951954781925      -0.329451718000664     
  6.635812545372452E-002  0.159606642714474      -0.289377166503933     
  4.550114563559735E-002  0.138773992273880      -0.246614703209083     
  3.732782542149850E-002  9.450220702737389E-002 -0.167130917715160     
  2.629353505085389E-002  7.536115794139614E-002 -0.103381159574237     
  0.000000000000000E+000  0.000000000000000E+000  0.000000000000000E+000
  0.000000000000000E+000  0.000000000000000E+000  0.000000000000000E+000
  0.000000000000000E+000  0.000000000000000E+000  0.000000000000000E+000
  0.000000000000000E+000  0.000000000000000E+000  0.000000000000000E+000
  3.389235288813596E-002  6.589019356530885E-002 -8.790647312651843E-002
  5.742740613101228E-002  8.497308095775540E-002 -0.164104659764662     
  7.781403387440641E-002  0.112160170930616      -0.232637706478159     
  9.468478977765377E-002  0.142374740612207      -0.286780307059543     
  0.106795141617915       0.160893924488330      -0.324302946282898     
  0.119128130174850       0.215310549420892      -0.356022934716474     
  0.148418562401408       0.257115123414350      -0.378246791361104     
  0.126872095091128       0.210864630411776      -0.356024353809894     
  8.598488572247262E-002  0.173012781883835      -0.324294934414725     
  7.604635278704823E-002  0.153294327674446      -0.286814043344105     
  5.828174248222762E-002  0.123544571809011      -0.232689971335892     
  4.491583251133072E-002  9.227229588232926E-002 -0.164177216036493     
  4.013786339504079E-002  6.232137500159587E-002 -8.797059255633448E-002
  0.000000000000000E+000  0.000000000000000E+000  0.000000000000000E+000
  0.000000000000000E+000  0.000000000000000E+000  0.000000000000000E+000
  0.000000000000000E+000  0.000000000000000E+000  0.000000000000000E+000
  0.000000000000000E+000  0.000000000000000E+000  0.000000000000000E+000
  2.050790890287322E-002  7.446877949610414E-002 -7.090955549679397E-002
  3.709055569359841E-002  9.829167201840160E-002 -0.146787182968346     
  5.568044079658772E-002  0.125767549569869      -0.216953668017792     
  6.967000074852596E-002  0.143750991120462      -0.271741524629852     
  8.582986803741019E-002  0.172432642236151      -0.314966345119119     
  0.107090985068255       0.223992935337425      -0.350397290598354     
  0.130338644714273       0.225792901559290      -0.370423353507918     
  0.140341625380162       0.204715508991754      -0.350390428426642     
  0.106305814821232       0.160553847411561      -0.314977218360634     
  8.964974786889064E-002  0.132249461505723      -0.271752695106322     
  8.105181989770313E-002  0.111123086870111      -0.216986539361873     
  6.657727086546332E-002  8.125465497711598E-002 -0.146815258969983     
  5.423865001971290E-002  5.498611318627514E-002 -7.093990986933407E-002
  0.000000000000000E+000  0.000000000000000E+000  0.000000000000000E+000
  0.000000000000000E+000  0.000000000000000E+000  0.000000000000000E+000
  0.000000000000000E+000  0.000000000000000E+000  0.000000000000000E+000
  0.000000000000000E+000  0.000000000000000E+000  0.000000000000000E+000
  1.573812460463256E-002  8.994503867689213E-002 -5.903042857110923E-002
  2.155065231569657E-002  0.117393095106534      -0.127328056038459     
  3.234680190763965E-002  0.147811514490386      -0.196966708266653     
  4.558375182574275E-002  0.177284020640303      -0.253221041765252     
  6.468031789137553E-002  0.205678238986920      -0.302876997274700     
  8.773935290376966E-002  0.200731796566092      -0.336215262633683     
  0.110268094397621       0.191032561237568      -0.345182132441967     
  0.129901116254407       0.176378440946014      -0.336255163125879     
  0.145658243177793       0.158843719055288      -0.302881264891832     
  0.130694552140971       0.128129061162521      -0.253218067002227     
  0.111792878814409       0.101899403804135      -0.196945009718577     
  9.083244904849626E-002  7.729527194763423E-002 -0.127291769031945     
  7.002495047353648E-002  5.857896341917521E-002 -5.903418739847867E-002
  0.000000000000000E+000  0.000000000000000E+000  0.000000000000000E+000
  0.000000000000000E+000  0.000000000000000E+000  0.000000000000000E+000
  0.000000000000000E+000  0.000000000000000E+000  0.000000000000000E+000
  0.000000000000000E+000  0.000000000000000E+000  0.000000000000000E+000
  1.629663015931718E-002  9.536334819054917E-002 -5.354963073450510E-002
  1.451581455216286E-002  0.149016031420436      -0.118086545877179     
  1.878825068914028E-002  0.183367973354865      -0.185387760194841     
  3.050768288405933E-002  0.205619012518192      -0.243582484294321     
  4.880268344082629E-002  0.194809306129941      -0.287649280321806     
  7.067529710652307E-002  0.181100487186923      -0.312255949308676     
  9.493270294156268E-002  0.164459048258332      -0.322542028760746     
  0.121469389380059       0.151830819337243      -0.312343856405096     
  0.144233426777539       0.139698264323219      -0.287681444543435     
  0.162721096562477       0.129207270080723      -0.243546238862993     
  0.149327818499143       0.107919347527134      -0.185321814342906     
  0.121756620177887       8.702024675613397E-002 -0.118008694969193     
  7.441043379246924E-002  6.175109735997107E-002 -5.353766486854404E-002
  0.000000000000000E+000  0.000000000000000E+000  0.000000000000000E+000
  0.000000000000000E+000  0.000000000000000E+000  0.000000000000000E+000
  0.000000000000000E+000  0.000000000000000E+000  0.000000000000000E+000
  0.000000000000000E+000  0.000000000000000E+000  0.000000000000000E+000
  2.669590402610885E-002  6.944005488829723E-002 -4.722049500240143E-002
  7.017638663890452E-003  0.167982901134406      -0.117391056009525     
  1.252411515344470E-002  0.192704156717719      -0.179321966888668     
  2.056195340122149E-002  0.199092036759061      -0.232289551341374     
  3.736985985653832E-002  0.186327837862461      -0.270245482351699     
  5.918875297674129E-002  0.164189246033054      -0.292069000151130     
  8.331669757986607E-002  0.144341841761071      -0.297705683354591     
  0.112671665116034       0.133524904013565      -0.292270184742499     
  0.142678390180974       0.125611967019776      -0.270330414912913     
  0.162042079434358       0.117348082484128      -0.232235548977177     
  0.160492869062430       0.107152554981369      -0.179215533049906     
  0.141797270823747       8.996000618431287E-002 -0.117265728188793     
  4.674106370502083E-002  5.778973939654698E-002 -4.720957624369318E-002
  0.000000000000000E+000  0.000000000000000E+000  0.000000000000000E+000
  0.000000000000000E+000  0.000000000000000E+000  0.000000000000000E+000
  0.000000000000000E+000  0.000000000000000E+000  0.000000000000000E+000
  0.000000000000000E+000  0.000000000000000E+000  0.000000000000000E+000
  3.455370991291809E-002  4.129781607474430E-002 -3.835177442241257E-002
  4.090406973667162E-003  0.157404260970505      -0.111551309986918     
  7.008095869002313E-003  0.180528728547900      -0.169628775150295     
  1.198391492312510E-002  0.184870229495181      -0.217582253194397     
  2.832903217676715E-002  0.167253900804364      -0.250144191448422     
  4.775594721554319E-002  0.144410918804358      -0.266626525798040     
  7.235971067934213E-002  0.125344381693054      -0.272663123172523     
  0.101377587644235       0.113843769951406      -0.266958610498473     
  0.130757447981120       0.108316625848269      -0.250321771996275     
  0.154026800003091       0.102856467396364      -0.217559655095360     
  0.152729101140551       9.632802822510017E-002 -0.169528380773967     
  0.134079306459498       8.214405148732094E-002 -0.111380988859161     
  1.841280881560115E-002  5.048817049199381E-002 -3.833878529548816E-002
  0.000000000000000E+000  0.000000000000000E+000  0.000000000000000E+000
  0.000000000000000E+000  0.000000000000000E+000  0.000000000000000E+000
  0.000000000000000E+000  0.000000000000000E+000  0.000000000000000E+000
  0.000000000000000E+000  0.000000000000000E+000  0.000000000000000E+000
  3.464722487494525E-002  2.084968252871399E-002 -3.045585346883265E-002
  1.449006287801313E-003  0.142735734195334      -0.100857173848374     
 -1.202401791666502E-003  0.156403190660373      -0.153901335201169     
  5.203877505876430E-003  0.158182440400216      -0.194723063218517     
  1.753845275919978E-002  0.142643613072267      -0.224548267664909     
  3.705309168026785E-002  0.122701680256544      -0.240098292336103     
  6.017695004342333E-002  0.104191401166382      -0.244679333437852     
  8.809749933292019E-002  9.385755036017689E-002 -0.240770964295295     
  0.114905709740588       8.674876942741919E-002 -0.224882308117556     
  0.134332810451772       8.369366792059074E-002 -0.194756747803900     
  0.136006737628073       7.720578265693222E-002 -0.153843624739504     
  0.122765672074850       7.256029502931252E-002 -0.100680441156177     
  6.493212344476871E-004  4.032542809906068E-002 -3.044751735689517E-002
  0.000000000000000E+000  0.000000000000000E+000  0.000000000000000E+000
  0.000000000000000E+000  0.000000000000000E+000  0.000000000000000E+000
  0.000000000000000E+000  0.000000000000000E+000  0.000000000000000E+000
  0.000000000000000E+000  0.000000000000000E+000  0.000000000000000E+000
  3.000097617362516E-002  9.565370286002690E-003 -1.904142259672993E-002
 -1.170995098079816E-002  0.112736598506979      -8.121462448381962E-002
 -2.100107123782504E-003  0.101914812024646      -0.110082237501509     
 -3.990972711938992E-003  0.110855841053863      -0.147213223361221     
  6.793128577159965E-003  9.682777060161467E-002 -0.169976092266610     
  2.097650791620119E-002  8.308192541170853E-002 -0.183010800046527     
  3.990796206827325E-002  6.902648143947913E-002 -0.187952025362513     
  6.180822750297586E-002  6.004510869216745E-002 -0.183668248711993     
  8.055028321530176E-002  5.448142107776388E-002 -0.170320992262471     
  9.794898550679899E-002  5.207417098246660E-002 -0.147336605434710     
  8.939129133975041E-002  4.922645462197282E-002 -0.110169280240442     
  0.103424910224335       4.620488268644917E-002 -8.104455823229761E-002
 -6.773070916902144E-003  3.068537822515170E-002 -1.904216604132624E-002
  0.000000000000000E+000  0.000000000000000E+000  0.000000000000000E+000
  0.000000000000000E+000  0.000000000000000E+000  0.000000000000000E+000
  0.000000000000000E+000  0.000000000000000E+000  0.000000000000000E+000
  0.000000000000000E+000  0.000000000000000E+000  0.000000000000000E+000
  1.023154261623437E-002 -4.036509929827898E-003 -8.479258444797480E-003
  1.295654014462448E-002  3.698246349123700E-002 -2.777552854677362E-002
 -3.377951646027590E-004  5.354374049945851E-002 -6.033935170570656E-002
 -3.408056781153001E-003  6.021492737938097E-002 -8.977871104959263E-002
 -8.252484283028515E-004  5.519902266242124E-002 -0.109180935116175     
  8.606914030439712E-003  4.693970804089507E-002 -0.123937128945042     
  2.191495939672830E-002  3.747969863280669E-002 -0.127648836622175     
  3.662776130760709E-002  3.105596340452785E-002 -0.124702293202895     
  4.812277357129406E-002  2.708933382636799E-002 -0.109542795474905     
  5.376930399362544E-002  2.723371285366197E-002 -8.985333316519234E-002
  4.666866248603987E-002  2.653624444302493E-002 -6.048528728340352E-002
  2.558370888850330E-002  2.968408683374685E-002 -2.774711318988731E-002
 -8.629583476441953E-003  6.803378583587620E-003 -8.474005821530125E-003
  0.000000000000000E+000  0.000000000000000E+000  0.000000000000000E+000
  0.000000000000000E+000  0.000000000000000E+000  0.000000000000000E+000
  0.000000000000000E+000  0.000000000000000E+000  0.000000000000000E+000
  0.000000000000000E+000  0.000000000000000E+000  0.000000000000000E+000
  0.000000000000000E+000  0.000000000000000E+000  0.000000000000000E+000
  0.000000000000000E+000  0.000000000000000E+000  0.000000000000000E+000
  0.000000000000000E+000  0.000000000000000E+000  0.000000000000000E+000
  0.000000000000000E+000  0.000000000000000E+000  0.000000000000000E+000
  0.000000000000000E+000  0.000000000000000E+000  0.000000000000000E+000
  0.000000000000000E+000  0.000000000000000E+000  0.000000000000000E+000
  0.000000000000000E+000  0.000000000000000E+000  0.000000000000000E+000
  0.000000000000000E+000  0.000000000000000E+000  0.000000000000000E+000
  0.000000000000000E+000  0.000000000000000E+000  0.000000000000000E+000
  0.000000000000000E+000  0.000000000000000E+000  0.000000000000000E+000
  0.000000000000000E+000  0.000000000000000E+000  0.000000000000000E+000
  0.000000000000000E+000  0.000000000000000E+000  0.000000000000000E+000
  0.000000000000000E+000  0.000000000000000E+000  0.000000000000000E+000
  0.000000000000000E+000  0.000000000000000E+000  0.000000000000000E+000
  0.000000000000000E+000  0.000000000000000E+000  0.000000000000000E+000
  0.000000000000000E+000  0.000000000000000E+000  0.000000000000000E+000
  0.000000000000000E+000  0.000000000000000E+000  0.000000000000000E+000
  0.000000000000000E+000  0.000000000000000E+000  0.000000000000000E+000
  0.000000000000000E+000  0.000000000000000E+000  0.000000000000000E+000
  0.000000000000000E+000  0.000000000000000E+000  0.000000000000000E+000
  0.000000000000000E+000  0.000000000000000E+000  0.000000000000000E+000
  0.000000000000000E+000  0.000000000000000E+000  0.000000000000000E+000
  0.000000000000000E+000  0.000000000000000E+000  0.000000000000000E+000
  0.000000000000000E+000  0.000000000000000E+000  0.000000000000000E+000
  0.000000000000000E+000  0.000000000000000E+000  0.000000000000000E+000
  0.000000000000000E+000  0.000000000000000E+000  0.000000000000000E+000
  0.000000000000000E+000  0.000000000000000E+000  0.000000000000000E+000
  0.000000000000000E+000  0.000000000000000E+000  0.000000000000000E+000
  0.000000000000000E+000  0.000000000000000E+000  0.000000000000000E+000
  0.000000000000000E+000  0.000000000000000E+000  0.000000000000000E+000
  0.000000000000000E+000  0.000000000000000E+000  0.000000000000000E+000
  0.000000000000000E+000  0.000000000000000E+000  0.000000000000000E+000
  0.000000000000000E+000  0.000000000000000E+000  0.000000000000000E+000
  0.000000000000000E+000  0.000000000000000E+000  0.000000000000000E+000
 -9.836097827742899E-007  7.900785971958912E-008 -6.562800313850534E-006
 -2.774030230343863E-007 -2.451424019836536E-007 -8.212572389900838E-006
  4.561545641564100E-006  1.015609197472171E-007 -6.151092611802748E-006
  1.094596771526705E-005 -4.137385128065633E-008  7.268067913423974E-007
  1.227392798123361E-005  9.721028457194004E-007  7.631378312975967E-007
  3.513699195380863E-006 -4.299422313752194E-006  1.416717581061645E-005
  1.655924447700808E-005  2.929771026014906E-005  4.824546263307287E-006
 -5.426998186164642E-006  1.281186793936939E-006  1.456711907765027E-005
 -4.817739679709517E-006  1.159837475968837E-005  7.583517578655653E-007
 -7.696214727807194E-006  8.614125498065193E-006  4.860919406146195E-007
 -5.765944175855221E-007  5.248835953875222E-006 -6.301386186590783E-006
 -6.346495787309360E-007 -4.759394027579260E-007 -8.267199961900632E-006
  7.994537749362703E-007 -6.705223821481389E-007 -6.428810142142331E-006
  0.000000000000000E+000  0.000000000000000E+000  0.000000000000000E+000
  0.000000000000000E+000  0.000000000000000E+000  0.000000000000000E+000
  0.000000000000000E+000  0.000000000000000E+000  0.000000000000000E+000
  0.000000000000000E+000  0.000000000000000E+000  0.000000000000000E+000
 -1.868193177316422E-006 -5.625576428958639E-008 -5.542564349954713E-006
  1.011836100088519E-007  8.371482386797171E-008 -8.331410617084460E-006
  4.808807583243945E-006 -7.607543220818490E-008 -6.319645833788275E-006
  1.243997130611512E-005  1.453821730634479E-007  8.352200578329539E-007
  1.290673120920130E-005 -1.438770377706044E-006 -7.733670683026104E-007
  9.520199778119137E-006  4.851729486474606E-006  1.270374130700728E-005
  6.973488089646631E-007  1.323653993648691E-006  8.955870686894475E-006
 -1.302282038219723E-006  1.058927923851411E-005  1.326720710472963E-005
 -8.008443560923666E-006  1.067744750811683E-005 -8.944677057449201E-007
 -7.199598600930184E-006  1.064674647334415E-005  6.234261253782504E-007
 -1.912549169973024E-006  4.753656225281471E-006 -6.465435413125630E-006
 -5.262663245490527E-007 -2.953565579630790E-008 -8.331682062057023E-006
  1.051113056708791E-006 -1.521343241559883E-006 -5.429612066723187E-006
  0.000000000000000E+000  0.000000000000000E+000  0.000000000000000E+000
  0.000000000000000E+000  0.000000000000000E+000  0.000000000000000E+000
  0.000000000000000E+000  0.000000000000000E+000  0.000000000000000E+000
  0.000000000000000E+000  0.000000000000000E+000  0.000000000000000E+000
 -2.093122383182947E-006  2.581845668134935E-008 -4.780890919030148E-006
 -8.710634474113592E-007 -7.775783812766570E-007 -7.144280982686029E-006
  6.331484116529989E-006  1.033336740203083E-006 -6.243461485840777E-006
  1.281559358933900E-005 -1.250020186457164E-006  1.689156027176291E-006
  1.428797320983626E-005  4.086677713754236E-006  1.019581326655057E-006
  1.331021170588051E-005 -8.395964328883934E-006  1.726169871967964E-006
 -2.557981402824206E-005 -4.411345876058986E-005  2.953489350184097E-005
 -1.358349059676100E-005  8.118666156224113E-006  1.895766282597193E-006
 -3.649346715867067E-006  1.511381059357047E-005  7.162525710020883E-007
 -5.903499948973199E-006  1.175101840080050E-005  1.528314419685184E-006
 -3.652012800673646E-006  5.411937954434763E-006 -6.302014718270475E-006
 -6.529518637696703E-007 -1.234391201652562E-006 -7.101180894686144E-006
  1.139514465271779E-006 -1.703029368339174E-006 -4.676461998584655E-006
  0.000000000000000E+000  0.000000000000000E+000  0.000000000000000E+000
  0.000000000000000E+000  0.000000000000000E+000  0.000000000000000E+000
  0.000000000000000E+000  0.000000000000000E+000  0.000000000000000E+000
  0.000000000000000E+000  0.000000000000000E+000  0.000000000000000E+000
 -2.696002869683867E-006 -1.532939686187683E-006 -4.254638308622963E-006
 -8.158411612681687E-007  1.745458237621914E-006 -5.976355720687133E-006
  3.445589932851044E-006 -1.114656749375558E-006 -3.209043606659920E-006
  1.214107388536534E-005  1.496391821235073E-006  7.364341465258753E-007
  1.445718476487248E-005 -4.047686655902424E-006  3.898682757646857E-006
  6.695691687141705E-006 -2.234062821428248E-006  6.650392778748848E-007
  2.091767733216800E-005  3.647852713572161E-005 -2.528063409987875E-005
 -4.841936655446756E-006  5.552805651529967E-006  3.726820421861522E-007
 -1.145030062834969E-005  1.029891694781778E-005  4.199935894415905E-006
 -6.100754721203640E-006  1.075852488842657E-005  8.655498567341007E-007
 -2.572231143267750E-006  2.555931197339050E-006 -3.198316090372898E-006
  2.658517151599217E-006  6.853998120752453E-007 -5.871994329090865E-006
 -6.328519445035797E-007 -3.416189768542301E-006 -4.171318917018010E-006
  0.000000000000000E+000  0.000000000000000E+000  0.000000000000000E+000
  0.000000000000000E+000  0.000000000000000E+000  0.000000000000000E+000
  0.000000000000000E+000  0.000000000000000E+000  0.000000000000000E+000
  0.000000000000000E+000  0.000000000000000E+000  0.000000000000000E+000
 -1.665763178875420E-006 -7.790465993039108E-006 -3.993550119788152E-006
 -9.757701783683421E-007  9.221746372113789E-007 -5.611554461309825E-006
  7.459913389596529E-006 -1.251794744601113E-007 -3.802500891824255E-006
  1.133185914316613E-005 -8.520056955206281E-006  9.003826734540988E-006
  9.508858816490581E-006  1.331517616502856E-005 -1.009163725410631E-006
  3.837878924815559E-006 -9.081692663226021E-006  3.319453757741930E-007
 -3.094372603439740E-005 -5.416875202964633E-005  2.572958133882183E-005
 -9.801849548128731E-006 -1.716987303514273E-006  6.658459409678476E-007
  7.679903954363696E-006  1.529987042885553E-005 -1.156767855967581E-006
 -1.195080066970252E-005  5.922742723744474E-006  9.066391560136744E-006
 -2.910366160819884E-006  6.814695471909633E-006 -3.679257814871640E-006
  3.311516748470115E-007 -8.999511695186260E-007 -5.513397755140849E-006
 -6.833096621247095E-006 -5.623712039593043E-006 -3.864094093559624E-006
  0.000000000000000E+000  0.000000000000000E+000  0.000000000000000E+000
  0.000000000000000E+000  0.000000000000000E+000  0.000000000000000E+000
  0.000000000000000E+000  0.000000000000000E+000  0.000000000000000E+000
  0.000000000000000E+000  0.000000000000000E+000  0.000000000000000E+000
 -1.914853325503606E-006 -3.539080078311511E-006 -4.491235940573533E-006
  2.432276561764345E-006 -7.371965559830551E-006 -4.910060572185136E-006
  6.178865136493453E-006  1.204782432214089E-005 -3.589626832986709E-006
  1.115601100301687E-005  5.129846162814220E-005 -2.031995116667326E-005
  7.860080848885906E-006 -9.935866752615904E-007  1.680643352823065E-006
 -3.484521627794874E-006 -2.727465510991646E-006 -4.107612026908640E-006
  4.886981500886640E-006  7.598754622584240E-006 -1.877730163061322E-005
 -2.686372517438508E-007 -5.311249778216158E-006 -3.724215823479330E-006
 -5.009965340975133E-006  5.270048142440293E-006  2.535844421099242E-006
  3.826958375090030E-005  3.461842345146888E-005 -1.973060455428143E-005
  8.850124428163690E-006  1.182204396269400E-005 -3.876650794026630E-006
 -8.123286799161260E-006 -1.777194014252154E-006 -4.637246792459838E-006
 -2.481533904159785E-006 -3.683990224604996E-006 -4.477503611634363E-006
  0.000000000000000E+000  0.000000000000000E+000  0.000000000000000E+000
  0.000000000000000E+000  0.000000000000000E+000  0.000000000000000E+000
  0.000000000000000E+000  0.000000000000000E+000  0.000000000000000E+000
  0.000000000000000E+000  0.000000000000000E+000  0.000000000000000E+000
 -1.311528730416335E-006 -1.003784406407534E-006 -6.013124117592687E-006
  1.731445191919576E-006  6.105568759787871E-006 -1.143231605786228E-005
  1.465258036703453E-005 -1.745541412604822E-005  5.195759587740312E-006
  1.290393488078987E-005 -3.073118601942599E-005  2.063270975398690E-005
  5.814775167270672E-006  1.322000523487161E-005 -1.020184810491443E-005
 -1.253388018595239E-007 -6.815524887104103E-006 -5.472502601697904E-006
 -2.978257596921288E-006 -5.768291677266095E-006 -5.715288941390187E-006
 -6.419278064100840E-006 -4.630140843063051E-006 -4.686743050050066E-006
  9.357043249196178E-006  1.206201379381142E-005 -1.095011371721635E-005
 -3.406945910530902E-005 -4.875663517420358E-006  2.151334495433866E-005
 -2.203147553507223E-005  3.932096293527226E-006  5.151261672743551E-006
  4.985123894358289E-006  4.505732120344063E-006 -1.147304779955965E-005
 -3.058361315192215E-007 -1.804736226555088E-006 -6.020444523642544E-006
  0.000000000000000E+000  0.000000000000000E+000  0.000000000000000E+000
  0.000000000000000E+000  0.000000000000000E+000  0.000000000000000E+000
  0.000000000000000E+000  0.000000000000000E+000  0.000000000000000E+000
  0.000000000000000E+000  0.000000000000000E+000  0.000000000000000E+000
  1.414441371417009E-006 -3.867891080556908E-007 -6.339965744007698E-006
 -7.077298120444158E-006  2.737660800945679E-005 -1.857115484944259E-005
  1.104426864379230E-006  1.340440703319607E-005 -1.055622357997577E-005
  7.399146884943391E-006 -1.823830365859837E-005  2.092479283740001E-005
 -4.422497783857811E-006  8.493526430855079E-006 -1.442415004394577E-005
 -5.076537465062255E-006 -5.768545815800322E-007 -7.827730429889402E-006
 -3.893988973473304E-006 -6.313664645638330E-006 -1.009531025342420E-005
  1.484506899128712E-006 -4.795131622774505E-006 -8.400168705393199E-006
  1.129392245985905E-005  1.669344465859499E-006 -1.753336442365092E-005
 -2.053079094871353E-005 -2.749900128479622E-006  2.184701820893183E-005
  1.185262050897565E-005  7.942269055885240E-006 -1.115657872531289E-005
  2.573418065952364E-005  7.253672816377795E-006 -1.784305426728315E-005
 -9.229637584097858E-007  9.090171433445921E-007 -6.426720062312478E-006
  0.000000000000000E+000  0.000000000000000E+000  0.000000000000000E+000
  0.000000000000000E+000  0.000000000000000E+000  0.000000000000000E+000
  0.000000000000000E+000  0.000000000000000E+000  0.000000000000000E+000
  0.000000000000000E+000  0.000000000000000E+000  0.000000000000000E+000
  4.133873471603605E-006 -8.479763987502751E-007 -3.751659943985674E-006
 -1.416465396628460E-005  3.072228787218573E-005 -2.328928535572048E-005
  6.905872780634136E-006 -1.370943938677819E-005  1.245743502826054E-005
 -1.091246694685514E-005  1.795600788351745E-005 -1.590260163063137E-005
 -4.836767468950633E-006 -1.497341486500166E-005  2.031070401962923E-005
 -5.892671867047515E-006 -5.759443776305932E-006  1.246746468589187E-005
 -1.154216982469659E-005 -1.949545893608967E-005  3.357601813901621E-005
 -3.405726357338679E-006 -8.491564233881707E-006  1.400731595790889E-005
 -1.164249718842891E-005 -1.152926322346796E-005  2.067776478604914E-005
  2.087190552762375E-005  2.171719813786317E-007 -1.612616448218329E-005
 -1.380537422503327E-005 -7.588075057586520E-007  1.100200343586158E-005
  3.263012495461711E-005  3.131659462375561E-006 -2.261861101305679E-005
 -2.766314910245056E-006  2.922168297525099E-006 -3.782597484964818E-006
  0.000000000000000E+000  0.000000000000000E+000  0.000000000000000E+000
  0.000000000000000E+000  0.000000000000000E+000  0.000000000000000E+000
  0.000000000000000E+000  0.000000000000000E+000  0.000000000000000E+000
  0.000000000000000E+000  0.000000000000000E+000  0.000000000000000E+000
  1.416183967402770E-006 -1.153855026431888E-006 -1.203391997573470E-006
 -1.825511938520031E-007  4.431570075471974E-006 -4.003002200546715E-006
  1.015682639019528E-005 -1.465435237238238E-005  2.769196210949132E-005
 -2.989847172812905E-005  3.458120058614040E-005 -6.393779238430268E-005
  2.832400824218360E-006 -7.939183775084992E-006  3.309507484722683E-005
 -9.719920241657244E-006  9.073776138103095E-006 -5.229343897182642E-005
 -6.128779033343991E-008  8.861729926360301E-007 -3.694547628080239E-006
  1.276028004530660E-005 -3.901934441341340E-006 -5.496055503293397E-005
 -8.114315839284468E-006 -1.568988445863169E-006  3.350314586158873E-005
  4.322054377787106E-005 -8.111707947649619E-006 -6.167811361445022E-005
 -1.754402475731965E-005  1.581684932630950E-006  2.723378732059387E-005
  3.763319227813785E-006  2.036040902053053E-006 -4.080902721735644E-006
 -1.651296859383885E-006  5.922112321320234E-007 -1.201797428805006E-006
  0.000000000000000E+000  0.000000000000000E+000  0.000000000000000E+000
  0.000000000000000E+000  0.000000000000000E+000  0.000000000000000E+000
  0.000000000000000E+000  0.000000000000000E+000  0.000000000000000E+000
  0.000000000000000E+000  0.000000000000000E+000  0.000000000000000E+000
  0.000000000000000E+000  0.000000000000000E+000  0.000000000000000E+000
  0.000000000000000E+000  0.000000000000000E+000  0.000000000000000E+000
  0.000000000000000E+000  0.000000000000000E+000  0.000000000000000E+000
  0.000000000000000E+000  0.000000000000000E+000  0.000000000000000E+000
  0.000000000000000E+000  0.000000000000000E+000  0.000000000000000E+000
  0.000000000000000E+000  0.000000000000000E+000  0.000000000000000E+000
  0.000000000000000E+000  0.000000000000000E+000  0.000000000000000E+000
  0.000000000000000E+000  0.000000000000000E+000  0.000000000000000E+000
  0.000000000000000E+000  0.000000000000000E+000  0.000000000000000E+000
  0.000000000000000E+000  0.000000000000000E+000  0.000000000000000E+000
  0.000000000000000E+000  0.000000000000000E+000  0.000000000000000E+000
  0.000000000000000E+000  0.000000000000000E+000  0.000000000000000E+000
  0.000000000000000E+000  0.000000000000000E+000  0.000000000000000E+000
  0.000000000000000E+000  0.000000000000000E+000  0.000000000000000E+000
  0.000000000000000E+000  0.000000000000000E+000  0.000000000000000E+000
  0.000000000000000E+000  0.000000000000000E+000  0.000000000000000E+000
  0.000000000000000E+000  0.000000000000000E+000  0.000000000000000E+000
  0.000000000000000E+000  0.000000000000000E+000  0.000000000000000E+000
  0.000000000000000E+000  0.000000000000000E+000  0.000000000000000E+000
  0.000000000000000E+000  0.000000000000000E+000  0.000000000000000E+000
  0.000000000000000E+000  0.000000000000000E+000  0.000000000000000E+000
  0.000000000000000E+000  0.000000000000000E+000  0.000000000000000E+000
  0.000000000000000E+000  0.000000000000000E+000  0.000000000000000E+000
  0.000000000000000E+000  0.000000000000000E+000  0.000000000000000E+000
  0.000000000000000E+000  0.000000000000000E+000  0.000000000000000E+000
  0.000000000000000E+000  0.000000000000000E+000  0.000000000000000E+000
  0.000000000000000E+000  0.000000000000000E+000  0.000000000000000E+000
  0.000000000000000E+000  0.000000000000000E+000  0.000000000000000E+000
  0.000000000000000E+000  0.000000000000000E+000  0.000000000000000E+000
  0.000000000000000E+000  0.000000000000000E+000  0.000000000000000E+000
  0.000000000000000E+000  0.000000000000000E+000  0.000000000000000E+000
  0.000000000000000E+000  0.000000000000000E+000  0.000000000000000E+000
  0.000000000000000E+000  0.000000000000000E+000  0.000000000000000E+000
  0.000000000000000E+000  0.000000000000000E+000  0.000000000000000E+000
 -3.259571664818466E-002  3.332873535643966E-003 -0.151819693424495     
  1.721866980189243E-002 -1.493556775030929E-002 -0.262716352935069     
  0.181406758548622       1.048453622388912E-002 -0.160854760501899     
  0.460253778584242      -5.000075873023470E-004  2.828801072841327E-002
  0.437378411176240       9.547411938976565E-002 -0.266470002562609     
  4.264483421807953E-002 -5.054061720465128E-002  2.921602667067367E-002
  0.230162801924779       0.416331809179541      -0.399499933220836     
 -5.395680065533544E-002  3.489873386535088E-002  3.615762996289356E-002
 -0.140671757766896       0.433047762626635      -0.256656550617599     
 -0.257666263347272       0.390203380588291       1.949662229669865E-002
 -6.579782306221421E-002  0.181964825889325      -0.171987625146193     
 -1.417777554150725E-002  1.849141596377035E-002 -0.266460257357145     
  1.026111662601799E-002 -3.148530489810663E-002 -0.147931357535277     
  0.000000000000000E+000  0.000000000000000E+000  0.000000000000000E+000
  0.000000000000000E+000  0.000000000000000E+000  0.000000000000000E+000
  0.000000000000000E+000  0.000000000000000E+000  0.000000000000000E+000
  0.000000000000000E+000  0.000000000000000E+000  0.000000000000000E+000
 -5.004445866863137E-002 -3.925676719252620E-003 -0.128091550671879     
  9.077400285779719E-003  3.115496825010227E-004 -0.253253906674714     
  0.213233939344051      -3.444748893160976E-002 -0.175833261188309     
  0.470993390186789       1.899559848603829E-002  5.996909060900076E-002
  0.370455482750748      -0.316554436891404      -0.271786195334019     
  0.255370960038138       0.200013888294637      -7.860622293688953E-002
 -0.652720503237521       -1.12573941201962      -3.009645761247071E-002
  2.824710663774192E-002  0.323295364840541      -6.545839429707927E-002
 -0.468528910182444       0.173167561319561      -0.264358885728130     
 -0.233738159759285       0.420491360799219       4.923693459260532E-002
 -0.120727595824065       0.185373764777171      -0.186213311327710     
 -1.206921312377261E-002  8.611788128910109E-003 -0.254914680542734     
  1.401372753104893E-002 -4.886498805209340E-002 -0.124784397073526     
  0.000000000000000E+000  0.000000000000000E+000  0.000000000000000E+000
  0.000000000000000E+000  0.000000000000000E+000  0.000000000000000E+000
  0.000000000000000E+000  0.000000000000000E+000  0.000000000000000E+000
  0.000000000000000E+000  0.000000000000000E+000  0.000000000000000E+000
 -6.413804613497467E-002 -1.636315171816940E-002 -0.105048938514170     
 -2.659703485599602E-002  7.543060314027752E-003 -0.212209397745641     
  0.184912593102516       7.451083909174100E-002 -0.122811865641042     
  0.348891050461278      -5.204950197908930E-002  4.732616836604433E-002
  0.226092778241439       0.614415606024522      -9.667971429436084E-002
  0.201785010779377       1.209870583834920E-003 -0.641480792765033     
 -0.660411529013041       -1.14903098444359       0.448222516086119     
 -6.708149723964341E-002  0.197952087080336      -0.641340002888331     
  0.420732775112587       0.510631125046399      -8.956856822447611E-002
 -0.205293405515805       0.291006852308620       3.848165862803239E-002
 -5.341557984369252E-002  0.186457396707317      -0.128432447543068     
 -7.946523214555010E-003 -3.271799380965326E-002 -0.211421694732544     
  1.360124660657976E-002 -6.451045201357593E-002 -0.102433408763211     
  0.000000000000000E+000  0.000000000000000E+000  0.000000000000000E+000
  0.000000000000000E+000  0.000000000000000E+000  0.000000000000000E+000
  0.000000000000000E+000  0.000000000000000E+000  0.000000000000000E+000
  0.000000000000000E+000  0.000000000000000E+000  0.000000000000000E+000
 -6.664054781756995E-002 -6.820179962690569E-003 -9.747948361677107E-002
 -8.498942569660191E-002  1.850325498648810E-002 -0.150290450012728     
  7.635662862826176E-002 -0.166678801671069      -5.864140646112043E-002
  0.184695595808314       0.184540158349319       0.114998901763610     
  0.144695114561683       -1.07087430782425      -3.204633433919910E-002
 -0.352857556117851       -1.29164072232172       0.341946554334506     
  0.813864078086883        1.38067532942334      -0.926341015612831     
 -0.953722244273581      -0.988372391823211       0.359556085186695     
  -1.00897457004829      -0.426018880836942      -3.176172693056651E-002
  7.981288941697622E-002  0.256048163251187       0.110293134511785     
 -0.170554860025873      -1.182895665843577E-002 -5.623493795309988E-002
  7.476762290569811E-002 -5.508452175600421E-002 -0.149529548355302     
  1.979291711219725E-002 -6.415861546459876E-002 -9.490931710375959E-002
  0.000000000000000E+000  0.000000000000000E+000  0.000000000000000E+000
  0.000000000000000E+000  0.000000000000000E+000  0.000000000000000E+000
  0.000000000000000E+000  0.000000000000000E+000  0.000000000000000E+000
  0.000000000000000E+000  0.000000000000000E+000  0.000000000000000E+000
 -8.492332912100510E-002  3.308957122955333E-002 -0.103758367873541     
 -4.803936225976703E-002  9.568378370995355E-003 -0.132962555874700     
  7.518155734044396E-002  0.146411018301045      -1.488604676287643E-002
  0.192398290438023       0.179726332956804       0.127757916444711     
 -0.156179999699598      -0.187796364573669       6.734097534357640E-002
  0.245133057401540       0.789407159383999      -0.507741318079475     
 -0.303978319071546      -0.539800556567365       0.243337557702590     
  0.575459127647196       0.606927038090266      -0.522628913984686     
 -6.945655726387427E-002 -0.225410711960941       5.809673907693894E-002
  2.068844185626363E-002  0.234178576638287       0.135212391412560     
  9.909315342233894E-002  0.144678355645827      -1.373783935150306E-002
  3.175312405576783E-002 -3.955810754831554E-002 -0.130891049224430     
  6.159306036800279E-002 -5.921625538386312E-002 -0.101118193706050     
  0.000000000000000E+000  0.000000000000000E+000  0.000000000000000E+000
  0.000000000000000E+000  0.000000000000000E+000  0.000000000000000E+000
  0.000000000000000E+000  0.000000000000000E+000  0.000000000000000E+000
  0.000000000000000E+000  0.000000000000000E+000  0.000000000000000E+000
 -2.105284307428656E-002 -9.208741463755267E-002 -9.092691954855479E-002
 -9.792183324685219E-002  2.821951646693852E-002 -0.171446598392085     
  0.109726661670865       0.707832993298090      -0.147766491539843     
  0.140071320332379       3.699525063313579E-002  1.825340906724223E-002
  4.865944376342441E-002  0.302570373223943      -0.220287536058799     
 -0.157499431593586      -0.285308656078524       0.349457328391785     
 -0.577588186514380      -0.991758744373113        1.47189829741651     
 -0.196948133165411      -0.298795154049808       0.357511369318810     
  0.267296425373244       0.217438169634649      -0.257099315363329     
 -5.105828979635428E-002  0.137737258142271       2.988894260298288E-002
  0.525231645901282       0.434182604241648      -0.133625599972071     
  9.837247754046789E-002 -6.255379344901395E-002 -0.171688316200141     
 -7.258900455709962E-002 -6.679935130162877E-002 -8.947097918505388E-002
  0.000000000000000E+000  0.000000000000000E+000  0.000000000000000E+000
  0.000000000000000E+000  0.000000000000000E+000  0.000000000000000E+000
  0.000000000000000E+000  0.000000000000000E+000  0.000000000000000E+000
  0.000000000000000E+000  0.000000000000000E+000  0.000000000000000E+000
 -3.642521025806926E-002 -6.924149771640199E-003 -0.146563273020756     
  0.411414340464836       -1.10542895469120       0.102963834929926     
  0.202862043404428       0.218828113821076      -0.227458180463065     
  0.403445379721965       -1.66250246529607        1.08547458437028     
  0.105567754323979      -3.167213280158034E-002 -7.011765871569449E-002
  0.446693857218684       0.897614140022615      -0.874994286019616     
  0.244135232918621       0.434619815097889       0.363950649236574     
  0.523323677335461       0.815220176391481      -0.840276749832661     
 -6.846447882475634E-002  8.912685452221658E-002 -8.971246125674633E-002
  -1.64882299379999      -0.479536904273710        1.09752774611455     
  6.583421318285278E-002  0.281216526707170      -0.203769393195652     
  -1.12745559241466      -0.192043416416299       9.494353826735577E-002
  1.286259488395267E-002 -3.418623936660346E-002 -0.144987276163706     
  0.000000000000000E+000  0.000000000000000E+000  0.000000000000000E+000
  0.000000000000000E+000  0.000000000000000E+000  0.000000000000000E+000
  0.000000000000000E+000  0.000000000000000E+000  0.000000000000000E+000
  0.000000000000000E+000  0.000000000000000E+000  0.000000000000000E+000
  1.334927785946806E-002 -6.768018312380941E-002 -0.124518088076698     
  2.508277459558387E-002  0.152332153721814      -0.260003685603709     
 -0.131409031749280       0.797477089993942      -0.577077966830321     
  0.240680378412762       0.395644579719876      -0.271275623934819     
  0.402125736445384      -0.307442689591676       3.296799203896267E-002
  2.231414496693288E-002  -1.02317887075790        1.22603213051384     
  0.547698214146543       0.950559001617882      -0.730177437877805     
 -0.868232364354445      -0.468779569368161        1.18219716475144     
 -0.445443058172519       0.196691747288724       7.207973944802951E-003
  0.211585981012547       0.410263296513471      -0.245166250621268     
  0.808951050732516       0.305771606039736      -0.601163327276061     
  0.116595164726374       9.496826090117592E-002 -0.250095110086977     
 -6.511796184621037E-002 -2.224142988060092E-002 -0.124978011067469     
  0.000000000000000E+000  0.000000000000000E+000  0.000000000000000E+000
  0.000000000000000E+000  0.000000000000000E+000  0.000000000000000E+000
  0.000000000000000E+000  0.000000000000000E+000  0.000000000000000E+000
  0.000000000000000E+000  0.000000000000000E+000  0.000000000000000E+000
  8.206655492037963E-002 -2.103294062815211E-002 -6.347133401903102E-002
 -0.322226995676353       0.628822694818983      -0.532216675072632     
  7.568569169107414E-002  4.537459978372926E-002 -0.125794897857118     
  8.060135621049236E-002  0.527718340623690      -0.142693117090821     
  1.785723860148909E-002  9.146888000091476E-002 -0.493135592814480     
  0.280079895104577      -6.640429621717582E-002  0.325116338850709     
 -5.360074833544894E-002 -0.104331691887970      -0.116317203261345     
 -0.208025299761348       0.207702113260131       0.344692222658199     
  2.681717136706619E-002  4.754325078749399E-002 -0.428614632192998     
  0.440591537154280       0.342644631533828      -0.155454853791775     
 -4.380908287172195E-003  9.320822004559969E-002 -0.107269718977675     
  0.695777444817530       3.980691864696034E-002 -0.526415132183479     
 -5.840202263819300E-002  5.802108855361112E-002 -6.216150185120707E-002
  0.000000000000000E+000  0.000000000000000E+000  0.000000000000000E+000
  0.000000000000000E+000  0.000000000000000E+000  0.000000000000000E+000
  0.000000000000000E+000  0.000000000000000E+000  0.000000000000000E+000
  0.000000000000000E+000  0.000000000000000E+000  0.000000000000000E+000
  1.956814667732083E-002 -3.357187763619140E-002 -3.677839672103762E-002
  3.399012889724144E-002  8.800966779895886E-002 -0.107956766718554     
  0.166754558800500      -0.151743763704067       0.335924597531077     
  0.131196159120585       0.101207492551804       8.658386122008736E-002
  0.298527936031702      -0.355462324005755        1.73032101758315     
 -0.297785489722416       0.487892255592829       -2.70451163097890     
 -0.159367331996590      -0.237911751540572        2.62378685856768     
  0.574818378906903      -7.572986563533001E-003  -2.77486057571088     
 -0.455579155054128       8.549177004168065E-002   1.73060988856265     
  5.894758513988430E-002  0.160477896898810       4.434248858498991E-002
 -0.259759646408439       7.778111249815441E-002  0.391197578206938     
  6.261663651249474E-002  7.003805418552950E-002 -0.114003338449734     
 -3.869831296026582E-002  1.238592114343912E-003 -3.351844329740679E-002
  0.000000000000000E+000  0.000000000000000E+000  0.000000000000000E+000
  0.000000000000000E+000  0.000000000000000E+000  0.000000000000000E+000
  0.000000000000000E+000  0.000000000000000E+000  0.000000000000000E+000
  0.000000000000000E+000  0.000000000000000E+000  0.000000000000000E+000
  0.000000000000000E+000  0.000000000000000E+000  0.000000000000000E+000
  0.000000000000000E+000  0.000000000000000E+000  0.000000000000000E+000
  0.000000000000000E+000  0.000000000000000E+000  0.000000000000000E+000
  0.000000000000000E+000  0.000000000000000E+000  0.000000000000000E+000
  0.000000000000000E+000  0.000000000000000E+000  0.000000000000000E+000
  0.000000000000000E+000  0.000000000000000E+000  0.000000000000000E+000
  0.000000000000000E+000  0.000000000000000E+000  0.000000000000000E+000
  0.000000000000000E+000  0.000000000000000E+000  0.000000000000000E+000
  0.000000000000000E+000  0.000000000000000E+000  0.000000000000000E+000
  0.000000000000000E+000  0.000000000000000E+000  0.000000000000000E+000
  0.000000000000000E+000  0.000000000000000E+000  0.000000000000000E+000
  0.000000000000000E+000  0.000000000000000E+000  0.000000000000000E+000
  0.000000000000000E+000  0.000000000000000E+000  0.000000000000000E+000
  0.000000000000000E+000  0.000000000000000E+000  0.000000000000000E+000
  0.000000000000000E+000  0.000000000000000E+000  0.000000000000000E+000
  0.000000000000000E+000  0.000000000000000E+000  0.000000000000000E+000
  0.000000000000000E+000  0.000000000000000E+000  0.000000000000000E+000
  0.000000000000000E+000  0.000000000000000E+000  0.000000000000000E+000
  0.000000000000000E+000  0.000000000000000E+000  0.000000000000000E+000
  0.000000000000000E+000  0.000000000000000E+000  0.000000000000000E+000
  0.000000000000000E+000  0.000000000000000E+000  0.000000000000000E+000
  0.000000000000000E+000  0.000000000000000E+000  0.000000000000000E+000
  0.000000000000000E+000  0.000000000000000E+000  0.000000000000000E+000
  0.000000000000000E+000  0.000000000000000E+000  0.000000000000000E+000
  0.000000000000000E+000  0.000000000000000E+000  0.000000000000000E+000
  0.000000000000000E+000  0.000000000000000E+000  0.000000000000000E+000
  0.000000000000000E+000  0.000000000000000E+000  0.000000000000000E+000
  0.000000000000000E+000  0.000000000000000E+000  0.000000000000000E+000
  0.000000000000000E+000  0.000000000000000E+000  0.000000000000000E+000
  0.000000000000000E+000  0.000000000000000E+000  0.000000000000000E+000
  0.000000000000000E+000  0.000000000000000E+000  0.000000000000000E+000
  0.000000000000000E+000  0.000000000000000E+000  0.000000000000000E+000
