         140  1.399999999999997E-002  1.399999999999997E-002
  0.000000000000000E+000  0.000000000000000E+000  0.000000000000000E+000
  0.000000000000000E+000  0.000000000000000E+000  0.000000000000000E+000
  2.849585342480681E-002  3.921623137234521E-002 -5.075177186929286E-002
  2.713609119487389E-002  8.654864332736298E-002 -8.052769919620020E-002
  3.616541636605271E-002  0.107268426309552      -0.113306604523229     
  3.973127500911732E-002  0.133579017937116      -0.133543985040068     
  4.510511569824745E-002  0.126601313813014      -0.145088410313822     
  5.019837453423244E-002  0.110910173100469      -0.147614468779945     
  5.754991623030169E-002  9.971379416283009E-002 -0.148014778851104     
  7.090350869490925E-002  9.892362635057789E-002 -0.147611065989099     
  8.704615254993935E-002  0.102370597379356      -0.145089803393562     
  9.579038407161658E-002  0.101223738528811      -0.133556158138990     
  7.483434347555826E-002  8.500524244945680E-002 -0.113342451748829     
  6.136249216758190E-002  6.677910506699719E-002 -8.052761379221782E-002
  1.973062258018766E-002  4.431855868682048E-002 -5.079343882351204E-002
  0.000000000000000E+000  0.000000000000000E+000  0.000000000000000E+000
  0.000000000000000E+000  0.000000000000000E+000  0.000000000000000E+000
  0.000000000000000E+000  0.000000000000000E+000  0.000000000000000E+000
  0.000000000000000E+000  0.000000000000000E+000  0.000000000000000E+000
  2.452721250229861E-002  3.551975240901661E-002 -4.436449355423414E-002
  2.486377431857132E-002  8.426378919894169E-002 -7.891111967783832E-002
  3.147053361679714E-002  0.108584491822980      -0.109001353536107     
  3.637728223728898E-002  0.128140192800683      -0.131907192167178     
  4.266729498883692E-002  0.120972109981518      -0.142553997338503     
  4.834431913899322E-002  0.104969468722315      -0.145973743381500     
  5.484110433357459E-002  9.502015453275416E-002 -0.145646425632351     
  6.669187450538237E-002  9.435666014288240E-002 -0.145979574330338     
  8.339211502229944E-002  9.744917893745393E-002 -0.142559600630582     
  9.274847237492410E-002  9.558978434308875E-002 -0.131918037108592     
  7.830061271711031E-002  8.158226232485349E-002 -0.109025788457936     
  6.051592104525035E-002  6.365791627353018E-002 -7.890510352787362E-002
  1.850672064764418E-002  3.902422698540158E-002 -4.439674128932172E-002
  0.000000000000000E+000  0.000000000000000E+000  0.000000000000000E+000
  0.000000000000000E+000  0.000000000000000E+000  0.000000000000000E+000
  0.000000000000000E+000  0.000000000000000E+000  0.000000000000000E+000
  0.000000000000000E+000  0.000000000000000E+000  0.000000000000000E+000
  1.892117830972442E-002  2.696406808185038E-002 -3.417197096491841E-002
  2.067822227376969E-002  8.166382532399095E-002 -7.330952530086864E-002
  2.415671103412232E-002  0.109646878317702      -0.103127713371393     
  3.067609337051695E-002  0.121565343562127      -0.126091341684267     
  3.701357282232020E-002  0.110965613484446      -0.137434652874743     
  4.284672209320538E-002  9.417155457340580E-002 -0.140648108108043     
  4.864266419839209E-002  8.427813833575395E-002 -0.141167669627326     
  6.009669076900019E-002  8.421623639316118E-002 -0.140670496433629     
  7.755534345256436E-002  8.755021518797186E-002 -0.137450396876196     
  8.988957400909077E-002  8.735722733280599E-002 -0.126093761359275     
  8.284613753500973E-002  7.574259699509250E-002 -0.103133302395202     
  6.033751781926049E-002  5.872470989437460E-002 -7.328787244740517E-002
  1.389293043175874E-002  2.986519743612565E-002 -3.418641461086684E-002
  0.000000000000000E+000  0.000000000000000E+000  0.000000000000000E+000
  0.000000000000000E+000  0.000000000000000E+000  0.000000000000000E+000
  0.000000000000000E+000  0.000000000000000E+000  0.000000000000000E+000
  0.000000000000000E+000  0.000000000000000E+000  0.000000000000000E+000
  1.953593346492107E-002  1.107648010468285E-002 -2.467402738204291E-002
  1.259191815753050E-002  7.777300494372770E-002 -6.295972191713255E-002
  1.973685326177689E-002  0.107591562419693      -9.508932205622354E-002
  2.239556109561740E-002  0.112729340184567      -0.117443448285908     
  2.974491765377751E-002  9.893053107473809E-002 -0.127851964236573     
  3.437075762267501E-002  7.955212157949050E-002 -0.130506146738160     
  4.011982018149190E-002  6.951051600841759E-002 -0.130601451349178     
  5.170191421654018E-002  6.959316698491079E-002 -0.130558855589826     
  7.077659403177140E-002  7.525727542758621E-002 -0.127883421883199     
  8.636883638907525E-002  7.574567936641532E-002 -0.117436109469447     
  8.323622577856012E-002  7.087993301223773E-002 -9.507056178688754E-002
  6.099861741806753E-002  4.972731777477070E-002 -6.290370202371649E-002
 -2.079835845679430E-004  2.245508110288692E-002 -2.467775063818656E-002
  0.000000000000000E+000  0.000000000000000E+000  0.000000000000000E+000
  0.000000000000000E+000  0.000000000000000E+000  0.000000000000000E+000
  0.000000000000000E+000  0.000000000000000E+000  0.000000000000000E+000
  0.000000000000000E+000  0.000000000000000E+000  0.000000000000000E+000
  1.084467876901241E-002 -5.620694171023327E-003 -1.465701419990471E-002
  1.569083993285193E-002  7.750590358866091E-002 -5.571952850268357E-002
  1.313748801675088E-002  9.889154326675854E-002 -8.654947417658301E-002
  1.771520309574437E-002  0.104556567811849      -0.108292556281011     
  2.290494567875209E-002  8.767484694458400E-002 -0.117771567580579     
  2.767134005767403E-002  6.826755284868541E-002 -0.119046954222725     
  3.334364401786162E-002  5.776771313630265E-002 -0.118745767574362     
  4.532973824749024E-002  5.819694452234824E-002 -0.119148814136679     
  6.447686976891841E-002  6.371772159877004E-002 -0.117829193203577     
  8.162905531851827E-002  6.762934231421969E-002 -0.108283203570581     
  7.898158019407067E-002  6.076567345793671E-002 -8.650211443377234E-002
  5.921698825852012E-002  5.232532648763426E-002 -5.566356174754058E-002
 -1.031946106587099E-002  6.522195132900040E-003 -1.463968523651634E-002
  0.000000000000000E+000  0.000000000000000E+000  0.000000000000000E+000
  0.000000000000000E+000  0.000000000000000E+000  0.000000000000000E+000
  0.000000000000000E+000  0.000000000000000E+000  0.000000000000000E+000
  0.000000000000000E+000  0.000000000000000E+000  0.000000000000000E+000
  1.346280840819775E-002 -8.294380335965948E-003 -1.275614947332381E-002
  1.367375637778586E-002  6.986916121287297E-002 -4.705348022705938E-002
  1.072617045045895E-002  8.768675940743623E-002 -7.733141613039479E-002
  1.357962805245330E-002  9.417505662846061E-002 -9.806434238248420E-002
  1.730526498751133E-002  7.755932395996731E-002 -0.106748317767092     
  2.255320320291630E-002  5.997447067728922E-002 -0.107484236571347     
  2.852244284003934E-002  4.940830158065111E-002 -0.106795967363593     
  4.077275048474514E-002  4.966534191015233E-002 -0.107663930614105     
  5.856015840591242E-002  5.385204912126060E-002 -0.106852422100442     
  7.470777716295331E-002  5.885500352359112E-002 -9.805807819807447E-002
  7.049216712946267E-002  5.311179207206886E-002 -7.727608706952645E-002
  5.361498009622847E-002  4.669186506078742E-002 -4.698248982446764E-002
 -1.392026840179688E-002  7.546562021000082E-003 -1.275533497182994E-002
  0.000000000000000E+000  0.000000000000000E+000  0.000000000000000E+000
  0.000000000000000E+000  0.000000000000000E+000  0.000000000000000E+000
  0.000000000000000E+000  0.000000000000000E+000  0.000000000000000E+000
  0.000000000000000E+000  0.000000000000000E+000  0.000000000000000E+000
  1.034136938328156E-002 -4.777476625079839E-003 -7.782460564662462E-003
  1.410191583145676E-002  5.405523610645851E-002 -3.902211014168241E-002
  8.709299760056664E-003  7.423715805804015E-002 -6.524205897339304E-002
  9.900247822650123E-003  7.924805231195747E-002 -8.502813831711234E-002
  1.289570624599627E-002  6.721223182009887E-002 -9.374771051342505E-002
  1.792454101464981E-002  5.218165540176689E-002 -9.517999488115234E-002
  2.478622071188788E-002  4.292482802555004E-002 -9.473863411738935E-002
  3.640405772413263E-002  4.180453262898820E-002 -9.546052362878339E-002
  5.184534953099116E-002  4.488450752603218E-002 -9.390801148888736E-002
  6.362993823795568E-002  4.822919999037273E-002 -8.503821423930084E-002
  5.988577919209171E-002  4.464279012869554E-002 -6.518745920625292E-002
  3.969335317210831E-002  3.917574667942217E-002 -3.896121684678140E-002
 -9.274579210243973E-003  6.571684421222686E-003 -7.755421635836289E-003
  0.000000000000000E+000  0.000000000000000E+000  0.000000000000000E+000
  0.000000000000000E+000  0.000000000000000E+000  0.000000000000000E+000
  0.000000000000000E+000  0.000000000000000E+000  0.000000000000000E+000
  0.000000000000000E+000  0.000000000000000E+000  0.000000000000000E+000
  9.298890556197686E-003 -5.593622746878315E-003 -6.403557464328684E-003
  1.265076501392141E-002  3.840056129495163E-002 -2.829380768554313E-002
  7.107528800057219E-003  5.329779388122630E-002 -4.914362871314303E-002
  7.801342881367430E-003  6.080035378072126E-002 -6.678113099206108E-002
  8.895864372001735E-003  5.280902370173424E-002 -7.598587974923482E-002
  1.367896842126924E-002  4.281031103206736E-002 -7.898634814482457E-002
  2.025590704464334E-002  3.504514140515544E-002 -7.948519573887497E-002
  3.045381070190680E-002  3.346648960216031E-002 -7.935949257216077E-002
  4.137895438879423E-002  3.423521849355078E-002 -7.618354639291067E-002
  4.872693438609516E-002  3.719254295106368E-002 -6.681995481009720E-002
  4.257926133491065E-002  3.281469109315006E-002 -4.908907251117049E-002
  2.687781037943261E-002  3.006134398805915E-002 -2.826224865611318E-002
 -9.465271330877868E-003  5.307681732198205E-003 -6.338048257275705E-003
  0.000000000000000E+000  0.000000000000000E+000  0.000000000000000E+000
  0.000000000000000E+000  0.000000000000000E+000  0.000000000000000E+000
  0.000000000000000E+000  0.000000000000000E+000  0.000000000000000E+000
  0.000000000000000E+000  0.000000000000000E+000  0.000000000000000E+000
  6.359252150274069E-003 -4.483941965601475E-003 -4.385339938704328E-003
  8.113685817313573E-003  1.987208421389196E-002 -1.510118282897988E-002
  6.374494711026246E-003  2.991031879587057E-002 -2.900274420379530E-002
  5.292904220314728E-003  3.649797312708486E-002 -4.159712849125508E-002
  5.443551501961909E-003  3.355053017929594E-002 -5.011688518538139E-002
  8.408403310213759E-003  2.811371752225210E-002 -5.407814848464139E-002
  1.348875345278899E-002  2.330144190838609E-002 -5.558272232911876E-002
  2.033821475150105E-002  2.151448524925645E-002 -5.445093369748497E-002
  2.640351425788770E-002  2.159286266480049E-002 -5.030623605324948E-002
  2.894335210261070E-002  2.285284761744167E-002 -4.161653910704963E-002
  2.272618700581150E-002  2.049968562778438E-002 -2.900721332105445E-002
  1.311874077705744E-002  1.689152064347179E-002 -1.504239719907251E-002
 -7.056696281803507E-003  3.281150853518195E-003 -4.377080345761656E-003
  0.000000000000000E+000  0.000000000000000E+000  0.000000000000000E+000
  0.000000000000000E+000  0.000000000000000E+000  0.000000000000000E+000
  0.000000000000000E+000  0.000000000000000E+000  0.000000000000000E+000
  0.000000000000000E+000  0.000000000000000E+000  0.000000000000000E+000
  1.742421348302404E-003 -3.309811506406918E-003 -1.461971955665177E-003
  4.202088811555233E-003  4.553770914030704E-003 -4.437780676370189E-003
  4.189405166530786E-003  6.084403641951093E-003 -7.400379565964230E-003
  4.293744244894186E-003  1.107255139708068E-002 -1.259289609092725E-002
  3.380244570468153E-003  1.077813684663658E-002 -1.571377509678871E-002
  3.930305944597256E-003  1.042008358558355E-002 -1.874295529173010E-002
  5.189586470697579E-003  8.912655484626567E-003 -1.967925749960955E-002
  7.160162498989952E-003  8.747506243954357E-003 -1.894225786126697E-002
  7.655448193927357E-003  8.384315877162778E-003 -1.578897147221352E-002
  7.443671140125441E-003  9.247197275027454E-003 -1.259243848886562E-002
  3.190592386763912E-003  6.672085072009982E-003 -7.401269557209099E-003
  1.852449640365614E-003  5.897224843472635E-003 -4.432616657201995E-003
 -3.741723668172273E-003 -1.463186724633445E-004 -1.442948847948252E-003
  0.000000000000000E+000  0.000000000000000E+000  0.000000000000000E+000
  0.000000000000000E+000  0.000000000000000E+000  0.000000000000000E+000
  0.000000000000000E+000  0.000000000000000E+000  0.000000000000000E+000
  0.000000000000000E+000  0.000000000000000E+000  0.000000000000000E+000
  0.000000000000000E+000  0.000000000000000E+000  0.000000000000000E+000
  0.000000000000000E+000  0.000000000000000E+000  0.000000000000000E+000
  0.000000000000000E+000  0.000000000000000E+000  0.000000000000000E+000
  0.000000000000000E+000  0.000000000000000E+000  0.000000000000000E+000
  0.000000000000000E+000  0.000000000000000E+000  0.000000000000000E+000
  0.000000000000000E+000  0.000000000000000E+000  0.000000000000000E+000
  0.000000000000000E+000  0.000000000000000E+000  0.000000000000000E+000
  0.000000000000000E+000  0.000000000000000E+000  0.000000000000000E+000
  0.000000000000000E+000  0.000000000000000E+000  0.000000000000000E+000
  0.000000000000000E+000  0.000000000000000E+000  0.000000000000000E+000
  0.000000000000000E+000  0.000000000000000E+000  0.000000000000000E+000
  0.000000000000000E+000  0.000000000000000E+000  0.000000000000000E+000
  0.000000000000000E+000  0.000000000000000E+000  0.000000000000000E+000
  0.000000000000000E+000  0.000000000000000E+000  0.000000000000000E+000
  0.000000000000000E+000  0.000000000000000E+000  0.000000000000000E+000
  0.000000000000000E+000  0.000000000000000E+000  0.000000000000000E+000
  0.000000000000000E+000  0.000000000000000E+000  0.000000000000000E+000
  0.000000000000000E+000  0.000000000000000E+000  0.000000000000000E+000
  0.000000000000000E+000  0.000000000000000E+000  0.000000000000000E+000
  0.000000000000000E+000  0.000000000000000E+000  0.000000000000000E+000
  0.000000000000000E+000  0.000000000000000E+000  0.000000000000000E+000
  0.000000000000000E+000  0.000000000000000E+000  0.000000000000000E+000
  0.000000000000000E+000  0.000000000000000E+000  0.000000000000000E+000
  0.000000000000000E+000  0.000000000000000E+000  0.000000000000000E+000
  0.000000000000000E+000  0.000000000000000E+000  0.000000000000000E+000
  0.000000000000000E+000  0.000000000000000E+000  0.000000000000000E+000
  0.000000000000000E+000  0.000000000000000E+000  0.000000000000000E+000
  0.000000000000000E+000  0.000000000000000E+000  0.000000000000000E+000
  0.000000000000000E+000  0.000000000000000E+000  0.000000000000000E+000
  0.000000000000000E+000  0.000000000000000E+000  0.000000000000000E+000
  0.000000000000000E+000  0.000000000000000E+000  0.000000000000000E+000
  0.000000000000000E+000  0.000000000000000E+000  0.000000000000000E+000
  0.000000000000000E+000  0.000000000000000E+000  0.000000000000000E+000
  0.000000000000000E+000  0.000000000000000E+000  0.000000000000000E+000
  2.340431047295913E-002  1.654894565582559E-002 -6.371165932148858E-002
  2.733216352257553E-002 -1.136471759955691E-003 -0.103569711811410     
  3.160338396997541E-002  2.496473803224042E-003 -0.158933576777253     
  2.903432178366399E-002 -5.747028204684915E-002 -0.178261843669734     
  2.373121476822789E-002 -4.173448043932716E-002 -0.212234709905013     
  5.362688739408487E-002  8.154924637127403E-002 -0.274421776347138     
  9.034245082130825E-002  0.155454281309615      -0.309326729448019     
  4.416106309817469E-002  8.637693487677650E-002 -0.275396853841808     
 -4.789946714794206E-002 -5.937234975299691E-004 -0.213634880566795     
 -6.518067439088451E-002 -3.762206768617642E-003 -0.179019523439463     
 -1.454766449777202E-002  2.887251586679064E-002 -0.158778434201186     
 -1.552471595195886E-002  2.317149365846364E-002 -0.102766406052499     
  1.897761347407977E-003  2.814391932608835E-002 -6.305278113202566E-002
  0.000000000000000E+000  0.000000000000000E+000  0.000000000000000E+000
  0.000000000000000E+000  0.000000000000000E+000  0.000000000000000E+000
  0.000000000000000E+000  0.000000000000000E+000  0.000000000000000E+000
  0.000000000000000E+000  0.000000000000000E+000  0.000000000000000E+000
  1.752406907305545E-002  1.391240603476708E-002 -5.483253233773325E-002
  2.199017263049595E-002  4.438518103371924E-003 -0.101188909609126     
  2.331714147890328E-002  8.955221102090427E-003 -0.152336486699123     
  2.294598605768089E-002 -2.851461685016880E-002 -0.181441666263245     
  2.333044972794856E-002 -1.854655348067635E-003 -0.215567800080885     
  4.882060080494535E-002  9.775273588951600E-002 -0.275666204609610     
  8.443788964915448E-002  0.145580795697998      -0.308680056569225     
  6.047754802983293E-002  9.047222898369855E-002 -0.276726161930224     
 -1.309727452088970E-002  1.892247788368645E-002 -0.217054840423726     
 -3.671361688284280E-002  5.360419979621930E-003 -0.182185492410897     
 -4.907346955499112E-003  2.467926286748413E-002 -0.152043629151484     
 -8.206879823786303E-003  2.126275504555523E-002 -0.100284371888650     
  2.655712920263029E-003  2.183106877212661E-002 -5.425404421300842E-002
  0.000000000000000E+000  0.000000000000000E+000  0.000000000000000E+000
  0.000000000000000E+000  0.000000000000000E+000  0.000000000000000E+000
  0.000000000000000E+000  0.000000000000000E+000  0.000000000000000E+000
  0.000000000000000E+000  0.000000000000000E+000  0.000000000000000E+000
  1.223164684987985E-002  8.919056127977712E-003 -4.325608753910864E-002
  1.256166073293550E-002  1.407425208249592E-002 -9.296504926271129E-002
  1.090784279353557E-002  2.547515451703038E-002 -0.144262118093319     
  1.392383021254976E-002  2.724258716854364E-002 -0.184284955880799     
  2.352498337121938E-002  6.451202535489509E-002 -0.225755189544900     
  5.000125589612232E-002  0.124719511573884      -0.277221651782232     
  8.341188503904025E-002  0.144199416481847      -0.303323140673574     
  8.300830210921699E-002  0.105097744487195      -0.278302961337207     
  4.452820049297677E-002  5.236712801484688E-002 -0.227323355049100     
  1.658173078317169E-002  2.536290963108142E-002 -0.185008684977657     
  1.533453315572732E-002  2.177992886873475E-002 -0.143724243156344     
  4.512201189835333E-003  1.773127926297361E-002 -9.191974130127503E-002
  1.203691832417525E-003  1.491769955123217E-002 -4.278736056926481E-002
  0.000000000000000E+000  0.000000000000000E+000  0.000000000000000E+000
  0.000000000000000E+000  0.000000000000000E+000  0.000000000000000E+000
  0.000000000000000E+000  0.000000000000000E+000  0.000000000000000E+000
  0.000000000000000E+000  0.000000000000000E+000  0.000000000000000E+000
  1.219427824596977E-002  9.596443544271651E-004 -3.381825849371554E-002
  2.148368947602735E-003  2.428073190545126E-002 -8.067942292115875E-002
 -9.137202308646826E-004  5.904108508175988E-002 -0.136321858959288     
  3.587300441256523E-003  9.797379594144498E-002 -0.190608866399175     
  2.473977809604886E-002  0.129963866145961      -0.236843180233840     
  5.443147725738514E-002  0.151313522789475      -0.277137435669846     
  8.706618515953150E-002  0.150793463998621      -0.295068690169502     
  0.103314873037792       0.121945852198734      -0.277833203573770     
  0.100651088988997       8.604411145099462E-002 -0.238266030595357     
  8.354144566722044E-002  5.177981946146548E-002 -0.191260634062634     
  5.061780220270098E-002  2.816422889961853E-002 -0.135600123218202     
  1.858175094467743E-002  1.375767138195390E-002 -7.963289346749935E-002
 -5.354978342070512E-003  1.099791762091488E-002 -3.341575892056364E-002
  0.000000000000000E+000  0.000000000000000E+000  0.000000000000000E+000
  0.000000000000000E+000  0.000000000000000E+000  0.000000000000000E+000
  0.000000000000000E+000  0.000000000000000E+000  0.000000000000000E+000
  0.000000000000000E+000  0.000000000000000E+000  0.000000000000000E+000
  8.104707371404701E-003 -6.846433308548422E-003 -2.468474811404938E-002
  8.846240665297678E-004  3.657040734234599E-002 -7.191093217165205E-002
 -1.185229089523967E-002  9.280214091721643E-002 -0.132488457187459     
 -2.619659372783082E-003  0.128837701851581      -0.186569216469230     
  1.727087841857471E-002  0.130291987280959      -0.219529035502006     
  4.732976657325767E-002  0.147746518688202      -0.258648145418734     
  8.681722376993306E-002  0.150381900773570      -0.283243846054884     
  0.103495470867734       0.113726901082157      -0.258764077192789     
  0.104084129689190       7.914098797638976E-002 -0.220248721627980     
  0.113289142391203       6.153093604570104E-002 -0.186898784836369     
  8.627066311918172E-002  3.581499508839645E-002 -0.131908150056971     
  3.046687911630864E-002  1.882040206190859E-002 -7.099764800904798E-002
 -9.995944211148092E-003  3.691053080455967E-003 -2.434566561554954E-002
  0.000000000000000E+000  0.000000000000000E+000  0.000000000000000E+000
  0.000000000000000E+000  0.000000000000000E+000  0.000000000000000E+000
  0.000000000000000E+000  0.000000000000000E+000  0.000000000000000E+000
  0.000000000000000E+000  0.000000000000000E+000  0.000000000000000E+000
  1.163709857584252E-002 -9.996344864894388E-003 -2.157204395198911E-002
 -1.976208496669770E-003  4.673199365112464E-002 -6.313980709538139E-002
 -1.746549669832515E-002  0.121245744046966      -0.132074192892790     
 -7.948245684830369E-003  0.129017374596553      -0.170574377492496     
  6.403851817746849E-003  9.479421987359310E-002 -0.173547223434989     
  2.718179108426448E-002  0.101794626874026      -0.199696442274731     
  5.821888735030461E-002  0.100790173761906      -0.222921163977263     
  7.419829810611507E-002  7.364925730894896E-002 -0.199869532804222     
  7.824396366372201E-002  5.151189925725600E-002 -0.173373808208454     
  0.115619421852778       5.663282804711184E-002 -0.170384020474545     
  0.114604225377873       4.540839548196685E-002 -0.131827519229576     
  4.146266590685042E-002  2.155936306781843E-002 -6.247625400861796E-002
 -1.451349362693455E-002  5.203553108314427E-003 -2.119614642567047E-002
  0.000000000000000E+000  0.000000000000000E+000  0.000000000000000E+000
  0.000000000000000E+000  0.000000000000000E+000  0.000000000000000E+000
  0.000000000000000E+000  0.000000000000000E+000  0.000000000000000E+000
  0.000000000000000E+000  0.000000000000000E+000  0.000000000000000E+000
  9.469427509450696E-003 -8.346601302798507E-003 -1.520082877616975E-002
  6.070536924710257E-004  4.783669222016066E-002 -5.462691721622902E-002
 -1.985693277686293E-002  0.130417564614020      -0.126662371753458     
 -1.110387571541881E-002  0.106521714930166      -0.142176779536095     
 -3.122990358778847E-003  6.865735549197907E-002 -0.129886739916866     
  7.728287432962190E-003  4.753112267636288E-002 -0.119978016588838     
  1.330940383416566E-002  2.298508632955300E-002 -0.103664455396267     
  3.737030875911001E-002  3.014793209225147E-002 -0.120600663790417     
  6.058226435207242E-002  3.043739862166027E-002 -0.129569553883788     
  9.752784415924041E-002  4.263016870055438E-002 -0.141735413932950     
  0.123931692869475       4.795067607662918E-002 -0.126633163602952     
  4.164073873928875E-002  2.447377029418141E-002 -5.420352569047853E-002
 -1.200234323385882E-002  4.130231207854411E-003 -1.483768410875392E-002
  0.000000000000000E+000  0.000000000000000E+000  0.000000000000000E+000
  0.000000000000000E+000  0.000000000000000E+000  0.000000000000000E+000
  0.000000000000000E+000  0.000000000000000E+000  0.000000000000000E+000
  0.000000000000000E+000  0.000000000000000E+000  0.000000000000000E+000
  7.911913413665905E-003 -8.438562059930382E-003 -1.058294390323600E-002
  4.328821353896529E-003  4.075497010638215E-002 -4.255800772303650E-002
 -1.487752262318545E-002  0.103124873053111      -0.102772127700935     
 -8.852228242033041E-003  6.472714398700394E-002 -9.424758621924498E-002
 -9.792786959423495E-003  6.469103967196571E-002 -0.110170835385342     
 -1.270408310542175E-004  2.808572309168877E-002 -7.564723224858041E-002
 -1.614542540053628E-002 -2.778737765414925E-002  1.011747378927744E-002
  2.434407962451575E-002  1.370529479217555E-002 -7.609565623330196E-002
  6.110583146922044E-002  2.339981627865974E-002 -0.110630139867987     
  6.056241492275186E-002  2.399246732208718E-002 -9.413880100526857E-002
  9.743512722862578E-002  3.853412476011366E-002 -0.102629058200989     
  3.365162588670702E-002  2.416576521542088E-002 -4.241565923256083E-002
 -1.121994988958943E-002  2.735725078503605E-003 -1.009455017330991E-002
  0.000000000000000E+000  0.000000000000000E+000  0.000000000000000E+000
  0.000000000000000E+000  0.000000000000000E+000  0.000000000000000E+000
  0.000000000000000E+000  0.000000000000000E+000  0.000000000000000E+000
  0.000000000000000E+000  0.000000000000000E+000  0.000000000000000E+000
  4.560856489970442E-003 -7.813737505597383E-003 -8.251599225472665E-003
  6.451630515731514E-003  2.369571412541702E-002 -2.336398520216052E-002
 -3.342192294054192E-003  5.122482725675240E-002 -5.749840849226671E-002
 -2.900775012914532E-003  2.418460300875046E-002 -3.789722158740939E-002
 -1.210049834877492E-002  5.970798521861610E-002 -9.694060087374390E-002
 -3.614560515740585E-004  2.192861822587515E-002 -6.144828971230728E-002
 -2.108142841559283E-002 -3.603578898078694E-002  7.228533072349926E-002
  1.883375982385770E-002  1.031676732898543E-002 -6.106665077167841E-002
  5.806842938018233E-002  1.935291254547180E-002 -9.796277223676719E-002
  2.279048363220159E-002  9.265185763527613E-003 -3.810472516727708E-002
  4.627494853419294E-002  2.252239528139737E-002 -5.734423718750405E-002
  1.760301605028023E-002  1.744308103340195E-002 -2.319540585420868E-002
 -9.023830380596041E-003  8.995230330306266E-005 -8.043839547231852E-003
  0.000000000000000E+000  0.000000000000000E+000  0.000000000000000E+000
  0.000000000000000E+000  0.000000000000000E+000  0.000000000000000E+000
  0.000000000000000E+000  0.000000000000000E+000  0.000000000000000E+000
  0.000000000000000E+000  0.000000000000000E+000  0.000000000000000E+000
  1.649606810799892E-004 -3.364193032465510E-003 -3.471845830896277E-003
  4.559008793422066E-003  3.431960115533475E-003 -6.768736443419079E-003
  2.775149166893605E-003  6.192766279725983E-003 -1.069598222848846E-002
  2.034779930437491E-003  2.721923191664049E-003 -3.910889345122906E-003
 -1.731490560082549E-003  2.633204485811973E-002 -4.010851891948947E-002
 -4.586597582882562E-003  9.378160191110320E-003 -2.244374812949517E-002
 -1.082586478150444E-002 -1.809201858485966E-002  5.029313793012617E-002
  1.023912733353060E-002  4.537908225579866E-004 -2.178800701092673E-002
  2.367053380519009E-002  1.172099405933616E-002 -4.057001074249534E-002
  1.529254214075996E-003  3.023446645962561E-003 -3.990375845265740E-003
  4.075382107420572E-003  5.348728227027492E-003 -1.060748499591881E-002
  8.345351956776945E-004  5.633378719413577E-003 -6.703735231595235E-003
 -2.951122137827032E-003 -1.499946637936322E-003 -3.336563942657324E-003
  0.000000000000000E+000  0.000000000000000E+000  0.000000000000000E+000
  0.000000000000000E+000  0.000000000000000E+000  0.000000000000000E+000
  0.000000000000000E+000  0.000000000000000E+000  0.000000000000000E+000
  0.000000000000000E+000  0.000000000000000E+000  0.000000000000000E+000
  0.000000000000000E+000  0.000000000000000E+000  0.000000000000000E+000
  0.000000000000000E+000  0.000000000000000E+000  0.000000000000000E+000
  0.000000000000000E+000  0.000000000000000E+000  0.000000000000000E+000
  0.000000000000000E+000  0.000000000000000E+000  0.000000000000000E+000
  0.000000000000000E+000  0.000000000000000E+000  0.000000000000000E+000
  0.000000000000000E+000  0.000000000000000E+000  0.000000000000000E+000
  0.000000000000000E+000  0.000000000000000E+000  0.000000000000000E+000
  0.000000000000000E+000  0.000000000000000E+000  0.000000000000000E+000
  0.000000000000000E+000  0.000000000000000E+000  0.000000000000000E+000
  0.000000000000000E+000  0.000000000000000E+000  0.000000000000000E+000
  0.000000000000000E+000  0.000000000000000E+000  0.000000000000000E+000
  0.000000000000000E+000  0.000000000000000E+000  0.000000000000000E+000
  0.000000000000000E+000  0.000000000000000E+000  0.000000000000000E+000
  0.000000000000000E+000  0.000000000000000E+000  0.000000000000000E+000
  0.000000000000000E+000  0.000000000000000E+000  0.000000000000000E+000
  0.000000000000000E+000  0.000000000000000E+000  0.000000000000000E+000
  0.000000000000000E+000  0.000000000000000E+000  0.000000000000000E+000
  0.000000000000000E+000  0.000000000000000E+000  0.000000000000000E+000
  0.000000000000000E+000  0.000000000000000E+000  0.000000000000000E+000
  0.000000000000000E+000  0.000000000000000E+000  0.000000000000000E+000
  0.000000000000000E+000  0.000000000000000E+000  0.000000000000000E+000
  0.000000000000000E+000  0.000000000000000E+000  0.000000000000000E+000
  0.000000000000000E+000  0.000000000000000E+000  0.000000000000000E+000
  0.000000000000000E+000  0.000000000000000E+000  0.000000000000000E+000
  0.000000000000000E+000  0.000000000000000E+000  0.000000000000000E+000
  0.000000000000000E+000  0.000000000000000E+000  0.000000000000000E+000
  0.000000000000000E+000  0.000000000000000E+000  0.000000000000000E+000
  0.000000000000000E+000  0.000000000000000E+000  0.000000000000000E+000
  0.000000000000000E+000  0.000000000000000E+000  0.000000000000000E+000
  0.000000000000000E+000  0.000000000000000E+000  0.000000000000000E+000
  0.000000000000000E+000  0.000000000000000E+000  0.000000000000000E+000
  0.000000000000000E+000  0.000000000000000E+000  0.000000000000000E+000
  0.000000000000000E+000  0.000000000000000E+000  0.000000000000000E+000
  0.000000000000000E+000  0.000000000000000E+000  0.000000000000000E+000
   13.5469420648836       -58.0576792580490       -63.4561254190885     
  -43.8053530404783       -45.7604661378686       -115.218372020906     
  -70.3171762461593       -4.28035815632241       -102.909568833631     
  -99.0282024556744       -214.258682115552        28.7526770000851     
  -3.56656609485041        373.205291979894        82.8914857348454     
   388.606254724001        1139.80004455893        59.6966718377035     
   818.985230097961        1411.04992950295        61.2354554388623     
   802.288204071486        908.879837259260        51.6051844546127     
   334.111081680150        189.219084770734        72.2608677905550     
  -148.891740316255       -197.486401215795        28.4487593400849     
   13.5903336865551       -67.7760141258659       -97.8655996752238     
  -21.4027495017453       -58.7275790994552       -110.549441706993     
  -49.5985590712232       -13.4826920589807       -61.5963159084658     
  0.000000000000000E+000  0.000000000000000E+000  0.000000000000000E+000
  0.000000000000000E+000  0.000000000000000E+000  0.000000000000000E+000
  0.000000000000000E+000  0.000000000000000E+000  0.000000000000000E+000
  0.000000000000000E+000  0.000000000000000E+000  0.000000000000000E+000
   1.34439709910893       -52.3940534143494       -54.6828601703531     
  -34.3669429330616       -119.163252087329       -99.9152787378278     
  -67.1977179714963       -138.224771560208       -99.0187367300862     
  -68.2926718536514       -208.483057293219        13.8782820572339     
   43.8197095045351        318.636042224714        89.1053490283463     
   350.566411886840        920.442758335317        116.985742698330     
   643.094144019525        1108.62558439441        130.240905960707     
   627.800308233666        763.334347437407        108.660696888482     
   261.965126001132        200.466767232075        78.5073078362515     
  -153.562756495471       -166.412090282606        13.0268598849700     
  -98.8824575671102       -129.631696050933       -94.1517331580120     
  -85.6900903031572       -85.8038965768357       -95.9557509910788     
  -39.7399890573611       -21.1467023661755       -52.9757811707717     
  0.000000000000000E+000  0.000000000000000E+000  0.000000000000000E+000
  0.000000000000000E+000  0.000000000000000E+000  0.000000000000000E+000
  0.000000000000000E+000  0.000000000000000E+000  0.000000000000000E+000
  0.000000000000000E+000  0.000000000000000E+000  0.000000000000000E+000
  -8.87811165909147       -39.0094984904699       -45.7459428939289     
  -22.0819286793391       -257.183757135643       -66.4652851559391     
  -39.3055020598025       -397.107954600962       -74.3099576314454     
  -26.1386605434811       -266.117297717877        15.0817003826888     
   90.0029554381936        173.620558995950        122.916560454437     
   250.705958308961        517.873353528529        231.039200446550     
   354.090482532662        611.342985285217        279.480049078321     
   321.400227216216        469.239805313637        224.874685987434     
   112.248137354379        165.337896324849        112.899571794244     
  -215.426084622016       -155.584941669974        12.6372796862477     
  -326.328700622265       -230.896043811220       -70.3159099292591     
  -203.744567582623       -141.129606234708       -64.1870559092236     
  -24.8929150493188       -23.7596175488803       -43.9959535350706     
  0.000000000000000E+000  0.000000000000000E+000  0.000000000000000E+000
  0.000000000000000E+000  0.000000000000000E+000  0.000000000000000E+000
  0.000000000000000E+000  0.000000000000000E+000  0.000000000000000E+000
  0.000000000000000E+000  0.000000000000000E+000  0.000000000000000E+000
  -33.4637645781205       -15.9397349479250       -33.7757557425783     
   11.0471093707316       -366.350312421481       -47.8726422118777     
  -19.4453616767600       -415.123859366045       -63.3746973492742     
   16.0555248512814       -137.141696770639       -36.9400328937461     
   87.7219280326806       -42.3127651894516        171.044115833752     
   61.3136041878965       -102.840338285707        452.464619544024     
  -46.5370276657377       -80.8829327957190        566.929835611597     
  -128.120467885990       -10.4861573415034        453.267408852771     
  -78.9929506028009        49.7997756689631        165.155809473013     
  -121.224923828619       -56.0340153209656       -39.2250345572807     
  -340.973556988963       -219.586535677096       -61.2811086887029     
  -305.186300552494       -165.051740827006       -47.4280865830667     
   3.90869140710316       -33.6268117303979       -31.9923236608027     
  0.000000000000000E+000  0.000000000000000E+000  0.000000000000000E+000
  0.000000000000000E+000  0.000000000000000E+000  0.000000000000000E+000
  0.000000000000000E+000  0.000000000000000E+000  0.000000000000000E+000
  0.000000000000000E+000  0.000000000000000E+000  0.000000000000000E+000
  -15.1571281450083        7.76712783926853       -43.9702407543431     
  -2.28596466532647       -343.706991594374       -48.2314908542211     
  -25.9081701801426       -59.1418735237682       -161.326275263885     
   29.1231311696115        151.490999388415       -202.272874965758     
   73.3267511799490       -294.634364748239        232.618598371649     
  -80.9836503749600       -574.982811210923        670.984139562802     
  -276.959486804804       -481.989532485331        771.893611970429     
  -458.266918777891       -364.769247966941        671.299182694939     
  -293.239025736418       -93.7952877346898        232.761948518225     
   107.332434026208        88.9590219781950       -194.867506350887     
  -34.1283202480949       -51.9965067318276       -157.496916696414     
  -274.962714436574       -163.833264957321       -48.8424875971170     
   13.0336717061911       -8.02504338722883       -41.2978639644240     
  0.000000000000000E+000  0.000000000000000E+000  0.000000000000000E+000
  0.000000000000000E+000  0.000000000000000E+000  0.000000000000000E+000
  0.000000000000000E+000  0.000000000000000E+000  0.000000000000000E+000
  0.000000000000000E+000  0.000000000000000E+000  0.000000000000000E+000
  -16.7711980257785       -4.89388743662814       -34.6747096509880     
  -10.2793810058197       -193.822974075615       -75.1286734208935     
  -54.1127664973387        356.473373463139       -333.230056309596     
   41.5199079957847        299.975055295160       -354.046555301339     
   92.6825304063114       -257.388029039346        133.929141138064     
  -3.62174864450941       -313.521284787010        378.786479990885     
  -74.8116510938377       -136.390278891847        318.667465492588     
  -264.129109202337       -165.566421920576        377.688612209392     
  -267.043703475346       -58.2672320451476        135.533491864424     
   220.803503396107        168.458089169249       -337.551994882979     
   325.714890052780        123.746624864665       -323.074608417900     
  -144.558056172453       -97.8776521171624       -75.3603124948258     
   2.53947366884906       -15.6584861372241       -32.3735689667463     
  0.000000000000000E+000  0.000000000000000E+000  0.000000000000000E+000
  0.000000000000000E+000  0.000000000000000E+000  0.000000000000000E+000
  0.000000000000000E+000  0.000000000000000E+000  0.000000000000000E+000
  0.000000000000000E+000  0.000000000000000E+000  0.000000000000000E+000
   1.66918918239663       -28.8916812772088       -32.8262745331909     
  -23.2120491562964      -0.777483188482096       -110.882017281983     
  -43.7855849367710        466.646111441134       -417.450620647198     
   74.3538692337358        120.406207602707       -269.774981038900     
   105.701911785778        184.513618400478       -291.494653540269     
   205.781858102674        513.502977085373       -608.529675677536     
   314.987116110505        536.000212220776       -714.253703363076     
   342.063067970347        423.801858106985       -600.333923309827     
   114.684649281485        177.954042298752       -295.333174090254     
   67.9697878266899        116.187495331570       -265.807258042384     
   412.227197903394        185.578813046336       -404.081540496841     
   19.3847748091376       -16.7921899239936       -109.495878420322     
  -25.6172846373114       -11.8782178219506       -30.4871595753449     
  0.000000000000000E+000  0.000000000000000E+000  0.000000000000000E+000
  0.000000000000000E+000  0.000000000000000E+000  0.000000000000000E+000
  0.000000000000000E+000  0.000000000000000E+000  0.000000000000000E+000
  0.000000000000000E+000  0.000000000000000E+000  0.000000000000000E+000
  -2.59842969915185       -27.6129118637059       -11.2774099731144     
  -5.21042041690850        90.5788075586180       -137.624075968089     
   15.6152880500328        247.551380200091       -304.276001210579     
   136.962445847659       -221.246380266819        58.5215529999549     
   77.0523583604023        608.834650608777       -783.045701544809     
   249.184244766296        806.373684356472       -1178.12617891094     
   226.376435136787        387.719395605959       -601.117664445890     
   564.230593425712        604.544662230565       -1156.53247575895     
   494.396194612497        366.918386283552       -789.440225087764     
  -230.357394353949        12.0494476677330        34.1794289245686     
   203.584645296358        131.457621021058       -296.938922796686     
   82.4521650274225        40.9814283361230       -134.190547188060     
  -21.9579607813035       -15.0293565679438       -9.94703046261459     
  0.000000000000000E+000  0.000000000000000E+000  0.000000000000000E+000
  0.000000000000000E+000  0.000000000000000E+000  0.000000000000000E+000
  0.000000000000000E+000  0.000000000000000E+000  0.000000000000000E+000
  0.000000000000000E+000  0.000000000000000E+000  0.000000000000000E+000
  -3.84625711058019       -28.7644416269615       -13.6431592054015     
   19.1592700619018        84.1130277039237       -103.677131483090     
   48.1796881466430       -34.0843677393216       -82.1329742204605     
   144.827635973568       -295.434314074910        265.138701150425     
   27.7939573096873        644.957634155799       -932.260523119960     
   178.899083643492        371.290910923804       -664.214988987248     
  -112.503746586038       -189.965225165829        825.284377278033     
   218.241168548385        328.747588117781       -632.169576060454     
   539.770449405157        341.687854058624       -929.437609853283     
  -296.039399240818       -15.7508821136173        231.876232690720     
  -45.9666567105508        25.3422147714027       -84.7821620803363     
   62.3143479761388        56.8738236835768       -100.005056268769     
  -22.1663991717044       -16.6768511038924       -12.9782160840887     
  0.000000000000000E+000  0.000000000000000E+000  0.000000000000000E+000
  0.000000000000000E+000  0.000000000000000E+000  0.000000000000000E+000
  0.000000000000000E+000  0.000000000000000E+000  0.000000000000000E+000
  0.000000000000000E+000  0.000000000000000E+000  0.000000000000000E+000
  -5.96149939858871       -5.10635152579995       -10.1703672908929     
   22.6906276804765        2.06700902251977       -40.8432992086832     
   25.7600060456022       -74.4747399122637        6.75935427796775     
   75.7265298302330       -103.316106116315        82.1558609556898     
   81.4999643544516        279.791722008760       -435.524298938060     
   32.5694528068574        56.6284422247047       -4.07726560114244     
  -120.979180253304       -199.192824660781        896.842887245993     
   25.7672290545656        51.3926414910560        15.0881733043417     
   195.811149393516        206.782785909488       -428.936958305616     
  -117.560108624131        16.4559698592234        72.8549377827608     
  -73.0478827517448       -13.1027582698102        3.96580833887934     
  -8.82925287090946        19.8874825283600       -39.1654416473208     
  -1.36522097346345       -7.37059878180275       -9.70024313044925     
  0.000000000000000E+000  0.000000000000000E+000  0.000000000000000E+000
  0.000000000000000E+000  0.000000000000000E+000  0.000000000000000E+000
  0.000000000000000E+000  0.000000000000000E+000  0.000000000000000E+000
  0.000000000000000E+000  0.000000000000000E+000  0.000000000000000E+000
  0.000000000000000E+000  0.000000000000000E+000  0.000000000000000E+000
  0.000000000000000E+000  0.000000000000000E+000  0.000000000000000E+000
  0.000000000000000E+000  0.000000000000000E+000  0.000000000000000E+000
  0.000000000000000E+000  0.000000000000000E+000  0.000000000000000E+000
  0.000000000000000E+000  0.000000000000000E+000  0.000000000000000E+000
  0.000000000000000E+000  0.000000000000000E+000  0.000000000000000E+000
  0.000000000000000E+000  0.000000000000000E+000  0.000000000000000E+000
  0.000000000000000E+000  0.000000000000000E+000  0.000000000000000E+000
  0.000000000000000E+000  0.000000000000000E+000  0.000000000000000E+000
  0.000000000000000E+000  0.000000000000000E+000  0.000000000000000E+000
  0.000000000000000E+000  0.000000000000000E+000  0.000000000000000E+000
  0.000000000000000E+000  0.000000000000000E+000  0.000000000000000E+000
  0.000000000000000E+000  0.000000000000000E+000  0.000000000000000E+000
  0.000000000000000E+000  0.000000000000000E+000  0.000000000000000E+000
  0.000000000000000E+000  0.000000000000000E+000  0.000000000000000E+000
  0.000000000000000E+000  0.000000000000000E+000  0.000000000000000E+000
  0.000000000000000E+000  0.000000000000000E+000  0.000000000000000E+000
  0.000000000000000E+000  0.000000000000000E+000  0.000000000000000E+000
  0.000000000000000E+000  0.000000000000000E+000  0.000000000000000E+000
  0.000000000000000E+000  0.000000000000000E+000  0.000000000000000E+000
  0.000000000000000E+000  0.000000000000000E+000  0.000000000000000E+000
  0.000000000000000E+000  0.000000000000000E+000  0.000000000000000E+000
  0.000000000000000E+000  0.000000000000000E+000  0.000000000000000E+000
  0.000000000000000E+000  0.000000000000000E+000  0.000000000000000E+000
  0.000000000000000E+000  0.000000000000000E+000  0.000000000000000E+000
  0.000000000000000E+000  0.000000000000000E+000  0.000000000000000E+000
  0.000000000000000E+000  0.000000000000000E+000  0.000000000000000E+000
  0.000000000000000E+000  0.000000000000000E+000  0.000000000000000E+000
  0.000000000000000E+000  0.000000000000000E+000  0.000000000000000E+000
  0.000000000000000E+000  0.000000000000000E+000  0.000000000000000E+000
  0.000000000000000E+000  0.000000000000000E+000  0.000000000000000E+000
  0.000000000000000E+000  0.000000000000000E+000  0.000000000000000E+000
