         140  1.399999999999997E-002  1.399999999999997E-002
  0.000000000000000E+000  0.000000000000000E+000  0.000000000000000E+000
  0.000000000000000E+000  0.000000000000000E+000  0.000000000000000E+000
  3.903584801283892E-002  6.344604004180236E-002 -6.867611053156968E-002
  4.144298738453586E-002  8.284600792480856E-002 -9.688226373939474E-002
  5.461318734070297E-002  0.105637735859208      -0.135279380005310     
  6.006283461308578E-002  0.137569319921245      -0.155495454269593     
  6.915856963037624E-002  0.158733767030363      -0.174564573632703     
  7.797990773620911E-002  0.156662661903662      -0.184219677920659     
  8.745466122958763E-002  0.151526734897591      -0.187493034509870     
  9.662742991405597E-002  0.145861354876742      -0.184206834466829     
  0.102852126912978       0.139279709531541      -0.174567607259638     
  8.914870043527298E-002  0.120865414901744      -0.155517491438728     
  6.421679165683936E-002  0.100173278285255      -0.135316107227176     
  5.103238265884918E-002  7.733106439060408E-002 -9.691761553985027E-002
  3.545248647401983E-002  6.556550032907979E-002 -6.872650541545192E-002
  0.000000000000000E+000  0.000000000000000E+000  0.000000000000000E+000
  0.000000000000000E+000  0.000000000000000E+000  0.000000000000000E+000
  0.000000000000000E+000  0.000000000000000E+000  0.000000000000000E+000
  0.000000000000000E+000  0.000000000000000E+000  0.000000000000000E+000
  3.052123330206795E-002  5.962818908365899E-002 -5.961688592966931E-002
  3.888144030831732E-002  8.799473276142483E-002 -9.689819130508151E-002
  4.651002966670479E-002  0.110904562021900      -0.129279749563454     
  5.587168087901583E-002  0.138887852273188      -0.154547958395539     
  6.353978255851854E-002  0.152799187559865      -0.171117456056164     
  7.342830698896899E-002  0.149067880532308      -0.182057408981195     
  8.220171003924942E-002  0.142423300928917      -0.184497596582875     
  9.232950463263206E-002  0.138129224153041      -0.182054597562482     
  0.100516481543811       0.131444717558944      -0.171120956427411     
  9.235932798170381E-002  0.117879945323361      -0.154568808592553     
  7.281463894364552E-002  9.577180089103268E-002 -0.129304502524401     
  5.676908492372218E-002  7.768534601347621E-002 -9.692928581857874E-002
  3.640317498350204E-002  5.626724956051637E-002 -5.965467382919264E-002
  0.000000000000000E+000  0.000000000000000E+000  0.000000000000000E+000
  0.000000000000000E+000  0.000000000000000E+000  0.000000000000000E+000
  0.000000000000000E+000  0.000000000000000E+000  0.000000000000000E+000
  0.000000000000000E+000  0.000000000000000E+000  0.000000000000000E+000
  2.404945501231057E-002  5.180588048265505E-002 -4.717791793838222E-002
  2.726064414330015E-002  9.771230461600723E-002 -9.086290855329213E-002
  3.791655914698686E-002  0.123539607674476      -0.122445086134283     
  4.385748090704525E-002  0.144495699312802      -0.148437548383468     
  5.462239270500632E-002  0.145332017177634      -0.166132032635764     
  6.231436969701205E-002  0.133465619415913      -0.175554108543628     
  7.199279790148019E-002  0.124736684265062      -0.178901211243867     
  8.436833040439330E-002  0.120706738433785      -0.175568962111940     
  9.848695362017594E-002  0.119980755260121      -0.166138967799912     
  0.103188101130145       0.110250456174265      -0.148448665323806     
  8.803022246193247E-002  9.463021634430029E-002 -0.122456375008637     
  7.098987442551967E-002  7.245378378962243E-002 -9.086894699773079E-002
  3.285953538218439E-002  4.673507608815258E-002 -4.719739035672513E-002
  0.000000000000000E+000  0.000000000000000E+000  0.000000000000000E+000
  0.000000000000000E+000  0.000000000000000E+000  0.000000000000000E+000
  0.000000000000000E+000  0.000000000000000E+000  0.000000000000000E+000
  0.000000000000000E+000  0.000000000000000E+000  0.000000000000000E+000
  2.008134205160652E-002  3.588298130522091E-002 -3.477280652490597E-002
  1.825651759494605E-002  0.102119431725084      -8.069087243078317E-002
  2.349900608802676E-002  0.131423108920086      -0.113186177920447     
  3.200300310491275E-002  0.142214517561489      -0.139705565723027     
  3.952697602966782E-002  0.129202053084000      -0.155577577321390     
  4.758044617221614E-002  0.109719732968074      -0.163477363690223     
  5.563271917849460E-002  9.639019657493531E-002 -0.165581507066672     
  7.116925135669511E-002  9.608916815727500E-002 -0.163518923796163     
  9.207224084337218E-002  9.885189524404302E-002 -0.155598620969994     
  0.107118944853178       9.882653028786514E-002 -0.139702848438708     
  0.102015527244031       8.604056824454541E-002 -0.113170071530283     
  7.926388092004240E-002  6.682488190277418E-002 -8.065594424349359E-002
  2.104365571319212E-002  3.531766702230994E-002 -3.477867309947275E-002
  0.000000000000000E+000  0.000000000000000E+000  0.000000000000000E+000
  0.000000000000000E+000  0.000000000000000E+000  0.000000000000000E+000
  0.000000000000000E+000  0.000000000000000E+000  0.000000000000000E+000
  0.000000000000000E+000  0.000000000000000E+000  0.000000000000000E+000
  2.340610545487654E-002  1.191135724121211E-002 -2.492574155236732E-002
  8.006634282918895E-003  9.792607401182947E-002 -6.905759987609524E-002
  1.786596569235796E-002  0.126909334280762      -0.103930964099200     
  1.907505206971875E-002  0.127493253828334      -0.128948017836280     
  2.801611332189311E-002  0.110656856327262      -0.143033084917732     
  3.352606977445573E-002  8.547966989267981E-002 -0.148204860524560     
  4.151325463166050E-002  7.192479755936404E-002 -0.149498812892804     
  5.724237033503703E-002  7.183776440246718E-002 -0.148283301430302     
  8.179257316240203E-002  7.963277096766237E-002 -0.143078192447418     
  0.100828207387754       8.026444158747671E-002 -0.128939146624399     
  0.100881082773624       7.888448518601857E-002 -0.103883730267935     
  8.070391037422601E-002  5.580517991675082E-002 -6.898148358261287E-002
 -1.407840020708759E-003  2.619357725426716E-002 -2.492217574602832E-002
  0.000000000000000E+000  0.000000000000000E+000  0.000000000000000E+000
  0.000000000000000E+000  0.000000000000000E+000  0.000000000000000E+000
  0.000000000000000E+000  0.000000000000000E+000  0.000000000000000E+000
  0.000000000000000E+000  0.000000000000000E+000  0.000000000000000E+000
  1.186136235085732E-002 -1.106847957910576E-002 -1.300568873409710E-002
  1.363989500181311E-002  0.100108057639354      -6.272481158519143E-002
  7.602700740008067E-003  0.108850179056473      -9.286477156212981E-002
  1.203169516212469E-002  0.112417787927855      -0.117001395138064     
  1.680760146858962E-002  8.920208075554127E-002 -0.128131405680628     
  2.251026218897214E-002  6.526873887336347E-002 -0.131199773935285     
  2.935842896991108E-002  5.086143705005864E-002 -0.131103720307051     
  4.532305275488529E-002  5.225448412047189E-002 -0.131345731548046     
  6.884919558428365E-002  5.922257641951550E-002 -0.128210000654005     
  9.129032880562700E-002  6.664254047027400E-002 -0.116994203814456     
  9.034795442995459E-002  6.095047233075251E-002 -9.279313027073514E-002
  7.977186353609722E-002  6.178614474261876E-002 -6.263266400470921E-002
 -1.554992861998490E-002  4.670081457345952E-003 -1.299375438036062E-002
  0.000000000000000E+000  0.000000000000000E+000  0.000000000000000E+000
  0.000000000000000E+000  0.000000000000000E+000  0.000000000000000E+000
  0.000000000000000E+000  0.000000000000000E+000  0.000000000000000E+000
  0.000000000000000E+000  0.000000000000000E+000  0.000000000000000E+000
  1.768593373044800E-002 -8.265131354259573E-003 -1.338686201033016E-002
  8.369685664597407E-003  8.447498234651403E-002 -5.168520550428631E-002
  3.849853299248598E-003  9.201786848400580E-002 -8.141890478664189E-002
  4.862162875924472E-003  9.129533946804405E-002 -0.101910934232257     
  7.831805580046458E-003  6.882660184535491E-002 -0.110838003778171     
  1.340649263569288E-002  4.759837012905831E-002 -0.112392539438641     
  1.984567213749858E-002  3.437503820313564E-002 -0.111669104548826     
  3.466283738108574E-002  3.559382712779199E-002 -0.112638151053661     
  5.573136357289710E-002  4.128552443270383E-002 -0.110963250277179     
  7.656244702398987E-002  4.988356559705077E-002 -0.101908420299079     
  7.768233612575431E-002  4.931828629901174E-002 -8.134976313553620E-002
  6.885679027775309E-002  4.938303911475394E-002 -5.158201559186202E-002
 -1.601061984419095E-002  1.114120200886394E-002 -1.337764582976042E-002
  0.000000000000000E+000  0.000000000000000E+000  0.000000000000000E+000
  0.000000000000000E+000  0.000000000000000E+000  0.000000000000000E+000
  0.000000000000000E+000  0.000000000000000E+000  0.000000000000000E+000
  0.000000000000000E+000  0.000000000000000E+000  0.000000000000000E+000
  1.165633130773006E-002 -9.190344738625886E-003 -6.710781770151178E-003
  9.043981568290040E-003  6.221658031834019E-002 -4.010717139255256E-002
  1.196210894579528E-003  7.048044637051647E-002 -6.583756997043878E-002
 -5.870903721227104E-004  6.668527956861135E-002 -8.198370639737328E-002
  1.411629636097711E-003  5.060239653291327E-002 -9.032930670116628E-002
  6.353036370833116E-003  3.369790132289580E-002 -9.243982314662375E-002
  1.327832155347591E-002  2.297585984603051E-002 -9.202285489096677E-002
  2.624017899054646E-002  2.257214548142064E-002 -9.283157148208988E-002
  4.317012111125629E-002  2.662875388558518E-002 -9.049421894130000E-002
  5.796612561316689E-002  3.286283894933919E-002 -8.198428635189567E-002
  6.039407563803534E-002  3.629553727388132E-002 -6.580028828257116E-002
  4.929663736321307E-002  3.884588149947545E-002 -4.001191600791641E-002
 -1.382148730705567E-002  5.447164804353696E-003 -6.685371517767383E-003
  0.000000000000000E+000  0.000000000000000E+000  0.000000000000000E+000
  0.000000000000000E+000  0.000000000000000E+000  0.000000000000000E+000
  0.000000000000000E+000  0.000000000000000E+000  0.000000000000000E+000
  0.000000000000000E+000  0.000000000000000E+000  0.000000000000000E+000
  5.002720111426671E-003 -9.659288466794435E-003 -2.165475247415625E-003
  1.001016617418605E-002  3.910261151953825E-002 -2.640829792926172E-002
 -5.721191432295996E-004  3.981985741594071E-002 -4.141761079078082E-002
 -2.893542616974133E-003  4.200534781874011E-002 -5.504906269697184E-002
 -2.615789698349985E-003  3.184512392900394E-002 -6.389012018589466E-002
  9.431971006093812E-004  2.174598893213641E-002 -6.801288720737220E-002
  8.112801679924328E-003  1.399314593808539E-002 -6.980960344904404E-002
  1.859893268050671E-002  1.185560315781630E-002 -6.847115752905894E-002
  2.890655621730901E-002  1.372597937607829E-002 -6.402525110212469E-002
  3.775310238954550E-002  1.853218914803093E-002 -5.506248245043853E-002
  3.475201468344325E-002  1.943049583959964E-002 -4.140528757121145E-002
  2.883690445936283E-002  2.818641595389110E-002 -2.636072193340199E-002
 -1.085785976342489E-002 -5.543766809344502E-004 -2.134555890035939E-003
  0.000000000000000E+000  0.000000000000000E+000  0.000000000000000E+000
  0.000000000000000E+000  0.000000000000000E+000  0.000000000000000E+000
  0.000000000000000E+000  0.000000000000000E+000  0.000000000000000E+000
  0.000000000000000E+000  0.000000000000000E+000  0.000000000000000E+000
 -3.013955431231220E-004 -3.417384440488755E-003 -1.023415763119641E-003
  8.653417785467910E-003  8.727241723189894E-003 -8.307474655597053E-003
  1.159566559461634E-003  1.084992415153891E-002 -1.146019454816332E-002
  1.781976070849287E-003  1.507079167707145E-002 -2.146495897840978E-002
 -2.079299928313432E-003  1.214796857555879E-002 -2.594617340604525E-002
 -3.615046036399122E-004  9.317727390479603E-003 -3.294258879485259E-002
  2.900370014614782E-003  4.876625683555100E-003 -3.442547403596127E-002
  8.387760769184764E-003  4.447113198084460E-003 -3.329565453729566E-002
  1.153413418079556E-002  4.336812652969941E-003 -2.600745844447520E-002
  1.211902271669125E-002  9.069279829869430E-003 -2.145940860044442E-002
  8.851069430900967E-003  6.438551361341325E-003 -1.144933946688863E-002
  3.202421050356600E-003  1.182100432409186E-002 -8.329061995618418E-003
 -2.758327660798015E-003 -1.951998241898837E-003 -9.680811872215661E-004
  0.000000000000000E+000  0.000000000000000E+000  0.000000000000000E+000
  0.000000000000000E+000  0.000000000000000E+000  0.000000000000000E+000
  0.000000000000000E+000  0.000000000000000E+000  0.000000000000000E+000
  0.000000000000000E+000  0.000000000000000E+000  0.000000000000000E+000
  0.000000000000000E+000  0.000000000000000E+000  0.000000000000000E+000
  0.000000000000000E+000  0.000000000000000E+000  0.000000000000000E+000
  0.000000000000000E+000  0.000000000000000E+000  0.000000000000000E+000
  0.000000000000000E+000  0.000000000000000E+000  0.000000000000000E+000
  0.000000000000000E+000  0.000000000000000E+000  0.000000000000000E+000
  0.000000000000000E+000  0.000000000000000E+000  0.000000000000000E+000
  0.000000000000000E+000  0.000000000000000E+000  0.000000000000000E+000
  0.000000000000000E+000  0.000000000000000E+000  0.000000000000000E+000
  0.000000000000000E+000  0.000000000000000E+000  0.000000000000000E+000
  0.000000000000000E+000  0.000000000000000E+000  0.000000000000000E+000
  0.000000000000000E+000  0.000000000000000E+000  0.000000000000000E+000
  0.000000000000000E+000  0.000000000000000E+000  0.000000000000000E+000
  0.000000000000000E+000  0.000000000000000E+000  0.000000000000000E+000
  0.000000000000000E+000  0.000000000000000E+000  0.000000000000000E+000
  0.000000000000000E+000  0.000000000000000E+000  0.000000000000000E+000
  0.000000000000000E+000  0.000000000000000E+000  0.000000000000000E+000
  0.000000000000000E+000  0.000000000000000E+000  0.000000000000000E+000
  0.000000000000000E+000  0.000000000000000E+000  0.000000000000000E+000
  0.000000000000000E+000  0.000000000000000E+000  0.000000000000000E+000
  0.000000000000000E+000  0.000000000000000E+000  0.000000000000000E+000
  0.000000000000000E+000  0.000000000000000E+000  0.000000000000000E+000
  0.000000000000000E+000  0.000000000000000E+000  0.000000000000000E+000
  0.000000000000000E+000  0.000000000000000E+000  0.000000000000000E+000
  0.000000000000000E+000  0.000000000000000E+000  0.000000000000000E+000
  0.000000000000000E+000  0.000000000000000E+000  0.000000000000000E+000
  0.000000000000000E+000  0.000000000000000E+000  0.000000000000000E+000
  0.000000000000000E+000  0.000000000000000E+000  0.000000000000000E+000
  0.000000000000000E+000  0.000000000000000E+000  0.000000000000000E+000
  0.000000000000000E+000  0.000000000000000E+000  0.000000000000000E+000
  0.000000000000000E+000  0.000000000000000E+000  0.000000000000000E+000
  0.000000000000000E+000  0.000000000000000E+000  0.000000000000000E+000
  0.000000000000000E+000  0.000000000000000E+000  0.000000000000000E+000
  0.000000000000000E+000  0.000000000000000E+000  0.000000000000000E+000
  0.000000000000000E+000  0.000000000000000E+000  0.000000000000000E+000
  3.532169416746842E-003 -1.081377004929514E-003 -1.656909621291888E-002
  3.907037916991899E-003  1.212697873600928E-003 -1.924262741494466E-002
  9.088591033944292E-003  6.547939747681782E-003 -2.281005927142988E-002
  1.106688638572291E-002  2.900969468906662E-003 -2.678036175158613E-002
  1.052202531593446E-002 -6.240119094062422E-003 -3.215496313714815E-002
  1.383598404482896E-002  1.903931880425597E-002 -3.974714017409998E-002
  2.406586703671391E-002  4.164678443130677E-002 -4.819814707184847E-002
  1.118464488401499E-002  2.336678153677210E-002 -4.046445265248950E-002
 -9.549923633400686E-003  6.964013667800477E-003 -3.264542297835689E-002
 -3.413312400145893E-003  1.098417760272949E-002 -2.687751135430840E-002
  1.290590760261841E-003  1.131968781742721E-002 -2.294645007391080E-002
 -1.010851030038118E-003  3.991949949257148E-003 -1.934350885196382E-002
 -2.629990354238553E-003  2.581438829265121E-003 -1.659933008062970E-002
  0.000000000000000E+000  0.000000000000000E+000  0.000000000000000E+000
  0.000000000000000E+000  0.000000000000000E+000  0.000000000000000E+000
  0.000000000000000E+000  0.000000000000000E+000  0.000000000000000E+000
  0.000000000000000E+000  0.000000000000000E+000  0.000000000000000E+000
  1.331475885244072E-003 -1.082497422984492E-003 -1.397454907431528E-002
  4.386851257950576E-003 -3.045214527884469E-003 -1.943513842970691E-002
  8.183366391790488E-003  3.755709754382378E-003 -2.136518589666191E-002
  9.952167236567331E-003 -4.120241633681576E-003 -2.610679740561823E-002
  8.302464601852706E-003 -8.736712070741981E-003 -3.097010480801406E-002
  1.051221167562216E-002  1.239958632132354E-002 -3.908243276901680E-002
  1.426106445564632E-002  2.472425872386258E-002 -4.559456526372536E-002
  6.277043506092799E-003  1.622009938204430E-002 -3.961549201780343E-002
 -1.138189114989400E-002  3.210202060857239E-003 -3.131348514688360E-002
 -8.925992863275863E-003  6.482194093657997E-003 -2.619130299597111E-002
 -8.050019319713947E-004  9.078674167382025E-003 -2.149406839992940E-002
 -4.854975630556205E-003  2.305359040211432E-003 -1.953373565502699E-002
 -1.533811086375595E-003  6.679001485844028E-004 -1.399688366218811E-002
  0.000000000000000E+000  0.000000000000000E+000  0.000000000000000E+000
  0.000000000000000E+000  0.000000000000000E+000  0.000000000000000E+000
  0.000000000000000E+000  0.000000000000000E+000  0.000000000000000E+000
  0.000000000000000E+000  0.000000000000000E+000  0.000000000000000E+000
  2.777580029950543E-004 -4.137577169188260E-004 -1.134268855535569E-002
  4.125199587342038E-003 -1.194985904050522E-002 -1.729094377597779E-002
  6.684052538039920E-003 -6.244011126146309E-003 -2.178861930605754E-002
  7.349610416775509E-003 -2.818842390885511E-002 -2.461150654720485E-002
  5.105930494074666E-003 -1.609498416031918E-002 -2.937113193039264E-002
  3.994746452594286E-003 -1.922396981675391E-003 -3.691520972479882E-002
 -4.094328134859261E-003 -6.983884637396387E-003 -3.859313865415857E-002
 -4.542264030409972E-003  1.599903680482057E-003 -3.691282340311941E-002
 -1.766897989910221E-002 -4.548045602788967E-003 -2.940130966945892E-002
 -2.883380045207328E-002 -8.156304011008491E-003 -2.467376619752506E-002
 -8.816754786297148E-003  2.680464009631717E-003 -2.189380888907364E-002
 -1.228272704449751E-002 -2.307103455530126E-003 -1.737627670069396E-002
 -4.337985637329274E-004  7.251460858117331E-005 -1.135569184317024E-002
  0.000000000000000E+000  0.000000000000000E+000  0.000000000000000E+000
  0.000000000000000E+000  0.000000000000000E+000  0.000000000000000E+000
  0.000000000000000E+000  0.000000000000000E+000  0.000000000000000E+000
  0.000000000000000E+000  0.000000000000000E+000  0.000000000000000E+000
 -3.622981935403064E-005 -5.670482841548857E-004 -9.734562175420942E-003
  5.801436868153190E-003 -9.047444895612378E-003 -1.545446461878131E-002
  9.084553288422540E-003 -4.065664404519810E-002 -1.798851271707206E-002
  6.305812707625016E-003 -5.479367254961142E-002 -1.736676121929743E-002
  6.241131876211477E-003 -7.436509547689065E-003 -3.340293053287635E-002
  1.137411111468342E-002  1.630063301985625E-002 -4.538190052226119E-002
  6.529003423100675E-003  1.123835588004498E-002 -4.373489260844472E-002
  8.584053714314760E-003  1.804704180400095E-002 -4.559580708172739E-002
 -9.903688335571530E-003  1.261467378584841E-003 -3.350180419576045E-002
 -5.105620302155461E-002 -2.232023993368151E-002 -1.741950531472748E-002
 -3.969692821541709E-002 -1.246190276359507E-002 -1.809416557378083E-002
 -1.054829251497936E-002  5.531593958425927E-004 -1.551921109816006E-002
 -4.452494590364799E-004 -2.895407671318029E-004 -9.732653721849619E-003
  0.000000000000000E+000  0.000000000000000E+000  0.000000000000000E+000
  0.000000000000000E+000  0.000000000000000E+000  0.000000000000000E+000
  0.000000000000000E+000  0.000000000000000E+000  0.000000000000000E+000
  0.000000000000000E+000  0.000000000000000E+000  0.000000000000000E+000
  1.685021939045952E-003 -1.363169837030722E-003 -8.880932152742738E-003
  2.663211093137005E-003  4.280056450235594E-003 -1.726639605667070E-002
  5.864416938112719E-003 -2.383243952034865E-003 -2.330421478027933E-002
  7.480129009977315E-003 -1.991828476633869E-002 -2.616266942771050E-002
  7.946693256702015E-003 -1.160764395630916E-002 -3.365356589362036E-002
  1.876595014825107E-002  3.584099925827142E-002 -5.685170604253358E-002
  3.816198231730336E-002  6.599896323553954E-002 -7.282468853314865E-002
  2.283074047132323E-002  3.512638364863423E-002 -5.770492462238862E-002
 -1.311525396928485E-002  1.461232095445952E-003 -3.426894879479254E-002
 -2.047047692497557E-002 -3.424381177561517E-003 -2.648990578463681E-002
 -4.843415257254989E-003  3.827815603210200E-003 -2.343498224628302E-002
  2.133371222542044E-003  4.312161826585332E-003 -1.719457045451321E-002
 -1.982168216108478E-003  7.615995052351384E-004 -8.841310435315882E-003
  0.000000000000000E+000  0.000000000000000E+000  0.000000000000000E+000
  0.000000000000000E+000  0.000000000000000E+000  0.000000000000000E+000
  0.000000000000000E+000  0.000000000000000E+000  0.000000000000000E+000
  0.000000000000000E+000  0.000000000000000E+000  0.000000000000000E+000
  2.722507532173443E-003 -3.008135918836662E-003 -7.672252650212293E-003
 -4.903682930643547E-004  2.277375077243896E-002 -1.927267784397340E-002
 -3.601740468312987E-004  3.225431115009530E-002 -3.481829585115603E-002
  7.034380475593727E-003  1.970327018841614E-003 -3.493657891885191E-002
  8.699162177611271E-003 -1.646953998919190E-002 -2.802013558751982E-002
  1.928623533882414E-002  4.079368948723622E-002 -6.016227933668306E-002
  4.472857544123895E-002  7.735478906594512E-002 -9.047214199568755E-002
  2.528218201217369E-002  3.655635627685246E-002 -5.980182801624476E-002
 -1.909270168693099E-002 -1.206581321208329E-003 -2.782703124628144E-002
 -1.280727664993937E-003  7.133913852807750E-003 -3.534643895427748E-002
  2.788032904389712E-002  1.556854105086242E-002 -3.480022055740038E-002
  1.903173630520881E-002  1.060260031420531E-002 -1.898627566316368E-002
 -3.854896197516095E-003  7.896664349102474E-004 -7.624924767157928E-003
  0.000000000000000E+000  0.000000000000000E+000  0.000000000000000E+000
  0.000000000000000E+000  0.000000000000000E+000  0.000000000000000E+000
  0.000000000000000E+000  0.000000000000000E+000  0.000000000000000E+000
  0.000000000000000E+000  0.000000000000000E+000  0.000000000000000E+000
  4.803999385085128E-003 -2.866738260020143E-003 -6.415209670172343E-003
 -2.580781180018344E-003  2.795598818000957E-002 -1.918239211937627E-002
  3.984799388962799E-003  6.119941319880617E-003 -2.287608746802584E-002
  6.521847795739113E-003 -7.920884439193643E-003 -2.485441805062531E-002
  7.142699175519393E-003  1.323684663100844E-002 -4.375173233319259E-002
  1.202815124309331E-002  2.257206094045281E-002 -4.823604673655657E-002
  6.258155762184538E-003  1.096039528722978E-002 -3.626359685927116E-002
  1.366750597914934E-002  2.204412458890520E-002 -4.855209259340416E-002
  7.355392880037311E-003  1.250643211433813E-002 -4.346758695447508E-002
 -9.939899635945125E-003  1.672264810768688E-003 -2.520208220271990E-002
  2.977260364911072E-003  6.247696151396722E-003 -2.278976275062592E-002
  2.417717229872916E-002  1.126451120257787E-002 -1.872327221118358E-002
 -4.736543581877752E-003  2.608519288863530E-003 -6.381305338614830E-003
  0.000000000000000E+000  0.000000000000000E+000  0.000000000000000E+000
  0.000000000000000E+000  0.000000000000000E+000  0.000000000000000E+000
  0.000000000000000E+000  0.000000000000000E+000  0.000000000000000E+000
  0.000000000000000E+000  0.000000000000000E+000  0.000000000000000E+000
  2.812737024450082E-003 -2.259671448163738E-003 -3.205832449722660E-003
  2.753076084820709E-004  1.514719034735451E-002 -1.463390038635453E-002
  1.428514051296184E-002 -3.725855161408732E-002  7.939122225219551E-003
  3.966387650270728E-003 -4.980245921473510E-004 -2.128772054449158E-002
  1.990897944308484E-003  2.468084328119322E-002 -5.615105830666237E-002
  4.027172352568818E-003 -1.118434488461764E-002 -1.509102911874989E-002
 -1.868310998816004E-002 -3.194002509392774E-002  3.335702309753252E-002
 -1.106082076509483E-002 -1.277029740416047E-003 -1.654476073965848E-002
  2.052338325387540E-002  1.435885122715273E-002 -5.670010659140470E-002
 -2.625491901485546E-003  3.137234021236063E-003 -2.144233847427364E-002
 -3.922643738074078E-002 -6.328581811740877E-003  7.690034354892564E-003
  1.192688013081299E-002  7.375400775959432E-003 -1.418930643594102E-002
 -3.216910430753321E-003  1.226001274818544E-003 -3.209516084846042E-003
  0.000000000000000E+000  0.000000000000000E+000  0.000000000000000E+000
  0.000000000000000E+000  0.000000000000000E+000  0.000000000000000E+000
  0.000000000000000E+000  0.000000000000000E+000  0.000000000000000E+000
  0.000000000000000E+000  0.000000000000000E+000  0.000000000000000E+000
  8.940721925452430E-004 -1.858737022836137E-003 -1.741595397386031E-003
  1.663095498302555E-003  2.502027673704600E-003 -6.720570494112140E-003
  1.378598062270783E-002 -3.603154887275883E-002  2.034800649554623E-002
 -3.471025995685373E-003  1.833443165935141E-002 -3.478667813457441E-002
  1.074398685634303E-003  6.537318045415674E-003 -3.495989020447785E-002
 -2.116857872744290E-003 -5.134788202186310E-003 -1.552932471954089E-002
  6.118022249597724E-005  1.899892404945061E-004 -2.936108431674023E-002
 -3.651221450170663E-003 -4.332125980249990E-003 -1.515146308703245E-002
  4.863755632255707E-003  4.384883712610854E-003 -3.503978333092542E-002
  1.692055864459993E-002  6.123603475347140E-003 -3.443242731108045E-002
 -3.770923725622230E-002 -6.030092312393179E-003  1.984550920845895E-002
  9.040948976699138E-004  2.408395452219701E-003 -6.483957346337021E-003
 -1.979447961140505E-003 -1.707606419110126E-004 -1.757261037819705E-003
  0.000000000000000E+000  0.000000000000000E+000  0.000000000000000E+000
  0.000000000000000E+000  0.000000000000000E+000  0.000000000000000E+000
  0.000000000000000E+000  0.000000000000000E+000  0.000000000000000E+000
  0.000000000000000E+000  0.000000000000000E+000  0.000000000000000E+000
 -1.768538708946476E-004 -8.023375402641313E-004 -9.542334907975937E-004
  1.389023929767964E-003 -1.122859658944514E-003 -2.130008982407999E-003
  2.556901221701268E-003 -9.184450424891629E-003  4.297212073055557E-003
 -1.237483742267773E-004  9.905887408989608E-003 -2.457278799777594E-002
  6.554507475828776E-004 -2.117644007509091E-003 -5.229270822750724E-003
 -3.485828760161001E-003  3.927509401631457E-003 -2.801400248827911E-002
  1.480876899085826E-003  2.292669857259094E-003 -7.898722018169653E-002
  4.684647368129365E-003 -1.002410992792943E-003 -2.701484163930056E-002
 -2.485366150494174E-003 -3.834306677901852E-004 -4.874647474872983E-003
  8.184338600311642E-003  4.788054741486996E-003 -2.422938861316780E-002
 -9.185012560417025E-003 -2.317931354329431E-003  4.122581011079977E-003
 -1.725376985507884E-003  5.360400684277130E-004 -2.161513057160068E-003
 -5.731930947858422E-004 -5.315710135337146E-004 -9.072425060183328E-004
  0.000000000000000E+000  0.000000000000000E+000  0.000000000000000E+000
  0.000000000000000E+000  0.000000000000000E+000  0.000000000000000E+000
  0.000000000000000E+000  0.000000000000000E+000  0.000000000000000E+000
  0.000000000000000E+000  0.000000000000000E+000  0.000000000000000E+000
  0.000000000000000E+000  0.000000000000000E+000  0.000000000000000E+000
  0.000000000000000E+000  0.000000000000000E+000  0.000000000000000E+000
  0.000000000000000E+000  0.000000000000000E+000  0.000000000000000E+000
  0.000000000000000E+000  0.000000000000000E+000  0.000000000000000E+000
  0.000000000000000E+000  0.000000000000000E+000  0.000000000000000E+000
  0.000000000000000E+000  0.000000000000000E+000  0.000000000000000E+000
  0.000000000000000E+000  0.000000000000000E+000  0.000000000000000E+000
  0.000000000000000E+000  0.000000000000000E+000  0.000000000000000E+000
  0.000000000000000E+000  0.000000000000000E+000  0.000000000000000E+000
  0.000000000000000E+000  0.000000000000000E+000  0.000000000000000E+000
  0.000000000000000E+000  0.000000000000000E+000  0.000000000000000E+000
  0.000000000000000E+000  0.000000000000000E+000  0.000000000000000E+000
  0.000000000000000E+000  0.000000000000000E+000  0.000000000000000E+000
  0.000000000000000E+000  0.000000000000000E+000  0.000000000000000E+000
  0.000000000000000E+000  0.000000000000000E+000  0.000000000000000E+000
  0.000000000000000E+000  0.000000000000000E+000  0.000000000000000E+000
  0.000000000000000E+000  0.000000000000000E+000  0.000000000000000E+000
  0.000000000000000E+000  0.000000000000000E+000  0.000000000000000E+000
  0.000000000000000E+000  0.000000000000000E+000  0.000000000000000E+000
  0.000000000000000E+000  0.000000000000000E+000  0.000000000000000E+000
  0.000000000000000E+000  0.000000000000000E+000  0.000000000000000E+000
  0.000000000000000E+000  0.000000000000000E+000  0.000000000000000E+000
  0.000000000000000E+000  0.000000000000000E+000  0.000000000000000E+000
  0.000000000000000E+000  0.000000000000000E+000  0.000000000000000E+000
  0.000000000000000E+000  0.000000000000000E+000  0.000000000000000E+000
  0.000000000000000E+000  0.000000000000000E+000  0.000000000000000E+000
  0.000000000000000E+000  0.000000000000000E+000  0.000000000000000E+000
  0.000000000000000E+000  0.000000000000000E+000  0.000000000000000E+000
  0.000000000000000E+000  0.000000000000000E+000  0.000000000000000E+000
  0.000000000000000E+000  0.000000000000000E+000  0.000000000000000E+000
  0.000000000000000E+000  0.000000000000000E+000  0.000000000000000E+000
  0.000000000000000E+000  0.000000000000000E+000  0.000000000000000E+000
  0.000000000000000E+000  0.000000000000000E+000  0.000000000000000E+000
  0.000000000000000E+000  0.000000000000000E+000  0.000000000000000E+000
   2.07263728436914        112.471206459364       -42.0119094844519     
   1.31175031524819       -44.1054827175679       -48.8510259260158     
   9.51209844129482        43.3143681994813       -12.9127518382958     
   35.0682455812450       -10.4147497088902        24.9199627456701     
   45.7048038866726        33.3689085014198        12.8234506892533     
 -0.309443624573487       -105.214189448040        20.2360720874721     
  -167.948978002643       -286.893247858325        43.9247241949255     
  -83.6436936396768       -39.7596894353168        16.0843445818940     
   13.5688739963860        63.7130118567669        9.36422063015781     
  -26.4842755651066        25.0330193473388        22.2254186559263     
   36.9153104634895        30.9898321010554       -16.1668120678805     
  -43.8362094140475       -23.7834623726954       -50.5231836178898     
   87.9163312914695        54.2010846101090       -39.1617874008874     
  0.000000000000000E+000  0.000000000000000E+000  0.000000000000000E+000
  0.000000000000000E+000  0.000000000000000E+000  0.000000000000000E+000
  0.000000000000000E+000  0.000000000000000E+000  0.000000000000000E+000
  0.000000000000000E+000  0.000000000000000E+000  0.000000000000000E+000
  -2.89696449497231        107.964473458815       -36.6191854251602     
   1.89663358750856       -12.4807782279709       -52.8952982117413     
   21.4415482702526        10.6117397495121       -16.2517844289954     
   42.1533769506977       -17.9928785453374        26.1707213430535     
   38.8035957508711        13.3285811702899        17.1797519672455     
  -3.28083095056868       -81.8447738005507        10.3265495298929     
  -138.401722935684       -235.607441879555        24.2378561845954     
  -67.6087863815050       -36.9947952496374        7.86073953246037     
  -5.02108376256523        44.9798239591098        14.7498156892135     
  -35.2547872587844        28.3092373933027        23.6091665480742     
   2.19911194260342        24.6889792106997       -19.5688449455025     
  -14.9933055923999       -7.21623858579939       -54.1712640760751     
   87.6715304081460        48.1775260705315       -34.1299628628145     
  0.000000000000000E+000  0.000000000000000E+000  0.000000000000000E+000
  0.000000000000000E+000  0.000000000000000E+000  0.000000000000000E+000
  0.000000000000000E+000  0.000000000000000E+000  0.000000000000000E+000
  0.000000000000000E+000  0.000000000000000E+000  0.000000000000000E+000
  -7.51229618843346        102.609374243908       -31.3344499065817     
   1.44576271754075        48.6644975521626       -51.7508869970775     
   34.5504489498804       -38.0179699517501       -22.8416540631991     
   44.1183058114878       -123.858371823207        25.9920753561851     
   36.2568632043942        9.11678657211387        12.7311340367712     
   4.61798357365162       -37.6714461861616       -20.0492876985661     
  -144.550228831631       -245.718114202815        23.4830026463524     
  -45.7426878201812       -21.1287799674333       -17.7907633327849     
  -15.2909134440837        33.9377250094596        12.4654258811966     
  -126.082438645443       -22.5587456795200        23.8158537627437     
  -44.5907132463277        11.3693198474650       -25.4230899399691     
   41.3155306713869        23.9444148275027       -52.5310155426841     
   87.3218197419796        42.0407022327658       -29.3867176990238     
  0.000000000000000E+000  0.000000000000000E+000  0.000000000000000E+000
  0.000000000000000E+000  0.000000000000000E+000  0.000000000000000E+000
  0.000000000000000E+000  0.000000000000000E+000  0.000000000000000E+000
  0.000000000000000E+000  0.000000000000000E+000  0.000000000000000E+000
  -3.50747054376861        69.7779792007679       -19.7692555257897     
  -5.25117468956809        62.6592942483044       -42.8996370499813     
   46.7765986269968       -112.030175798759       -4.29017077765703     
   44.1208018284168       -88.9485754700373        33.0211627541626     
   23.5679578220134       -68.4878470713557        30.4253778724025     
  -12.9605858007242       -76.8862813051908       -4.59688703588846     
   11.1977398111292        21.9759759089753       -39.8370759732726     
  -59.6906715940440       -46.3281410268006       -3.82913214307229     
  -75.5693748131462       -17.4560683464779        33.2170331056067     
  -98.4890248391033       -8.98204678490631        33.0858536560111     
  -110.673453733481       -14.8766246209908       -6.72108601112894     
   57.8287103610486        23.9823421900432       -43.1819434292886     
   59.2422057825357        29.9513879849945       -18.5211843634817     
  0.000000000000000E+000  0.000000000000000E+000  0.000000000000000E+000
  0.000000000000000E+000  0.000000000000000E+000  0.000000000000000E+000
  0.000000000000000E+000  0.000000000000000E+000  0.000000000000000E+000
  0.000000000000000E+000  0.000000000000000E+000  0.000000000000000E+000
 -0.306744956957521        27.2947003027966        3.74836526900050     
 -0.412974533946747       -33.8206863727090       -4.90656091314780     
   14.2509350107867        30.0533125555287      -0.636931852767967     
   12.1528335314171        279.133297311026       -66.8803410360842     
   16.5803450749501        94.0274059485824       -5.24959361905777     
   41.3447994046908        174.682302080121       -61.8823926409756     
   250.892913605048        434.583483163537       -256.740677365792     
   143.061224948696        135.504661468173       -67.4408772702983     
   72.6597954395411        58.7239833973736      -0.796365639875668     
   234.757268117738        145.744878580635       -64.2143477694482     
   25.4690866145502        24.7341990603363       -2.54011192929637     
  -34.4313603071680       -22.2292294716536       -3.64905808257446     
   23.8082705315342        11.6944634664120        4.60267809668476     
  0.000000000000000E+000  0.000000000000000E+000  0.000000000000000E+000
  0.000000000000000E+000  0.000000000000000E+000  0.000000000000000E+000
  0.000000000000000E+000  0.000000000000000E+000  0.000000000000000E+000
  0.000000000000000E+000  0.000000000000000E+000  0.000000000000000E+000
  -14.8247208596524        8.74517854639901        10.2169563976949     
   14.5596496847823       -126.819987479958        46.7213751427943     
  -9.87553632596326        62.7256331438867        9.59590554444346     
  -23.9053313178835        133.861253310196       -14.4873824231190     
  -24.4758722810215       -20.8448184410829        93.4206419246427     
  -20.5710688113505       -41.5318413496212        121.096169961111     
  -75.9048288221946       -133.978006893092        159.780053618211     
  -26.3508335604403       -42.1841887382309        125.905870118970     
  -8.05602428576090       -35.0817134381748        100.564258429376     
   133.142771637451        45.4008815350135       -14.9326776203171     
   62.8376438756205        19.4649130568793        8.20772710492603     
  -131.087488638331       -59.3343666898120        50.1673867965033     
   16.7454213725919       -9.32389334812883        10.5155997615496     
  0.000000000000000E+000  0.000000000000000E+000  0.000000000000000E+000
  0.000000000000000E+000  0.000000000000000E+000  0.000000000000000E+000
  0.000000000000000E+000  0.000000000000000E+000  0.000000000000000E+000
  0.000000000000000E+000  0.000000000000000E+000  0.000000000000000E+000
  -28.8658441396988        1.06891983608339        11.2717644152238     
   20.6682038763403       -166.282318821461        79.7682502135214     
   19.9753109804698       -161.431370944823        115.464095047054     
  -12.8553013298140       -99.6769723886267        122.450292866486     
  -19.8831950811118       -107.420069033143        204.853055408983     
  -37.6203352131216       -128.876053753271        231.340701374848     
  -80.6639879460254       -142.551708884948        299.290361840867     
  -98.2383766891177       -104.113397659771        242.434272457892     
  -81.6873124086070       -69.6388725753782        206.678395475730     
  -72.2706963388537       -58.6812258003852        117.888640212498     
  -142.625034744508       -64.4642858691520        110.758340559345     
  -170.746436702476       -73.4208393094228        84.1013135472547     
   17.5905093583171       -26.6697805419585        11.7057181203017     
  0.000000000000000E+000  0.000000000000000E+000  0.000000000000000E+000
  0.000000000000000E+000  0.000000000000000E+000  0.000000000000000E+000
  0.000000000000000E+000  0.000000000000000E+000  0.000000000000000E+000
  0.000000000000000E+000  0.000000000000000E+000  0.000000000000000E+000
  -33.7888907217296        25.3885312528926        8.80232935852845     
   23.2940376509727       -197.942520174259        88.2631081880357     
   57.1042734946171       -271.378624772115        213.408140668584     
  -60.1118867563280        185.830421368562       -100.077910599053     
   8.73249301026651       -51.2353112070989        141.354611393252     
  -37.1041318331035       -210.600883284062        370.552625366657     
   35.6092707942444        62.9065581546242       -17.9694397166864     
  -158.742160528419       -131.467127755573        360.606834348949     
  -47.1231381158152       -14.8544882081490        137.601548829082     
   188.465566820698        42.7014542665910       -100.569887272851     
  -253.311364310197       -84.9355434044738        204.020922549317     
  -194.361588793022       -84.6723232775920        91.4319628399281     
   40.9055111248380       -17.8881669168512        8.25926266026380     
  0.000000000000000E+000  0.000000000000000E+000  0.000000000000000E+000
  0.000000000000000E+000  0.000000000000000E+000  0.000000000000000E+000
  0.000000000000000E+000  0.000000000000000E+000  0.000000000000000E+000
  0.000000000000000E+000  0.000000000000000E+000  0.000000000000000E+000
  -14.8670389642145        26.2509446112614       -4.99964033070298     
  -8.44781697825051       -155.245844002342        83.3463035642885     
   43.3972369182489       -115.454069379745        121.798936679973     
  -110.073422536547        305.971434788263       -325.428093508065     
   57.4110991733293       -169.318393626231        256.408841068307     
   8.36226638241271       -209.524157040490        537.732935865178     
  -16.3029208798825       -24.1852559501462        37.7939631584812     
  -183.755539770479       -92.1622543252343        523.447423306815     
  -182.761154939073       -33.8630654215360        264.713655756532     
   307.122162471718        58.8722723860266       -317.513237920921     
  -114.619849198938       -18.0318610558594        112.633822524872     
  -135.141625770598       -88.5183741698557        84.4226889772366     
   31.4690417569791       9.321960822157083E-002  -5.57073089053063     
  0.000000000000000E+000  0.000000000000000E+000  0.000000000000000E+000
  0.000000000000000E+000  0.000000000000000E+000  0.000000000000000E+000
  0.000000000000000E+000  0.000000000000000E+000  0.000000000000000E+000
  0.000000000000000E+000  0.000000000000000E+000  0.000000000000000E+000
   1.24489740207474        8.29276857298988        3.69152268192663     
  -24.3326714154251       -33.3431504412205        10.8560326234855     
   16.2719903851896        3.99206628449391       -4.79573519053106     
  -43.7993584237460        99.7886749060485       -142.566270037949     
   13.3354109409948       -86.2813719737818        255.763160907513     
  -11.7776112994835        1.18144702040807        30.0194758547750     
  -8.93471680889610       -13.8355661121862       -128.889356389756     
   1.17265528866543       -7.78222224079365        36.3485758168937     
  -89.7462432800065       -29.4594818168226        268.565896389423     
   100.604601225645        11.5553256986967       -136.676801948841     
  -4.20866758234845        17.8660846345593       -8.23451316897846     
  -17.8545788616748       -39.0509184591041        10.0992371044957     
   6.86544968827098        5.34239549303370        3.44458544262218     
  0.000000000000000E+000  0.000000000000000E+000  0.000000000000000E+000
  0.000000000000000E+000  0.000000000000000E+000  0.000000000000000E+000
  0.000000000000000E+000  0.000000000000000E+000  0.000000000000000E+000
  0.000000000000000E+000  0.000000000000000E+000  0.000000000000000E+000
  0.000000000000000E+000  0.000000000000000E+000  0.000000000000000E+000
  0.000000000000000E+000  0.000000000000000E+000  0.000000000000000E+000
  0.000000000000000E+000  0.000000000000000E+000  0.000000000000000E+000
  0.000000000000000E+000  0.000000000000000E+000  0.000000000000000E+000
  0.000000000000000E+000  0.000000000000000E+000  0.000000000000000E+000
  0.000000000000000E+000  0.000000000000000E+000  0.000000000000000E+000
  0.000000000000000E+000  0.000000000000000E+000  0.000000000000000E+000
  0.000000000000000E+000  0.000000000000000E+000  0.000000000000000E+000
  0.000000000000000E+000  0.000000000000000E+000  0.000000000000000E+000
  0.000000000000000E+000  0.000000000000000E+000  0.000000000000000E+000
  0.000000000000000E+000  0.000000000000000E+000  0.000000000000000E+000
  0.000000000000000E+000  0.000000000000000E+000  0.000000000000000E+000
  0.000000000000000E+000  0.000000000000000E+000  0.000000000000000E+000
  0.000000000000000E+000  0.000000000000000E+000  0.000000000000000E+000
  0.000000000000000E+000  0.000000000000000E+000  0.000000000000000E+000
  0.000000000000000E+000  0.000000000000000E+000  0.000000000000000E+000
  0.000000000000000E+000  0.000000000000000E+000  0.000000000000000E+000
  0.000000000000000E+000  0.000000000000000E+000  0.000000000000000E+000
  0.000000000000000E+000  0.000000000000000E+000  0.000000000000000E+000
  0.000000000000000E+000  0.000000000000000E+000  0.000000000000000E+000
  0.000000000000000E+000  0.000000000000000E+000  0.000000000000000E+000
  0.000000000000000E+000  0.000000000000000E+000  0.000000000000000E+000
  0.000000000000000E+000  0.000000000000000E+000  0.000000000000000E+000
  0.000000000000000E+000  0.000000000000000E+000  0.000000000000000E+000
  0.000000000000000E+000  0.000000000000000E+000  0.000000000000000E+000
  0.000000000000000E+000  0.000000000000000E+000  0.000000000000000E+000
  0.000000000000000E+000  0.000000000000000E+000  0.000000000000000E+000
  0.000000000000000E+000  0.000000000000000E+000  0.000000000000000E+000
  0.000000000000000E+000  0.000000000000000E+000  0.000000000000000E+000
  0.000000000000000E+000  0.000000000000000E+000  0.000000000000000E+000
  0.000000000000000E+000  0.000000000000000E+000  0.000000000000000E+000
  0.000000000000000E+000  0.000000000000000E+000  0.000000000000000E+000
