          80  8.000000000000007E-003  8.000000000000007E-003
  0.000000000000000E+000  0.000000000000000E+000  0.000000000000000E+000
  0.000000000000000E+000  0.000000000000000E+000  0.000000000000000E+000
  2.156236644469915E-002  3.250661387920792E-002 -5.410800616143540E-002
  2.014859117745200E-002  2.182421916063423E-002 -7.843645808154019E-002
  2.043087400541488E-002  1.617047151307867E-002 -0.110356265861552     
  1.819016012266340E-002  1.853739987330342E-002 -0.124967966459904     
  1.833654485710273E-002  2.191939118165887E-002 -0.135563736383164     
  2.207507048752373E-002  4.876673338188541E-002 -0.142866125437794     
  3.059240473252262E-002  5.300720078080914E-002 -0.149752103939098     
  3.118868292299281E-002  4.351520120973888E-002 -0.142887794312565     
  9.788605913934524E-003  2.685842517635065E-002 -0.135586697708008     
  6.936081639049211E-003  2.504815369992942E-002 -0.124984088007298     
  3.749954072649948E-003  2.578379978626748E-002 -0.110383622474096     
  8.780623405378909E-003  2.834230112435724E-002 -7.844382222384405E-002
  1.737008776201356E-002  3.494000711356711E-002 -5.414907537185131E-002
  0.000000000000000E+000  0.000000000000000E+000  0.000000000000000E+000
  0.000000000000000E+000  0.000000000000000E+000  0.000000000000000E+000
  0.000000000000000E+000  0.000000000000000E+000  0.000000000000000E+000
  0.000000000000000E+000  0.000000000000000E+000  0.000000000000000E+000
  1.768828878403432E-002  3.057334728502466E-002 -4.818091067339717E-002
  1.715963996738132E-002  3.040262741469769E-002 -7.803663710443232E-002
  1.611114238448555E-002  2.633715312334202E-002 -0.106667284326169     
  1.630122145557339E-002  2.832282631358287E-002 -0.124602425524565     
  1.680698567552572E-002  3.216465192422444E-002 -0.133446335379083     
  2.169109163380580E-002  5.105729037541921E-002 -0.142861091004121     
  2.827938402959843E-002  4.900709898622910E-002 -0.148319967624463     
  3.335947539460452E-002  4.432734163417483E-002 -0.142887044505816     
  1.941607717134809E-002  3.064653399570661E-002 -0.133468539923967     
  1.634345168947739E-002  2.829739561253308E-002 -0.124618187637325     
  1.470660030234840E-002  2.712206829388585E-002 -0.106684221719102     
  1.770402400632393E-002  3.004459994509239E-002 -7.803832543515357E-002
  1.763368137916119E-002  3.061013726727344E-002 -4.821252137054038E-002
  0.000000000000000E+000  0.000000000000000E+000  0.000000000000000E+000
  0.000000000000000E+000  0.000000000000000E+000  0.000000000000000E+000
  0.000000000000000E+000  0.000000000000000E+000  0.000000000000000E+000
  0.000000000000000E+000  0.000000000000000E+000  0.000000000000000E+000
  1.376990901925037E-002  2.628484781882333E-002 -3.931627149531020E-002
  9.839117018209689E-003  4.874823526551558E-002 -7.504241554952552E-002
  1.039825069331299E-002  4.738972252286956E-002 -0.103129979742322     
  1.082695894481996E-002  5.117626670357824E-002 -0.123062808089135     
  1.498309375520362E-002  5.330104841356679E-002 -0.134027645677564     
  2.085353991895892E-002  5.211513447384191E-002 -0.142616488602934     
  2.586615292059418E-002  4.482601523920474E-002 -0.144576598747668     
  3.468448221776079E-002  4.413447755414703E-002 -0.142643214889795     
  3.859982667700456E-002  3.961596935455450E-002 -0.134049867574376     
  3.885095164948454E-002  3.497280826087645E-002 -0.123073692413520     
  3.578485346183888E-002  3.269804681767845E-002 -0.103130435697789     
  3.724770492553083E-002  3.287591114120449E-002 -7.502528893605703E-002
  1.587817278869056E-002  2.506070552427213E-002 -3.933411253872336E-002
  0.000000000000000E+000  0.000000000000000E+000  0.000000000000000E+000
  0.000000000000000E+000  0.000000000000000E+000  0.000000000000000E+000
  0.000000000000000E+000  0.000000000000000E+000  0.000000000000000E+000
  0.000000000000000E+000  0.000000000000000E+000  0.000000000000000E+000
  1.299990971336383E-002  1.632899057588172E-002 -3.058935432887042E-002
  1.804201511307264E-003  6.815625962045831E-002 -7.044721943053081E-002
  2.089919871031544E-003  8.240366021831123E-002 -0.102085236454620     
  3.142276435308919E-003  8.552926267375480E-002 -0.126729519574772     
  1.063085455524338E-002  7.165028232086053E-002 -0.138052909793642     
  1.794078387741852E-002  4.977742272924954E-002 -0.138234659086503     
  2.236010595924367E-002  3.875190295741169E-002 -0.136350790012606     
  3.415567027477646E-002  4.048383445099279E-002 -0.138307583593852     
  5.666598940885523E-002  4.503250251705245E-002 -0.138082575299392     
  7.237844439158968E-002  4.547480035236500E-002 -0.126725078069943     
  7.022484139145803E-002  4.300519652854568E-002 -0.102060763625324     
  5.804589248496621E-002  3.560550443919482E-002 -7.039974943958216E-002
  7.631665831899839E-003  1.941085946934665E-002 -3.059663282299636E-002
  0.000000000000000E+000  0.000000000000000E+000  0.000000000000000E+000
  0.000000000000000E+000  0.000000000000000E+000  0.000000000000000E+000
  0.000000000000000E+000  0.000000000000000E+000  0.000000000000000E+000
  0.000000000000000E+000  0.000000000000000E+000  0.000000000000000E+000
  1.308495500437590E-002  1.278854478709474E-003 -2.209323392908430E-002
 -2.178937715250454E-003  8.061875507623233E-002 -6.554585628493839E-002
 -3.387915866451764E-003  9.773720088759603E-002 -0.101794099516001     
 -2.745918124833106E-003  9.617961193381136E-002 -0.126669966965867     
  6.619296529541747E-003  7.407043387686456E-002 -0.135056997662802     
  1.403501606117698E-002  4.707749932788385E-002 -0.129910560266954     
  1.992482741646059E-002  3.453097955834789E-002 -0.126563673053883     
  3.385720749341763E-002  3.581125410209192E-002 -0.130097101483754     
  6.081653154570502E-002  4.280133574310936E-002 -0.135136060149517     
  8.450593893359165E-002  4.570647562206286E-002 -0.126641519543159     
  8.618618956409875E-002  4.591451077255906E-002 -0.101736428991041     
  7.080943944217147E-002  3.839156571254234E-002 -6.547401459998287E-002
 -5.460155591921615E-003  1.193769049427989E-002 -2.208937741833678E-002
  0.000000000000000E+000  0.000000000000000E+000  0.000000000000000E+000
  0.000000000000000E+000  0.000000000000000E+000  0.000000000000000E+000
  0.000000000000000E+000  0.000000000000000E+000  0.000000000000000E+000
  0.000000000000000E+000  0.000000000000000E+000  0.000000000000000E+000
  1.150294475032742E-002 -8.954263152844505E-003 -1.530963540917119E-002
 -5.924858556875630E-004  8.612233237424871E-002 -6.173347261518734E-002
 -6.855626572047049E-003  9.387540290904682E-002 -9.535109005488980E-002
 -4.415402259217265E-003  9.639905065732494E-002 -0.120650872094878     
  2.947721484249687E-003  7.104164584439362E-002 -0.126770240401848     
  1.141491757923384E-002  4.604079378613370E-002 -0.121158786758542     
  1.874067286898418E-002  3.246264089765760E-002 -0.117194270088545     
  3.436907573435428E-002  3.307515324538866E-002 -0.121507441730481     
  6.008686853358012E-002  3.814635955881664E-002 -0.126923737265718     
  8.552995694637601E-002  4.438893857435308E-002 -0.120623306081849     
  8.454804926993000E-002  4.098525750310730E-002 -9.525752127288969E-002
  7.478978270006179E-002  4.252046164952548E-002 -6.166417066803831E-002
 -1.351413009430881E-002  5.461839970603202E-003 -1.529100708335787E-002
  0.000000000000000E+000  0.000000000000000E+000  0.000000000000000E+000
  0.000000000000000E+000  0.000000000000000E+000  0.000000000000000E+000
  0.000000000000000E+000  0.000000000000000E+000  0.000000000000000E+000
  0.000000000000000E+000  0.000000000000000E+000  0.000000000000000E+000
  1.234493066335087E-002 -3.136351439288314E-003 -1.237532877369799E-002
  4.677850373818646E-004  7.057487926193753E-002 -5.256687913497144E-002
 -6.011771890286338E-003  8.564732915260720E-002 -8.504504238316923E-002
 -5.310187308147740E-003  8.574000339253221E-002 -0.108511579053783     
  8.373716722758774E-004  6.614361341360735E-002 -0.115383876943835     
  9.148377097195718E-003  4.419714022666754E-002 -0.111692789005946     
  1.835045097946238E-002  3.176303156113550E-002 -0.108692253054800     
  3.398542616343116E-002  3.022272325606621E-002 -0.112207451672515     
  5.695693456363046E-002  3.389442799210389E-002 -0.115624616768392     
  7.675729462959195E-002  3.830813155151820E-002 -0.108494983796554     
  7.705784221701026E-002  3.762141154394617E-002 -8.495948845660935E-002
  6.075948303370037E-002  3.564810023994475E-002 -5.248994713180571E-002
 -8.837949526029612E-003  9.136515033451980E-003 -1.237033245334507E-002
  0.000000000000000E+000  0.000000000000000E+000  0.000000000000000E+000
  0.000000000000000E+000  0.000000000000000E+000  0.000000000000000E+000
  0.000000000000000E+000  0.000000000000000E+000  0.000000000000000E+000
  0.000000000000000E+000  0.000000000000000E+000  0.000000000000000E+000
  9.554283716169232E-003 -5.002384797888220E-003 -8.357372267697404E-003
  4.121869455380808E-003  5.286651066837619E-002 -4.093300113826312E-002
 -3.987900195141175E-003  6.494974178608673E-002 -6.700486450780481E-002
 -4.030556104089826E-003  6.959416561808997E-002 -8.929543921837345E-002
 -1.272283693056574E-004  5.556012234651366E-002 -9.794120923161109E-002
  7.393763847922039E-003  4.002146143388625E-002 -9.802980256803125E-002
  1.697599484650876E-002  2.933807773936316E-002 -9.712967340441374E-002
  3.129362740218360E-002  2.663348428937483E-002 -9.868893534180445E-002
  4.828308369007984E-002  2.778046201420427E-002 -9.823537744783878E-002
  6.218893698621412E-002  3.135550408663743E-002 -8.931145815269124E-002
  5.815545949562559E-002  2.904895170753908E-002 -6.694659675417022E-002
  4.365856617683316E-002  2.992849539820574E-002 -4.083884430447113E-002
 -9.106279290052475E-003  5.821817268673452E-003 -8.399573268282699E-003
  0.000000000000000E+000  0.000000000000000E+000  0.000000000000000E+000
  0.000000000000000E+000  0.000000000000000E+000  0.000000000000000E+000
  0.000000000000000E+000  0.000000000000000E+000  0.000000000000000E+000
  0.000000000000000E+000  0.000000000000000E+000  0.000000000000000E+000
  6.723556206438065E-003 -4.298274245429238E-003 -6.761400562711650E-003
  4.895187537809331E-003  2.905452360774355E-002 -2.299514601309627E-002
 -2.297822077860255E-004  3.878276905424242E-002 -4.187501362345360E-002
 -1.903435307949838E-003  4.500160815486095E-002 -5.955664058137464E-002
 -6.772312148272651E-004  3.809939322395766E-002 -6.929719995233080E-002
  4.617390323673508E-003  2.902677055424226E-002 -7.284180744547368E-002
  1.257204902277158E-002  2.167724273912352E-002 -7.413477183894479E-002
  2.310766300734704E-002  1.866875765057806E-002 -7.348148628601330E-002
  3.341235473428944E-002  1.855236438717626E-002 -6.957068341328129E-002
  3.984898307063076E-002  2.088165669815605E-002 -5.956995922428528E-002
  3.370136631811094E-002  1.923724604688027E-002 -4.187922437473682E-002
  2.264087681949337E-002  1.868888376014659E-002 -2.290455617461601E-002
 -7.057101967589891E-003  3.703762061211208E-003 -6.784989726145836E-003
  0.000000000000000E+000  0.000000000000000E+000  0.000000000000000E+000
  0.000000000000000E+000  0.000000000000000E+000  0.000000000000000E+000
  0.000000000000000E+000  0.000000000000000E+000  0.000000000000000E+000
  0.000000000000000E+000  0.000000000000000E+000  0.000000000000000E+000
  1.876506093377372E-003 -3.301348664566514E-003 -2.683178652654579E-003
  4.118564074975736E-003  6.470229933905472E-003 -6.737017076981582E-003
  3.899192090263233E-003  9.316893686333991E-003 -1.173236565250585E-002
  3.182859357993861E-003  1.519993949060863E-002 -1.996855535052009E-002
  2.155324730432793E-003  1.436278142894084E-002 -2.484566654490677E-002
  3.257835821355150E-003  1.279114619517671E-002 -2.952692395955226E-002
  5.931388635070472E-003  1.014808517924690E-002 -3.102804805303463E-002
  9.600870698118835E-003  9.355530808992714E-003 -2.990010556112627E-002
  1.137033733635564E-002  9.123267135449236E-003 -2.495971276874278E-002
  1.156076621012430E-002  1.034399455176793E-002 -1.995876458541505E-002
  6.129704624084609E-003  8.041910821117866E-003 -1.173372863027787E-002
  3.555260183748659E-003  6.773859886845244E-003 -6.731412930349751E-003
 -3.808492246995280E-003 -1.927214905978946E-005 -2.662780756192914E-003
  0.000000000000000E+000  0.000000000000000E+000  0.000000000000000E+000
  0.000000000000000E+000  0.000000000000000E+000  0.000000000000000E+000
  0.000000000000000E+000  0.000000000000000E+000  0.000000000000000E+000
  0.000000000000000E+000  0.000000000000000E+000  0.000000000000000E+000
  0.000000000000000E+000  0.000000000000000E+000  0.000000000000000E+000
  0.000000000000000E+000  0.000000000000000E+000  0.000000000000000E+000
  0.000000000000000E+000  0.000000000000000E+000  0.000000000000000E+000
  0.000000000000000E+000  0.000000000000000E+000  0.000000000000000E+000
  0.000000000000000E+000  0.000000000000000E+000  0.000000000000000E+000
  0.000000000000000E+000  0.000000000000000E+000  0.000000000000000E+000
  0.000000000000000E+000  0.000000000000000E+000  0.000000000000000E+000
  0.000000000000000E+000  0.000000000000000E+000  0.000000000000000E+000
  0.000000000000000E+000  0.000000000000000E+000  0.000000000000000E+000
  0.000000000000000E+000  0.000000000000000E+000  0.000000000000000E+000
  0.000000000000000E+000  0.000000000000000E+000  0.000000000000000E+000
  0.000000000000000E+000  0.000000000000000E+000  0.000000000000000E+000
  0.000000000000000E+000  0.000000000000000E+000  0.000000000000000E+000
  0.000000000000000E+000  0.000000000000000E+000  0.000000000000000E+000
  0.000000000000000E+000  0.000000000000000E+000  0.000000000000000E+000
  0.000000000000000E+000  0.000000000000000E+000  0.000000000000000E+000
  0.000000000000000E+000  0.000000000000000E+000  0.000000000000000E+000
  0.000000000000000E+000  0.000000000000000E+000  0.000000000000000E+000
  0.000000000000000E+000  0.000000000000000E+000  0.000000000000000E+000
  0.000000000000000E+000  0.000000000000000E+000  0.000000000000000E+000
  0.000000000000000E+000  0.000000000000000E+000  0.000000000000000E+000
  0.000000000000000E+000  0.000000000000000E+000  0.000000000000000E+000
  0.000000000000000E+000  0.000000000000000E+000  0.000000000000000E+000
  0.000000000000000E+000  0.000000000000000E+000  0.000000000000000E+000
  0.000000000000000E+000  0.000000000000000E+000  0.000000000000000E+000
  0.000000000000000E+000  0.000000000000000E+000  0.000000000000000E+000
  0.000000000000000E+000  0.000000000000000E+000  0.000000000000000E+000
  0.000000000000000E+000  0.000000000000000E+000  0.000000000000000E+000
  0.000000000000000E+000  0.000000000000000E+000  0.000000000000000E+000
  0.000000000000000E+000  0.000000000000000E+000  0.000000000000000E+000
  0.000000000000000E+000  0.000000000000000E+000  0.000000000000000E+000
  0.000000000000000E+000  0.000000000000000E+000  0.000000000000000E+000
  0.000000000000000E+000  0.000000000000000E+000  0.000000000000000E+000
  0.000000000000000E+000  0.000000000000000E+000  0.000000000000000E+000
 -3.212998029297154E-002 -7.735395624444649E-002  0.182444793313343     
 -0.283364710096139      -1.423870108696548E-002  0.137114875848291     
 -0.513656587162485      -0.133349574515714       0.529492624008948     
 -0.462796904992390      -5.013112337145671E-002   1.03631554520225     
 -0.250308977038526      -0.171278571303324        1.47465950057193     
 -5.452241511057682E-002  0.306398315348880        1.67773930863557     
  0.501479854920370       0.868831825385174        1.49306275570137     
  0.294768596198479       0.111735168003200        1.66778860110890     
 -3.264071460968025E-002 -0.299633334136197        1.46754795286171     
  0.202997709141781      -0.408694876264017        1.03606046762366     
  0.155398976438434      -0.496640708419658       0.531944326457397     
  0.125640739068680      -0.252863882670129       0.139742214636170     
 -5.441031892191414E-002 -6.857128020168998E-002  0.181571956583588     
  0.000000000000000E+000  0.000000000000000E+000  0.000000000000000E+000
  0.000000000000000E+000  0.000000000000000E+000  0.000000000000000E+000
  0.000000000000000E+000  0.000000000000000E+000  0.000000000000000E+000
  0.000000000000000E+000  0.000000000000000E+000  0.000000000000000E+000
 -2.908256952061421E-002 -6.485549388219602E-002  0.163900348950324     
 -0.302760773160621       3.036969927746152E-002  0.125896159046418     
 -0.458854183401551      -8.131031901897313E-002  0.453844559429434     
 -0.341567365457483      -2.293733329477393E-002   1.00336696540170     
 -0.150014959843447      -8.300504399943838E-002   1.47281604159473     
  6.609967268780799E-003  0.245479972325892        1.69845693340378     
  0.277292245876255       0.484990973820427        1.53568481955734     
  0.212987324213710       0.135019186873600        1.68758997785403     
 -4.109626229678000E-003 -0.169010818276264        1.46664706987495     
  0.159939101851329      -0.293917166161859        1.00226709989694     
  0.169224885700944      -0.426134795884575       0.456576933301789     
  0.172129593663138      -0.247478049177652       0.128214531538902     
 -4.527658155273887E-002 -5.987335798127412E-002  0.163184822426831     
  0.000000000000000E+000  0.000000000000000E+000  0.000000000000000E+000
  0.000000000000000E+000  0.000000000000000E+000  0.000000000000000E+000
  0.000000000000000E+000  0.000000000000000E+000  0.000000000000000E+000
  0.000000000000000E+000  0.000000000000000E+000  0.000000000000000E+000
 -3.798621517498645E-002 -5.843621389710364E-002  0.137208480875188     
 -0.298950301667635       0.165217107680629       8.434322484513387E-002
 -0.356686442349049      -0.108571647968473       0.364970317920403     
 -0.163984202446300       1.824385029117189E-002  0.926104769070517     
 -1.925578881293237E-002  4.740535040292951E-002   1.43438515876676     
  3.936914719668757E-002  5.963444132384824E-003   1.75971652263151     
 -9.351466039720764E-002 -0.154994676372135        1.81597748800072     
 -9.740771632752668E-003  4.694964000506898E-002   1.74620838396883     
  4.872772256605933E-002  9.840099953230718E-003   1.42896215543258     
  9.803274697026922E-002 -0.125935133472544       0.926073658736498     
  8.667549934197487E-002 -0.355768225698442       0.367678719066334     
  0.282409151931644      -0.178415154933733       8.655800528532172E-002
 -3.549550578664687E-002 -6.422394919212482E-002  0.136634975538501     
  0.000000000000000E+000  0.000000000000000E+000  0.000000000000000E+000
  0.000000000000000E+000  0.000000000000000E+000  0.000000000000000E+000
  0.000000000000000E+000  0.000000000000000E+000  0.000000000000000E+000
  0.000000000000000E+000  0.000000000000000E+000  0.000000000000000E+000
 -3.133674176882855E-002 -7.929463192680415E-002  9.975500262112860E-002
 -0.331086966352297       0.532249155438005      -9.836433727152042E-004
 -0.272705028897345       0.645402279452165       0.220085265964205     
 -3.573110802268915E-002  0.313439941793149       0.743199952277851     
  6.791197133419906E-002  0.521525343405871        1.15086919577661     
  0.117856971467155       0.273981066376202        1.48900990973304     
 -0.106190434991331      -0.179084128463666        1.91840734229530     
  0.172384444128462       0.238536806253589        1.48515923540547     
  0.414239952695394       0.320083580270515        1.14802225929890     
  0.289096510530862       0.130307950950372       0.743994408510646     
  0.688324680316599       8.893915149934381E-002  0.223825357593838     
  0.612242989453512      -2.280622724371729E-002  1.534648257262763E-003
 -5.518789026976156E-002 -6.828092874910734E-002  9.917015079508688E-002
  0.000000000000000E+000  0.000000000000000E+000  0.000000000000000E+000
  0.000000000000000E+000  0.000000000000000E+000  0.000000000000000E+000
  0.000000000000000E+000  0.000000000000000E+000  0.000000000000000E+000
  0.000000000000000E+000  0.000000000000000E+000  0.000000000000000E+000
 -4.360531501610219E-003 -5.287297898012919E-002  5.077039529460037E-002
 -0.361508059310305       0.774602479560530      -8.377825742687382E-002
 -0.269278553757506        1.01180828988160      -7.476379313461572E-004
 -1.100700429142441E-002  0.623255248828930       0.467352810831410     
  9.438764827973133E-002  0.827486548461709       0.723373887456773     
  0.128785423231949       0.396911228039277        1.18691644938598     
  6.509116783322198E-002  0.116562230810559        1.56441022526320     
  0.277948041031692       0.310305226209766        1.18407994946915     
  0.669739019859171       0.495575165349575       0.722241903465309     
  0.541335929141623       0.303457921559030       0.469227251928648     
   1.00437726258132       0.275298730363829       3.180876020038178E-003
  0.844064592132596       7.510695587848755E-002 -8.221716833397215E-002
 -4.418691730815907E-002 -3.081931365857640E-002  4.948009171034490E-002
  0.000000000000000E+000  0.000000000000000E+000  0.000000000000000E+000
  0.000000000000000E+000  0.000000000000000E+000  0.000000000000000E+000
  0.000000000000000E+000  0.000000000000000E+000  0.000000000000000E+000
  0.000000000000000E+000  0.000000000000000E+000  0.000000000000000E+000
  5.823638907318041E-003 -2.607561104105145E-003  3.186621123426388E-002
 -0.300623721873375       0.693805189716667      -0.126032339356875     
 -0.185506868969496       0.797828229513358      -3.889798389707055E-002
  2.672009575505531E-002  0.654741691013433       0.309494784079197     
  0.119691097324488       0.830996523357427       0.352287332941601     
  0.116087076959672       9.509954265924224E-002   1.36081253515865     
 -1.917811164189285E-002 -3.199038068942299E-002   1.66116467243891     
  2.661699736872212E-002  0.148868516647698        1.35633443983220     
  0.676332762799603       0.524960067528786       0.338092919562204     
  0.550768784621655       0.349545398681509       0.312742129668474     
  0.777407271890761       0.240292025760549      -3.524338230598776E-002
  0.755253896379408       8.974028834654145E-002 -0.127356987691179     
 -5.584525628882711E-003  4.547156222224074E-003  3.066207408051578E-002
  0.000000000000000E+000  0.000000000000000E+000  0.000000000000000E+000
  0.000000000000000E+000  0.000000000000000E+000  0.000000000000000E+000
  0.000000000000000E+000  0.000000000000000E+000  0.000000000000000E+000
  0.000000000000000E+000  0.000000000000000E+000  0.000000000000000E+000
 -1.748820428785181E-002 -2.536964267568544E-002  2.487408079475714E-002
 -0.157055420878594       0.456709969668571      -9.425196685434852E-002
 -5.635370836226285E-002  0.363820195718500       7.814474016177009E-002
  0.203217877658434       0.112381031760610       0.579133041942910     
  0.174030707564850       0.389346662786533       0.453129122977215     
  0.210356189130663       0.414553608883399       0.633863661700584     
  5.333719430041072E-002  8.957093340526037E-002   1.18306361616355     
  0.242603171747143       0.378190761352188       0.661972304214792     
  0.266467597398781       0.349992720590069       0.436135137629347     
 -2.943215909911003E-003  0.230186204065981       0.581182107159143     
  0.332731317311566       0.132545344673296       8.444142414339616E-002
  0.485557149736684       9.666623857629754E-002 -9.894866527373931E-002
 -1.456827812085090E-002 -2.678197219323806E-002  2.464182654516499E-002
  0.000000000000000E+000  0.000000000000000E+000  0.000000000000000E+000
  0.000000000000000E+000  0.000000000000000E+000  0.000000000000000E+000
  0.000000000000000E+000  0.000000000000000E+000  0.000000000000000E+000
  0.000000000000000E+000  0.000000000000000E+000  0.000000000000000E+000
 -1.703250879629445E-002 -1.219646934283594E-002  2.591555927153367E-003
 -4.780583514464317E-002  0.201148396766139      -2.291557747115318E-002
  9.542020744419596E-002 -7.844874775995304E-002  0.274049970275130     
  0.424129803377836      -0.564346130097287        1.10317249419687     
  0.236964056995693       7.025956630403463E-003  0.711451608404272     
  0.238036798848497       0.623486523845947      -0.278518275240138     
  0.130566188015541       0.224328906203707       0.625611892387618     
  0.417698323011088       0.513210312969697      -0.261436144883466     
 -9.858288279371911E-002  0.211115464046358       0.696384227142650     
 -0.694954192310488       8.299990017524778E-002   1.10113417571028     
 -0.126280349862394       4.069266791500198E-002  0.281915202128557     
  0.207936117293196       6.281865179678391E-002 -2.789925657793750E-002
 -2.936819444627636E-003 -1.981555044356943E-002  2.798886864250368E-003
  0.000000000000000E+000  0.000000000000000E+000  0.000000000000000E+000
  0.000000000000000E+000  0.000000000000000E+000  0.000000000000000E+000
  0.000000000000000E+000  0.000000000000000E+000  0.000000000000000E+000
  0.000000000000000E+000  0.000000000000000E+000  0.000000000000000E+000
 -1.580565416979411E-002  7.350061792814487E-003 -4.466445152093221E-003
 -7.191879207340956E-003  3.787038745493132E-002  2.457871083675807E-002
  0.140572531126486      -0.281626834123297       0.371840697542667     
  0.386024587269637      -0.568086466171667        1.04389723832947     
  0.164028726043093       7.974901121648713E-002  0.367565567339657     
  0.154550592477119       0.373159337981130      -0.399861174656451     
  8.643328217911038E-002  0.149641670389436       0.514703318093641     
  0.248843094595114       0.320683433586726      -0.401187260930346     
 -3.476752740439593E-003  0.183357029660059       0.354733849133828     
 -0.680751789038339       4.839204225112236E-002   1.04287045455965     
 -0.321856023280164      -2.193394881231307E-002  0.378395295843617     
  4.095292738141602E-002  1.451564343225064E-002  2.213525858733054E-002
  1.353923591934826E-002 -9.016404693994224E-003 -4.307758093679979E-003
  0.000000000000000E+000  0.000000000000000E+000  0.000000000000000E+000
  0.000000000000000E+000  0.000000000000000E+000  0.000000000000000E+000
  0.000000000000000E+000  0.000000000000000E+000  0.000000000000000E+000
  0.000000000000000E+000  0.000000000000000E+000  0.000000000000000E+000
 -6.846148041969848E-003  6.007952560715946E-003 -3.377211071756473E-003
  1.589580726341411E-004 -1.588860901633950E-003  1.611709245984064E-002
  1.604206184951873E-002 -9.490546691223660E-002  0.129637610565986     
  8.301673146915731E-002 -0.125215769478054       0.235890837437344     
  8.020278411945758E-002  0.131174929504555      -8.931198349643241E-002
  7.541768532415156E-002  0.201908423456146      -0.318325713798132     
  5.971374880778458E-002  0.102694259546159       0.215409815452811     
  0.136662878959442       0.164971151025121      -0.309634985767569     
  7.292458136561959E-002  0.135499471353251      -9.119526990754531E-002
 -0.150192137899919       9.172024626079711E-003  0.237045059026561     
 -9.275954417183353E-002 -3.554539713234203E-002  0.131973034127367     
 -6.431497783144757E-004 -4.348682165415189E-005  1.619898498636243E-002
  8.359236930080133E-003 -2.835498452617719E-003 -3.394326322574254E-003
  0.000000000000000E+000  0.000000000000000E+000  0.000000000000000E+000
  0.000000000000000E+000  0.000000000000000E+000  0.000000000000000E+000
  0.000000000000000E+000  0.000000000000000E+000  0.000000000000000E+000
  0.000000000000000E+000  0.000000000000000E+000  0.000000000000000E+000
  0.000000000000000E+000  0.000000000000000E+000  0.000000000000000E+000
  0.000000000000000E+000  0.000000000000000E+000  0.000000000000000E+000
  0.000000000000000E+000  0.000000000000000E+000  0.000000000000000E+000
  0.000000000000000E+000  0.000000000000000E+000  0.000000000000000E+000
  0.000000000000000E+000  0.000000000000000E+000  0.000000000000000E+000
  0.000000000000000E+000  0.000000000000000E+000  0.000000000000000E+000
  0.000000000000000E+000  0.000000000000000E+000  0.000000000000000E+000
  0.000000000000000E+000  0.000000000000000E+000  0.000000000000000E+000
  0.000000000000000E+000  0.000000000000000E+000  0.000000000000000E+000
  0.000000000000000E+000  0.000000000000000E+000  0.000000000000000E+000
  0.000000000000000E+000  0.000000000000000E+000  0.000000000000000E+000
  0.000000000000000E+000  0.000000000000000E+000  0.000000000000000E+000
  0.000000000000000E+000  0.000000000000000E+000  0.000000000000000E+000
  0.000000000000000E+000  0.000000000000000E+000  0.000000000000000E+000
  0.000000000000000E+000  0.000000000000000E+000  0.000000000000000E+000
  0.000000000000000E+000  0.000000000000000E+000  0.000000000000000E+000
  0.000000000000000E+000  0.000000000000000E+000  0.000000000000000E+000
  0.000000000000000E+000  0.000000000000000E+000  0.000000000000000E+000
  0.000000000000000E+000  0.000000000000000E+000  0.000000000000000E+000
  0.000000000000000E+000  0.000000000000000E+000  0.000000000000000E+000
  0.000000000000000E+000  0.000000000000000E+000  0.000000000000000E+000
  0.000000000000000E+000  0.000000000000000E+000  0.000000000000000E+000
  0.000000000000000E+000  0.000000000000000E+000  0.000000000000000E+000
  0.000000000000000E+000  0.000000000000000E+000  0.000000000000000E+000
  0.000000000000000E+000  0.000000000000000E+000  0.000000000000000E+000
  0.000000000000000E+000  0.000000000000000E+000  0.000000000000000E+000
  0.000000000000000E+000  0.000000000000000E+000  0.000000000000000E+000
  0.000000000000000E+000  0.000000000000000E+000  0.000000000000000E+000
  0.000000000000000E+000  0.000000000000000E+000  0.000000000000000E+000
  0.000000000000000E+000  0.000000000000000E+000  0.000000000000000E+000
  0.000000000000000E+000  0.000000000000000E+000  0.000000000000000E+000
  0.000000000000000E+000  0.000000000000000E+000  0.000000000000000E+000
  0.000000000000000E+000  0.000000000000000E+000  0.000000000000000E+000
  0.000000000000000E+000  0.000000000000000E+000  0.000000000000000E+000
   1348.52594744863       -1865.36736371832       -4768.31363286312     
  -1513.41523057624        1181.30774183295       -9629.42556744679     
  -4367.73188054430       -1275.85772204591       -11666.4982892716     
  -4525.67579901483        2552.96992428608       -9037.63630297215     
  -1156.65778577157        155.369559555756       -7752.92914229693     
  -309.739060068584        1234.06981287929       -9717.88363358885     
   12399.9937115829        21532.2852367270       -16488.7828389830     
   1117.18490603588        343.965323343479       -9727.27869947108     
   662.335853802546       -854.386884142550       -7810.01760836482     
   4650.01385027345       -2421.60178235464       -9024.97737414419     
   1122.13389642185       -4344.05877250625       -11656.9201897725     
   1791.22691868641       -758.536047672637       -9689.89033097026     
  -2277.36700340404        236.236166167653       -4889.33829187462     
  0.000000000000000E+000  0.000000000000000E+000  0.000000000000000E+000
  0.000000000000000E+000  0.000000000000000E+000  0.000000000000000E+000
  0.000000000000000E+000  0.000000000000000E+000  0.000000000000000E+000
  0.000000000000000E+000  0.000000000000000E+000  0.000000000000000E+000
   942.480361428309       -2085.39145006215       -4077.28941852923     
  -2122.98190298608        527.079068387629       -9332.09745061238     
  -4710.03230631257       -523.199978662660       -11855.4335496523     
  -3604.56544164502        1393.86260234872       -9215.92902449062     
  -944.084242278586       -486.484739696920       -7824.46759915574     
  -643.257780966434        255.773263724830       -9131.64085987885     
   7671.56249374190        13359.1498933951       -16186.5225844454     
   504.455112818173       -371.303719238683       -9144.77891221154     
   7.35126516449200       -992.088325397805       -7875.97568644374     
   3098.97159506410       -2264.59549337057       -9214.59148694144     
   1896.88188849652       -4278.32001770434       -11845.4884844335     
   1522.67701023689       -1603.88619016632       -9406.26468714077     
  -2264.79429992356       -238.119359435817       -4185.41318516917     
  0.000000000000000E+000  0.000000000000000E+000  0.000000000000000E+000
  0.000000000000000E+000  0.000000000000000E+000  0.000000000000000E+000
  0.000000000000000E+000  0.000000000000000E+000  0.000000000000000E+000
  0.000000000000000E+000  0.000000000000000E+000  0.000000000000000E+000
   502.720925476465       -2649.42512117040       -3165.08837392456     
  -2856.30652121628       -652.733589638421       -8644.60783256983     
  -4528.20414620609        326.678051527258       -11852.9014410596     
  -2539.65853343395        294.172684644907       -9119.66049698692     
  -794.902814785562       -4002.10882049926       -8467.80098767991     
  -1348.74677962106       -4806.18074638403       -5847.04255941712     
   953.150377900853        1696.91660586363       -12019.4131713108     
  -3415.56154801186       -3422.87222150564       -5936.85930242895     
  -3016.88055287875       -2577.67149023138       -8518.82232815085     
   1430.92311440023       -2002.30810053729       -9114.64568834353     
   2432.31196949218       -3735.74476867723       -11845.0709543848     
   850.451383959538       -2815.97260139899       -8729.59046765961     
  -2537.70832254732       -915.152116805787       -3256.83591110189     
  0.000000000000000E+000  0.000000000000000E+000  0.000000000000000E+000
  0.000000000000000E+000  0.000000000000000E+000  0.000000000000000E+000
  0.000000000000000E+000  0.000000000000000E+000  0.000000000000000E+000
  0.000000000000000E+000  0.000000000000000E+000  0.000000000000000E+000
   46.4634023205886       -2130.92975678300       -2539.17274588230     
  -2791.11237703945       -2582.14363088650       -7492.11154589594     
  -4956.06808485204        9037.45354473627       -12277.9994775482     
  -1228.15603220784       -4148.74767006223       -9109.13446598415     
  -1157.40505368995       -5158.92551844504       -6857.83205061644     
   1093.03862261105        7929.68641295775       -12921.9839080266     
  -1052.14463468626       -1846.99099358248       -9159.31011462579     
   6235.41904359622        4850.64297552460       -12905.6373094962     
  -3956.86491855663       -3558.34213961563       -6870.50166108862     
  -3112.36063410747       -3106.65001220758       -9083.47837239365     
   10228.1277819110        305.481339773291       -12275.2301045152     
  -814.368683939460       -3691.46619259243       -7574.66872586458     
  -1871.63048022904       -1049.57256865158       -2622.22718571694     
  0.000000000000000E+000  0.000000000000000E+000  0.000000000000000E+000
  0.000000000000000E+000  0.000000000000000E+000  0.000000000000000E+000
  0.000000000000000E+000  0.000000000000000E+000  0.000000000000000E+000
  0.000000000000000E+000  0.000000000000000E+000  0.000000000000000E+000
  -224.470981524106       -1189.20715221778       -2546.46057063947     
  -2521.35024379613       -1504.41374210235       -6442.67297000176     
  -4775.11650034083        7639.71202763431       -12246.7844514593     
  -1757.55714801317       -4397.24001536269       -7074.84355505690     
  -1609.79645575934        4681.79935964318       -11328.2734307099     
   1887.74495369722        10525.0186543476       -20127.4043688774     
  -1297.64124924069       -2265.77771726862       -5014.77311167968     
   8050.56970432253        6759.68075270778       -20026.7471568864     
   4847.85256390592        942.484149642558       -11356.7082550748     
  -2880.60045654576       -3635.19899232481       -7127.40250442640     
   9001.77080643599       -215.766074993947       -12241.4693611255     
   120.894126007677       -2856.38477504481       -6545.26062239412     
  -930.586420276693       -809.156835908114       -2621.06830792680     
  0.000000000000000E+000  0.000000000000000E+000  0.000000000000000E+000
  0.000000000000000E+000  0.000000000000000E+000  0.000000000000000E+000
  0.000000000000000E+000  0.000000000000000E+000  0.000000000000000E+000
  0.000000000000000E+000  0.000000000000000E+000  0.000000000000000E+000
  -193.764706787219       -200.795668920089       -2197.47789734396     
  -2413.73625431086       -482.975207856115       -5816.12090006677     
  -4643.24887779042        6659.31024390385       -10788.0191506517     
  -3931.44897941306        3960.35428260479       -10328.9265603842     
  -1897.44836489258        6923.69676217110       -13283.7397691346     
   188.333485410822        4487.74263851450       -13515.5273008558     
  -104.765608268743       -204.460407847369       -6198.29407852043     
   3726.40090987134        2295.57735882205       -13461.5254326547     
   7244.00318563937        1907.32945838953       -13603.0256321613     
   5360.03710926677       -1428.14251039467       -10273.4677072752     
   7969.35989077312       -636.664169399365       -10724.1266660848     
   1078.61958588474       -2229.92951816498       -5948.27249803846     
  -94.0705358216576       -262.104866864116       -2251.98932653916     
  0.000000000000000E+000  0.000000000000000E+000  0.000000000000000E+000
  0.000000000000000E+000  0.000000000000000E+000  0.000000000000000E+000
  0.000000000000000E+000  0.000000000000000E+000  0.000000000000000E+000
  0.000000000000000E+000  0.000000000000000E+000  0.000000000000000E+000
  -221.477412980938       -946.826394837236       -1769.92088070426     
  -2192.39099255055        1572.72150776195       -4895.43271729139     
  -6256.26391349724        9962.41316597375       -11914.4601513249     
  -5088.25455694163        7753.09249701659       -12462.8604682352     
  -1818.25346486509        4048.34297618589       -8371.09545304702     
  -866.891036367814        2274.67844301417       -8810.62415400491     
   1506.65174343857        2575.73492613730       -11023.4570339221     
   2360.53456009452        284.429293037931       -8697.19569271390     
   4678.77948022235        467.667182791165       -8673.80175095213     
   9061.38580118546       -600.256040925129       -12215.2886112495     
   11520.5595856622       -444.264092403834       -11749.6433937199     
   2739.99129895344       -996.397897892276       -5041.48704258441     
  -719.487684446749       -659.866067248303       -1807.40803098907     
  0.000000000000000E+000  0.000000000000000E+000  0.000000000000000E+000
  0.000000000000000E+000  0.000000000000000E+000  0.000000000000000E+000
  0.000000000000000E+000  0.000000000000000E+000  0.000000000000000E+000
  0.000000000000000E+000  0.000000000000000E+000  0.000000000000000E+000
  -189.561675257781       -539.916271374361       -887.113334563553     
  -1811.51870120943        2285.73223385308       -4212.61879061123     
  -5045.18636820874        5615.17418979378       -8507.22445316787     
  -2593.50761133347        1889.62189289888       -5091.40355067325     
  -2197.63510484253        4191.33254992622       -7224.58473681541     
  -1846.30179924785       -176.681122365292       -1623.08366569071     
   430.486049988379        703.952422303109       -7520.24956521876     
   815.476314801834       -1700.71751707035       -1630.73371400380     
   4788.64325473530        121.686798890203       -7281.04031276260     
   2982.24822311703       -1331.93915291074       -5040.75818849891     
   7262.75675180634       -1578.54505387890       -8383.84730911852     
   3091.97479926446       -353.791795964471       -4283.97315153866     
  -421.684634722521       -407.849897813409       -963.182709874425     
  0.000000000000000E+000  0.000000000000000E+000  0.000000000000000E+000
  0.000000000000000E+000  0.000000000000000E+000  0.000000000000000E+000
  0.000000000000000E+000  0.000000000000000E+000  0.000000000000000E+000
  0.000000000000000E+000  0.000000000000000E+000  0.000000000000000E+000
  -165.578060608559       -302.189220741926       -706.318173444097     
  -857.867180100014        836.191632256213       -2204.55443118687     
  -939.019750517387       -2190.05596925686       -679.489109132818     
  -752.930366151833        526.616559244732       -930.581532243102     
  -2934.11406200028        3928.41099849066       -7728.86436878815     
  -868.904149627971        252.280885741012        154.256820356399     
  -2334.33396820930       -4008.10642872790        9447.54505944864     
   776.344975150454       -580.489165567754       -133.631225809782     
   4811.11437206934       -627.135024424184       -7600.08405052401     
   1069.81823737175       -398.205914569094       -1161.29983303052     
  -1351.12657889106       -1935.19377760554       -681.733852046228     
   1231.59070861449       -267.789655399156       -2209.57691300211     
  -204.512249747219       -307.136700941937       -763.945189170612     
  0.000000000000000E+000  0.000000000000000E+000  0.000000000000000E+000
  0.000000000000000E+000  0.000000000000000E+000  0.000000000000000E+000
  0.000000000000000E+000  0.000000000000000E+000  0.000000000000000E+000
  0.000000000000000E+000  0.000000000000000E+000  0.000000000000000E+000
  -192.115085370009       -100.100619543105       -609.249754901462     
  -368.022849116122       -280.945009002146       -566.427667227057     
  -189.182013300398       -2291.60265975672        825.272563511391     
  -151.526517442317        687.933318116407       -1369.15780132594     
  -1401.76483437130        1612.17653887521       -2434.34708728543     
  -1179.94372659851        1475.22266777965       -3968.48613596540     
  -2123.73536378024       -3586.67417988482        16286.5361746231     
   1895.68081695328       -296.841001600008       -3913.90183828045     
   1997.17940990505       -429.785026666177       -2246.14208522471     
   778.607581373357        213.745428757878       -1496.94949489789     
  -1835.50690843214       -1307.08313096830        834.292261550101     
  -46.4448244040330       -451.826003573736       -569.098191609669     
   9.46273431858577       -210.379808839783       -598.923833251980     
  0.000000000000000E+000  0.000000000000000E+000  0.000000000000000E+000
  0.000000000000000E+000  0.000000000000000E+000  0.000000000000000E+000
  0.000000000000000E+000  0.000000000000000E+000  0.000000000000000E+000
  0.000000000000000E+000  0.000000000000000E+000  0.000000000000000E+000
  0.000000000000000E+000  0.000000000000000E+000  0.000000000000000E+000
  0.000000000000000E+000  0.000000000000000E+000  0.000000000000000E+000
  0.000000000000000E+000  0.000000000000000E+000  0.000000000000000E+000
  0.000000000000000E+000  0.000000000000000E+000  0.000000000000000E+000
  0.000000000000000E+000  0.000000000000000E+000  0.000000000000000E+000
  0.000000000000000E+000  0.000000000000000E+000  0.000000000000000E+000
  0.000000000000000E+000  0.000000000000000E+000  0.000000000000000E+000
  0.000000000000000E+000  0.000000000000000E+000  0.000000000000000E+000
  0.000000000000000E+000  0.000000000000000E+000  0.000000000000000E+000
  0.000000000000000E+000  0.000000000000000E+000  0.000000000000000E+000
  0.000000000000000E+000  0.000000000000000E+000  0.000000000000000E+000
  0.000000000000000E+000  0.000000000000000E+000  0.000000000000000E+000
  0.000000000000000E+000  0.000000000000000E+000  0.000000000000000E+000
  0.000000000000000E+000  0.000000000000000E+000  0.000000000000000E+000
  0.000000000000000E+000  0.000000000000000E+000  0.000000000000000E+000
  0.000000000000000E+000  0.000000000000000E+000  0.000000000000000E+000
  0.000000000000000E+000  0.000000000000000E+000  0.000000000000000E+000
  0.000000000000000E+000  0.000000000000000E+000  0.000000000000000E+000
  0.000000000000000E+000  0.000000000000000E+000  0.000000000000000E+000
  0.000000000000000E+000  0.000000000000000E+000  0.000000000000000E+000
  0.000000000000000E+000  0.000000000000000E+000  0.000000000000000E+000
  0.000000000000000E+000  0.000000000000000E+000  0.000000000000000E+000
  0.000000000000000E+000  0.000000000000000E+000  0.000000000000000E+000
  0.000000000000000E+000  0.000000000000000E+000  0.000000000000000E+000
  0.000000000000000E+000  0.000000000000000E+000  0.000000000000000E+000
  0.000000000000000E+000  0.000000000000000E+000  0.000000000000000E+000
  0.000000000000000E+000  0.000000000000000E+000  0.000000000000000E+000
  0.000000000000000E+000  0.000000000000000E+000  0.000000000000000E+000
  0.000000000000000E+000  0.000000000000000E+000  0.000000000000000E+000
  0.000000000000000E+000  0.000000000000000E+000  0.000000000000000E+000
  0.000000000000000E+000  0.000000000000000E+000  0.000000000000000E+000
  0.000000000000000E+000  0.000000000000000E+000  0.000000000000000E+000
