         140  1.399999999999997E-002  1.399999999999997E-002
  0.000000000000000E+000  0.000000000000000E+000  0.000000000000000E+000
  0.000000000000000E+000  0.000000000000000E+000  0.000000000000000E+000
  2.378158994380502E-002  2.711204404633462E-002 -8.202733575050314E-002
  1.946490979227185E-002  2.085567549692149E-002 -0.141000372001223     
  2.899650218876704E-002  1.628612302082408E-002 -0.208508231974723     
  2.687012742178577E-002  2.637698878020516E-002 -0.245097594028280     
  3.375105948112061E-002  1.479865377033715E-002 -0.272555838506817     
  3.482496332503821E-002  5.266111980202563E-002 -0.294175828500546     
  5.831577235195967E-002  0.101055693625237      -0.324433655497092     
  2.820819659565024E-002  5.652787042373091E-002 -0.294202615912118     
 -4.031209455839142E-003  3.670364496933982E-002 -0.272569357290941     
  9.506061405712469E-003  3.658344094982914E-002 -0.245114167490927     
 -3.181188171007979E-004  3.334960394756060E-002 -0.208534899681014     
  8.361742363154269E-003  2.730872101268396E-002 -0.141002154597456     
  1.160798567799377E-002  3.415352022432199E-002 -8.210185890636487E-002
  0.000000000000000E+000  0.000000000000000E+000  0.000000000000000E+000
  0.000000000000000E+000  0.000000000000000E+000  0.000000000000000E+000
  0.000000000000000E+000  0.000000000000000E+000  0.000000000000000E+000
  0.000000000000000E+000  0.000000000000000E+000  0.000000000000000E+000
  1.595806980210112E-002  3.297043894172686E-002 -7.246559356817643E-002
  1.525623066633076E-002  2.916283067046103E-002 -0.137379231400178     
  2.081545924408406E-002  2.835296891792488E-002 -0.200004028335391     
  2.302367513979811E-002  3.024844544735731E-002 -0.243457199854555     
  3.055536736805970E-002  2.576972701969821E-002 -0.267846909401855     
  3.039112390636953E-002  6.837056010943508E-002 -0.289282449855117     
  5.343750206894785E-002  9.260523310486017E-002 -0.326503667323952     
  4.399707231592939E-002  6.053909617317236E-002 -0.289316638903497     
  7.065265099563888E-003  3.941300417215053E-002 -0.267867100512066     
  1.471088200095413E-002  3.514333678323540E-002 -0.243471195096401     
  1.416899999734621E-002  3.225901310351128E-002 -0.200017499904981     
  1.763796870268861E-002  2.780774832843368E-002 -0.137371305491507     
  2.058847765190100E-002  3.029385856388178E-002 -7.252327178629721E-002
  0.000000000000000E+000  0.000000000000000E+000  0.000000000000000E+000
  0.000000000000000E+000  0.000000000000000E+000  0.000000000000000E+000
  0.000000000000000E+000  0.000000000000000E+000  0.000000000000000E+000
  0.000000000000000E+000  0.000000000000000E+000  0.000000000000000E+000
  9.629164768598823E-003  4.279781453740224E-002 -6.224280691496496E-002
  6.237500056258651E-003  4.882600946363968E-002 -0.128195237879763     
  8.926144669345342E-003  5.480723140451644E-002 -0.191772144221762     
  1.277264194812511E-002  6.766157560811742E-002 -0.239434259022628     
  2.073265793324954E-002  8.916454798756299E-002 -0.272730590346254     
  3.508576626334085E-002  9.432299799078880E-002 -0.305274936583315     
  4.781624054431554E-002  8.285771926487231E-002 -0.312952974556592     
  6.411720579176781E-002  7.757960393660228E-002 -0.305293597624222     
  6.672613641723192E-002  6.252200115486506E-002 -0.272750190506014     
  5.217350598798498E-002  4.493954343991001E-002 -0.239432067038493     
  4.293599928300347E-002  3.515197669377249E-002 -0.191751918049507     
  3.912614511942880E-002  2.979386247543882E-002 -0.128158859877874     
  3.225101353180688E-002  2.971151433018317E-002 -6.227891981542458E-002
  0.000000000000000E+000  0.000000000000000E+000  0.000000000000000E+000
  0.000000000000000E+000  0.000000000000000E+000  0.000000000000000E+000
  0.000000000000000E+000  0.000000000000000E+000  0.000000000000000E+000
  0.000000000000000E+000  0.000000000000000E+000  0.000000000000000E+000
  6.662594954557094E-003  5.791025241639181E-002 -5.454338765850538E-002
 -9.408009103434311E-004  7.707416845095338E-002 -0.119597349124035     
 -3.221630942446750E-003  0.113172039693968      -0.185430446547925     
 -1.672740594886734E-003  0.144904275674768      -0.246793214512978     
  1.182486657765940E-002  0.136019767419899      -0.291700798937693     
  3.074356638873765E-002  0.108677391306663      -0.307772307445898     
  5.316663431947333E-002  9.212241924209938E-002 -0.313505992846891     
  7.880697371677538E-002  8.106808661761222E-002 -0.307955158138689     
  0.111801399809945       7.826890512791906E-002 -0.291724171798219     
  0.126176529517137       7.101555212376028E-002 -0.246773168111538     
  9.957440194281580E-002  5.383042463746408E-002 -0.185374735085289     
  6.716855797987417E-002  3.770897863912747E-002 -0.119518944112866     
  4.680529225431415E-002  3.468217106170179E-002 -5.456429848594122E-002
  0.000000000000000E+000  0.000000000000000E+000  0.000000000000000E+000
  0.000000000000000E+000  0.000000000000000E+000  0.000000000000000E+000
  0.000000000000000E+000  0.000000000000000E+000  0.000000000000000E+000
  0.000000000000000E+000  0.000000000000000E+000  0.000000000000000E+000
  5.338652772093997E-003  6.289833942675573E-002 -4.959017192726790E-002
 -7.947292354565531E-003  0.117272752943671      -0.114253843782551     
 -1.260200358417091E-002  0.150652815470660      -0.183615303135934     
 -8.565292271233736E-003  0.157140952058680      -0.243138272245138     
  6.833470962209573E-003  0.137868256384641      -0.278438495521578     
  2.813440509243386E-002  0.110516028759722      -0.294246375456573     
  5.187928487477583E-002  8.988816826383102E-002 -0.298398252063350     
  8.177047733995728E-002  7.978173033052467E-002 -0.294558852174032     
  0.115981727183804       7.492299401196756E-002 -0.278568084156971     
  0.140166893768590       7.115316003696767E-002 -0.243057134896750     
  0.136586379216167       6.441044285852247E-002 -0.183508754166073     
  0.105456794261300       5.172549861634294E-002 -0.114145235693213     
  5.173846470223790E-002  3.600244710069202E-002 -4.959457943745026E-002
  0.000000000000000E+000  0.000000000000000E+000  0.000000000000000E+000
  0.000000000000000E+000  0.000000000000000E+000  0.000000000000000E+000
  0.000000000000000E+000  0.000000000000000E+000  0.000000000000000E+000
  0.000000000000000E+000  0.000000000000000E+000  0.000000000000000E+000
  1.085105692380108E-002  4.391315827186534E-002 -4.315204642761360E-002
 -1.286502853240287E-002  0.126557546441587      -0.110482910064135     
 -1.552227890020857E-002  0.156345542129302      -0.177291693024202     
 -1.198400248514481E-002  0.163200562927736      -0.234761973076675     
  4.184339641774712E-003  0.142814437248280      -0.270409205227491     
  2.634528892496431E-002  0.113632456628913      -0.284507495099960     
  5.318569215747657E-002  9.212739895885082E-002 -0.289210987615184     
  8.545793184331167E-002  7.985700739666610E-002 -0.285009586426038     
  0.121642132666737       7.514428540875637E-002 -0.270627663697801     
  0.147138757175071       7.125188185687643E-002 -0.234689142195531     
  0.142980728864529       6.474629312054331E-002 -0.177146349608172     
  0.115747127897695       5.205574631908776E-002 -0.110293764667688     
  3.252894212326562E-002  3.126988832852388E-002 -4.315119419195859E-002
  0.000000000000000E+000  0.000000000000000E+000  0.000000000000000E+000
  0.000000000000000E+000  0.000000000000000E+000  0.000000000000000E+000
  0.000000000000000E+000  0.000000000000000E+000  0.000000000000000E+000
  0.000000000000000E+000  0.000000000000000E+000  0.000000000000000E+000
  1.767327357785817E-002  1.418846362580255E-002 -3.166789207221569E-002
 -1.415171961257363E-002  0.124507528248250      -0.100699241879142     
 -1.726735010888562E-002  0.150714187083145      -0.167604469801160     
 -1.486838403949676E-002  0.155154054301313      -0.219730668333258     
  2.092769763488247E-003  0.136151689251380      -0.253023354068177     
  2.358638941424336E-002  0.109147487854384      -0.266682274358673     
  5.127832517445895E-002  8.879572200180791E-002 -0.272223420422803     
  8.301966405215919E-002  7.526975269464690E-002 -0.267333852932115     
  0.116964533379390       7.003357002468752E-002 -0.253356513032970     
  0.141663990717941       6.476533913745400E-002 -0.219700886924636     
  0.139013203676154       6.045706983972127E-002 -0.167481030072707     
  0.114645620367801       4.994665920226269E-002 -0.100465923409642     
  3.339199069580085E-003  2.226388950529220E-002 -3.165485901579355E-002
  0.000000000000000E+000  0.000000000000000E+000  0.000000000000000E+000
  0.000000000000000E+000  0.000000000000000E+000  0.000000000000000E+000
  0.000000000000000E+000  0.000000000000000E+000  0.000000000000000E+000
  0.000000000000000E+000  0.000000000000000E+000  0.000000000000000E+000
  1.495211211318921E-002 -4.792097715712277E-003 -2.131928474997515E-002
 -1.118148449520099E-002  0.120482529238234      -9.167784779362591E-002
 -2.117554858247390E-002  0.128938421092866      -0.148367459625378     
 -1.403983613766670E-002  0.137806875146197      -0.194938250688913     
 -1.014176593827958E-003  0.120344516574042      -0.227590840410096     
  2.005513926850939E-002  9.849505100883375E-002 -0.241502065954716     
  4.586034136907936E-002  7.934027557340712E-002 -0.247604594043843     
  7.565093063392624E-002  6.693640740146783E-002 -0.242446533446179     
  0.104838527016048       5.946560392654737E-002 -0.228029404942754     
  0.126296160813646       5.685110872644134E-002 -0.195001486955126     
  0.122252192262272       4.621639462590828E-002 -0.148318695318735     
  0.109778610115518       5.057968837235513E-002 -9.147064193487464E-002
 -1.171925277755918E-002  1.038376062032550E-002 -2.130314550935896E-002
  0.000000000000000E+000  0.000000000000000E+000  0.000000000000000E+000
  0.000000000000000E+000  0.000000000000000E+000  0.000000000000000E+000
  0.000000000000000E+000  0.000000000000000E+000  0.000000000000000E+000
  0.000000000000000E+000  0.000000000000000E+000  0.000000000000000E+000
  1.491413326354935E-002 -3.504050554739057E-003 -1.444604941064668E-002
 -1.573776173538553E-002  9.254321165785544E-002 -7.119818022222241E-002
 -1.737671931814094E-002  8.639226537092255E-002 -0.105884874839714     
 -1.486864515782085E-002  9.904076663458537E-002 -0.147333143470035     
 -4.475399542060820E-003  8.325267505956122E-002 -0.170229626422779     
  1.135600203809344E-002  6.873536783071951E-002 -0.182919036162988     
  3.133218323720591E-002  5.408839490253688E-002 -0.188109598126106     
  5.413248688963150E-002  4.439519787564289E-002 -0.183646170232626     
  7.435179756200937E-002  3.786752197016548E-002 -0.170615158320518     
  9.317308732806334E-002  3.674096118627939E-002 -0.147484463925941     
  8.360819076979475E-002  2.822504575885842E-002 -0.105970052134457     
  8.795506219550749E-002  3.268575938703377E-002 -7.102684481513738E-002
 -1.055163758223860E-002  1.105214602000983E-002 -1.444478134807601E-002
  0.000000000000000E+000  0.000000000000000E+000  0.000000000000000E+000
  0.000000000000000E+000  0.000000000000000E+000  0.000000000000000E+000
  0.000000000000000E+000  0.000000000000000E+000  0.000000000000000E+000
  0.000000000000000E+000  0.000000000000000E+000  0.000000000000000E+000
  3.627574586735547E-003 -5.106411870509319E-003 -8.247442808459592E-003
  9.573474255521245E-003  2.715092530923106E-002 -2.323732688815658E-002
  3.675852950592541E-004  3.770197315836913E-002 -4.533262104973887E-002
 -1.147894106929169E-003  4.862959770061448E-002 -7.517225059050377E-002
 -1.495982813717363E-003  4.475773113244921E-002 -9.273464477909661E-002
  6.470115716485943E-003  3.803017106794324E-002 -0.108532777717649     
  1.738623730478446E-002  2.964647873504063E-002 -0.111425503870895     
  2.987260318515162E-002  2.470334054363396E-002 -0.109168886882537     
  3.940458155506450E-002  2.124031280623431E-002 -9.302686167426755E-002
  4.267342160129343E-002  2.336216541044752E-002 -7.523229024248132E-002
  3.255458016497383E-002  1.919486600161417E-002 -4.539532254096074E-002
  1.873895930111681E-002  2.185188592025114E-002 -2.320308539817093E-002
 -6.237823909484584E-003  5.518345474613199E-004 -8.247562791698916E-003
  0.000000000000000E+000  0.000000000000000E+000  0.000000000000000E+000
  0.000000000000000E+000  0.000000000000000E+000  0.000000000000000E+000
  0.000000000000000E+000  0.000000000000000E+000  0.000000000000000E+000
  0.000000000000000E+000  0.000000000000000E+000  0.000000000000000E+000
  0.000000000000000E+000  0.000000000000000E+000  0.000000000000000E+000
  0.000000000000000E+000  0.000000000000000E+000  0.000000000000000E+000
  0.000000000000000E+000  0.000000000000000E+000  0.000000000000000E+000
  0.000000000000000E+000  0.000000000000000E+000  0.000000000000000E+000
  0.000000000000000E+000  0.000000000000000E+000  0.000000000000000E+000
  0.000000000000000E+000  0.000000000000000E+000  0.000000000000000E+000
  0.000000000000000E+000  0.000000000000000E+000  0.000000000000000E+000
  0.000000000000000E+000  0.000000000000000E+000  0.000000000000000E+000
  0.000000000000000E+000  0.000000000000000E+000  0.000000000000000E+000
  0.000000000000000E+000  0.000000000000000E+000  0.000000000000000E+000
  0.000000000000000E+000  0.000000000000000E+000  0.000000000000000E+000
  0.000000000000000E+000  0.000000000000000E+000  0.000000000000000E+000
  0.000000000000000E+000  0.000000000000000E+000  0.000000000000000E+000
  0.000000000000000E+000  0.000000000000000E+000  0.000000000000000E+000
  0.000000000000000E+000  0.000000000000000E+000  0.000000000000000E+000
  0.000000000000000E+000  0.000000000000000E+000  0.000000000000000E+000
  0.000000000000000E+000  0.000000000000000E+000  0.000000000000000E+000
  0.000000000000000E+000  0.000000000000000E+000  0.000000000000000E+000
  0.000000000000000E+000  0.000000000000000E+000  0.000000000000000E+000
  0.000000000000000E+000  0.000000000000000E+000  0.000000000000000E+000
  0.000000000000000E+000  0.000000000000000E+000  0.000000000000000E+000
  0.000000000000000E+000  0.000000000000000E+000  0.000000000000000E+000
  0.000000000000000E+000  0.000000000000000E+000  0.000000000000000E+000
  0.000000000000000E+000  0.000000000000000E+000  0.000000000000000E+000
  0.000000000000000E+000  0.000000000000000E+000  0.000000000000000E+000
  0.000000000000000E+000  0.000000000000000E+000  0.000000000000000E+000
  0.000000000000000E+000  0.000000000000000E+000  0.000000000000000E+000
  0.000000000000000E+000  0.000000000000000E+000  0.000000000000000E+000
  0.000000000000000E+000  0.000000000000000E+000  0.000000000000000E+000
  0.000000000000000E+000  0.000000000000000E+000  0.000000000000000E+000
  0.000000000000000E+000  0.000000000000000E+000  0.000000000000000E+000
  0.000000000000000E+000  0.000000000000000E+000  0.000000000000000E+000
  0.000000000000000E+000  0.000000000000000E+000  0.000000000000000E+000
  0.000000000000000E+000  0.000000000000000E+000  0.000000000000000E+000
 -6.784307916121925E-007  1.718011681525811E-007 -3.925519963759982E-007
  1.129701071940036E-006 -1.453595596224306E-007  3.075959056416877E-006
  8.636795642960884E-006  7.803117143200184E-007  6.542794008651183E-006
  8.652466218146215E-006  5.731371168965419E-008 -1.289364401098750E-005
 -5.935161949938606E-006 -1.991634167413616E-006 -1.794701768501006E-005
 -6.894755270173350E-006 -2.087242593901639E-005 -7.656003594402879E-008
 -3.722387025681096E-005 -6.391199205243093E-005  5.832771892597186E-005
 -1.262361781749735E-005 -1.472733859490307E-005  6.466532403045776E-007
  1.463444635475075E-006 -6.080005652352977E-006 -1.724932685114363E-005
 -3.636064456588377E-006  8.546491945489325E-006 -1.280405687001962E-005
 -5.191674920253283E-006  7.538696874802209E-006  7.304364274732567E-006
 -6.444988213794298E-007  9.887207729977274E-007  3.311781887902454E-006
  6.361984044088136E-007 -4.832066206513751E-007 -4.668992912246457E-007
  0.000000000000000E+000  0.000000000000000E+000  0.000000000000000E+000
  0.000000000000000E+000  0.000000000000000E+000  0.000000000000000E+000
  0.000000000000000E+000  0.000000000000000E+000  0.000000000000000E+000
  0.000000000000000E+000  0.000000000000000E+000  0.000000000000000E+000
 -5.532350782616028E-007  1.461562540300538E-007 -4.666324805834463E-007
  1.280927941821942E-006 -5.403349897893267E-007  2.575587276148341E-006
  9.260191629212955E-006 -1.088875473203967E-006  7.291521267646365E-006
  3.262938995736600E-006 -7.329533512730649E-007 -1.095399131750533E-005
 -5.319481885146299E-006 -8.352323950404039E-006 -2.087355883282454E-005
  1.109840291711076E-006  8.002285935034370E-006  3.075260130089494E-006
 -1.136804894716285E-005 -2.017107935323421E-005  5.182257559657592E-005
  5.365375151864894E-006  4.619347753897732E-006  3.443581188492482E-006
 -4.052312997548357E-006 -8.508028640557801E-006 -2.029705684580084E-005
 -2.420435755148219E-006  2.880686735170611E-006 -1.084052122490812E-005
 -6.472732826020846E-006  7.589030263566155E-006  8.114531372978929E-006
 -1.304634415330656E-006  8.360953691204889E-007  2.729821933058741E-006
  5.003696846758639E-007 -4.185531434959729E-007 -5.266900929567674E-007
  0.000000000000000E+000  0.000000000000000E+000  0.000000000000000E+000
  0.000000000000000E+000  0.000000000000000E+000  0.000000000000000E+000
  0.000000000000000E+000  0.000000000000000E+000  0.000000000000000E+000
  0.000000000000000E+000  0.000000000000000E+000  0.000000000000000E+000
 -1.121869995180812E-006 -9.372608167524242E-007  1.869754076856940E-007
  2.268988087448927E-006  4.096698717470804E-006  1.024379660440950E-006
  8.078915616138389E-006  8.679103385607672E-008  1.112910845882815E-005
  2.155542625122621E-006  5.281682760615896E-006 -8.870651845614977E-006
  1.008881692476872E-006  5.950898413162780E-006 -1.546729042598861E-005
  1.322211059437331E-005  3.479994824690900E-005 -2.079553477788293E-005
  2.041820041980845E-005  3.508679027595254E-005 -1.911614804846857E-005
  1.998773428965605E-005  2.634988012841573E-005 -1.750687086049352E-005
  3.694350236799048E-006  3.807087179929022E-006 -1.634105869454947E-005
  4.254293539713649E-006  5.344658700938452E-006 -8.354963169362411E-006
 -3.749720270729833E-006  7.987400624522848E-006  1.174697127370450E-005
  2.218208163116884E-006  4.077324173237049E-006  1.157438877383842E-006
 -3.539655231520977E-007 -1.590698244643827E-006  1.251609650930491E-007
  0.000000000000000E+000  0.000000000000000E+000  0.000000000000000E+000
  0.000000000000000E+000  0.000000000000000E+000  0.000000000000000E+000
  0.000000000000000E+000  0.000000000000000E+000  0.000000000000000E+000
  0.000000000000000E+000  0.000000000000000E+000  0.000000000000000E+000
 -1.755664913163288E-007  3.102639473681303E-006 -3.706304798184307E-007
 -8.997804208566873E-007 -1.152356980928694E-005  2.794600726060878E-006
  5.628220849955403E-006  8.851297207297385E-006  6.707012180522861E-006
 -5.192192362630548E-007 -2.252742105545027E-005  3.607004442698876E-006
  1.161972164535111E-006  3.888596371676332E-005 -2.433333734102623E-005
  7.752685805038174E-006 -1.628784407307981E-005  4.761575226667205E-006
 -1.495030994763524E-005 -2.524198647991553E-005  4.969895302692557E-005
 -1.636602221640779E-005 -3.995162733704138E-008  2.323681686130316E-006
  3.048029884993271E-005  1.932364901999230E-005 -2.315609756066655E-005
 -2.135547268661703E-005 -1.213395184190688E-005  3.643979797575244E-006
  5.092127269100301E-006  1.028922768329308E-005  7.270634628475020E-006
 -1.065037612372106E-005 -7.030925012156889E-006  2.919345290488341E-006
  2.946565624211638E-006  1.450677748480404E-006 -4.303502488696195E-007
  0.000000000000000E+000  0.000000000000000E+000  0.000000000000000E+000
  0.000000000000000E+000  0.000000000000000E+000  0.000000000000000E+000
  0.000000000000000E+000  0.000000000000000E+000  0.000000000000000E+000
  0.000000000000000E+000  0.000000000000000E+000  0.000000000000000E+000
 -2.750540342332762E-006  7.618634233053495E-006  1.357533364839402E-007
  1.621797354209539E-006  2.135997842222745E-005  1.315384607986629E-006
  6.330528326342346E-006 -3.379363035002226E-005  1.213014723599410E-005
  4.264206123991294E-006 -2.890635897858025E-005  1.674343098837106E-005
  6.485571230499678E-006 -2.961251144572276E-007 -1.523022377381230E-006
 -6.279963521700718E-007 -2.177616661916312E-005  2.786576014782134E-005
 -7.125163911925578E-006 -1.248370552829903E-005  1.058243681505389E-005
 -1.834260593681875E-005 -1.105714886192084E-005  2.599319055887176E-005
 -2.323463453596736E-006  6.141905269209738E-006 -3.438276771994080E-006
 -2.922714225514790E-005 -1.106825437051710E-005  1.773366587978506E-005
 -3.445612892618660E-005 -1.139155433354675E-005  1.281831994293228E-005
  1.865164075023870E-005  1.297061032263145E-005  1.437224114026397E-006
  8.421888922720566E-006  1.452596684529237E-006  9.125895227355948E-008
  0.000000000000000E+000  0.000000000000000E+000  0.000000000000000E+000
  0.000000000000000E+000  0.000000000000000E+000  0.000000000000000E+000
  0.000000000000000E+000  0.000000000000000E+000  0.000000000000000E+000
  0.000000000000000E+000  0.000000000000000E+000  0.000000000000000E+000
 -1.070131832702943E-006  3.549135744558507E-006 -5.215540313767358E-008
 -1.396203427200897E-005  6.061702692993072E-005 -7.252131148490724E-006
 -1.614797112957110E-007  1.041067740964178E-005  1.734473801969220E-006
 -2.670665456210704E-006  1.400107148522532E-005 -4.546560705750328E-006
  3.230121441749019E-006  2.119620541558563E-005 -1.459617002101503E-005
  9.095574912009240E-006  3.091188411541504E-005 -4.003425826469015E-005
  9.000634498429373E-006  1.590665329980326E-005 -4.133268120194087E-005
  2.008111917849462E-005  2.151014187653156E-005 -3.755225737992631E-005
  1.781594680693903E-005  1.356551053622512E-005 -1.711096699863928E-005
  1.524484046466744E-005  5.288789484587141E-006 -5.669833389661303E-006
  8.072851128330080E-006  5.480336572393116E-006  2.636351892546134E-006
  6.257650976649329E-005  1.945216489192521E-005 -7.584319145854598E-006
  3.819735623541736E-006  8.455263768853834E-007 -7.057763089079682E-008
  0.000000000000000E+000  0.000000000000000E+000  0.000000000000000E+000
  0.000000000000000E+000  0.000000000000000E+000  0.000000000000000E+000
  0.000000000000000E+000  0.000000000000000E+000  0.000000000000000E+000
  0.000000000000000E+000  0.000000000000000E+000  0.000000000000000E+000
  9.050192009028839E-007  3.515977940375081E-006  1.162721078564547E-006
  6.068394604708894E-006  2.379244380149035E-007  6.291556481732708E-006
  2.785861052855485E-006 -9.963365206253820E-006  1.193495411842537E-005
 -3.456425489383336E-006  1.794070604852664E-005 -8.083650689836104E-006
  5.298554365065649E-006 -3.296399902309589E-005  4.814663566031836E-005
 -4.101258901903361E-006 -7.390702148160442E-006  2.100260234202247E-005
 -1.096229864584139E-005 -1.853929311248548E-005  1.523255409253001E-005
 -3.981092104865103E-006 -6.799830009679953E-006  1.967681667221590E-005
 -3.475907598810880E-005 -1.420159941650234E-005  5.220936632353929E-005
  1.694529625658678E-005  5.514424693869361E-006 -7.626856726942197E-006
 -1.140246192318061E-005 -2.523766759549471E-006  1.338146475146730E-005
 -2.570132161154770E-006  6.053516314545356E-006  6.696110974361905E-006
  2.743106141638595E-006  2.613296895849767E-006  1.194952538620217E-006
  0.000000000000000E+000  0.000000000000000E+000  0.000000000000000E+000
  0.000000000000000E+000  0.000000000000000E+000  0.000000000000000E+000
  0.000000000000000E+000  0.000000000000000E+000  0.000000000000000E+000
  0.000000000000000E+000  0.000000000000000E+000  0.000000000000000E+000
  1.280842903165399E-006 -1.078340851430333E-006 -3.645767644110606E-007
  1.606988838682757E-005 -2.309648171308108E-005  1.869532472066956E-005
 -5.486964042708613E-006  1.513989589887899E-005 -4.517210475474610E-007
 -4.392391879299475E-006  5.408036646778094E-006 -6.422850971349517E-007
 -2.058747331443650E-006  2.345778831439976E-005 -6.464984692342814E-006
 -1.659086550095114E-006  9.263619948292927E-006 -2.340235899298192E-005
 -1.197478227661025E-005 -1.953332804662033E-005  4.996871147470581E-005
  1.041463264504305E-005  4.322642557095379E-006 -2.868443184802733E-005
  2.150677946541774E-005  9.422172861817809E-006 -6.056908266445642E-006
  9.314086928287914E-006 -1.376874944229503E-006 -2.886877027272025E-006
  1.687155904127207E-005  3.036527122894552E-006  2.410537079024286E-007
 -2.885071515832660E-005  2.744523251596943E-006  1.965134082054237E-005
 -1.625263003659887E-006  5.856028592949345E-007 -3.745892077094462E-007
  0.000000000000000E+000  0.000000000000000E+000  0.000000000000000E+000
  0.000000000000000E+000  0.000000000000000E+000  0.000000000000000E+000
  0.000000000000000E+000  0.000000000000000E+000  0.000000000000000E+000
  0.000000000000000E+000  0.000000000000000E+000  0.000000000000000E+000
  1.688955058106581E-006 -1.497851348724515E-006  1.730294767471457E-006
  7.392408165513154E-007  2.667172686423880E-006  6.683871169836167E-006
 -1.659003111934065E-005  2.248225117594303E-005 -2.234876181125922E-005
  1.000567112088314E-005 -1.293024065706539E-005  3.534845108803159E-005
 -1.691104812346081E-005  3.723134143745520E-005 -5.959007109600485E-005
 -5.990111379478405E-006  4.523595998882700E-006 -1.021971186481914E-006
  5.682069190857346E-006  9.247044530573203E-006 -7.761611890180502E-005
  4.499360888540294E-006 -3.349416201590086E-006  6.985205795013559E-006
  4.103153435268082E-005  4.039001428761938E-006 -6.085858392145216E-005
 -1.571242748143237E-005  1.464012585774226E-006  3.600792269260670E-005
  2.796296351563382E-005 -2.923234152256447E-006 -2.177218061388476E-005
  1.957699078501379E-006  2.263881200969404E-006  7.292561324429260E-006
 -2.204161182752477E-006  7.425900876994859E-007  1.778689367231707E-006
  0.000000000000000E+000  0.000000000000000E+000  0.000000000000000E+000
  0.000000000000000E+000  0.000000000000000E+000  0.000000000000000E+000
  0.000000000000000E+000  0.000000000000000E+000  0.000000000000000E+000
  0.000000000000000E+000  0.000000000000000E+000  0.000000000000000E+000
  5.914806049733619E-007 -9.631960144200339E-008  1.949225375414997E-006
 -1.631723024243000E-007  2.556927166929869E-006 -8.881195289742618E-007
 -3.641967163550913E-006  3.117109913151384E-006  1.415894007565544E-006
  9.874404346728767E-006 -5.705994698140694E-006  2.186356534358078E-005
  1.500446547302705E-006  4.356205180990391E-007  1.024319535348429E-005
  6.828699984376456E-006  9.934650048196892E-007  6.967029347402083E-005
 -3.503693538182554E-006 -5.268832208767083E-006 -1.074813948449809E-005
 -1.975841851566865E-006  6.765537039716459E-006  6.704581200139235E-005
  1.393223138231861E-006  1.003704067251822E-006  7.255579830764233E-006
 -1.205265129786848E-005  6.321664875684378E-006  2.593501639872617E-005
  4.023853680355123E-006 -1.796046673218804E-006  2.506206952634271E-006
  2.643515354361320E-006  1.231415965793913E-006 -7.564211741967637E-007
 -4.465750140233681E-007  5.006740366259917E-007  2.062491758124355E-006
  0.000000000000000E+000  0.000000000000000E+000  0.000000000000000E+000
  0.000000000000000E+000  0.000000000000000E+000  0.000000000000000E+000
  0.000000000000000E+000  0.000000000000000E+000  0.000000000000000E+000
  0.000000000000000E+000  0.000000000000000E+000  0.000000000000000E+000
  0.000000000000000E+000  0.000000000000000E+000  0.000000000000000E+000
  0.000000000000000E+000  0.000000000000000E+000  0.000000000000000E+000
  0.000000000000000E+000  0.000000000000000E+000  0.000000000000000E+000
  0.000000000000000E+000  0.000000000000000E+000  0.000000000000000E+000
  0.000000000000000E+000  0.000000000000000E+000  0.000000000000000E+000
  0.000000000000000E+000  0.000000000000000E+000  0.000000000000000E+000
  0.000000000000000E+000  0.000000000000000E+000  0.000000000000000E+000
  0.000000000000000E+000  0.000000000000000E+000  0.000000000000000E+000
  0.000000000000000E+000  0.000000000000000E+000  0.000000000000000E+000
  0.000000000000000E+000  0.000000000000000E+000  0.000000000000000E+000
  0.000000000000000E+000  0.000000000000000E+000  0.000000000000000E+000
  0.000000000000000E+000  0.000000000000000E+000  0.000000000000000E+000
  0.000000000000000E+000  0.000000000000000E+000  0.000000000000000E+000
  0.000000000000000E+000  0.000000000000000E+000  0.000000000000000E+000
  0.000000000000000E+000  0.000000000000000E+000  0.000000000000000E+000
  0.000000000000000E+000  0.000000000000000E+000  0.000000000000000E+000
  0.000000000000000E+000  0.000000000000000E+000  0.000000000000000E+000
  0.000000000000000E+000  0.000000000000000E+000  0.000000000000000E+000
  0.000000000000000E+000  0.000000000000000E+000  0.000000000000000E+000
  0.000000000000000E+000  0.000000000000000E+000  0.000000000000000E+000
  0.000000000000000E+000  0.000000000000000E+000  0.000000000000000E+000
  0.000000000000000E+000  0.000000000000000E+000  0.000000000000000E+000
  0.000000000000000E+000  0.000000000000000E+000  0.000000000000000E+000
  0.000000000000000E+000  0.000000000000000E+000  0.000000000000000E+000
  0.000000000000000E+000  0.000000000000000E+000  0.000000000000000E+000
  0.000000000000000E+000  0.000000000000000E+000  0.000000000000000E+000
  0.000000000000000E+000  0.000000000000000E+000  0.000000000000000E+000
  0.000000000000000E+000  0.000000000000000E+000  0.000000000000000E+000
  0.000000000000000E+000  0.000000000000000E+000  0.000000000000000E+000
  0.000000000000000E+000  0.000000000000000E+000  0.000000000000000E+000
  0.000000000000000E+000  0.000000000000000E+000  0.000000000000000E+000
  0.000000000000000E+000  0.000000000000000E+000  0.000000000000000E+000
  0.000000000000000E+000  0.000000000000000E+000  0.000000000000000E+000
  0.000000000000000E+000  0.000000000000000E+000  0.000000000000000E+000
 -2.332148637823964E-002  1.359775199328489E-002  5.479886583041476E-002
  0.284939367181489      -1.107384464607407E-002  0.375895207531291     
  0.421539706726144       1.394728452056130E-002  0.160599845876483     
  0.129122177942303      -7.105671282622393E-002 -0.532619258182826     
 -0.131780340217463      -1.380829165865939E-003 -0.368311789939527     
 -2.486191456510306E-002 -0.385670107422361       0.134278187629583     
 -0.748447991864980       -1.28331050195192        1.43341868993558     
 -0.267566739223179      -0.159121739132199       0.115494534454946     
  3.132216862770267E-002 -0.127627798329869      -0.360177861914229     
 -0.128457223504526       6.057260706724275E-002 -0.534081269163030     
 -0.218712839944818       0.343666273961566       0.148262935766742     
 -0.120408861825969       0.252304064041317       0.366116851180045     
  6.319763344829567E-003 -2.047489664989972E-002  5.591019217550945E-002
  0.000000000000000E+000  0.000000000000000E+000  0.000000000000000E+000
  0.000000000000000E+000  0.000000000000000E+000  0.000000000000000E+000
  0.000000000000000E+000  0.000000000000000E+000  0.000000000000000E+000
  0.000000000000000E+000  0.000000000000000E+000  0.000000000000000E+000
 -1.009770396529007E-002  7.474470983520882E-003  3.746367883752327E-002
  0.318878227450547       3.835772306384049E-004  0.350892023585852     
  0.369381490670078      -1.810315236111190E-002  0.248655614260326     
 -4.399616937149829E-003  0.111659041770006      -0.510710585840026     
 -4.010128905717831E-002 -0.129937040765009      -0.420440680135519     
  0.172032321397195       0.104718789596627       0.162434398814006     
 -0.294237216591147      -0.499469075721780        1.34765186583436     
  7.874898885815926E-003  0.218363800645929       0.135285569526698     
 -8.598008562176865E-002 -8.775243266421909E-002 -0.401600288246095     
  0.111583907216523       5.324895773760727E-002 -0.513528247480398     
 -0.201200299905441       0.293204789044667       0.237150081815747     
 -0.134489804447358       0.281991620092490       0.341550643613082     
 -4.701911665165781E-003 -1.170617217739391E-002  3.902095949981048E-002
  0.000000000000000E+000  0.000000000000000E+000  0.000000000000000E+000
  0.000000000000000E+000  0.000000000000000E+000  0.000000000000000E+000
  0.000000000000000E+000  0.000000000000000E+000  0.000000000000000E+000
  0.000000000000000E+000  0.000000000000000E+000  0.000000000000000E+000
  1.014048024833067E-002  6.821753591639075E-003  3.051101836143864E-002
  0.327981914120757      -1.381087295683949E-002  0.319976370851311     
  0.279339122833344       6.848464923917595E-002  0.312729967907879     
 -0.161465531266087      -0.253909153799028      -0.385378522729368     
  0.147748733093430       0.236791878703349      -0.370572661138103     
  0.357341326185927       0.512487356969275      -0.355317570460622     
  0.573382467897056        1.00899075095479      -0.298392235376828     
  0.230447926024935       0.550442314276874      -0.335225927060656     
  0.113762069482170       0.247467824703068      -0.373324855091802     
 -8.731965217263067E-002 -0.241694003128628      -0.389619475378632     
 -6.643714859522930E-002  0.268308403085127       0.298994487344802     
 -0.153686561776322       0.280746190152612       0.311950938059098     
 -1.745349524548399E-002  4.055850882184463E-003  3.193507835465920E-002
  0.000000000000000E+000  0.000000000000000E+000  0.000000000000000E+000
  0.000000000000000E+000  0.000000000000000E+000  0.000000000000000E+000
  0.000000000000000E+000  0.000000000000000E+000  0.000000000000000E+000
  0.000000000000000E+000  0.000000000000000E+000  0.000000000000000E+000
  2.807565887579638E-002 -7.315244837625526E-002  2.667828719143338E-002
  0.318145209406226       8.201754649354737E-002  0.282567903567051     
  0.231963716316612      -0.182901753248720       0.238236097684440     
 -0.217049212805524       0.484013680524805      -0.133806994769461     
 -1.148974703866078E-002 -4.592935799296818E-002 -0.230495165442716     
  5.229954252264454E-002 -0.514956027359712       0.480104588180939     
  0.333323103088124       0.591860081389819      -0.393411160230721     
 -0.461267740621436      -0.192877923828157       0.455985620740251     
 -7.666032185194388E-002 -4.467493106033924E-002 -0.202853652500826     
  0.487131577100207       3.718173604717719E-002 -0.137605144731241     
 -0.273861827485548       9.616828387025436E-002  0.227524501974168     
 -9.823726051609814E-002  0.300581662974337       0.273858126499589     
 -8.780480551371385E-002 -1.530922608325729E-002  2.865160876714953E-002
  0.000000000000000E+000  0.000000000000000E+000  0.000000000000000E+000
  0.000000000000000E+000  0.000000000000000E+000  0.000000000000000E+000
  0.000000000000000E+000  0.000000000000000E+000  0.000000000000000E+000
  0.000000000000000E+000  0.000000000000000E+000  0.000000000000000E+000
  6.066661187613230E-002 -5.429912512105332E-002  4.235556240773761E-002
  0.325363121314376      -5.144186554333752E-002  0.213330240733614     
  8.080758769226846E-002  0.117494255881789       0.242723372751981     
 -0.303847388917339        1.19836626630954      -0.632175470900330     
 -2.760829943382899E-002 -0.581329560925552       0.312274576420100     
 -0.103168628927189      -0.776972845002805        1.00325277778905     
 -0.195486864827596      -0.338033391801371       0.396909286899384     
 -0.611268567048991      -0.466805364752832       0.971089782312641     
 -0.458713753737111      -0.297796504890404       0.280775614817375     
   1.17586231296315       0.330712516289714      -0.626402182542488     
  9.010973173223061E-002  0.131510901277065       0.228121256003342     
 -0.196847486661710       0.252093094847667       0.208827385932442     
 -7.859459906850592E-002  2.506803262515837E-002  4.315213283830899E-002
  0.000000000000000E+000  0.000000000000000E+000  0.000000000000000E+000
  0.000000000000000E+000  0.000000000000000E+000  0.000000000000000E+000
  0.000000000000000E+000  0.000000000000000E+000  0.000000000000000E+000
  0.000000000000000E+000  0.000000000000000E+000  0.000000000000000E+000
  3.806711132196378E-002  2.180642269582093E-002  1.386440882504844E-003
  0.270822884395604       0.164530044689450       0.178112700969120     
 -3.038732253559090E-002  0.198700739680563      -3.875378031162838E-002
  3.479061170441893E-002 -0.732074341165146       0.448493442454046     
 -4.586184918993379E-002  8.542738162838399E-002  7.666615350001364E-002
  0.223247672455916        1.03132885286645       -1.46654452956312     
  0.137825943028770       0.229262041495397      -0.764726608862879     
  0.758252908330111       0.681690446594325       -1.42037008750081     
  7.328073382492227E-002 -1.373197530655972E-002  9.325089191185915E-002
 -0.653026280632279      -0.346349324508672       0.451101214716412     
  0.224937543884192       7.549945627272296E-002 -5.261782939159652E-002
  3.452582530862331E-002  0.313590218224216       0.172700600680807     
  1.030578267500794E-004  4.364586611168617E-002  1.453095769452238E-003
  0.000000000000000E+000  0.000000000000000E+000  0.000000000000000E+000
  0.000000000000000E+000  0.000000000000000E+000  0.000000000000000E+000
  0.000000000000000E+000  0.000000000000000E+000  0.000000000000000E+000
  0.000000000000000E+000  0.000000000000000E+000  0.000000000000000E+000
  4.757936192960165E-002 -1.053218438161204E-002 -1.177143100694908E-002
  4.458995926631089E-002  0.559377927299787      -1.486531382853945E-002
 -0.113142631350920       0.384750088742908      -0.228596310351391     
 -0.100859793324907       0.117300309006444      -0.203173396479382     
  0.185442331176943      -0.319596988018539       0.354608322095143     
  3.547279615693837E-002 -0.297514992307087       0.168062356983541     
 -0.475627917079394      -0.821911663757505        1.25041385231081     
 -0.197353486923070      -6.655212885050406E-002  1.692423989250309E-002
 -0.364549139926638      -1.081303728902796E-002  0.369823235590451     
  7.757907660731218E-002 -6.213182472148263E-002 -0.127503585809663     
  0.381933804593091       7.992650695847077E-002 -0.217313326302490     
  0.456085034746928       0.310037902465738      -9.035318264556830E-003
 -3.244072007219341E-002  3.712904622968893E-002 -1.078872011672739E-002
  0.000000000000000E+000  0.000000000000000E+000  0.000000000000000E+000
  0.000000000000000E+000  0.000000000000000E+000  0.000000000000000E+000
  0.000000000000000E+000  0.000000000000000E+000  0.000000000000000E+000
  0.000000000000000E+000  0.000000000000000E+000  0.000000000000000E+000
  2.973541851484268E-002 -1.467264126933592E-002  1.310964378745271E-002
  6.617710575184396E-004  0.561986145337241      -0.141218758496304     
  5.552082326269499E-002 -0.287237335304171       3.592919295441023E-002
  6.000516344790451E-002 -8.312896012996779E-002 -0.182216193082584     
  0.145639784287382      -6.278517066402650E-002  0.216958768737597     
 -6.922824562258234E-002  0.114904041228217      -0.665579629715820     
  2.127396687493079E-002  1.903605508056496E-002 -0.751574634460625     
  9.605359745539506E-002 -4.077251017736684E-002 -0.575329482514116     
 -9.678840980315861E-002  0.104339272602242       0.173174512736906     
 -9.180419874453354E-002  4.174965550091698E-004 -0.174144489991109     
 -0.276591396521021      -0.110321158579045       4.737273230524097E-002
  0.500063971955733       0.274418078004858      -0.139674422624819     
 -2.956298381986825E-002  1.961144072339312E-002  1.633531582820302E-002
  0.000000000000000E+000  0.000000000000000E+000  0.000000000000000E+000
  0.000000000000000E+000  0.000000000000000E+000  0.000000000000000E+000
  0.000000000000000E+000  0.000000000000000E+000  0.000000000000000E+000
  0.000000000000000E+000  0.000000000000000E+000  0.000000000000000E+000
  6.360473667121838E-002 -1.504579818051974E-002 -6.363016018126191E-003
 -6.994313730726991E-002  0.375507004367490      -0.165625536058970     
  0.446322955964327      -0.694326216408612       0.560063251163352     
 -8.874668172669553E-002  0.166701031545399      -0.539598366113332     
  0.146513888422738      -5.089036584031310E-002 -0.114101765759290     
 -6.257969395228556E-002 -0.199191544948456       0.312619467608317     
 -0.197040715079818      -0.344368846862644       0.507102712902606     
 -0.170606069070370      -0.168106926969445       0.413028252509296     
 -8.542861972199928E-002  9.795116410423159E-002 -0.163643598271381     
  0.176590911454446       7.625702241533602E-003 -0.512125554184876     
 -0.827903642093548       2.529024303447511E-002  0.562032845575680     
  0.379460949915995       0.121476636262438      -0.169917092135483     
 -4.721835699743848E-002  4.759268149684115E-002 -1.615446229855845E-003
  0.000000000000000E+000  0.000000000000000E+000  0.000000000000000E+000
  0.000000000000000E+000  0.000000000000000E+000  0.000000000000000E+000
  0.000000000000000E+000  0.000000000000000E+000  0.000000000000000E+000
  0.000000000000000E+000  0.000000000000000E+000  0.000000000000000E+000
  3.019079097172766E-002 -6.072922399569839E-003 -1.792333812849810E-003
  9.846650344353810E-003  0.105723087326167       1.849678447541755E-002
  6.566699650981705E-002 -0.155775905122915       3.197815421289366E-002
 -0.101324100144244       0.133163524758230      -0.700417217668683     
  7.210041751968745E-003 -4.548206173163876E-002  0.333031355898047     
 -0.234719500061909       6.159953201614711E-002 -0.623054285533157     
 -6.858872471858486E-002 -9.071118981330131E-002   1.38763506606271     
  0.182619183774304      -0.182108752950843      -0.671449494759262     
 -2.799461288222282E-002 -2.389414786385484E-002  0.325261933205605     
  0.158977149464664      -1.405660879984251E-002 -0.694743779377443     
 -0.183834889465330      -2.624663946148859E-002  4.886363413440233E-002
  8.765936918888124E-002  6.023568943110437E-002  1.823792082351560E-002
 -1.976021560735243E-002  2.265502455179029E-002  1.781150493039437E-004
  0.000000000000000E+000  0.000000000000000E+000  0.000000000000000E+000
  0.000000000000000E+000  0.000000000000000E+000  0.000000000000000E+000
  0.000000000000000E+000  0.000000000000000E+000  0.000000000000000E+000
  0.000000000000000E+000  0.000000000000000E+000  0.000000000000000E+000
  0.000000000000000E+000  0.000000000000000E+000  0.000000000000000E+000
  0.000000000000000E+000  0.000000000000000E+000  0.000000000000000E+000
  0.000000000000000E+000  0.000000000000000E+000  0.000000000000000E+000
  0.000000000000000E+000  0.000000000000000E+000  0.000000000000000E+000
  0.000000000000000E+000  0.000000000000000E+000  0.000000000000000E+000
  0.000000000000000E+000  0.000000000000000E+000  0.000000000000000E+000
  0.000000000000000E+000  0.000000000000000E+000  0.000000000000000E+000
  0.000000000000000E+000  0.000000000000000E+000  0.000000000000000E+000
  0.000000000000000E+000  0.000000000000000E+000  0.000000000000000E+000
  0.000000000000000E+000  0.000000000000000E+000  0.000000000000000E+000
  0.000000000000000E+000  0.000000000000000E+000  0.000000000000000E+000
  0.000000000000000E+000  0.000000000000000E+000  0.000000000000000E+000
  0.000000000000000E+000  0.000000000000000E+000  0.000000000000000E+000
  0.000000000000000E+000  0.000000000000000E+000  0.000000000000000E+000
  0.000000000000000E+000  0.000000000000000E+000  0.000000000000000E+000
  0.000000000000000E+000  0.000000000000000E+000  0.000000000000000E+000
  0.000000000000000E+000  0.000000000000000E+000  0.000000000000000E+000
  0.000000000000000E+000  0.000000000000000E+000  0.000000000000000E+000
  0.000000000000000E+000  0.000000000000000E+000  0.000000000000000E+000
  0.000000000000000E+000  0.000000000000000E+000  0.000000000000000E+000
  0.000000000000000E+000  0.000000000000000E+000  0.000000000000000E+000
  0.000000000000000E+000  0.000000000000000E+000  0.000000000000000E+000
  0.000000000000000E+000  0.000000000000000E+000  0.000000000000000E+000
  0.000000000000000E+000  0.000000000000000E+000  0.000000000000000E+000
  0.000000000000000E+000  0.000000000000000E+000  0.000000000000000E+000
  0.000000000000000E+000  0.000000000000000E+000  0.000000000000000E+000
  0.000000000000000E+000  0.000000000000000E+000  0.000000000000000E+000
  0.000000000000000E+000  0.000000000000000E+000  0.000000000000000E+000
  0.000000000000000E+000  0.000000000000000E+000  0.000000000000000E+000
  0.000000000000000E+000  0.000000000000000E+000  0.000000000000000E+000
  0.000000000000000E+000  0.000000000000000E+000  0.000000000000000E+000
  0.000000000000000E+000  0.000000000000000E+000  0.000000000000000E+000
