          80  8.000000000000007E-003  8.000000000000007E-003
  0.000000000000000E+000  0.000000000000000E+000  0.000000000000000E+000
  0.000000000000000E+000  0.000000000000000E+000  0.000000000000000E+000
  3.068250507539916E-002  5.692521459899389E-002 -6.342983153057614E-002
  3.233661268694348E-002  8.268910377964038E-002 -9.663023226084931E-002
  4.202726758501731E-002  0.104054874062199      -0.138213866861368     
  4.556593719214751E-002  0.138275091099020      -0.163239575800987     
  5.235639067002105E-002  0.142749663276590      -0.181566319423921     
  5.958648786711081E-002  0.129716924433564      -0.187017334446472     
  6.912612732757530E-002  0.119777002547752      -0.188635102982867     
  8.249131469302437E-002  0.116472201126799      -0.187015988365183     
  9.740134729513027E-002  0.116740594730668      -0.181572699219543     
  9.696029648996053E-002  0.108657868980709      -0.163260706931873     
  6.911785504145262E-002  8.849518382005805E-002 -0.138249694474590     
  5.541761959933134E-002  6.936689095214943E-002 -9.662192993498984E-002
  3.398393831226800E-002  5.507879726324976E-002 -6.346491546713331E-002
  0.000000000000000E+000  0.000000000000000E+000  0.000000000000000E+000
  0.000000000000000E+000  0.000000000000000E+000  0.000000000000000E+000
  0.000000000000000E+000  0.000000000000000E+000  0.000000000000000E+000
  0.000000000000000E+000  0.000000000000000E+000  0.000000000000000E+000
  2.518566261534475E-002  5.282052162258993E-002 -5.547601068216047E-002
  2.954401727771551E-002  8.567848482504430E-002 -9.551762737749721E-002
  3.579284233847278E-002  0.109855285939190      -0.132775113436668     
  4.185741974658305E-002  0.136951355405802      -0.161897754224248     
  4.896020844276267E-002  0.137021060786305      -0.178587611007398     
  5.722580782276424E-002  0.123319281078260      -0.185089628825391     
  6.553105661206376E-002  0.113549811913408      -0.185906694305176     
  7.813677008668590E-002  0.111235337708729      -0.185099290105876     
  9.413700734838878E-002  0.110940066113723      -0.178597498410573     
  9.764742877200515E-002  0.104761497866082      -0.161915362669072     
  7.723366040570608E-002  8.598240793763445E-002 -0.132798491696538     
  5.940142273370354E-002  6.842753413062624E-002 -9.549845728673888E-002
  3.316199273019977E-002  4.825925970090734E-002 -5.550206619365076E-002
  0.000000000000000E+000  0.000000000000000E+000  0.000000000000000E+000
  0.000000000000000E+000  0.000000000000000E+000  0.000000000000000E+000
  0.000000000000000E+000  0.000000000000000E+000  0.000000000000000E+000
  0.000000000000000E+000  0.000000000000000E+000  0.000000000000000E+000
  2.087586262623955E-002  4.424072325177059E-002 -4.433570889664945E-002
  2.133304813742000E-002  9.226398928806939E-002 -8.948975788578993E-002
  2.833255914490955E-002  0.120983684164170      -0.126547054268331     
  3.388196033449644E-002  0.136621733698794      -0.156230402806900     
  4.309799363758394E-002  0.128076863915082      -0.172471428580956     
  5.020350713696187E-002  0.111301798744597      -0.178385324140329     
  5.842674274695988E-002  0.101236004153707      -0.179864040312669     
  7.124424683308135E-002  9.916595760828383E-002 -0.178412514495568     
  8.932042544743325E-002  0.101380513716569      -0.172490111430665     
  0.101311099596680       9.767838352614039E-002 -0.156232433666546     
  9.056876125299912E-002  8.503031739075771E-002 -0.126546466342830     
  6.917848232145894E-002  6.461737079772663E-002 -8.945384993864730E-002
  2.787555523017564E-002  4.018902333314955E-002 -4.433126648553069E-002
  0.000000000000000E+000  0.000000000000000E+000  0.000000000000000E+000
  0.000000000000000E+000  0.000000000000000E+000  0.000000000000000E+000
  0.000000000000000E+000  0.000000000000000E+000  0.000000000000000E+000
  0.000000000000000E+000  0.000000000000000E+000  0.000000000000000E+000
  1.933633889241589E-002  2.840893361035805E-002 -3.340884306420605E-002
  1.485365926223142E-002  9.522108188492669E-002 -8.006639091723323E-002
  1.983457130184442E-002  0.125352597956982      -0.118008844175918     
  2.627174858112675E-002  0.132741886289190      -0.147133596625408     
  3.408995705187044E-002  0.117105986021744      -0.161153425471324     
  4.146499858076757E-002  9.693529618175659E-002 -0.165576712811833     
  4.912929175658793E-002  8.512683618566905E-002 -0.166147786537045     
  6.320579938498144E-002  8.444251573367076E-002 -0.165641899647900     
  8.433434970629666E-002  8.812353586667393E-002 -0.161189707544243     
  0.101737780162067       8.910039932962935E-002 -0.147116664877852     
  9.853918602264848E-002  7.986782318930298E-002 -0.117980260207366     
  7.496512064592058E-002  6.040241799880970E-002 -7.997675903898543E-002
  1.486091736864178E-002  3.097424873332629E-002 -3.340750398892599E-002
  0.000000000000000E+000  0.000000000000000E+000  0.000000000000000E+000
  0.000000000000000E+000  0.000000000000000E+000  0.000000000000000E+000
  0.000000000000000E+000  0.000000000000000E+000  0.000000000000000E+000
  0.000000000000000E+000  0.000000000000000E+000  0.000000000000000E+000
  1.925144401077829E-002  8.023601044912775E-003 -2.376883372265837E-002
  1.069956812960555E-002  9.365556205396938E-002 -7.029069906333914E-002
  1.668865548925405E-002  0.121956712480711      -0.109651747730987     
  1.930107526121973E-002  0.125075631654013      -0.136682795273842     
  2.791766833258439E-002  0.108182772226234      -0.149770619436916     
  3.423093535900006E-002  8.608913531576569E-002 -0.152133308774025     
  4.291292233544303E-002  7.435196100546808E-002 -0.152378364457231     
  5.749587302482524E-002  7.281212686206480E-002 -0.152265277514318     
  7.972296286934102E-002  7.832449708505300E-002 -0.149841759094080     
  9.857559367448476E-002  7.927004577349468E-002 -0.136655755686753     
  9.714546475074201E-002  7.534458818042172E-002 -0.109582222088716     
  7.567559427460929E-002  5.615028226707426E-002 -7.022847676974348E-002
 -2.748617255632018E-003  2.056055083639768E-002 -2.368978569773348E-002
  0.000000000000000E+000  0.000000000000000E+000  0.000000000000000E+000
  0.000000000000000E+000  0.000000000000000E+000  0.000000000000000E+000
  0.000000000000000E+000  0.000000000000000E+000  0.000000000000000E+000
  0.000000000000000E+000  0.000000000000000E+000  0.000000000000000E+000
  1.294451969987502E-002 -8.395606995582268E-003 -1.500750557956432E-002
  1.469206416655265E-002  9.285041685833129E-002 -6.360801489738553E-002
  1.123039001472643E-002  0.109364735498363      -9.890576613258535E-002
  1.635876655842701E-002  0.117546838221232      -0.126244521837152     
  2.196374767587094E-002  9.862066631474624E-002 -0.137789626414897     
  2.949707284242356E-002  7.911941268540422E-002 -0.139873095109932     
  3.845708058055247E-002  6.661354543648072E-002 -0.139589640413244     
  5.390844594914687E-002  6.529592762604559E-002 -0.140114062964345     
  7.446364054252365E-002  6.841991505638327E-002 -0.137910051633520     
  9.354473030470067E-002  7.297076854795390E-002 -0.126229214213685     
  8.893373513129411E-002  6.435511349664329E-002 -9.880709782244287E-002
  7.305341502999055E-002  5.907815320791550E-002 -6.352202222761899E-002
 -1.382836366392000E-002  7.131914614816150E-003 -1.502506992818022E-002
  0.000000000000000E+000  0.000000000000000E+000  0.000000000000000E+000
  0.000000000000000E+000  0.000000000000000E+000  0.000000000000000E+000
  0.000000000000000E+000  0.000000000000000E+000  0.000000000000000E+000
  0.000000000000000E+000  0.000000000000000E+000  0.000000000000000E+000
  1.478563883264987E-002 -7.146588459748164E-003 -1.245055775305593E-002
  1.231392795162372E-002  7.656717944966672E-002 -5.257026643486169E-002
  1.018265801320347E-002  9.665451201591822E-002 -8.696927451803156E-002
  1.226860851064701E-002  0.103310420420565      -0.112576487418923     
  1.732238814138694E-002  8.861463061154544E-002 -0.124070457695235     
  2.499271937633437E-002  7.176744737788142E-002 -0.127039016828945     
  3.484135624161654E-002  6.033693409541223E-002 -0.127042565387604     
  4.987446728835196E-002  5.776265442757546E-002 -0.127412213135684     
  6.817711889672881E-002  5.945315527040626E-002 -0.124263681141438     
  8.324907759438073E-002  6.229372038963178E-002 -0.112576330867155     
  7.856806678579026E-002  5.718006528644329E-002 -8.688846216193456E-002
  6.000678617619794E-002  4.879718479195529E-002 -5.248597185671638E-002
 -1.349507202998608E-002  9.360775962573615E-003 -1.237436791633583E-002
  0.000000000000000E+000  0.000000000000000E+000  0.000000000000000E+000
  0.000000000000000E+000  0.000000000000000E+000  0.000000000000000E+000
  0.000000000000000E+000  0.000000000000000E+000  0.000000000000000E+000
  0.000000000000000E+000  0.000000000000000E+000  0.000000000000000E+000
  9.088964856962903E-003 -9.188990994354919E-003 -6.511730631757734E-003
  1.382277887648812E-002  5.719861433661479E-002 -4.089836363239577E-002
  8.288492187527864E-003  7.487352795195107E-002 -6.941282774969164E-002
  9.454278134477787E-003  8.257162348425214E-002 -9.208842041750215E-002
  1.317944299521970E-002  7.380147719771728E-002 -0.104875939138039     
  2.027765524275659E-002  6.141429140042159E-002 -0.109374613049311     
  3.006409666043360E-002  5.201501897978775E-002 -0.110625103232392     
  4.332819363603652E-002  4.854717914528936E-002 -0.109879704032905     
  5.743593174081060E-002  4.847213695718380E-002 -0.105140882543021     
  6.672834691974092E-002  4.952742285489472E-002 -9.210542687846614E-002
  6.067858983130772E-002  4.463232874626603E-002 -6.937082456285495E-002
  4.259642691264268E-002  4.049262148896817E-002 -4.082958843013257E-002
 -1.251396804891243E-002  3.328504840305371E-003 -6.447970611633672E-003
  0.000000000000000E+000  0.000000000000000E+000  0.000000000000000E+000
  0.000000000000000E+000  0.000000000000000E+000  0.000000000000000E+000
  0.000000000000000E+000  0.000000000000000E+000  0.000000000000000E+000
  0.000000000000000E+000  0.000000000000000E+000  0.000000000000000E+000
  5.082457614463617E-003 -8.682699752288369E-003 -3.953081512693192E-003
  1.173595134831102E-002  3.481163123541080E-002 -2.541177224268404E-002
  6.405870413748294E-003  4.320643805490169E-002 -4.233261440701952E-002
  6.549865340483088E-003  5.445315817918009E-002 -6.207772641627488E-002
  8.197489211362194E-003  4.950711230597160E-002 -7.364906302103247E-002
  1.325988106898211E-002  4.292075603672861E-002 -7.949886439196849E-002
  2.106692029541558E-002  3.639929050689143E-002 -8.172477867421334E-002
  3.079837060489731E-002  3.316805385088941E-002 -8.002917596489388E-002
  3.885352704940446E-002  3.197923940796916E-002 -7.388273942207167E-002
  4.387170895946373E-002  3.293557670243543E-002 -6.215393591480504E-002
  3.418659449829448E-002  2.720066537868794E-002 -4.225159959826588E-002
  2.429968476800549E-002  2.746619669017652E-002 -2.546160575743469E-002
 -1.003836603700575E-002  1.632910892593495E-004 -3.775911744172900E-003
  0.000000000000000E+000  0.000000000000000E+000  0.000000000000000E+000
  0.000000000000000E+000  0.000000000000000E+000  0.000000000000000E+000
  0.000000000000000E+000  0.000000000000000E+000  0.000000000000000E+000
  0.000000000000000E+000  0.000000000000000E+000  0.000000000000000E+000
  4.693450709579021E-004 -3.944904965213657E-003 -3.734743896350119E-003
  7.225424678689732E-003  7.432491801093071E-003 -5.967523024120397E-003
  5.089047453528407E-003  1.051703345232387E-002 -1.172837242701027E-002
  7.009070853183004E-003  1.829725949193579E-002 -2.049466643757446E-002
  5.171317314822735E-003  1.827756346587192E-002 -2.574944164101935E-002
  7.030365639778918E-003  1.793022036849273E-002 -3.095246600589723E-002
  9.105153810724739E-003  1.565855600765534E-002 -3.224987064907620E-002
  1.216529169879585E-002  1.523417498837997E-002 -3.127303103567017E-002
  1.325644025878321E-002  1.372130781774411E-002 -2.586879795055042E-002
  1.235138261039458E-002  1.520220257080129E-002 -2.048960908560158E-002
  6.583304476922042E-003  9.688671893206139E-003 -1.174048425408129E-002
  2.830887295161362E-003  9.932344406799097E-003 -5.949499287677558E-003
 -3.640516735578268E-003 -1.537060217068179E-003 -3.712366232779888E-003
  0.000000000000000E+000  0.000000000000000E+000  0.000000000000000E+000
  0.000000000000000E+000  0.000000000000000E+000  0.000000000000000E+000
  0.000000000000000E+000  0.000000000000000E+000  0.000000000000000E+000
  0.000000000000000E+000  0.000000000000000E+000  0.000000000000000E+000
  0.000000000000000E+000  0.000000000000000E+000  0.000000000000000E+000
  0.000000000000000E+000  0.000000000000000E+000  0.000000000000000E+000
  0.000000000000000E+000  0.000000000000000E+000  0.000000000000000E+000
  0.000000000000000E+000  0.000000000000000E+000  0.000000000000000E+000
  0.000000000000000E+000  0.000000000000000E+000  0.000000000000000E+000
  0.000000000000000E+000  0.000000000000000E+000  0.000000000000000E+000
  0.000000000000000E+000  0.000000000000000E+000  0.000000000000000E+000
  0.000000000000000E+000  0.000000000000000E+000  0.000000000000000E+000
  0.000000000000000E+000  0.000000000000000E+000  0.000000000000000E+000
  0.000000000000000E+000  0.000000000000000E+000  0.000000000000000E+000
  0.000000000000000E+000  0.000000000000000E+000  0.000000000000000E+000
  0.000000000000000E+000  0.000000000000000E+000  0.000000000000000E+000
  0.000000000000000E+000  0.000000000000000E+000  0.000000000000000E+000
  0.000000000000000E+000  0.000000000000000E+000  0.000000000000000E+000
  0.000000000000000E+000  0.000000000000000E+000  0.000000000000000E+000
  0.000000000000000E+000  0.000000000000000E+000  0.000000000000000E+000
  0.000000000000000E+000  0.000000000000000E+000  0.000000000000000E+000
  0.000000000000000E+000  0.000000000000000E+000  0.000000000000000E+000
  0.000000000000000E+000  0.000000000000000E+000  0.000000000000000E+000
  0.000000000000000E+000  0.000000000000000E+000  0.000000000000000E+000
  0.000000000000000E+000  0.000000000000000E+000  0.000000000000000E+000
  0.000000000000000E+000  0.000000000000000E+000  0.000000000000000E+000
  0.000000000000000E+000  0.000000000000000E+000  0.000000000000000E+000
  0.000000000000000E+000  0.000000000000000E+000  0.000000000000000E+000
  0.000000000000000E+000  0.000000000000000E+000  0.000000000000000E+000
  0.000000000000000E+000  0.000000000000000E+000  0.000000000000000E+000
  0.000000000000000E+000  0.000000000000000E+000  0.000000000000000E+000
  0.000000000000000E+000  0.000000000000000E+000  0.000000000000000E+000
  0.000000000000000E+000  0.000000000000000E+000  0.000000000000000E+000
  0.000000000000000E+000  0.000000000000000E+000  0.000000000000000E+000
  0.000000000000000E+000  0.000000000000000E+000  0.000000000000000E+000
  0.000000000000000E+000  0.000000000000000E+000  0.000000000000000E+000
  0.000000000000000E+000  0.000000000000000E+000  0.000000000000000E+000
  0.000000000000000E+000  0.000000000000000E+000  0.000000000000000E+000
  2.080242533580020E-002 -0.131049728767213      -0.202036293748641     
 -0.126918026804839       6.828274304174238E-002 -0.397242367306992     
 -0.241996565460395      -0.145871619341150      -0.483767093561927     
 -0.294162123190799       0.117900898250447      -0.334009137231674     
 -0.158775009843326       0.269937257555476      -0.178170088163891     
  9.033079209617347E-002  0.435360783178270      -0.250027593363126     
  0.430685103384361       0.745192044413908      -0.457147524488009     
  0.349062965239552       0.315129814038702      -0.256123164641528     
  0.303874230380418      -1.018627026569810E-002 -0.172089597320336     
  0.245501322018432      -0.198711432196295      -0.328161751375678     
  5.598647344552113E-003 -0.279134226971746      -0.482065511297431     
  0.120730079680357      -7.777773244922091E-002 -0.396843706122010     
 -0.123828548696859      -4.759632689602314E-002 -0.203050887477216     
  0.000000000000000E+000  0.000000000000000E+000  0.000000000000000E+000
  0.000000000000000E+000  0.000000000000000E+000  0.000000000000000E+000
  0.000000000000000E+000  0.000000000000000E+000  0.000000000000000E+000
  0.000000000000000E+000  0.000000000000000E+000  0.000000000000000E+000
 -8.545669133849413E-003 -0.120325563907024      -0.173955394517553     
 -0.148385312022700       7.255527831758028E-002 -0.396726533236849     
 -0.253208186133937       2.668398799741626E-002 -0.484676210101436     
 -0.244289496613032       0.299447614435327      -0.375342961289496     
 -8.999916513455311E-002  0.315536785245744      -0.173978920593003     
  4.507335931911974E-002  0.357433145498929      -0.206645352783612     
  0.224431621977269       0.388772865301808      -0.407669852806198     
  0.300494355625511       0.230998877824637      -0.212090211672227     
  0.312547809256884       7.426308782165134E-002 -0.167687961286883     
  0.376454140284788      -6.512956451780752E-002 -0.369682527173111     
  0.158350088608462      -0.203200100693542      -0.483375503739433     
  0.135842425992201      -9.378323307691673E-002 -0.396589075198135     
 -9.986276521358617E-002 -6.777514730725621E-002 -0.174872392285679     
  0.000000000000000E+000  0.000000000000000E+000  0.000000000000000E+000
  0.000000000000000E+000  0.000000000000000E+000  0.000000000000000E+000
  0.000000000000000E+000  0.000000000000000E+000  0.000000000000000E+000
  0.000000000000000E+000  0.000000000000000E+000  0.000000000000000E+000
 -3.462237445164901E-002 -0.105980805553739      -0.147120334581131     
 -0.178142801706935       8.440229124855513E-002 -0.381548783995540     
 -0.267711360000641       0.420684464854381      -0.521799546408568     
 -0.167875333542656       0.672786941491734      -0.471149997510066     
 -1.993659844158838E-002  0.418109249803374      -0.203055545523627     
 -2.296698314553417E-002  9.028476482061519E-002 -6.206650018955798E-002
 -0.196380108869700      -0.340375183539070      -3.406479886340266E-002
  9.803816431280835E-002  3.313732326008614E-002 -6.574035717235259E-002
  0.367946396017804       0.187093298033600      -0.197107805953145     
  0.661036584857141       0.187339980490204      -0.465790492341683     
  0.503253591685064      -1.943161797728850E-002 -0.521077964603550     
  0.161730091913633      -0.112937372904494      -0.381914376862238     
 -7.443471920208300E-002 -8.317198235713097E-002 -0.147944885023065     
  0.000000000000000E+000  0.000000000000000E+000  0.000000000000000E+000
  0.000000000000000E+000  0.000000000000000E+000  0.000000000000000E+000
  0.000000000000000E+000  0.000000000000000E+000  0.000000000000000E+000
  0.000000000000000E+000  0.000000000000000E+000  0.000000000000000E+000
 -4.042369736010328E-002 -8.195661645082011E-002 -0.144230600703523     
 -0.174734850661129       6.893336379325453E-002 -0.353632042865241     
 -0.233308065396446       0.438155982859773      -0.551067152953688     
 -9.051411587401080E-002  0.677032996800201      -0.521862011412824     
  6.685132221192500E-002  0.463174575661701      -0.248619630913790     
  0.242697431595719       0.754783892817448      -0.403436622030452     
  0.302294817446267       0.523694280039900      -0.329732583949015     
  0.531693366775299       0.586708916072540      -0.400606212186300     
  0.358951535360120       0.282723596131459      -0.240778919074987     
  0.626206351571144       0.256611298862656      -0.517612818064344     
  0.503528710952152       2.088319118202660E-002 -0.552634685688455     
  0.144139989843232      -0.117468324600677      -0.353995013357147     
 -5.052604760287030E-002 -7.608359932292315E-002 -0.144985959076468     
  0.000000000000000E+000  0.000000000000000E+000  0.000000000000000E+000
  0.000000000000000E+000  0.000000000000000E+000  0.000000000000000E+000
  0.000000000000000E+000  0.000000000000000E+000  0.000000000000000E+000
  0.000000000000000E+000  0.000000000000000E+000  0.000000000000000E+000
 -4.514637416997277E-002 -4.559242957752559E-002 -0.138640402336681     
 -0.124722410716359      -3.588049915843639E-003 -0.332594431210809     
 -0.136070315600491       9.900089499195490E-002 -0.442596775392459     
  1.425104200292270E-002  0.480434953942409      -0.495073519553989     
  0.176937452240825       0.178928318593523      -9.711343754571997E-002
  0.519946589530300        1.46873226744596      -0.973146112520491     
   1.30631986765611        2.26220284161252       -1.78257161724513     
   1.01647629543379        1.18720928217883      -0.974142767479070     
  5.649424481556230E-002  0.234384237446647      -8.721273280299857E-002
  0.404569247287352       0.249616600470902      -0.492815672251895     
  0.167749780002675      -6.177815094158970E-002 -0.448608120849925     
  5.543257532902851E-002 -0.110193267911404      -0.332509766413799     
 -1.679466188048000E-002 -6.133899173734576E-002 -0.139639596864976     
  0.000000000000000E+000  0.000000000000000E+000  0.000000000000000E+000
  0.000000000000000E+000  0.000000000000000E+000  0.000000000000000E+000
  0.000000000000000E+000  0.000000000000000E+000  0.000000000000000E+000
  0.000000000000000E+000  0.000000000000000E+000  0.000000000000000E+000
 -3.052703111065672E-002 -1.216734411106217E-003 -0.137402842968104     
 -8.691747346091067E-002 -9.860491524920699E-002 -0.300791204826213     
 -2.171344746183965E-002 -5.130424525614226E-002 -0.370919885786113     
  0.104639044236819       0.516498584060050      -0.591932434858478     
  0.294609869911642       0.363557872931357      -0.249605298535450     
  0.548892520039402        1.24209168001216      -0.845994346341883     
   1.24345740756308        2.14997831428747       -1.85064870018369     
  0.810605198096692        1.10196611295867      -0.853949900907676     
  0.166708081273441       0.433541115181408      -0.246801765102243     
  0.395346501717202       0.348019814388217      -0.593570244106429     
 -1.833484091504411E-002 -3.832996366317883E-002 -0.379324809394563     
 -4.104091949442513E-002 -0.122857637336738      -0.301749280759816     
  1.342578158536680E-002 -2.686631868790479E-002 -0.137958559894003     
  0.000000000000000E+000  0.000000000000000E+000  0.000000000000000E+000
  0.000000000000000E+000  0.000000000000000E+000  0.000000000000000E+000
  0.000000000000000E+000  0.000000000000000E+000  0.000000000000000E+000
  0.000000000000000E+000  0.000000000000000E+000  0.000000000000000E+000
 -3.976800433465087E-002 -2.547506041967991E-002 -0.111105519301614     
 -4.315685705999039E-002 -9.080127393448229E-002 -0.276870011662400     
  6.064558384032344E-002 -4.696015835188122E-002 -0.362628760871199     
  0.155312410406944       0.718286289465800      -0.800573981892271     
  0.371869942696272        1.01217134136544      -0.949436869295628     
  0.552798879249308        1.11902163061471      -0.817830914541630     
  0.751460436475713        1.29778764590297      -0.919641194442934     
  0.695615858654980        1.03807924689572      -0.819114912863829     
  0.692525460067811       0.826731596686355      -0.951086301768731     
  0.544058147402328       0.492379028806355      -0.802518839161228     
 -6.063984312139123E-002  3.274325353003591E-002 -0.369451405811092     
 -5.031014634509999E-002 -7.947556653269665E-002 -0.279726498425779     
 -4.218765701020228E-003 -4.658381353146951E-002 -0.110919227399390     
  0.000000000000000E+000  0.000000000000000E+000  0.000000000000000E+000
  0.000000000000000E+000  0.000000000000000E+000  0.000000000000000E+000
  0.000000000000000E+000  0.000000000000000E+000  0.000000000000000E+000
  0.000000000000000E+000  0.000000000000000E+000  0.000000000000000E+000
 -2.962728545640171E-002 -1.732897984534445E-002 -9.007908727789178E-002
 -1.909993130430701E-003 -7.392336172799162E-002 -0.245698097636882     
  0.112336940393600       4.258291405989039E-002 -0.376510824075880     
  0.169206576609472       0.795579967353830      -0.915590912768997     
  0.295517261873884        1.11046565141501       -1.24381823880522     
  0.441204065636266       0.813379050630509      -0.707599726413472     
  0.319684169362880       0.554113565299447       9.962948306640874E-002
  0.474032673933117       0.779982309508658      -0.688728893557472     
  0.814921174897491       0.811057771578380       -1.24932077538627     
  0.601459705561307       0.542489645987206      -0.915269670907377     
 -1.500173515829870E-002  0.120154041443651      -0.380152252280229     
 -5.545539330035607E-002 -3.512201984206110E-002 -0.249281121515546     
 -1.384786600449926E-003 -3.378142049461041E-002 -8.889134062203592E-002
  0.000000000000000E+000  0.000000000000000E+000  0.000000000000000E+000
  0.000000000000000E+000  0.000000000000000E+000  0.000000000000000E+000
  0.000000000000000E+000  0.000000000000000E+000  0.000000000000000E+000
  0.000000000000000E+000  0.000000000000000E+000  0.000000000000000E+000
 -1.275905392629293E-002 -1.084248523783423E-002 -5.594558998534990E-002
  1.945331401130742E-002 -5.567665750176146E-002 -0.175252164270416     
  0.100162919717750       0.144758179061325      -0.345029016827621     
  9.999522245089922E-002  0.714884778990323      -0.898040555024729     
  0.252699348630626       0.416938164103708      -0.492896131018829     
  0.167471990701070      -4.258177479921158E-002  0.567476664045697     
  6.849867302660528E-002  0.123431750599331       0.836418090272775     
 -0.130698018552266       0.119804290309971       0.590877054079218     
  0.238877011826362       0.428584375214731      -0.507804384733031     
  0.569406667413934       0.443684037830735      -0.900563324143536     
  7.501725805520891E-002  0.158964819830450      -0.344328426286819     
 -5.331938764123263E-002 -8.126519780490673E-003 -0.179074873845465     
 -3.588952067364599E-003 -1.608056164208732E-002 -5.350305037177679E-002
  0.000000000000000E+000  0.000000000000000E+000  0.000000000000000E+000
  0.000000000000000E+000  0.000000000000000E+000  0.000000000000000E+000
  0.000000000000000E+000  0.000000000000000E+000  0.000000000000000E+000
  0.000000000000000E+000  0.000000000000000E+000  0.000000000000000E+000
 -1.406179435888574E-002 -1.703867155091227E-002 -6.495667441334954E-002
  3.493829062650969E-002 -5.704097767398867E-002 -6.499354739155487E-002
  0.128404313243580       5.253972270339873E-002 -0.172521245489763     
  0.126554623681348       0.330205085575344      -0.381736859365746     
  8.993377526779843E-002  8.353911457701105E-004  0.173321340567951     
  2.971566433071260E-002 -0.254812552701879       0.973628977219802     
  7.566639038893554E-002  0.132397279470219       0.104226348442922     
 -0.237505505984051      -9.965661962243041E-002  0.976240490860150     
 -3.954405092557561E-002  8.053861595121829E-002  0.161743196803603     
  0.222810296607184       0.275987053999286      -0.385100622227746     
 -1.840371935120572E-002  0.136851535807257      -0.172312538286278     
 -6.625010083956456E-002  2.844931372763300E-003 -6.451409209898867E-002
 -7.897772526236673E-003 -2.093930472209661E-002 -6.563461844956002E-002
  0.000000000000000E+000  0.000000000000000E+000  0.000000000000000E+000
  0.000000000000000E+000  0.000000000000000E+000  0.000000000000000E+000
  0.000000000000000E+000  0.000000000000000E+000  0.000000000000000E+000
  0.000000000000000E+000  0.000000000000000E+000  0.000000000000000E+000
  0.000000000000000E+000  0.000000000000000E+000  0.000000000000000E+000
  0.000000000000000E+000  0.000000000000000E+000  0.000000000000000E+000
  0.000000000000000E+000  0.000000000000000E+000  0.000000000000000E+000
  0.000000000000000E+000  0.000000000000000E+000  0.000000000000000E+000
  0.000000000000000E+000  0.000000000000000E+000  0.000000000000000E+000
  0.000000000000000E+000  0.000000000000000E+000  0.000000000000000E+000
  0.000000000000000E+000  0.000000000000000E+000  0.000000000000000E+000
  0.000000000000000E+000  0.000000000000000E+000  0.000000000000000E+000
  0.000000000000000E+000  0.000000000000000E+000  0.000000000000000E+000
  0.000000000000000E+000  0.000000000000000E+000  0.000000000000000E+000
  0.000000000000000E+000  0.000000000000000E+000  0.000000000000000E+000
  0.000000000000000E+000  0.000000000000000E+000  0.000000000000000E+000
  0.000000000000000E+000  0.000000000000000E+000  0.000000000000000E+000
  0.000000000000000E+000  0.000000000000000E+000  0.000000000000000E+000
  0.000000000000000E+000  0.000000000000000E+000  0.000000000000000E+000
  0.000000000000000E+000  0.000000000000000E+000  0.000000000000000E+000
  0.000000000000000E+000  0.000000000000000E+000  0.000000000000000E+000
  0.000000000000000E+000  0.000000000000000E+000  0.000000000000000E+000
  0.000000000000000E+000  0.000000000000000E+000  0.000000000000000E+000
  0.000000000000000E+000  0.000000000000000E+000  0.000000000000000E+000
  0.000000000000000E+000  0.000000000000000E+000  0.000000000000000E+000
  0.000000000000000E+000  0.000000000000000E+000  0.000000000000000E+000
  0.000000000000000E+000  0.000000000000000E+000  0.000000000000000E+000
  0.000000000000000E+000  0.000000000000000E+000  0.000000000000000E+000
  0.000000000000000E+000  0.000000000000000E+000  0.000000000000000E+000
  0.000000000000000E+000  0.000000000000000E+000  0.000000000000000E+000
  0.000000000000000E+000  0.000000000000000E+000  0.000000000000000E+000
  0.000000000000000E+000  0.000000000000000E+000  0.000000000000000E+000
  0.000000000000000E+000  0.000000000000000E+000  0.000000000000000E+000
  0.000000000000000E+000  0.000000000000000E+000  0.000000000000000E+000
  0.000000000000000E+000  0.000000000000000E+000  0.000000000000000E+000
  0.000000000000000E+000  0.000000000000000E+000  0.000000000000000E+000
  0.000000000000000E+000  0.000000000000000E+000  0.000000000000000E+000
  0.000000000000000E+000  0.000000000000000E+000  0.000000000000000E+000
   472.924471424932        914.115669095608       -5264.85063205978     
   22.9353974122613        974.248809265803       -9209.34666382200     
  -73.7622678773506       -2360.96388205347       -13171.8519483618     
  -818.722097139331        3662.15695685050       -12809.6239232177     
  -124.201287524897       -3738.29485469129       -8297.65020655972     
   1192.39624362337       -466.045842238607       -8777.13147336887     
   9133.72009107351        15955.6978215276       -14796.4552392825     
  -1337.84059232811        610.162372517845       -8670.76803487913     
  -3143.17795668839       -1787.63499728502       -8380.48200966228     
   3640.22706754076        1308.11362403727       -12900.4901613476     
  -2263.17326541328       -1235.81856190615       -13243.6381434364     
   800.912720658952        566.519381778139       -9271.40772774056     
   506.500060239278        863.309035520541       -5328.05616282026     
  0.000000000000000E+000  0.000000000000000E+000  0.000000000000000E+000
  0.000000000000000E+000  0.000000000000000E+000  0.000000000000000E+000
  0.000000000000000E+000  0.000000000000000E+000  0.000000000000000E+000
  0.000000000000000E+000  0.000000000000000E+000  0.000000000000000E+000
  -47.8798980645034        551.219033977389       -4468.76196078001     
  -364.055943821500        1225.03633746721       -9041.80600434171     
  -579.907088149346        1351.66213544110       -12692.5685473471     
  -213.974213116315        5538.27635392411       -13431.4218153691     
   1033.82329210565       -2666.08177376600       -8530.50652422128     
   561.453343880672       -642.808475068865       -8569.39455234992     
   4865.59890966863        8546.96978885690       -14226.6114616602     
  -1092.05322283126        92.2326043288651       -8484.27274497389     
  -2858.17683656033       -290.046209566242       -8607.94958532436     
   4965.52743781691        2778.50160423792       -13528.2047068411     
   1293.54788796347        229.112523352173       -12757.8283290603     
   1193.70918883151        355.227873734789       -9103.90223121680     
   458.825286052455        225.346629762228       -4521.44683901583     
  0.000000000000000E+000  0.000000000000000E+000  0.000000000000000E+000
  0.000000000000000E+000  0.000000000000000E+000  0.000000000000000E+000
  0.000000000000000E+000  0.000000000000000E+000  0.000000000000000E+000
  0.000000000000000E+000  0.000000000000000E+000  0.000000000000000E+000
  -334.469095929382       -72.2870540975549       -3576.22895530048     
  -1015.49521749055        1345.78521835857       -8324.48388959151     
  -1273.18857977476        10067.0293757459       -12852.8760825323     
   720.977669969694        9919.87612103122       -14651.4978038911     
   2009.60121114969       -1104.12637524081       -8978.28126480672     
  -224.421374863857       -4470.31702768312       -6903.80330491122     
  -1593.02156002503       -2657.58538904847       -9767.23633838938     
  -3863.22792586026       -2371.84649202729       -6888.38753709163     
  -2046.01903140001        1277.64575395235       -9036.52934090874     
   8323.44122623457        5777.06990136464       -14761.0793439078     
   9349.35319403260        4064.63798585221       -12920.1310527052     
   1596.43713043216       -161.994801837298       -8376.17727581010     
   65.4474069127864       -328.876600215537       -3619.01187843129     
  0.000000000000000E+000  0.000000000000000E+000  0.000000000000000E+000
  0.000000000000000E+000  0.000000000000000E+000  0.000000000000000E+000
  0.000000000000000E+000  0.000000000000000E+000  0.000000000000000E+000
  0.000000000000000E+000  0.000000000000000E+000  0.000000000000000E+000
  -257.292641636900       -397.177236760163       -3089.00071798052     
  -538.155745684366       -2544.34842267658       -6165.81217179377     
  -789.486549439452        8314.71398518674       -12011.2171668041     
   1224.75230308208        6495.16292488704       -12638.4974606130     
   2227.47099122349        7571.10538351743       -12450.2899228677     
   3137.43076363228        8489.93565713336       -13860.9341514548     
   1602.04931034321        2815.70974559678       -12360.4198139952     
   5827.20412546577        7087.10245720791       -13939.9027606176     
   5163.38822247877        5587.38250275400       -12349.2492983868     
   4995.99788152716        4388.16873721246       -12705.4693109277     
   7755.04708801676        3639.24002461945       -12108.1952062267     
  -2025.58383064366       -1695.58298685983       -6197.52651380682     
  -238.528121350198       -421.072397339282       -3123.77429069008     
  0.000000000000000E+000  0.000000000000000E+000  0.000000000000000E+000
  0.000000000000000E+000  0.000000000000000E+000  0.000000000000000E+000
  0.000000000000000E+000  0.000000000000000E+000  0.000000000000000E+000
  0.000000000000000E+000  0.000000000000000E+000  0.000000000000000E+000
  -701.507451966018       -223.420681758152       -2473.75232067511     
   1057.08963266609       -7327.58300570861       -3760.41682815096     
  -654.660461388130        4608.59463518448       -8852.16322322558     
   727.568843564876        14497.0466685382       -14746.6515234780     
   1651.68545186480        7635.18911769671       -13031.4271772296     
   3063.29933875933        10741.9749414890       -15574.8191428345     
   5391.66649358528        9353.33843218163       -15853.6587626446     
   7881.06926232595        8137.75310281885       -15738.0351466733     
   5509.26001920160        5075.32225230051       -12852.3920835450     
   12085.0806781012        7856.85962873146       -14763.6184391008     
   4548.02840875069        1905.47503567023       -8982.11107075673     
  -6993.95614078085       -2746.57489722339       -3754.39807312537     
   148.660722035385       -699.967872623027       -2510.23796089645     
  0.000000000000000E+000  0.000000000000000E+000  0.000000000000000E+000
  0.000000000000000E+000  0.000000000000000E+000  0.000000000000000E+000
  0.000000000000000E+000  0.000000000000000E+000  0.000000000000000E+000
  0.000000000000000E+000  0.000000000000000E+000  0.000000000000000E+000
  -374.690299131237       -36.1636609116439       -2383.39690368449     
   889.319379040669       -8211.26508065479       -1708.17271735981     
  -1585.85688823827        8720.82713553308       -8517.19106599560     
  -650.678522067960        13932.5318740882       -13870.1920358949     
   21.3353208520249       -924.801294746918       -5249.68158508566     
   3400.29465515190        12370.2489799933       -15661.5235409501     
   9823.15793120849        16943.9078236666       -22052.6419129572     
   8938.47155653740        9008.67289271330       -15599.5348643904     
  -788.119246412599       -424.317557428794       -5343.40908782713     
   12392.4948802527        6417.67145723479       -13939.5663607320     
   8412.71592050122        3050.02228506451       -8586.25316530720     
  -7685.20084742723       -3330.15995680558       -1684.66725810177     
   149.025306048788       -355.491647323029       -2398.35283646017     
  0.000000000000000E+000  0.000000000000000E+000  0.000000000000000E+000
  0.000000000000000E+000  0.000000000000000E+000  0.000000000000000E+000
  0.000000000000000E+000  0.000000000000000E+000  0.000000000000000E+000
  0.000000000000000E+000  0.000000000000000E+000  0.000000000000000E+000
  -418.683115426338       -532.350042556602       -1667.55032450157     
   49.8052876942732       -4323.20108834682       -1322.98945881711     
  -1556.01363798471        6483.95396287666       -6648.23663885957     
  -45.4453880281145        233.308067026366       -3315.21047173415     
   24.6408599564424       -1698.68981091933       -880.098110284935     
   4381.05539674646        15214.9019693616       -19467.8458816027     
   9533.55269626967        16471.7783248870       -19783.6244414932     
   10972.1909386619        11341.4356715403       -19503.0754554939     
  -1225.39188865024       -721.458018713289       -1240.12443931006     
   400.663083370439        159.601762315787       -3518.32290740130     
   6272.44970990764        1876.62676628532       -6607.53235638296     
  -3898.14041836272       -2138.39611573267       -1286.01597091228     
  -253.320887542017       -622.657112010544       -1680.93594433620     
  0.000000000000000E+000  0.000000000000000E+000  0.000000000000000E+000
  0.000000000000000E+000  0.000000000000000E+000  0.000000000000000E+000
  0.000000000000000E+000  0.000000000000000E+000  0.000000000000000E+000
  0.000000000000000E+000  0.000000000000000E+000  0.000000000000000E+000
  -278.064510821672       -273.875744101114       -1001.76027770593     
  -487.538952490558       -1544.74745837088       -1507.74262337281     
  -223.096053492245        340.549594609804       -2171.02402279554     
   482.997191092757       -1613.46460845773        549.447749390842     
   402.756558392254        5291.98277607518       -8344.39595430498     
   1918.40482969242        2453.58412545217       -3858.55031543373     
   3955.77968906312        6882.24332186595       -3145.17606488991     
   1087.24471577420        2806.96399465339       -3774.67556294184     
   4370.92294181851        2959.15231543417       -8420.63172547407     
  -1550.83078581257       -356.026703760802        389.456031064521     
   350.884973691561       -17.4193339485610       -2162.96860225681     
  -1208.35924029851       -1230.57980648497       -1461.73299446985     
  -89.0320919250743       -372.877984520779       -1005.57849927926     
  0.000000000000000E+000  0.000000000000000E+000  0.000000000000000E+000
  0.000000000000000E+000  0.000000000000000E+000  0.000000000000000E+000
  0.000000000000000E+000  0.000000000000000E+000  0.000000000000000E+000
  0.000000000000000E+000  0.000000000000000E+000  0.000000000000000E+000
  -214.030903319870        42.9828928912530       -459.669136919856     
  -319.123076392007       -1102.57597394810       -886.195228531050     
   117.807682279923       -538.408965452485       -554.325596976262     
   142.819289227569        2596.50762159446       -3045.75636748617     
   282.194173636225        363.665729664274       -3299.64907254519     
   648.430250933975       -5456.35663751404        13646.6115736727     
   1074.51701230800        1928.44000780378        4146.90454450591     
  -5125.66145079973       -2144.14195075858        13682.5074876097     
   188.672888126097        419.337282770671       -3413.82401475564     
   2016.31140274689        1363.75983523417       -2900.57535093974     
  -516.286959986302       -144.932297507812       -605.421404990075     
  -835.775439777135       -847.781419753689       -874.884026708040     
   142.645272667104       -159.203801895373       -443.803818297868     
  0.000000000000000E+000  0.000000000000000E+000  0.000000000000000E+000
  0.000000000000000E+000  0.000000000000000E+000  0.000000000000000E+000
  0.000000000000000E+000  0.000000000000000E+000  0.000000000000000E+000
  0.000000000000000E+000  0.000000000000000E+000  0.000000000000000E+000
  -123.298611883057       -82.2960439530061       -555.049996238341     
  -142.715467831958       -483.098296366087       -271.767308429428     
   273.777575438902        129.639111110808       -706.183593921959     
  -110.216093004689        1279.72126319330       -1385.07367076721     
   56.5946988220977       -5076.15847579719        8204.76839175832     
   816.800940341691       -2068.14049116022        5998.71761899796     
  -539.387361268775       -890.826661230844        4729.09149862248     
  -2188.47001260825       -260.471615277460        5826.63674785516     
  -4328.32730536987       -2429.40978568836        7985.72345251077     
   1061.60054352709        503.645729229279       -1290.14095636549     
  -29.2959468748986        298.085792890526       -726.089181114598     
  -346.645806564175       -361.166809308821       -269.191882709356     
  -16.9860967228862       -151.759278834102       -561.308480344389     
  0.000000000000000E+000  0.000000000000000E+000  0.000000000000000E+000
  0.000000000000000E+000  0.000000000000000E+000  0.000000000000000E+000
  0.000000000000000E+000  0.000000000000000E+000  0.000000000000000E+000
  0.000000000000000E+000  0.000000000000000E+000  0.000000000000000E+000
  0.000000000000000E+000  0.000000000000000E+000  0.000000000000000E+000
  0.000000000000000E+000  0.000000000000000E+000  0.000000000000000E+000
  0.000000000000000E+000  0.000000000000000E+000  0.000000000000000E+000
  0.000000000000000E+000  0.000000000000000E+000  0.000000000000000E+000
  0.000000000000000E+000  0.000000000000000E+000  0.000000000000000E+000
  0.000000000000000E+000  0.000000000000000E+000  0.000000000000000E+000
  0.000000000000000E+000  0.000000000000000E+000  0.000000000000000E+000
  0.000000000000000E+000  0.000000000000000E+000  0.000000000000000E+000
  0.000000000000000E+000  0.000000000000000E+000  0.000000000000000E+000
  0.000000000000000E+000  0.000000000000000E+000  0.000000000000000E+000
  0.000000000000000E+000  0.000000000000000E+000  0.000000000000000E+000
  0.000000000000000E+000  0.000000000000000E+000  0.000000000000000E+000
  0.000000000000000E+000  0.000000000000000E+000  0.000000000000000E+000
  0.000000000000000E+000  0.000000000000000E+000  0.000000000000000E+000
  0.000000000000000E+000  0.000000000000000E+000  0.000000000000000E+000
  0.000000000000000E+000  0.000000000000000E+000  0.000000000000000E+000
  0.000000000000000E+000  0.000000000000000E+000  0.000000000000000E+000
  0.000000000000000E+000  0.000000000000000E+000  0.000000000000000E+000
  0.000000000000000E+000  0.000000000000000E+000  0.000000000000000E+000
  0.000000000000000E+000  0.000000000000000E+000  0.000000000000000E+000
  0.000000000000000E+000  0.000000000000000E+000  0.000000000000000E+000
  0.000000000000000E+000  0.000000000000000E+000  0.000000000000000E+000
  0.000000000000000E+000  0.000000000000000E+000  0.000000000000000E+000
  0.000000000000000E+000  0.000000000000000E+000  0.000000000000000E+000
  0.000000000000000E+000  0.000000000000000E+000  0.000000000000000E+000
  0.000000000000000E+000  0.000000000000000E+000  0.000000000000000E+000
  0.000000000000000E+000  0.000000000000000E+000  0.000000000000000E+000
  0.000000000000000E+000  0.000000000000000E+000  0.000000000000000E+000
  0.000000000000000E+000  0.000000000000000E+000  0.000000000000000E+000
  0.000000000000000E+000  0.000000000000000E+000  0.000000000000000E+000
  0.000000000000000E+000  0.000000000000000E+000  0.000000000000000E+000
  0.000000000000000E+000  0.000000000000000E+000  0.000000000000000E+000
