          80  8.000000000000007E-003  8.000000000000007E-003
  0.000000000000000E+000  0.000000000000000E+000  0.000000000000000E+000
  0.000000000000000E+000  0.000000000000000E+000  0.000000000000000E+000
  2.738598108721594E-002  4.072316711918433E-002 -5.024431615089604E-002
  2.475998732947729E-002  8.720937322103686E-002 -7.689245069113410E-002
  3.309029137294602E-002  0.107465757017601      -0.106611629053270     
  3.682214409829650E-002  0.134258081570078      -0.124115954458569     
  4.255288236644736E-002  0.127596938355223      -0.134731678914112     
  4.798269752739271E-002  0.110226178106407      -0.137144940228587     
  5.623460917709708E-002  9.744811795631672E-002 -0.137621097681069     
  7.140467638300113E-002  9.666186897498423E-002 -0.137137836965873     
  8.917918911252558E-002  0.100661819860621      -0.134729247298574     
  9.784546593417275E-002  9.905437514065109E-002 -0.124125350123594     
  7.655147200187447E-002  8.244546402520564E-002 -0.106642685300307     
  6.312955701921169E-002  6.505236388386490E-002 -7.689067030383279E-002
  2.160325261913766E-002  4.411429830445285E-002 -5.029350880498994E-002
  0.000000000000000E+000  0.000000000000000E+000  0.000000000000000E+000
  0.000000000000000E+000  0.000000000000000E+000  0.000000000000000E+000
  0.000000000000000E+000  0.000000000000000E+000  0.000000000000000E+000
  0.000000000000000E+000  0.000000000000000E+000  0.000000000000000E+000
  2.367961128556467E-002  3.685737936249091E-002 -4.409468895409323E-002
  2.257554849228780E-002  8.513355388660031E-002 -7.563497765880803E-002
  2.879804138832404E-002  0.109162730442779      -0.102658717767676     
  3.372731302422673E-002  0.128840278973696      -0.122641805445100     
  4.021225480551625E-002  0.121610816643880      -0.132074645505075     
  4.611126925116182E-002  0.103931131438542      -0.135263391768826     
  5.335824125021319E-002  9.246183066995109E-002 -0.134919167256550     
  6.689342608891675E-002  9.190104463991990E-002 -0.135264945333260     
  8.516720302098357E-002  9.564470571389638E-002 -0.132075128295556     
  9.468933865532592E-002  9.365579245001758E-002 -0.122649974742210     
  8.014828750168296E-002  7.956233073930902E-002 -0.102678852121934     
  6.241955895631573E-002  6.211458841067886E-002 -7.562922472134512E-002
  2.010169269388713E-002  3.896099887212404E-002 -4.413393872514257E-002
  0.000000000000000E+000  0.000000000000000E+000  0.000000000000000E+000
  0.000000000000000E+000  0.000000000000000E+000  0.000000000000000E+000
  0.000000000000000E+000  0.000000000000000E+000  0.000000000000000E+000
  0.000000000000000E+000  0.000000000000000E+000  0.000000000000000E+000
  1.810763427402521E-002  2.797843464644992E-002 -3.409409538354048E-002
  1.869877845823390E-002  8.303261430805656E-002 -7.084982092131734E-002
  2.156422875584322E-002  0.110871193586513      -9.738054992703042E-002
  2.821554808327445E-002  0.122589801358068      -0.117445276687324     
  3.439545609536293E-002  0.110880678553557      -0.127412334396294     
  4.026239217320498E-002  9.197025808636566E-002 -0.130221246626517     
  4.640722121677020E-002  8.041605359451255E-002 -0.130695514593245     
  5.946215974818193E-002  8.086835015112433E-002 -0.130238553204040     
  7.878122065553649E-002  8.524240068286833E-002 -0.127421401730456     
  9.201704087321820E-002  8.574682401194189E-002 -0.117445837560142     
  8.521469044269510E-002  7.412190078137230E-002 -9.738567475502725E-002
  6.252155064981661E-002  5.769561112829590E-002 -7.082927913278869E-002
  1.518862969926763E-002  2.967256717768669E-002 -3.411597207009923E-002
  0.000000000000000E+000  0.000000000000000E+000  0.000000000000000E+000
  0.000000000000000E+000  0.000000000000000E+000  0.000000000000000E+000
  0.000000000000000E+000  0.000000000000000E+000  0.000000000000000E+000
  0.000000000000000E+000  0.000000000000000E+000  0.000000000000000E+000
  1.955781790396073E-002  1.132509073119606E-002 -2.476651630314195E-002
  9.718117876132743E-003  7.973303571899759E-002 -6.126937597896034E-002
  1.685995410944944E-002  0.109091923377138      -9.008737236015711E-002
  1.902751860533427E-002  0.112154707648057      -0.109866995619135     
  2.616617127966638E-002  9.619148531037078E-002 -0.118892262283525     
  3.035681972950482E-002  7.371394714942829E-002 -0.121363509223281     
  3.577066041079247E-002  6.198288270922465E-002 -0.121448291467547     
  4.862072219451145E-002  6.318255691186662E-002 -0.121405954861806     
  7.018056775000282E-002  7.078392961400655E-002 -0.118915037932974     
  8.756888153093027E-002  7.255687137853720E-002 -0.109862219466343     
  8.599013757750586E-002  6.914548963805114E-002 -9.007105480709435E-002
  6.413572702562628E-002  4.822594943096006E-002 -6.121746446207358E-002
  8.854324669310854E-006  2.259657477341147E-002 -2.477778731516640E-002
  0.000000000000000E+000  0.000000000000000E+000  0.000000000000000E+000
  0.000000000000000E+000  0.000000000000000E+000  0.000000000000000E+000
  0.000000000000000E+000  0.000000000000000E+000  0.000000000000000E+000
  0.000000000000000E+000  0.000000000000000E+000  0.000000000000000E+000
  1.053787599349046E-002 -6.492232318648537E-003 -1.449549779559085E-002
  1.274481118476676E-002  8.061982931030845E-002 -5.467742729201881E-002
  9.042732671290441E-003  9.889734735558230E-002 -8.220683702655014E-002
  1.298861292618342E-002  0.101006228979739      -0.101328956002458     
  1.774173144610196E-002  8.047392974062240E-002 -0.109301570945926     
  2.161343412870658E-002  5.738188131346884E-002 -0.110293510703569     
  2.621029865186224E-002  4.541523430217675E-002 -0.109887205601631     
  3.889302804547255E-002  4.748550146185729E-002 -0.110372632611330     
  6.080186217579988E-002  5.564036759730721E-002 -0.109345323728017     
  8.093077609693916E-002  6.176452074806179E-002 -0.101323415452546     
  8.104990122200080E-002  5.724518489561466E-002 -8.216957636992092E-002
  6.338805900112673E-002  5.132043224247843E-002 -5.461812115183858E-002
 -1.091906543636939E-002  5.828312951022743E-003 -1.448796936591392E-002
  0.000000000000000E+000  0.000000000000000E+000  0.000000000000000E+000
  0.000000000000000E+000  0.000000000000000E+000  0.000000000000000E+000
  0.000000000000000E+000  0.000000000000000E+000  0.000000000000000E+000
  0.000000000000000E+000  0.000000000000000E+000  0.000000000000000E+000
  1.411773575176748E-002 -8.595116540705649E-003 -1.323505923727001E-002
  1.010382772496298E-002  7.293309503182094E-002 -4.626355635804783E-002
  5.631039756940143E-003  8.598846379451180E-002 -7.372644459160912E-002
  7.401692655137311E-003  8.712817626000320E-002 -9.111084201805032E-002
  1.029311801815972E-002  6.551168561329089E-002 -9.776781217341902E-002
  1.444633061691150E-002  4.420891628783846E-002 -9.752488701493786E-002
  1.867454004013762E-002  3.235534001387046E-002 -9.648019425795334E-002
  3.113148768654956E-002  3.473333131928979E-002 -9.766259880699117E-002
  5.159879586541864E-002  4.173358402954849E-002 -9.784398070899782E-002
  7.169883682277048E-002  4.998859372181794E-002 -9.110611498926451E-002
  7.157309791971306E-002  4.784955123301624E-002 -7.367994887987722E-002
  5.806342445151061E-002  4.516165424543340E-002 -4.619855940266422E-002
 -1.451215810395892E-002  7.929973189733101E-003 -1.323666581085098E-002
  0.000000000000000E+000  0.000000000000000E+000  0.000000000000000E+000
  0.000000000000000E+000  0.000000000000000E+000  0.000000000000000E+000
  0.000000000000000E+000  0.000000000000000E+000  0.000000000000000E+000
  0.000000000000000E+000  0.000000000000000E+000  0.000000000000000E+000
  1.114623114813873E-002 -5.226646227306639E-003 -8.360568826919400E-003
  1.057063698685834E-002  5.665320263710331E-002 -3.851574269377829E-002
  3.028087377432466E-003  7.131529675795432E-002 -6.242113924372893E-002
  2.462174288240499E-003  6.924584513586024E-002 -7.805808353981515E-002
  4.635057718519651E-003  5.172996785213479E-002 -8.388771900495202E-002
  8.360410268944456E-003  3.316784073967866E-002 -8.361783778727307E-002
  1.332881221833347E-002  2.308902064426470E-002 -8.247481636672288E-002
  2.467852414507986E-002  2.397480747332221E-002 -8.383603545280977E-002
  4.251866893232363E-002  2.995373618118446E-002 -8.399730204284597E-002
  5.867247915450211E-002  3.678247586037763E-002 -7.805953679827859E-002
  6.019044032734019E-002  3.826644002024542E-002 -6.237332833946554E-002
  4.371934696454974E-002  3.742487646380308E-002 -3.845817248575296E-002
 -1.006648698742831E-002  7.047868749251810E-003 -8.347729322334799E-003
  0.000000000000000E+000  0.000000000000000E+000  0.000000000000000E+000
  0.000000000000000E+000  0.000000000000000E+000  0.000000000000000E+000
  0.000000000000000E+000  0.000000000000000E+000  0.000000000000000E+000
  0.000000000000000E+000  0.000000000000000E+000  0.000000000000000E+000
  9.433388818867959E-003 -6.470401537766249E-003 -7.123908839677292E-003
  1.043272766300339E-002  4.064186555248039E-002 -2.801105513954420E-002
  1.129093960124584E-003  4.977941729336504E-002 -4.731462029771433E-002
  1.708193465922934E-004  5.028280631068818E-002 -6.041611532384732E-002
  1.994369367111948E-004  3.724105363291745E-002 -6.668849515413477E-002
  3.855897672272226E-003  2.429517180577298E-002 -6.778430907224207E-002
  9.153382938360075E-003  1.583274925036603E-002 -6.770589096496345E-002
  1.929443622736192E-002  1.564755348046129E-002 -6.809165491841850E-002
  3.218864160759121E-002  1.886960137427758E-002 -6.681351487144881E-002
  4.339883318737904E-002  2.531666631525058E-002 -6.043086719040357E-002
  4.251303366426718E-002  2.587765401975374E-002 -4.726621786107547E-002
  2.993008975080401E-002  2.927220607018118E-002 -2.797574290405780E-002
 -1.028502417263382E-002  4.984525002477806E-003 -7.083017630001283E-003
  0.000000000000000E+000  0.000000000000000E+000  0.000000000000000E+000
  0.000000000000000E+000  0.000000000000000E+000  0.000000000000000E+000
  0.000000000000000E+000  0.000000000000000E+000  0.000000000000000E+000
  0.000000000000000E+000  0.000000000000000E+000  0.000000000000000E+000
  6.352543050907014E-003 -5.089156526691158E-003 -4.755063924850165E-003
  7.272708547094027E-003  2.140596693231817E-002 -1.531772096929853E-002
  1.852892226216641E-003  2.697609128078867E-002 -2.773213928481323E-002
 -6.187985420656739E-004  2.905965031644716E-002 -3.746566527300096E-002
 -1.729848775884011E-003  2.234404546177961E-002 -4.369213618422450E-002
  4.665376645264020E-004  1.494454910252917E-002 -4.692569161168215E-002
  5.311220674473970E-003  9.145723646957909E-003 -4.830216744688684E-002
  1.287218597781741E-002  7.988150752785288E-003 -4.724078646364867E-002
  2.023148698502260E-002  9.731931318433761E-003 -4.380018490071774E-002
  2.541989806199788E-002  1.400337622077819E-002 -3.746330598030093E-002
  2.243838850609559E-002  1.512001205140305E-002 -2.773172735364811E-002
  1.486417453054166E-002  1.692560879463898E-002 -1.526616693452072E-002
 -7.569563033126611E-003  2.987399513537527E-003 -4.742617517339057E-003
  0.000000000000000E+000  0.000000000000000E+000  0.000000000000000E+000
  0.000000000000000E+000  0.000000000000000E+000  0.000000000000000E+000
  0.000000000000000E+000  0.000000000000000E+000  0.000000000000000E+000
  0.000000000000000E+000  0.000000000000000E+000  0.000000000000000E+000
  1.686402304450134E-003 -3.303490176297855E-003 -1.717043553123726E-003
  4.435666610352915E-003  4.801361022081652E-003 -4.355802907456846E-003
  2.606763591316438E-003  5.712312157474101E-003 -7.190271780736036E-003
  1.780045945643153E-003  8.964994633104011E-003 -1.187539080521607E-002
 -2.012766563714999E-004  7.261143640970139E-003 -1.456434149088175E-002
  8.931423585235969E-005  5.597518755408371E-003 -1.802905608484603E-002
  1.822311347215696E-003  3.071770393778623E-003 -1.932943898469839E-002
  4.886343808224489E-003  2.957894136475599E-003 -1.821459621775755E-002
  6.373888993742177E-003  3.497665777941179E-003 -1.460791026968525E-002
  6.858538163905071E-003  6.012047816902358E-003 -1.186238218783322E-002
  3.652634094484044E-003  5.114519899431802E-003 -7.192608980776836E-003
  1.950574682918853E-003  6.221672848647943E-003 -4.349103416152686E-003
 -3.711122302972063E-003 -1.905467900042241E-004 -1.702856315678457E-003
  0.000000000000000E+000  0.000000000000000E+000  0.000000000000000E+000
  0.000000000000000E+000  0.000000000000000E+000  0.000000000000000E+000
  0.000000000000000E+000  0.000000000000000E+000  0.000000000000000E+000
  0.000000000000000E+000  0.000000000000000E+000  0.000000000000000E+000
  0.000000000000000E+000  0.000000000000000E+000  0.000000000000000E+000
  0.000000000000000E+000  0.000000000000000E+000  0.000000000000000E+000
  0.000000000000000E+000  0.000000000000000E+000  0.000000000000000E+000
  0.000000000000000E+000  0.000000000000000E+000  0.000000000000000E+000
  0.000000000000000E+000  0.000000000000000E+000  0.000000000000000E+000
  0.000000000000000E+000  0.000000000000000E+000  0.000000000000000E+000
  0.000000000000000E+000  0.000000000000000E+000  0.000000000000000E+000
  0.000000000000000E+000  0.000000000000000E+000  0.000000000000000E+000
  0.000000000000000E+000  0.000000000000000E+000  0.000000000000000E+000
  0.000000000000000E+000  0.000000000000000E+000  0.000000000000000E+000
  0.000000000000000E+000  0.000000000000000E+000  0.000000000000000E+000
  0.000000000000000E+000  0.000000000000000E+000  0.000000000000000E+000
  0.000000000000000E+000  0.000000000000000E+000  0.000000000000000E+000
  0.000000000000000E+000  0.000000000000000E+000  0.000000000000000E+000
  0.000000000000000E+000  0.000000000000000E+000  0.000000000000000E+000
  0.000000000000000E+000  0.000000000000000E+000  0.000000000000000E+000
  0.000000000000000E+000  0.000000000000000E+000  0.000000000000000E+000
  0.000000000000000E+000  0.000000000000000E+000  0.000000000000000E+000
  0.000000000000000E+000  0.000000000000000E+000  0.000000000000000E+000
  0.000000000000000E+000  0.000000000000000E+000  0.000000000000000E+000
  0.000000000000000E+000  0.000000000000000E+000  0.000000000000000E+000
  0.000000000000000E+000  0.000000000000000E+000  0.000000000000000E+000
  0.000000000000000E+000  0.000000000000000E+000  0.000000000000000E+000
  0.000000000000000E+000  0.000000000000000E+000  0.000000000000000E+000
  0.000000000000000E+000  0.000000000000000E+000  0.000000000000000E+000
  0.000000000000000E+000  0.000000000000000E+000  0.000000000000000E+000
  0.000000000000000E+000  0.000000000000000E+000  0.000000000000000E+000
  0.000000000000000E+000  0.000000000000000E+000  0.000000000000000E+000
  0.000000000000000E+000  0.000000000000000E+000  0.000000000000000E+000
  0.000000000000000E+000  0.000000000000000E+000  0.000000000000000E+000
  0.000000000000000E+000  0.000000000000000E+000  0.000000000000000E+000
  0.000000000000000E+000  0.000000000000000E+000  0.000000000000000E+000
  0.000000000000000E+000  0.000000000000000E+000  0.000000000000000E+000
  0.000000000000000E+000  0.000000000000000E+000  0.000000000000000E+000
 -0.505467466559726       0.726898801016869        1.16146325208730     
 -0.446562251950024       0.218147711798462        1.69925162431415     
 -0.588142196858064      -7.984213057006437E-002   2.50449388708218     
 -0.520921263571476       0.824201261521479        2.77229416177160     
 -0.463098305032503       0.225320692624560        3.29894168473012     
 -0.600257635681446      -0.695446285455720        3.85129720538554     
 -0.407518063006412      -0.693664508258138        4.01262339239355     
 -0.310931482392602      -0.865126446619835        3.85724519799248     
  0.436092209579292      -0.276230318500127        3.29941260126046     
  0.992792298721616      -2.752909600519323E-002   2.76792637514204     
  0.225842071823204      -0.550639693006948        2.50043819427076     
  0.412107272845178      -0.278022223339010        1.69275188800536     
  0.900976721794692      -6.378824538238512E-002   1.15731759519980     
  0.000000000000000E+000  0.000000000000000E+000  0.000000000000000E+000
  0.000000000000000E+000  0.000000000000000E+000  0.000000000000000E+000
  0.000000000000000E+000  0.000000000000000E+000  0.000000000000000E+000
  0.000000000000000E+000  0.000000000000000E+000  0.000000000000000E+000
 -0.357098215070688       0.615521511290149        1.02994364130361     
 -0.420822701169515       0.259318535015120        1.66824432834756     
 -0.455083600410757       1.764468720546157E-002   2.37805823683021     
 -0.436657062600780       0.510053815423094        2.80601576667644     
 -0.418260093406182      -0.183501236407936        3.33300275477628     
 -0.589219144471160      -0.971660572723716        3.91068438848504     
 -0.584506179780183       -1.00279942665666        4.06627237409219     
 -0.556441388118989      -0.994718079164011        3.91759987038284     
  5.593436741792437E-002 -0.442863755184891        3.33454190515854     
  0.674904535378619      -0.112623517261044        2.80219263197491     
  0.243759789124131      -0.385693149203787        2.37332660668230     
  0.435541673450980      -0.235476717466996        1.66177443284148     
  0.727014478337625       7.615088856051626E-003   1.02680865799546     
  0.000000000000000E+000  0.000000000000000E+000  0.000000000000000E+000
  0.000000000000000E+000  0.000000000000000E+000  0.000000000000000E+000
  0.000000000000000E+000  0.000000000000000E+000  0.000000000000000E+000
  0.000000000000000E+000  0.000000000000000E+000  0.000000000000000E+000
 -0.207919799941647       0.410549300493605       0.865033390388971     
 -0.330934411724945       0.315725250604829        1.53187442744445     
 -0.315893845575945       0.152422842423664        2.23411612392681     
 -0.311194333675715       4.158263050294307E-003   2.78441371669573     
 -0.409328663785248      -0.896590485949417        3.43302328314257     
 -0.710298579310438       -1.59467647324650        3.99614419267086     
 -0.929664850182517       -1.60009907628145        4.15734385066196     
  -1.04036888508931       -1.41611129766536        4.00465873599423     
 -0.570627213960897      -0.794485818800826        3.43673409816316     
  0.170326562407098      -0.257981880062638        2.78128819684589     
  0.290147359229100      -0.197741889644843        2.22929920512400     
  0.439345412400832      -0.129979942330009        1.52574163454688     
  0.469174643055715       3.150350519401812E-002  0.863462669846484     
  0.000000000000000E+000  0.000000000000000E+000  0.000000000000000E+000
  0.000000000000000E+000  0.000000000000000E+000  0.000000000000000E+000
  0.000000000000000E+000  0.000000000000000E+000  0.000000000000000E+000
  0.000000000000000E+000  0.000000000000000E+000  0.000000000000000E+000
 -0.138186778021546       0.217365972877602       0.745184579138517     
 -0.209539666856792       7.856383280553490E-002   1.38614749824063     
 -0.184613998596874      -0.372808972375490        2.13874028033644     
 -0.237363683883979       -1.21733594359019        2.92051248664152     
 -0.512543242810055       -2.09946006026911        3.63117634815242     
 -0.957030082113017       -2.52949403369136        4.15963532351030     
  -1.43484734887089       -2.47608020321137        4.33297438508825     
  -1.72624860752893       -2.09632091060321        4.17143481669090     
  -1.56219679251908       -1.48591491709039        3.63679433017377     
 -0.930559971027390      -0.808781346082403        2.91958945876686     
 -0.234968654308989      -0.349216046892500        2.13530946647584     
  0.168821576486749      -0.146044554935500        1.38137723572467     
  0.260639927238176      -7.701059306233832E-003  0.745907448668620     
  0.000000000000000E+000  0.000000000000000E+000  0.000000000000000E+000
  0.000000000000000E+000  0.000000000000000E+000  0.000000000000000E+000
  0.000000000000000E+000  0.000000000000000E+000  0.000000000000000E+000
  0.000000000000000E+000  0.000000000000000E+000  0.000000000000000E+000
 -0.121837401046741       0.161437929917757       0.611630882502095     
 -0.119174215269826      -0.429163049076360        1.33219835792399     
 -3.369453184699195E-002  -1.16894007950688        2.16937084998126     
 -0.145912882793095       -2.25528143740622        3.11223710062916     
 -0.487816753661273       -2.92629954269023        3.81616727585293     
 -0.975299141595130       -2.89243211111148        4.18052729179296     
  -1.43382386682953       -2.47756984724774        4.21287487714818     
  -2.01540335696795       -2.28006503283752        4.18640177226821     
  -2.28079199471984       -1.87103978345627        3.81827837833375     
  -1.88528550430798       -1.25340321810372        3.11582380021744     
  -1.00661160288756      -0.619801246137414        2.16811381788347     
 -0.319919814309837      -0.323346889097161        1.32898210925900     
  0.201086622577457      -2.398993351289957E-002  0.612809115800373     
  0.000000000000000E+000  0.000000000000000E+000  0.000000000000000E+000
  0.000000000000000E+000  0.000000000000000E+000  0.000000000000000E+000
  0.000000000000000E+000  0.000000000000000E+000  0.000000000000000E+000
  0.000000000000000E+000  0.000000000000000E+000  0.000000000000000E+000
 -0.217579459431978       0.153998239329448       0.518908147845057     
 -9.744230028062543E-003 -0.853141331303744        1.27535567412559     
  3.352417602161340E-003  -1.39634196876461        2.10047760735791     
 -4.128853616318872E-002  -2.19545879104632        2.94601076043013     
 -0.307869375857122       -2.31982702020976        3.35336239620587     
 -0.534472556195110       -1.64181663818917        3.21871435879032     
 -0.728456489740734       -1.26259815422318        3.08068071501934     
  -1.14975949369293       -1.27448735778252        3.22361983941376     
  -1.84290863190235       -1.40947849062152        3.35207523730283     
  -1.89010521424391       -1.13203484854367        2.95238968902986     
  -1.22366479381574      -0.701181285935345        2.10029881647034     
 -0.741617733365499      -0.440553806757344        1.27179065546336     
  0.241786355341515      -0.111924063007255       0.521100518332539     
  0.000000000000000E+000  0.000000000000000E+000  0.000000000000000E+000
  0.000000000000000E+000  0.000000000000000E+000  0.000000000000000E+000
  0.000000000000000E+000  0.000000000000000E+000  0.000000000000000E+000
  0.000000000000000E+000  0.000000000000000E+000  0.000000000000000E+000
 -0.198410562362815       0.134615305875498       0.378745129949789     
 -3.558757853012415E-002 -0.920320201990897        1.16345851574745     
 -4.868344820920081E-002 -0.924538576094805        1.68632432719469     
 -8.912639556122514E-003  -1.49881239030197        2.37717128780038     
 -0.168772764650578       -1.12964907953148        2.34333454590632     
 -0.117857942576494      -0.209947123344460        1.68242443456150     
 -0.163861153055103      -0.288319910601854        1.82840141595068     
 -0.117110849052811      -0.200529207413738        1.68500825660711     
 -0.892866185097957      -0.701062801322372        2.34859868958551     
  -1.30103624420285      -0.751813296565170        2.38191117365818     
 -0.779815276416480      -0.504785917644493        1.68114733107063     
 -0.782291976724881      -0.495313832269940        1.16044484025684     
  0.214804123045280      -0.104985730327603       0.379403483800717     
  0.000000000000000E+000  0.000000000000000E+000  0.000000000000000E+000
  0.000000000000000E+000  0.000000000000000E+000  0.000000000000000E+000
  0.000000000000000E+000  0.000000000000000E+000  0.000000000000000E+000
  0.000000000000000E+000  0.000000000000000E+000  0.000000000000000E+000
 -0.177076664414506       0.125503499674959       0.280168601564130     
 -0.106162570890716      -0.643646994391755       0.897380276902836     
 -0.127547920546095      -0.350743142799478        1.07484710352687     
  4.967306481985728E-002  -1.16742112402496        1.93441610982620     
 -3.045500040657083E-002 -0.764597783158802        1.87671702076918     
 -2.103623914714612E-002 -1.498304053124792E-002   1.13703863552436     
 -8.491713474902421E-002 -0.149761689928155        1.57847531636960     
  7.624842721781403E-003 -2.005005028632693E-002   1.12963268997706     
 -0.652542673171365      -0.405701832109149        1.89129927892784     
  -1.04447323981720      -0.537342571469959        1.93977629847510     
 -0.233241236769813      -0.281131959069999        1.06533768599168     
 -0.505450255776104      -0.415464307412234       0.889506791945607     
  0.199687171229842      -9.063366977063761E-002  0.287067474356566     
  0.000000000000000E+000  0.000000000000000E+000  0.000000000000000E+000
  0.000000000000000E+000  0.000000000000000E+000  0.000000000000000E+000
  0.000000000000000E+000  0.000000000000000E+000  0.000000000000000E+000
  0.000000000000000E+000  0.000000000000000E+000  0.000000000000000E+000
 -0.121398453261929       0.125893393084027       0.230249296437952     
 -0.122011322464544      -0.263887040861230       0.456167736981120     
 -0.138767846444678      -0.124116381302500       0.575769119408287     
  0.146271458080038      -0.961066084094255        1.54841783499358     
  0.113267456964981      -0.580010648972929        1.55267040414403     
  6.879137735760442E-002 -0.127370021671285        1.04964736644405     
 -9.063244966505861E-002 -0.158323949188050        1.71639418971175     
 -0.139128804754749      -1.771073260579442E-003   1.04697776198265     
 -0.563635499414473      -0.191261334325079        1.56732505663538     
 -0.912840904314789      -0.353373459344042        1.55768946511828     
 -3.267788145501063E-002 -0.178934008996551       0.566173970706126     
 -0.167034437611655      -0.235986940527433       0.451603539235363     
  0.170328462960207      -4.262156665907774E-002  0.230883867245568     
  0.000000000000000E+000  0.000000000000000E+000  0.000000000000000E+000
  0.000000000000000E+000  0.000000000000000E+000  0.000000000000000E+000
  0.000000000000000E+000  0.000000000000000E+000  0.000000000000000E+000
  0.000000000000000E+000  0.000000000000000E+000  0.000000000000000E+000
 -1.553307303066261E-002  8.793200580485114E-002  0.107020925081697     
 -0.104543702276023       2.280647087632312E-003  0.136151814882671     
 -0.107233028276729       6.465755562890888E-003  0.186922699888803     
 -4.153048429757288E-002 -0.340902403608134       0.621199259635970     
  5.249504091423082E-002 -0.166504526363686       0.514777036961431     
  4.266424521983624E-002 -7.550727069733806E-002  0.411803109471192     
 -2.391742791107485E-002 -4.135123025580653E-002   1.03179424704521     
 -8.313426154903733E-002 -1.179866135345363E-003  0.409092793982554     
 -0.171835272810448      -3.812295959500715E-002  0.520885070322284     
 -0.276600094320124      -0.206556514113057       0.625766450013205     
  5.931728527674368E-002 -8.774896879865668E-002  0.183549160757109     
  5.308680279773551E-002 -8.871657994534721E-002  0.134800396737790     
  8.396985279481201E-002  3.039244292889244E-002  0.106129953478737     
  0.000000000000000E+000  0.000000000000000E+000  0.000000000000000E+000
  0.000000000000000E+000  0.000000000000000E+000  0.000000000000000E+000
  0.000000000000000E+000  0.000000000000000E+000  0.000000000000000E+000
  0.000000000000000E+000  0.000000000000000E+000  0.000000000000000E+000
  0.000000000000000E+000  0.000000000000000E+000  0.000000000000000E+000
  0.000000000000000E+000  0.000000000000000E+000  0.000000000000000E+000
  0.000000000000000E+000  0.000000000000000E+000  0.000000000000000E+000
  0.000000000000000E+000  0.000000000000000E+000  0.000000000000000E+000
  0.000000000000000E+000  0.000000000000000E+000  0.000000000000000E+000
  0.000000000000000E+000  0.000000000000000E+000  0.000000000000000E+000
  0.000000000000000E+000  0.000000000000000E+000  0.000000000000000E+000
  0.000000000000000E+000  0.000000000000000E+000  0.000000000000000E+000
  0.000000000000000E+000  0.000000000000000E+000  0.000000000000000E+000
  0.000000000000000E+000  0.000000000000000E+000  0.000000000000000E+000
  0.000000000000000E+000  0.000000000000000E+000  0.000000000000000E+000
  0.000000000000000E+000  0.000000000000000E+000  0.000000000000000E+000
  0.000000000000000E+000  0.000000000000000E+000  0.000000000000000E+000
  0.000000000000000E+000  0.000000000000000E+000  0.000000000000000E+000
  0.000000000000000E+000  0.000000000000000E+000  0.000000000000000E+000
  0.000000000000000E+000  0.000000000000000E+000  0.000000000000000E+000
  0.000000000000000E+000  0.000000000000000E+000  0.000000000000000E+000
  0.000000000000000E+000  0.000000000000000E+000  0.000000000000000E+000
  0.000000000000000E+000  0.000000000000000E+000  0.000000000000000E+000
  0.000000000000000E+000  0.000000000000000E+000  0.000000000000000E+000
  0.000000000000000E+000  0.000000000000000E+000  0.000000000000000E+000
  0.000000000000000E+000  0.000000000000000E+000  0.000000000000000E+000
  0.000000000000000E+000  0.000000000000000E+000  0.000000000000000E+000
  0.000000000000000E+000  0.000000000000000E+000  0.000000000000000E+000
  0.000000000000000E+000  0.000000000000000E+000  0.000000000000000E+000
  0.000000000000000E+000  0.000000000000000E+000  0.000000000000000E+000
  0.000000000000000E+000  0.000000000000000E+000  0.000000000000000E+000
  0.000000000000000E+000  0.000000000000000E+000  0.000000000000000E+000
  0.000000000000000E+000  0.000000000000000E+000  0.000000000000000E+000
  0.000000000000000E+000  0.000000000000000E+000  0.000000000000000E+000
  0.000000000000000E+000  0.000000000000000E+000  0.000000000000000E+000
  0.000000000000000E+000  0.000000000000000E+000  0.000000000000000E+000
  0.000000000000000E+000  0.000000000000000E+000  0.000000000000000E+000
  0.000000000000000E+000  0.000000000000000E+000  0.000000000000000E+000
   290.554067725434        5871.36316339864       -3072.54939323506     
  -676.884287570524       -225.389806069238       -6063.57758670150     
  -1041.96026588183        1466.45384289926       -8874.13479123066     
  -1771.11280844466       -18383.6462658350       -8625.19089558738     
  -2958.74183767994       -12823.6219034925       -12057.8295843645     
  -156.594409581220       -923.985406970454       -17485.8988215601     
   542.191966058766        875.292202792928       -19451.6722824362     
  -886.325383763480       -851.078517749740       -17523.9137728375     
  -9678.05537573780       -9024.23404395525       -12145.3121608782     
  -15149.6879805259       -10765.4060638985       -8694.75237485883     
   1713.58249210183       -132.327562364400       -8879.50277113677     
  -52.2604988281328       -730.950208487561       -5973.37617781877     
   4535.10703293090        2995.46490896993       -2948.41006758245     
  0.000000000000000E+000  0.000000000000000E+000  0.000000000000000E+000
  0.000000000000000E+000  0.000000000000000E+000  0.000000000000000E+000
  0.000000000000000E+000  0.000000000000000E+000  0.000000000000000E+000
  0.000000000000000E+000  0.000000000000000E+000  0.000000000000000E+000
   124.244697939956        4741.73286323901       -2473.75650716596     
  -938.527166156487       -1198.47871637514       -5508.48936987579     
  -1533.32493072078       -2338.25948060359       -8226.94569634432     
  -2458.89394598885       -15352.0471817669       -8817.13543023251     
  -2978.21635304291       -9153.27181660033       -12581.4201962333     
  -1068.39130898040       -968.638710797008       -17398.3523009186     
  -435.936968338307       -780.797696123400       -19379.6716214414     
  -401.810701369259       -1559.63274406872       -17458.5331461200     
  -6439.16096237765       -7171.39079278358       -12689.2361504696     
  -12088.8399409959       -9807.33832294861       -8898.61933951122     
  -1378.56470216098       -2514.44635051240       -8215.26123895177     
  -815.564135630378       -1461.34977389339       -5402.02145654159     
   3708.19952630850        2315.70914060084       -2369.80116228462     
  0.000000000000000E+000  0.000000000000000E+000  0.000000000000000E+000
  0.000000000000000E+000  0.000000000000000E+000  0.000000000000000E+000
  0.000000000000000E+000  0.000000000000000E+000  0.000000000000000E+000
  0.000000000000000E+000  0.000000000000000E+000  0.000000000000000E+000
   26.0397179466650        2815.31626897462       -1623.50588699103     
  -1422.86412178553       -3560.17285859950       -4309.58099747191     
  -2008.65241221387       -8467.95512402473       -7163.88190157228     
  -3180.91650898287       -11135.2226878017       -8954.21645201225     
  -3069.53290598579       -2981.70330424616       -13445.1022091316     
  -2080.05951734395       -866.292527354429       -17011.4204013312     
  -2621.85146282826       -4555.89189239572       -18030.3531009421     
   306.198148730746       -2238.59247641035       -17105.2527726890     
  -872.383303600842       -4035.51919881113       -13591.5918207730     
  -7923.19454771403       -8265.30950501777       -9051.06203891919     
  -6544.90566494424       -6067.84794762032       -7124.52480417251     
  -2700.67092291357       -3103.54665050343       -4180.34613611424     
   2215.65703235691        1329.22110872442       -1552.74935075282     
  0.000000000000000E+000  0.000000000000000E+000  0.000000000000000E+000
  0.000000000000000E+000  0.000000000000000E+000  0.000000000000000E+000
  0.000000000000000E+000  0.000000000000000E+000  0.000000000000000E+000
  0.000000000000000E+000  0.000000000000000E+000  0.000000000000000E+000
  -561.038637586207        1056.67943559155       -503.917057016416     
  -1134.72776143455       -7977.13249119456       -2880.61937092517     
  -2646.35035350472       -8722.29671004641       -6092.38919205967     
  -3059.80900661678        2717.37702142990       -11346.2676045660     
  -1781.02885068706        6636.12513977899       -15727.2855865799     
  -753.616309589521        3423.09685510743       -17416.1428141007     
   645.167255499436        1119.70877892043       -17890.0168679827     
   3266.04166574987        938.607343405416       -17452.0071598394     
   6842.53146449968        1863.53143143674       -15858.1043158849     
   4144.20662808960       -1202.18396570896       -11459.2034809891     
  -6329.40543182110       -6736.07718623489       -6048.68028358432     
  -6615.59628774712       -5027.62488044818       -2772.21113177867     
   1137.25333506566       -14.1548958272108       -463.164793637144     
  0.000000000000000E+000  0.000000000000000E+000  0.000000000000000E+000
  0.000000000000000E+000  0.000000000000000E+000  0.000000000000000E+000
  0.000000000000000E+000  0.000000000000000E+000  0.000000000000000E+000
  0.000000000000000E+000  0.000000000000000E+000  0.000000000000000E+000
  -793.857386777899        566.598135764988       -332.052119784346     
  -1081.24803646509       -11251.7609634789       -1407.50314247499     
  -3050.30865838478       -2475.23738137879       -6200.48593361285     
  -3117.30770592301        16319.5375748752       -15305.0511833209     
  -293.633570548408        12934.2470944669       -17609.5706092798     
   2450.75256110498        10807.4420085857       -19852.5596173813     
   8719.18963372338        15058.8378942785       -24022.0706739228     
   7897.37354167354        7209.57254718313       -19713.3923236639     
   11313.5322826692        6090.07700051309       -17598.7056825774     
   15945.1329961163        5490.38304150253       -15385.8532872621     
  -522.202216677666       -3897.00418456843       -6197.56207353863     
  -9296.00059001332       -6595.12373356481       -1335.03787722429     
   877.009270991710       -394.109998289958       -314.977797338488     
  0.000000000000000E+000  0.000000000000000E+000  0.000000000000000E+000
  0.000000000000000E+000  0.000000000000000E+000  0.000000000000000E+000
  0.000000000000000E+000  0.000000000000000E+000  0.000000000000000E+000
  0.000000000000000E+000  0.000000000000000E+000  0.000000000000000E+000
  -1649.63189318677        41.6708042859084       -208.304557548961     
  -663.456117180993       -11556.5107483906       -290.552214321525     
  -3677.02214391835        5133.13580453419       -7362.45401373771     
  -3122.52346882593        18129.5475043044       -15674.8572260218     
  -78.4646773550267        11516.9003737328       -15243.9698251552     
   3474.02340172200        13464.1495954893       -19559.2121334630     
   10644.5622202713        18350.0661193118       -28448.5150569749     
   9918.42733716352        9609.15805565236       -19575.9004834634     
   9846.19253122232        5474.25331419406       -15082.6583279142     
   17425.5398228949        6324.40219521114       -15709.4193522284     
   6486.58586076039       -628.423182600721       -7389.72721287680     
  -9602.58727125734       -6343.23844841736       -265.677835819137     
   858.993097607052       -1385.52375035126       -181.543500465345     
  0.000000000000000E+000  0.000000000000000E+000  0.000000000000000E+000
  0.000000000000000E+000  0.000000000000000E+000  0.000000000000000E+000
  0.000000000000000E+000  0.000000000000000E+000  0.000000000000000E+000
  0.000000000000000E+000  0.000000000000000E+000  0.000000000000000E+000
  -1572.10303925682       -53.7518325537146       -483.244536362003     
  -753.603418673238       -9057.32958651137        445.327028893051     
  -3654.61252178687        8780.38408472453       -8208.40046456705     
  -1510.05104626484        7117.57012929087       -8105.49883639110     
  -626.881862129421        6354.18549238620       -8458.08006201496     
   2567.64339763971        12628.8688467641       -16336.8794506835     
   3905.98380363727        6642.86801420438       -15943.7109845321     
   9803.34907710498        8512.94840490926       -16594.4677611841     
   5818.72106931971        2533.53969883581       -8398.75425740775     
   6855.28809842881        2129.42439361014       -8003.80950049630     
   9572.89148166614        1191.09922437548       -8232.60100702927     
  -7274.40508463681       -5148.79470499508        429.856196581966     
   709.715845809551       -1363.01598086498       -455.038700751555     
  0.000000000000000E+000  0.000000000000000E+000  0.000000000000000E+000
  0.000000000000000E+000  0.000000000000000E+000  0.000000000000000E+000
  0.000000000000000E+000  0.000000000000000E+000  0.000000000000000E+000
  0.000000000000000E+000  0.000000000000000E+000  0.000000000000000E+000
  -1389.09231929152        70.0512022981328       -348.631472454867     
  -911.485006213268       -5548.74021440981        287.254071830762     
  -2474.67123365263        6902.82761316031       -6720.90038692974     
   552.886650171892       -3879.61222700446        2140.14166470571     
  -1269.96017004332        4995.48160483637       -4000.65582453797     
  -54.1329599410403        6181.93209079945       -8418.51280344400     
  -2522.76149229691       -4369.12721203772        7309.25492180513     
   5422.15378521656        2954.48611384544       -8559.37104484050     
   5141.98852936569        1373.34044861840       -4156.37585350044     
  -3818.23390071561       -1581.53417488660        2353.74952885902     
   7170.10587031679        1226.21507494729       -6674.29575023742     
  -4151.27889227072       -3515.09738229472        252.769419874080     
   725.411524120203       -1163.96176426242       -328.341635893917     
  0.000000000000000E+000  0.000000000000000E+000  0.000000000000000E+000
  0.000000000000000E+000  0.000000000000000E+000  0.000000000000000E+000
  0.000000000000000E+000  0.000000000000000E+000  0.000000000000000E+000
  0.000000000000000E+000  0.000000000000000E+000  0.000000000000000E+000
  -1044.32080727803       -29.6897014910531       -291.281866386439     
  -561.343115893538       -2186.49193435590       -227.352640874130     
  -994.126949630800        2134.04924134243       -3094.82384314331     
   1478.23137236981       -5948.10243957277        6941.99286046578     
  -1391.38290927516        3558.88483972749       -2188.52713663909     
  -666.188890009834       -1417.78686004891        6071.88906038219     
  -3307.76121787082       -5622.65678956841        22468.0357090064     
  -1031.00396601479       -1351.44447940002        6305.60757559435     
   3946.98712782883        571.667870765071       -2518.29609517186     
  -5910.93933144680       -1744.69327568331        7027.38315350734     
   2191.58735675909        113.235509041415       -2966.47431125478     
  -1504.91845882690       -1549.48337746256       -263.726667443383     
   488.648093316184       -913.866631843230       -265.044821820986     
  0.000000000000000E+000  0.000000000000000E+000  0.000000000000000E+000
  0.000000000000000E+000  0.000000000000000E+000  0.000000000000000E+000
  0.000000000000000E+000  0.000000000000000E+000  0.000000000000000E+000
  0.000000000000000E+000  0.000000000000000E+000  0.000000000000000E+000
  -321.246377924483        194.560175956716       -284.163319797309     
  -410.067721770604       -606.271585937909       -477.075826566469     
  -204.891196600635       -260.162908721948       -515.841658802513     
   104.848720465798       -2429.24740347200        3620.87251454542     
  -750.700334963208        879.272891433304       -435.652148382805     
  -1104.46424233648       -1436.52377524355        8817.38843143820     
  -1427.54949737654       -2288.03293292382        16918.9905080239     
  -752.974547551943       -1672.44142090350        9006.48683230854     
   1195.92832358754       -213.073879679029       -666.857892048472     
  -2113.43839129465       -1115.97377160726        3573.86466671157     
  -179.048886371226       -361.936034682219       -462.385942621163     
  -299.416035834843       -657.291351935588       -477.724702604891     
   336.577831701447       -175.937707465383       -274.422181433959     
  0.000000000000000E+000  0.000000000000000E+000  0.000000000000000E+000
  0.000000000000000E+000  0.000000000000000E+000  0.000000000000000E+000
  0.000000000000000E+000  0.000000000000000E+000  0.000000000000000E+000
  0.000000000000000E+000  0.000000000000000E+000  0.000000000000000E+000
  0.000000000000000E+000  0.000000000000000E+000  0.000000000000000E+000
  0.000000000000000E+000  0.000000000000000E+000  0.000000000000000E+000
  0.000000000000000E+000  0.000000000000000E+000  0.000000000000000E+000
  0.000000000000000E+000  0.000000000000000E+000  0.000000000000000E+000
  0.000000000000000E+000  0.000000000000000E+000  0.000000000000000E+000
  0.000000000000000E+000  0.000000000000000E+000  0.000000000000000E+000
  0.000000000000000E+000  0.000000000000000E+000  0.000000000000000E+000
  0.000000000000000E+000  0.000000000000000E+000  0.000000000000000E+000
  0.000000000000000E+000  0.000000000000000E+000  0.000000000000000E+000
  0.000000000000000E+000  0.000000000000000E+000  0.000000000000000E+000
  0.000000000000000E+000  0.000000000000000E+000  0.000000000000000E+000
  0.000000000000000E+000  0.000000000000000E+000  0.000000000000000E+000
  0.000000000000000E+000  0.000000000000000E+000  0.000000000000000E+000
  0.000000000000000E+000  0.000000000000000E+000  0.000000000000000E+000
  0.000000000000000E+000  0.000000000000000E+000  0.000000000000000E+000
  0.000000000000000E+000  0.000000000000000E+000  0.000000000000000E+000
  0.000000000000000E+000  0.000000000000000E+000  0.000000000000000E+000
  0.000000000000000E+000  0.000000000000000E+000  0.000000000000000E+000
  0.000000000000000E+000  0.000000000000000E+000  0.000000000000000E+000
  0.000000000000000E+000  0.000000000000000E+000  0.000000000000000E+000
  0.000000000000000E+000  0.000000000000000E+000  0.000000000000000E+000
  0.000000000000000E+000  0.000000000000000E+000  0.000000000000000E+000
  0.000000000000000E+000  0.000000000000000E+000  0.000000000000000E+000
  0.000000000000000E+000  0.000000000000000E+000  0.000000000000000E+000
  0.000000000000000E+000  0.000000000000000E+000  0.000000000000000E+000
  0.000000000000000E+000  0.000000000000000E+000  0.000000000000000E+000
  0.000000000000000E+000  0.000000000000000E+000  0.000000000000000E+000
  0.000000000000000E+000  0.000000000000000E+000  0.000000000000000E+000
  0.000000000000000E+000  0.000000000000000E+000  0.000000000000000E+000
  0.000000000000000E+000  0.000000000000000E+000  0.000000000000000E+000
  0.000000000000000E+000  0.000000000000000E+000  0.000000000000000E+000
  0.000000000000000E+000  0.000000000000000E+000  0.000000000000000E+000
