          80  8.000000000000007E-003  8.000000000000007E-003
  0.000000000000000E+000  0.000000000000000E+000  0.000000000000000E+000
  0.000000000000000E+000  0.000000000000000E+000  0.000000000000000E+000
  3.841291384198538E-002  3.244403902263652E-002 -6.789185240967145E-002
  4.002775097859275E-002  1.927075619919225E-002 -9.413540116878948E-002
  5.089396361447255E-002  1.183605011648136E-002 -0.127505931493949     
  4.878772028867695E-002  1.775653950438520E-002 -0.141876640113803     
  5.183721603695213E-002  8.772186944990233E-003 -0.150346557817340     
  4.942085104344521E-002  6.339114206483702E-002 -0.164726139384864     
  6.045905443913872E-002  0.104752152758632      -0.182783373219722     
  3.009068372874269E-002  7.446000362603883E-002 -0.164689835095736     
 -1.833711773300528E-002  4.929392846312255E-002 -0.150339974419065     
 -9.057048172752899E-003  5.112878647289008E-002 -0.141880943793686     
 -1.523709153102672E-002  5.000026805393858E-002 -0.127545089263648     
 -3.375646173139338E-003  4.429074801594353E-002 -9.415176694072006E-002
  8.885369854234037E-003  4.951778917644396E-002 -6.793125913136687E-002
  0.000000000000000E+000  0.000000000000000E+000  0.000000000000000E+000
  0.000000000000000E+000  0.000000000000000E+000  0.000000000000000E+000
  0.000000000000000E+000  0.000000000000000E+000  0.000000000000000E+000
  0.000000000000000E+000  0.000000000000000E+000  0.000000000000000E+000
  2.797588674905323E-002  3.257950142701989E-002 -5.840615706482977E-002
  3.776690998419033E-002  3.138587815048362E-002 -9.492510956783722E-002
  4.353650066665880E-002  2.906845637055330E-002 -0.121019109772823     
  4.822699604376178E-002  3.711785435817083E-002 -0.140337071828080     
  4.767360611374785E-002  3.630807483168200E-002 -0.143150749804042     
  4.432532806106405E-002  7.704135559527558E-002 -0.162810152437132     
  6.050276705346568E-002  0.104814105626591      -0.185329973963657     
  4.447615239738655E-002  7.688597096547056E-002 -0.162762106061535     
  7.564533299822626E-003  5.944703224487386E-002 -0.143140236583857     
  7.995059706153673E-003  6.032660351532232E-002 -0.140341722527809     
  3.360287514992693E-003  5.224243099491737E-002 -0.121046073443167     
  8.254139876132653E-003  4.839129158076418E-002 -9.493477007861506E-002
  1.422308632125557E-002  4.053808652965410E-002 -5.843430415372673E-002
  0.000000000000000E+000  0.000000000000000E+000  0.000000000000000E+000
  0.000000000000000E+000  0.000000000000000E+000  0.000000000000000E+000
  0.000000000000000E+000  0.000000000000000E+000  0.000000000000000E+000
  0.000000000000000E+000  0.000000000000000E+000  0.000000000000000E+000
  1.957700749612116E-002  3.200208876425716E-002 -4.622882650257767E-002
  2.695172725790958E-002  5.331150104620709E-002 -9.053716338454666E-002
  3.620998965071943E-002  6.316931845162729E-002 -0.121477790578136     
  4.054408579965367E-002  7.649919389245928E-002 -0.146367455358404     
  4.624763714874526E-002  8.410599766711380E-002 -0.161139547002915     
  5.325827125735859E-002  9.966974768180353E-002 -0.177395475388008     
  6.238880136793014E-002  0.108091432837779      -0.187991669634720     
  5.963096737273358E-002  9.594776627821267E-002 -0.177364292879811     
  4.963204590680462E-002  8.209242634027092E-002 -0.161122465660273     
  4.592390019435165E-002  7.336798054622128E-002 -0.146368368316856     
  3.654895763486806E-002  6.293995338343067E-002 -0.121492383107199     
  3.265763943079449E-002  4.999164674147199E-002 -9.052625402305245E-002
  1.792723909096772E-002  3.295310088732391E-002 -4.623625127556202E-002
  0.000000000000000E+000  0.000000000000000E+000  0.000000000000000E+000
  0.000000000000000E+000  0.000000000000000E+000  0.000000000000000E+000
  0.000000000000000E+000  0.000000000000000E+000  0.000000000000000E+000
  0.000000000000000E+000  0.000000000000000E+000  0.000000000000000E+000
  1.497006919380265E-002  2.652472192958925E-002 -3.587441396551552E-002
  1.882447941137394E-002  7.412093532045605E-002 -8.289251127091959E-002
  2.724938894602220E-002  0.101947119724907      -0.122756804502098     
  3.583864405922235E-002  0.120126223261033      -0.156339478476550     
  4.553348558029147E-002  0.122628110848220      -0.176900786281422     
  5.682308558460718E-002  0.121900689011674      -0.190526051846952     
  6.815403001225712E-002  0.118069444951352      -0.195515615512185     
  7.715894898324656E-002  0.110207469388775      -0.190581955194348     
  8.337580372742251E-002  0.100767360256269      -0.176915494966975     
  8.602373027231142E-002  9.109251348910169E-002 -0.156327607296096     
  7.458910425151505E-002  7.457260350678339E-002 -0.122744573424639     
  5.473345157281650E-002  5.332273533326297E-002 -8.284310574357794E-002
  1.547513761896791E-002  2.624562468398223E-002 -3.587591647457631E-002
  0.000000000000000E+000  0.000000000000000E+000  0.000000000000000E+000
  0.000000000000000E+000  0.000000000000000E+000  0.000000000000000E+000
  0.000000000000000E+000  0.000000000000000E+000  0.000000000000000E+000
  0.000000000000000E+000  0.000000000000000E+000  0.000000000000000E+000
  1.545711828421661E-002  1.271259398678543E-002 -2.665372313357102E-002
  1.311000946631046E-002  8.223875919019032E-002 -7.391456003153367E-002
  2.328753896876810E-002  0.119164845019153      -0.118440062202397     
  3.161769466405734E-002  0.136659503145763      -0.154017756763639     
  4.449562875318318E-002  0.136313092914780      -0.175815056790652     
  5.682629580130231E-002  0.128872716233663      -0.186919814399998     
  7.035515494099992E-002  0.121885558771680      -0.191134879815163     
  8.325068087779132E-002  0.113760373469437      -0.187051745043439     
  9.580793948083002E-002  0.106753317778879      -0.175887903961777     
  0.102463214085115       9.572195476828337E-002 -0.153996728519403     
  9.144039950428867E-002  7.969941380075148E-002 -0.118388058553389     
  6.460966322801150E-002  5.247999401875174E-002 -7.384780678151576E-002
  3.260963703770642E-003  1.970134921421139E-002 -2.662982441623317E-002
  0.000000000000000E+000  0.000000000000000E+000  0.000000000000000E+000
  0.000000000000000E+000  0.000000000000000E+000  0.000000000000000E+000
  0.000000000000000E+000  0.000000000000000E+000  0.000000000000000E+000
  0.000000000000000E+000  0.000000000000000E+000  0.000000000000000E+000
  1.180237095024020E-002 -4.614700196966484E-003 -1.716439484605870E-002
  1.595625962493372E-002  8.752685013700350E-002 -6.789116014574810E-002
  2.039995243523510E-002  0.117260483748647      -0.111031331312751     
  3.148026470445495E-002  0.140836267319864      -0.148311277941712     
  4.313698793401892E-002  0.138812279303079      -0.170345858680289     
  5.694465020529199E-002  0.132352082457229      -0.182300155998306     
  7.142509105856375E-002  0.123719968630108      -0.186340122623679     
  8.626688640016814E-002  0.115671607622923      -0.182526674137246     
  9.871659077968759E-002  0.106886806660259      -0.170491434144566     
  0.106164029928546       9.770350977976462E-002 -0.148301432141311     
  9.125272091300166E-002  7.627231709301924E-002 -0.110954802587965     
  6.773521129326820E-002  5.751354880578625E-002 -6.781023134138704E-002
 -9.876322273929337E-003  8.006948393300376E-003 -1.717085391422087E-002
  0.000000000000000E+000  0.000000000000000E+000  0.000000000000000E+000
  0.000000000000000E+000  0.000000000000000E+000  0.000000000000000E+000
  0.000000000000000E+000  0.000000000000000E+000  0.000000000000000E+000
  0.000000000000000E+000  0.000000000000000E+000  0.000000000000000E+000
  1.398992887059938E-002 -3.716037571187220E-003 -1.389692886359128E-002
  1.445648943756680E-002  7.598531879352254E-002 -5.790444138275058E-002
  2.002929731473491E-002  0.111450754036726      -0.101360559478607     
  2.935457078055684E-002  0.133068812829537      -0.137267335306145     
  4.102077182473460E-002  0.134501049445940      -0.160235085522573     
  5.484619290180500E-002  0.128718073917966      -0.172632280847846     
  6.973931852739364E-002  0.120789633652804      -0.177011867642435     
  8.424283556792231E-002  0.112113437695792      -0.172975377110646     
  9.610869340422429E-002  0.102964511670355      -0.160476578302111     
  0.100539357222712       9.199649138765709E-002 -0.137288379662132     
  8.644946062612402E-002  7.309017279664190E-002 -0.101300137031612     
  5.848560126170323E-002  5.041758113825028E-002 -5.780036857434727E-002
 -1.016156653861544E-002  1.033155688737463E-002 -1.389249940882859E-002
  0.000000000000000E+000  0.000000000000000E+000  0.000000000000000E+000
  0.000000000000000E+000  0.000000000000000E+000  0.000000000000000E+000
  0.000000000000000E+000  0.000000000000000E+000  0.000000000000000E+000
  0.000000000000000E+000  0.000000000000000E+000  0.000000000000000E+000
  1.023714429247455E-002 -5.987087858074691E-003 -7.483526845366809E-003
  1.512482811210964E-002  5.975987358781389E-002 -4.700587816585659E-002
  1.739066329337870E-002  9.084001518144612E-002 -8.337180447989052E-002
  2.593612443089373E-002  0.113102469580974      -0.117463951726450     
  3.608741463143025E-002  0.116730047062768      -0.139608515974176     
  4.858302905652855E-002  0.113633719075037      -0.152272044500047     
  6.183123791979669E-002  0.107051509734957      -0.156590212386811     
  7.439477522915654E-002  9.924872731942372E-002 -0.152767215923985     
  8.322462500207789E-002  8.986636122555021E-002 -0.139943188207637     
  8.500621817846506E-002  7.910243873416815E-002 -0.117557997983923     
  6.998778289929405E-002  6.050535328391755E-002 -8.330824145906870E-002
  4.410217817020888E-002  4.290913221662988E-002 -4.696580060950886E-002
 -1.023185509942208E-002  5.930391220407903E-003 -7.401119862798428E-003
  0.000000000000000E+000  0.000000000000000E+000  0.000000000000000E+000
  0.000000000000000E+000  0.000000000000000E+000  0.000000000000000E+000
  0.000000000000000E+000  0.000000000000000E+000  0.000000000000000E+000
  0.000000000000000E+000  0.000000000000000E+000  0.000000000000000E+000
  7.674491449428692E-003 -6.044602643246264E-003 -6.423167213457765E-003
  1.140666018435302E-002  3.597366474019973E-002 -2.767754243834329E-002
  1.345906641350072E-002  5.737314238397076E-002 -5.464752039888107E-002
  1.862145340536408E-002  7.708395383577352E-002 -8.154198371287549E-002
  2.538933967759032E-002  8.201281887556303E-002 -0.101425649511912     
  3.464427630150488E-002  8.129451296073748E-002 -0.112496253124598     
  4.451032878355585E-002  7.702517129618348E-002 -0.116863784661726     
  5.336343800838910E-002  7.098202394681470E-002 -0.113051793105223     
  5.849111865652014E-002  6.321042056986016E-002 -0.101798084812565     
  5.747549524331377E-002  5.473690459949191E-002 -8.163152175469746E-002
  4.300296284338488E-002  4.041340061821850E-002 -5.467349442937703E-002
  2.542226756894397E-002  2.775847897648848E-002 -2.757964338562625E-002
 -9.074851447306074E-003  3.703248518888987E-003 -6.437406961850887E-003
  0.000000000000000E+000  0.000000000000000E+000  0.000000000000000E+000
  0.000000000000000E+000  0.000000000000000E+000  0.000000000000000E+000
  0.000000000000000E+000  0.000000000000000E+000  0.000000000000000E+000
  0.000000000000000E+000  0.000000000000000E+000  0.000000000000000E+000
  2.037927670408332E-003 -3.829302043033348E-003 -2.848226332163944E-003
  6.473410923618135E-003  8.085787035763998E-003 -7.613553688524769E-003
  9.792610453674959E-003  1.462690044154532E-002 -1.521386135021368E-002
  1.284489688804442E-002  2.641940877555355E-002 -2.635480542353988E-002
  1.455776272238199E-002  3.113067026139414E-002 -3.481403424772751E-002
  1.727058718365771E-002  3.416518696752972E-002 -4.184802164613313E-002
  1.963785269545507E-002  3.389377422979553E-002 -4.417909697608185E-002
  2.114578677438110E-002  3.233197113258579E-002 -4.221263603938730E-002
  1.973072392982939E-002  2.835692165322381E-002 -3.499564793301584E-002
  1.648064314719138E-002  2.433126469057304E-002 -2.636759972972158E-002
  7.816129650674313E-003  1.583094835376005E-002 -1.523723482721433E-002
  3.779469550851341E-003  9.612560109925060E-003 -7.595201410307441E-003
 -4.335199679369978E-003 -1.406962507015618E-004 -2.817213716934756E-003
  0.000000000000000E+000  0.000000000000000E+000  0.000000000000000E+000
  0.000000000000000E+000  0.000000000000000E+000  0.000000000000000E+000
  0.000000000000000E+000  0.000000000000000E+000  0.000000000000000E+000
  0.000000000000000E+000  0.000000000000000E+000  0.000000000000000E+000
  0.000000000000000E+000  0.000000000000000E+000  0.000000000000000E+000
  0.000000000000000E+000  0.000000000000000E+000  0.000000000000000E+000
  0.000000000000000E+000  0.000000000000000E+000  0.000000000000000E+000
  0.000000000000000E+000  0.000000000000000E+000  0.000000000000000E+000
  0.000000000000000E+000  0.000000000000000E+000  0.000000000000000E+000
  0.000000000000000E+000  0.000000000000000E+000  0.000000000000000E+000
  0.000000000000000E+000  0.000000000000000E+000  0.000000000000000E+000
  0.000000000000000E+000  0.000000000000000E+000  0.000000000000000E+000
  0.000000000000000E+000  0.000000000000000E+000  0.000000000000000E+000
  0.000000000000000E+000  0.000000000000000E+000  0.000000000000000E+000
  0.000000000000000E+000  0.000000000000000E+000  0.000000000000000E+000
  0.000000000000000E+000  0.000000000000000E+000  0.000000000000000E+000
  0.000000000000000E+000  0.000000000000000E+000  0.000000000000000E+000
  0.000000000000000E+000  0.000000000000000E+000  0.000000000000000E+000
  0.000000000000000E+000  0.000000000000000E+000  0.000000000000000E+000
  0.000000000000000E+000  0.000000000000000E+000  0.000000000000000E+000
  0.000000000000000E+000  0.000000000000000E+000  0.000000000000000E+000
  0.000000000000000E+000  0.000000000000000E+000  0.000000000000000E+000
  0.000000000000000E+000  0.000000000000000E+000  0.000000000000000E+000
  0.000000000000000E+000  0.000000000000000E+000  0.000000000000000E+000
  0.000000000000000E+000  0.000000000000000E+000  0.000000000000000E+000
  0.000000000000000E+000  0.000000000000000E+000  0.000000000000000E+000
  0.000000000000000E+000  0.000000000000000E+000  0.000000000000000E+000
  0.000000000000000E+000  0.000000000000000E+000  0.000000000000000E+000
  0.000000000000000E+000  0.000000000000000E+000  0.000000000000000E+000
  0.000000000000000E+000  0.000000000000000E+000  0.000000000000000E+000
  0.000000000000000E+000  0.000000000000000E+000  0.000000000000000E+000
  0.000000000000000E+000  0.000000000000000E+000  0.000000000000000E+000
  0.000000000000000E+000  0.000000000000000E+000  0.000000000000000E+000
  0.000000000000000E+000  0.000000000000000E+000  0.000000000000000E+000
  0.000000000000000E+000  0.000000000000000E+000  0.000000000000000E+000
  0.000000000000000E+000  0.000000000000000E+000  0.000000000000000E+000
  0.000000000000000E+000  0.000000000000000E+000  0.000000000000000E+000
  0.000000000000000E+000  0.000000000000000E+000  0.000000000000000E+000
 -1.303399097254767E-002  0.113691175610816      -0.264239544712847     
 -0.241809417924306      -0.197426808065070      -0.374592499971374     
 -0.338794292184449      -0.104442902998037      -0.416294765186202     
 -0.363187652939197      -6.467759093877316E-002 -0.384244176351958     
 -0.340874013830582       0.195111795528144      -0.183270285879949     
 -0.211852778334057      -1.224679219483914E-002 -5.376980119967364E-002
 -0.165390643495203      -0.294114189709145       0.203327500983942     
  9.692432682290844E-002 -0.195150723748374      -5.938020700316276E-002
  0.334288774500093      -0.198916791231411      -0.190744063421680     
  0.116943202716419      -0.348096841413147      -0.378883964227686     
  9.207913922007135E-002 -0.339221653931036      -0.407291936688155     
 -4.694753015188818E-002 -0.308884434933739      -0.373641907049711     
  9.114257313277568E-002  3.858035582146338E-002 -0.263929503054276     
  0.000000000000000E+000  0.000000000000000E+000  0.000000000000000E+000
  0.000000000000000E+000  0.000000000000000E+000  0.000000000000000E+000
  0.000000000000000E+000  0.000000000000000E+000  0.000000000000000E+000
  0.000000000000000E+000  0.000000000000000E+000  0.000000000000000E+000
 -5.625680738071524E-002  0.156005707876535      -0.240579715331228     
 -0.235097963085508      -7.519153098847256E-002 -0.383568892097963     
 -0.342769009067297      -5.379978208171522E-002 -0.398088663465198     
 -0.346564258899012      -2.430030822544687E-002 -0.384576321404356     
 -0.284125424410571       1.146148404291330E-002 -0.250819503876883     
 -0.126260492789310      -3.490496361705155E-002 -7.430597144052838E-002
 -7.880371476993801E-002 -0.139730198184231       0.274947693548911     
  3.801845298447632E-002 -0.128522762518350      -7.995651231568059E-002
  0.152188071459664      -0.242287134649546      -0.256806548442779     
  0.145241262039998      -0.314830426829913      -0.378274267632340     
  0.132847230914913      -0.318964216752409      -0.390560296947936     
  5.445272685589419E-002 -0.242009343330879      -0.382949690666922     
  0.151419909881610       2.315986631538704E-002 -0.240398535038749     
  0.000000000000000E+000  0.000000000000000E+000  0.000000000000000E+000
  0.000000000000000E+000  0.000000000000000E+000  0.000000000000000E+000
  0.000000000000000E+000  0.000000000000000E+000  0.000000000000000E+000
  0.000000000000000E+000  0.000000000000000E+000  0.000000000000000E+000
 -8.851123481253499E-002  0.223368652789328      -0.220313859825927     
 -0.240599413953170       0.185052304957373      -0.394082816518490     
 -0.325210086806570       4.346748882364713E-002 -0.394616418079012     
 -0.301353163115756       0.111283049590276      -0.379922222227328     
 -0.150527312341108      -0.343397787275515      -0.181359029427839     
 -0.101773502254875      -0.202404439547100       5.526421560361734E-002
  0.108697081256791       0.186997183908751       1.768454504932532E-002
 -0.107908797847574      -0.181502998909629       4.258874655294307E-002
 -0.215461240883727      -0.302427256417125      -0.184962024724351     
  0.237647441512786      -0.210866111688794      -0.371683176297277     
  0.201781005083217      -0.258024451775006      -0.388494961415987     
  0.281288729730774      -0.115821584283394      -0.394235226189941     
  0.228793222525918       2.992802821338174E-002 -0.220181363888906     
  0.000000000000000E+000  0.000000000000000E+000  0.000000000000000E+000
  0.000000000000000E+000  0.000000000000000E+000  0.000000000000000E+000
  0.000000000000000E+000  0.000000000000000E+000  0.000000000000000E+000
  0.000000000000000E+000  0.000000000000000E+000  0.000000000000000E+000
 -9.248639112582900E-002  0.175837935513975      -0.211688856921952     
 -0.273174559916232       0.677137210159853      -0.461336325465698     
 -0.327356495232641       0.857607213599231      -0.551557652647420     
 -0.270539423889622       0.794016637015780      -0.548101756637379     
 -0.111144173431644       6.794716061074595E-002 -0.276750050064674     
  5.343637725479602E-002  0.136219559776973      -0.212680590904262     
  0.299092019778905       0.510907716210362      -0.437002459807633     
  0.115974969018929       0.131386523827455      -0.235013514786624     
  0.132161841647038      -5.388812675090229E-002 -0.285240085258566     
  0.817505833319552       0.160347411208523      -0.540962091179283     
  0.903739776672871       0.146756177059669      -0.548058410734045     
  0.721828835402028       0.101920550229589      -0.462028209822153     
  0.192600977037744       4.605042553556191E-003 -0.211791678928464     
  0.000000000000000E+000  0.000000000000000E+000  0.000000000000000E+000
  0.000000000000000E+000  0.000000000000000E+000  0.000000000000000E+000
  0.000000000000000E+000  0.000000000000000E+000  0.000000000000000E+000
  0.000000000000000E+000  0.000000000000000E+000  0.000000000000000E+000
 -3.069189218160473E-002  3.915990068252342E-002 -0.186513928038622     
 -0.285851832564629       0.861732403717835      -0.527030749322872     
 -0.302721216228371        1.13848136149360      -0.723410629467584     
 -0.216709928926249        1.06469847815620      -0.695083929689910     
 -9.808015720457335E-002  0.211823101814690      -0.211526354035395     
  0.102799209603793       0.487527865565389      -0.419061798665892     
  0.532705872304249       0.918780898499607      -0.860434681357403     
  0.375083655788472       0.332673940748695      -0.423441554413210     
  0.238263941553184       2.328764725240901E-002 -0.216720278342732     
   1.03263509237906       0.347438017976266      -0.694023949965521     
   1.13659702817157       0.309201393136522      -0.723345420348622     
  0.882997068171593       0.182574111927325      -0.526796631901150     
  4.662920906137994E-002 -9.475052148475490E-003 -0.186754888973594     
  0.000000000000000E+000  0.000000000000000E+000  0.000000000000000E+000
  0.000000000000000E+000  0.000000000000000E+000  0.000000000000000E+000
  0.000000000000000E+000  0.000000000000000E+000  0.000000000000000E+000
  0.000000000000000E+000  0.000000000000000E+000  0.000000000000000E+000
 -5.454895194822602E-003 -3.334403210599031E-002 -0.148713648404436     
 -0.190952174111298       0.712214702988848      -0.513643453079733     
 -0.200191301296180       0.762771420661200      -0.676086136553257     
 -0.131182954477502        1.11484663297259      -0.828312694778848     
 -4.957964839153502E-002  0.357070783761392      -0.256094362159211     
  1.726785657905676E-002  0.200949074918964      -0.132855942279670     
  0.332656295011357       0.579866729235886      -0.559028167159496     
  0.158971787045430       0.112099825226228      -0.130729401528009     
  0.321848395071672       0.128182393658348      -0.248409180288952     
   1.02481706560381       0.443917243507243      -0.826278752871329     
  0.748978277622037       0.204839911301508      -0.673123976073431     
  0.696922968452225       0.185994672905567      -0.511215476970811     
 -2.597372242326496E-002 -2.135377338394400E-002 -0.148617134169396     
  0.000000000000000E+000  0.000000000000000E+000  0.000000000000000E+000
  0.000000000000000E+000  0.000000000000000E+000  0.000000000000000E+000
  0.000000000000000E+000  0.000000000000000E+000  0.000000000000000E+000
  0.000000000000000E+000  0.000000000000000E+000  0.000000000000000E+000
  6.053390129972693E-003 -3.423911799495779E-002 -0.136444630389038     
 -8.933989308589718E-002  0.422048469176689      -0.425245342183981     
 -9.351880295266453E-002  0.457762568332202      -0.587401352534726     
 -3.655315839820265E-002   1.03116873584535      -0.959464228343676     
  8.975768984228881E-002  0.699990802083397      -0.611794615618628     
  0.165235077797959       0.526700446751887      -0.423396528553848     
  0.419573970004112       0.735002895609919      -0.793196692867703     
  0.363791948656983       0.406922170951521      -0.421769879972049     
  0.553042178761115       0.429031618048460      -0.611442153273833     
  0.907670928643189       0.488387739069948      -0.963200109071948     
  0.425140221416763       0.142864279143095      -0.581390497920408     
  0.388575293198488       0.124677313720684      -0.418912343491626     
 -3.091956767919538E-002 -1.137208253004952E-002 -0.136260563787328     
  0.000000000000000E+000  0.000000000000000E+000  0.000000000000000E+000
  0.000000000000000E+000  0.000000000000000E+000  0.000000000000000E+000
  0.000000000000000E+000  0.000000000000000E+000  0.000000000000000E+000
  0.000000000000000E+000  0.000000000000000E+000  0.000000000000000E+000
  8.651183209132454E-003 -3.120622219244499E-002 -8.671474607184625E-002
 -1.307266943101751E-002  0.204016596916945      -0.328058088658557     
 -1.480996144434042E-002  0.400410467701776      -0.566869289408593     
  4.274050666682742E-002   1.05249912117917       -1.13069003275797     
  0.177503184363866       0.990760962052236       -1.01905295850930     
  0.226543409426994       0.720515949912236      -0.731885949247529     
  0.287404172631100       0.507329430492895      -0.594776462728778     
  0.513222939534556       0.571460353556255      -0.751362035905420     
  0.767927736402975       0.656730369307248       -1.02755165366512     
  0.897745685649884       0.574923672219660       -1.14832541663367     
  0.348114326307764       0.188833047960078      -0.566537164462330     
  0.163941351257170       8.206518440379007E-002 -0.324003607990678     
 -2.739334487697991E-002 -7.698159235846370E-003 -8.158695911751457E-002
  0.000000000000000E+000  0.000000000000000E+000  0.000000000000000E+000
  0.000000000000000E+000  0.000000000000000E+000  0.000000000000000E+000
  0.000000000000000E+000  0.000000000000000E+000  0.000000000000000E+000
  0.000000000000000E+000  0.000000000000000E+000  0.000000000000000E+000
  3.099455790767470E-003 -1.440291042342473E-002 -7.373616530342385E-002
  3.403227993035682E-002  5.560726697078649E-002 -0.176478454080273     
  1.052161112022680E-002  0.415277566039309      -0.529176172488675     
 -2.038943464682384E-003   1.10742626213858       -1.32535610022179     
  0.153558587163132       0.956975819843509       -1.26231391458936     
  0.121368346813583       0.239860585566462      -0.176686345820829     
 -8.777417248234143E-002 -0.145720646874167       0.617942050536127     
  0.151261318879682       0.233890515814843      -0.191322159460428     
  0.739411322608559       0.610967807572256       -1.25039942152096     
  0.965138842670321       0.560787841049045       -1.34257860623666     
  0.359833838292034       0.223302439578901      -0.537681405240720     
  2.202348836545943E-002  5.156455056926617E-002 -0.176347335736927     
 -1.170434146547916E-002 -2.977451005650208E-003 -6.902383132470184E-002
  0.000000000000000E+000  0.000000000000000E+000  0.000000000000000E+000
  0.000000000000000E+000  0.000000000000000E+000  0.000000000000000E+000
  0.000000000000000E+000  0.000000000000000E+000  0.000000000000000E+000
  0.000000000000000E+000  0.000000000000000E+000  0.000000000000000E+000
 -6.756106041303265E-003 -2.797855787222078E-002 -6.115042217092494E-002
  3.918599990723719E-002 -2.084334247007068E-002 -4.541104239781252E-002
  0.120183351685334       0.118300940566417      -0.198206844164934     
  0.165725501538442       0.395991942858597      -0.435483504842678     
  7.999041950969002E-002  0.265758579179960      -0.202606868783281     
 -1.594234925632730E-002  4.969495494189101E-002  0.169801875206608     
 -7.116606114825955E-002 -0.122415685048370       0.496702188084511     
  5.554310894192855E-002  1.305873402143718E-002  0.166597876746470     
  0.188770114922852       0.203628484459771      -0.200151662893922     
  0.259866500857249       0.343976875822477      -0.437734531892173     
  4.422975580535424E-002  0.167859457257187      -0.204574947466249     
 -3.881799955298641E-002  2.289514152115931E-002 -4.519891094234214E-002
 -2.152867459650585E-002 -2.039208017583907E-002 -6.274394523818858E-002
  0.000000000000000E+000  0.000000000000000E+000  0.000000000000000E+000
  0.000000000000000E+000  0.000000000000000E+000  0.000000000000000E+000
  0.000000000000000E+000  0.000000000000000E+000  0.000000000000000E+000
  0.000000000000000E+000  0.000000000000000E+000  0.000000000000000E+000
  0.000000000000000E+000  0.000000000000000E+000  0.000000000000000E+000
  0.000000000000000E+000  0.000000000000000E+000  0.000000000000000E+000
  0.000000000000000E+000  0.000000000000000E+000  0.000000000000000E+000
  0.000000000000000E+000  0.000000000000000E+000  0.000000000000000E+000
  0.000000000000000E+000  0.000000000000000E+000  0.000000000000000E+000
  0.000000000000000E+000  0.000000000000000E+000  0.000000000000000E+000
  0.000000000000000E+000  0.000000000000000E+000  0.000000000000000E+000
  0.000000000000000E+000  0.000000000000000E+000  0.000000000000000E+000
  0.000000000000000E+000  0.000000000000000E+000  0.000000000000000E+000
  0.000000000000000E+000  0.000000000000000E+000  0.000000000000000E+000
  0.000000000000000E+000  0.000000000000000E+000  0.000000000000000E+000
  0.000000000000000E+000  0.000000000000000E+000  0.000000000000000E+000
  0.000000000000000E+000  0.000000000000000E+000  0.000000000000000E+000
  0.000000000000000E+000  0.000000000000000E+000  0.000000000000000E+000
  0.000000000000000E+000  0.000000000000000E+000  0.000000000000000E+000
  0.000000000000000E+000  0.000000000000000E+000  0.000000000000000E+000
  0.000000000000000E+000  0.000000000000000E+000  0.000000000000000E+000
  0.000000000000000E+000  0.000000000000000E+000  0.000000000000000E+000
  0.000000000000000E+000  0.000000000000000E+000  0.000000000000000E+000
  0.000000000000000E+000  0.000000000000000E+000  0.000000000000000E+000
  0.000000000000000E+000  0.000000000000000E+000  0.000000000000000E+000
  0.000000000000000E+000  0.000000000000000E+000  0.000000000000000E+000
  0.000000000000000E+000  0.000000000000000E+000  0.000000000000000E+000
  0.000000000000000E+000  0.000000000000000E+000  0.000000000000000E+000
  0.000000000000000E+000  0.000000000000000E+000  0.000000000000000E+000
  0.000000000000000E+000  0.000000000000000E+000  0.000000000000000E+000
  0.000000000000000E+000  0.000000000000000E+000  0.000000000000000E+000
  0.000000000000000E+000  0.000000000000000E+000  0.000000000000000E+000
  0.000000000000000E+000  0.000000000000000E+000  0.000000000000000E+000
  0.000000000000000E+000  0.000000000000000E+000  0.000000000000000E+000
  0.000000000000000E+000  0.000000000000000E+000  0.000000000000000E+000
  0.000000000000000E+000  0.000000000000000E+000  0.000000000000000E+000
  0.000000000000000E+000  0.000000000000000E+000  0.000000000000000E+000
  0.000000000000000E+000  0.000000000000000E+000  0.000000000000000E+000
   715.523500763581       -417.594959602710       -4197.93720410050     
   198.728528008039        644.241922094216       -7029.63183388143     
   1274.07094714693       -635.430467600806       -9692.93587115638     
   803.612533528742       -2571.59989698560       -12147.1679430810     
   2910.83238364696       -5736.25621244069       -11979.4606866151     
   2713.88050997342       -2114.09326279999       -12106.0990446712     
   7508.24497036270        12832.8280734411       -13523.9762680886     
  -3227.96332228837        1088.55592846721       -12092.9736891722     
  -6049.70890637072       -239.781610783634       -11960.1914417653     
  -2638.88461334914       -543.211922585427       -12135.0680411506     
  -1222.88642910730        841.214098430826       -9608.30570798049     
   665.207667261497        667.614235724444       -6985.57144987067     
  -775.963107967580        394.516407272461       -4186.67105766021     
  0.000000000000000E+000  0.000000000000000E+000  0.000000000000000E+000
  0.000000000000000E+000  0.000000000000000E+000  0.000000000000000E+000
  0.000000000000000E+000  0.000000000000000E+000  0.000000000000000E+000
  0.000000000000000E+000  0.000000000000000E+000  0.000000000000000E+000
   64.7103862125334       -574.021910924840       -3446.83371585296     
  -5.13468576447149        140.979387945516       -6956.94750327146     
   569.361396630762        128.965438509797       -9190.22740676430     
   923.543777385443       -1223.35286033398       -11388.0804684382     
   3057.22125652275       -1461.73379392276       -10340.6841123591     
   1717.36114165697        1555.11103046562       -9934.81085930304     
   8809.22037643184        15057.9083331411       -15111.4852430607     
   425.005986456114        2051.00465252169       -9929.22998356606     
  -2596.30947529600        1934.52172856955       -10435.1748857510     
  -1530.63410989748        180.338466524240       -11369.4129693800     
  -209.288771058510        625.891504418369       -9116.49555170706     
   245.984176886766        190.684356681234       -6921.07430582166     
  -589.625564371358       -245.463849237843       -3430.49272246957     
  0.000000000000000E+000  0.000000000000000E+000  0.000000000000000E+000
  0.000000000000000E+000  0.000000000000000E+000  0.000000000000000E+000
  0.000000000000000E+000  0.000000000000000E+000  0.000000000000000E+000
  0.000000000000000E+000  0.000000000000000E+000  0.000000000000000E+000
  -308.099091087652       -864.397644644720       -2753.35199628232     
  -405.232885717006       -789.344278028184       -6245.99052997803     
  -34.1691189456905        1026.41017574512       -8565.38248989494     
   1302.90637201326        3927.50506551511       -11093.4670694660     
   2116.36945878369        6466.51586657773       -11365.0605420574     
   4814.32699343371        11234.3835320591       -12503.6951569397     
   10292.2538797910        17711.8630208952       -20131.0175578054     
   7084.75643022251        9449.58699670419       -12389.2270767207     
   4409.30702021592        4920.55410969540       -11411.9077160158     
   2695.12375485209        3081.87675294417       -11074.5015660583     
   819.518672887862        520.076134517295       -8507.26974996287     
  -508.290707031814       -699.402068523425       -6203.89329948618     
  -660.195661200359       -708.534783265554       -2736.23279223428     
  0.000000000000000E+000  0.000000000000000E+000  0.000000000000000E+000
  0.000000000000000E+000  0.000000000000000E+000  0.000000000000000E+000
  0.000000000000000E+000  0.000000000000000E+000  0.000000000000000E+000
  0.000000000000000E+000  0.000000000000000E+000  0.000000000000000E+000
  -364.365981544306       -832.378876444243       -2283.09848446830     
  -449.190119793905       -2240.33373527493       -5163.65961590098     
  -242.668897578157       -814.660061697175       -7484.16477647707     
   839.177825722946        6234.53334616520       -10289.3491736934     
   3983.95314371245        19108.4790433727       -17400.1373932765     
   6092.21681319432        13974.4552619787       -15672.9829994064     
   2380.06897749917        4179.18370101701       -6754.34023185656     
   8956.62015615331        12168.6387140567       -15767.6617036802     
   14577.3650754597        13013.5240762645       -17541.7731209429     
   4986.20965199921        3898.10738066655       -10306.5538302209     
  -797.192637796676       -655.626342036417       -7403.62606451861     
  -1832.07844862394       -1488.73419789704       -5116.15387054874     
  -581.407806951103       -726.978913035225       -2263.45912121718     
  0.000000000000000E+000  0.000000000000000E+000  0.000000000000000E+000
  0.000000000000000E+000  0.000000000000000E+000  0.000000000000000E+000
  0.000000000000000E+000  0.000000000000000E+000  0.000000000000000E+000
  0.000000000000000E+000  0.000000000000000E+000  0.000000000000000E+000
  -453.211236567075       -566.587618747709       -1935.12882378266     
  -204.213208535600       -2595.76996074837       -4089.79294936816     
  -326.538225381640       -2525.99397839640       -6332.61485817008     
   257.893334633434       -3477.80032182418       -5716.40518423622     
   1050.45336891983        1519.15471686822       -7377.50361006226     
   4753.90413563180        13045.9882221445       -14557.8335420347     
   9057.74058376338        15799.6843766324       -17848.5574121159     
   8778.61569455514        10603.4579919069       -14643.6816853872     
   712.592835153540        1658.59030223697       -7505.50554568267     
  -3206.80072631906       -1503.15062251922       -5723.10881224671     
  -2102.08233320392       -1509.74411918745       -6301.43318186611     
  -2096.10856187514       -1391.69895649938       -4084.40830251237     
  -285.145722527108       -647.834294824022       -1930.33829640953     
  0.000000000000000E+000  0.000000000000000E+000  0.000000000000000E+000
  0.000000000000000E+000  0.000000000000000E+000  0.000000000000000E+000
  0.000000000000000E+000  0.000000000000000E+000  0.000000000000000E+000
  0.000000000000000E+000  0.000000000000000E+000  0.000000000000000E+000
  -273.283765972612       -107.737399682380       -1661.35865893216     
  -573.461402887124       -2587.40993188185       -2970.74183140126     
  -1270.68121770219        1746.64379489832       -6658.95597475713     
  -722.588517309771        5814.11377530127       -9958.66826628658     
  -454.038861941032       -1703.42406680494       -4591.40873273722     
  -592.177907673523       -2104.68318312916       -2394.13059813756     
   207.692930918445        498.993758568071       -2968.40622568012     
  -1552.33937199727       -1471.57696763965       -2614.44652105007     
  -1448.82143754179       -1363.01946880132       -4558.61577449908     
   5358.96271938810        2306.41423746600       -9988.07721544426     
   2268.82037205350       -126.707893660457       -6718.19463248498     
  -1705.55260985860       -1631.05002301757       -3046.35343011858     
   18.0822469802492       -264.696531761038       -1642.26374288154     
  0.000000000000000E+000  0.000000000000000E+000  0.000000000000000E+000
  0.000000000000000E+000  0.000000000000000E+000  0.000000000000000E+000
  0.000000000000000E+000  0.000000000000000E+000  0.000000000000000E+000
  0.000000000000000E+000  0.000000000000000E+000  0.000000000000000E+000
  -552.983780523061       -259.426764338504       -1162.27410533312     
  -666.389398536112       -2682.77109309905       -1664.09728204410     
  -1755.66770168602        1066.77269028577       -5221.32379759498     
  -1305.08302490758        8180.95354028271       -11756.0867753018     
  -153.838315467312        1284.22396664571       -7444.00188979530     
   20.7576695333790       -1660.17879164890       -2898.14576798958     
   297.457148734003        571.726468582656       -4329.27482565644     
  -1561.64007783852       -899.977015790352       -2900.85966726934     
   1254.55239662769        547.030927473052       -7624.67365659664     
   7765.12741957954        2991.25237439570       -11803.3036050434     
   1812.14586681400       -942.442985091994       -5232.03377175419     
  -1724.56225119183       -1785.63845091739       -1753.96748111330     
   22.4986579608875       -552.881631361046       -1149.30304812660     
  0.000000000000000E+000  0.000000000000000E+000  0.000000000000000E+000
  0.000000000000000E+000  0.000000000000000E+000  0.000000000000000E+000
  0.000000000000000E+000  0.000000000000000E+000  0.000000000000000E+000
  0.000000000000000E+000  0.000000000000000E+000  0.000000000000000E+000
  -658.513959107872        237.277634867966       -805.564634387655     
  -371.687624292166       -4358.43085667296       -124.947717364111     
  -724.872759374386       -1846.54807974449       -1980.08664035420     
  -28.6337575531050        4177.01519932094       -8241.21084289337     
   849.689946380678        1042.41464497008       -6253.64423607552     
   3644.30751849671        8514.28410008957       -15838.3374280643     
   5744.07471405526        9966.90622519548       -19993.2846420711     
   5419.14812486749        7281.68542586395       -15699.4682412577     
   558.921703442793        1274.79182396906       -6448.60168081602     
   3748.27505651726        2113.07928973440       -8360.36802904394     
  -1337.06469140428       -1574.52393329754       -1878.04882016104     
  -3479.91109247259       -2426.44504890291       -195.187875855617     
   543.800146124402       -415.116420273366       -747.005455567408     
  0.000000000000000E+000  0.000000000000000E+000  0.000000000000000E+000
  0.000000000000000E+000  0.000000000000000E+000  0.000000000000000E+000
  0.000000000000000E+000  0.000000000000000E+000  0.000000000000000E+000
  0.000000000000000E+000  0.000000000000000E+000  0.000000000000000E+000
  -507.303006028061        449.232999553980       -802.132428806658     
  -361.357587998839       -4316.38220754621        1072.93666540506     
  -296.310111567804        1369.42929609095       -3055.44162997997     
  -456.434807898042        8099.56519356029       -11947.1459796024     
   768.538671428755        5778.07287765634       -11418.1021204366     
   3033.16526019168        8011.22750206235       -16604.1837379913     
   2616.67750781379        4537.58427613977       -14025.1987393791     
   5345.99911255605        6578.92618419423       -16585.3243068511     
   4540.21950270275        3482.72959934942       -11356.9007353271     
   7299.29580782635        3673.85739635686       -12039.5670814873     
   1336.07607907322        442.422332641408       -3021.51393608003     
  -3531.02281628645       -2456.33976429444        1057.00797599068     
   638.619055304042       -178.043383027293       -768.203974036755     
  0.000000000000000E+000  0.000000000000000E+000  0.000000000000000E+000
  0.000000000000000E+000  0.000000000000000E+000  0.000000000000000E+000
  0.000000000000000E+000  0.000000000000000E+000  0.000000000000000E+000
  0.000000000000000E+000  0.000000000000000E+000  0.000000000000000E+000
  -116.119334220801       -37.3640392801405       -546.269199651881     
  -456.693743074271       -1192.44705400237       -73.5338108168017     
   828.534406632178        1392.83753424375       -2442.42898133481     
   973.364997353538        2722.81471120558       -4420.64647077930     
   1115.42239525767        1786.58400678787       -2604.68334373149     
   2345.34364209791        7199.39941803486       -12860.6457505361     
   41.4994333910130        139.623120716743        106.308123833211     
   4973.23149837882        5559.92165102438       -12752.7949678890     
   1031.10999108239        1886.18162376961       -2713.20981094533     
   1842.51443321245        2166.11903990125       -4350.06227742028     
   824.032437337631        1428.27766557840       -2470.19901656978     
  -795.348902284864       -983.599171463385       -47.4761057562280     
   18.3325541745362       -118.061163455396       -553.954960562889     
  0.000000000000000E+000  0.000000000000000E+000  0.000000000000000E+000
  0.000000000000000E+000  0.000000000000000E+000  0.000000000000000E+000
  0.000000000000000E+000  0.000000000000000E+000  0.000000000000000E+000
  0.000000000000000E+000  0.000000000000000E+000  0.000000000000000E+000
  0.000000000000000E+000  0.000000000000000E+000  0.000000000000000E+000
  0.000000000000000E+000  0.000000000000000E+000  0.000000000000000E+000
  0.000000000000000E+000  0.000000000000000E+000  0.000000000000000E+000
  0.000000000000000E+000  0.000000000000000E+000  0.000000000000000E+000
  0.000000000000000E+000  0.000000000000000E+000  0.000000000000000E+000
  0.000000000000000E+000  0.000000000000000E+000  0.000000000000000E+000
  0.000000000000000E+000  0.000000000000000E+000  0.000000000000000E+000
  0.000000000000000E+000  0.000000000000000E+000  0.000000000000000E+000
  0.000000000000000E+000  0.000000000000000E+000  0.000000000000000E+000
  0.000000000000000E+000  0.000000000000000E+000  0.000000000000000E+000
  0.000000000000000E+000  0.000000000000000E+000  0.000000000000000E+000
  0.000000000000000E+000  0.000000000000000E+000  0.000000000000000E+000
  0.000000000000000E+000  0.000000000000000E+000  0.000000000000000E+000
  0.000000000000000E+000  0.000000000000000E+000  0.000000000000000E+000
  0.000000000000000E+000  0.000000000000000E+000  0.000000000000000E+000
  0.000000000000000E+000  0.000000000000000E+000  0.000000000000000E+000
  0.000000000000000E+000  0.000000000000000E+000  0.000000000000000E+000
  0.000000000000000E+000  0.000000000000000E+000  0.000000000000000E+000
  0.000000000000000E+000  0.000000000000000E+000  0.000000000000000E+000
  0.000000000000000E+000  0.000000000000000E+000  0.000000000000000E+000
  0.000000000000000E+000  0.000000000000000E+000  0.000000000000000E+000
  0.000000000000000E+000  0.000000000000000E+000  0.000000000000000E+000
  0.000000000000000E+000  0.000000000000000E+000  0.000000000000000E+000
  0.000000000000000E+000  0.000000000000000E+000  0.000000000000000E+000
  0.000000000000000E+000  0.000000000000000E+000  0.000000000000000E+000
  0.000000000000000E+000  0.000000000000000E+000  0.000000000000000E+000
  0.000000000000000E+000  0.000000000000000E+000  0.000000000000000E+000
  0.000000000000000E+000  0.000000000000000E+000  0.000000000000000E+000
  0.000000000000000E+000  0.000000000000000E+000  0.000000000000000E+000
  0.000000000000000E+000  0.000000000000000E+000  0.000000000000000E+000
  0.000000000000000E+000  0.000000000000000E+000  0.000000000000000E+000
  0.000000000000000E+000  0.000000000000000E+000  0.000000000000000E+000
