          80  8.000000000000007E-003  8.000000000000007E-003
  0.000000000000000E+000  0.000000000000000E+000  0.000000000000000E+000
  0.000000000000000E+000  0.000000000000000E+000  0.000000000000000E+000
  2.900760680227283E-002  3.396799558726832E-002 -6.100070985230589E-002
  2.760486737818651E-002  1.962828205754286E-002 -8.538451350708566E-002
  3.153368448519904E-002  1.674696282232947E-002 -0.118761481642561     
  2.974929924744823E-002  2.041512566319312E-002 -0.133329913173469     
  3.111457636182438E-002  1.782996445119243E-002 -0.145444944801768     
  3.303981790846762E-002  5.782155530027590E-002 -0.155423643199556     
  4.497624538518406E-002  7.792592395955987E-002 -0.166189582179391     
  3.353383607604363E-002  5.752797299067262E-002 -0.155427197466470     
 -1.267449870939784E-004  3.588357895764853E-002 -0.145459824959560     
  2.789656142806158E-003  3.599238250456686E-002 -0.133340540867379     
 -1.287912079989119E-003  3.569718572820898E-002 -0.118792399579747     
  3.156917701269186E-003  3.370850762511575E-002 -8.538960273234146E-002
  1.491778765925053E-002  4.212674943821498E-002 -6.103967608454829E-002
  0.000000000000000E+000  0.000000000000000E+000  0.000000000000000E+000
  0.000000000000000E+000  0.000000000000000E+000  0.000000000000000E+000
  0.000000000000000E+000  0.000000000000000E+000  0.000000000000000E+000
  0.000000000000000E+000  0.000000000000000E+000  0.000000000000000E+000
  2.250950926778926E-002  3.322931897258719E-002 -5.366472572609802E-002
  2.471429353903815E-002  2.915795884335881E-002 -8.540869492044584E-002
  2.563107548298942E-002  2.596541483129044E-002 -0.114332098878399     
  2.754467290585498E-002  2.912224375406854E-002 -0.133350269566459     
  2.791781963729047E-002  2.851222317473088E-002 -0.142954661860313     
  3.084287494959919E-002  6.086531051720416E-002 -0.155284804057378     
  4.130944352236871E-002  7.157569188219776E-002 -0.165542085164090     
  3.726625229073927E-002  5.714975872746627E-002 -0.155292235476750     
  1.070633574775432E-002  3.844585200283090E-002 -0.142969542653741     
  1.142354543448516E-002  3.843169078338582E-002 -0.133361659353352     
  9.635379253582165E-003  3.518455542341439E-002 -0.114352656807242     
  1.285469462323290E-002  3.597116651252976E-002 -8.540816592381772E-002
  1.752829980442567E-002  3.612034831482564E-002 -5.369306256066070E-002
  0.000000000000000E+000  0.000000000000000E+000  0.000000000000000E+000
  0.000000000000000E+000  0.000000000000000E+000  0.000000000000000E+000
  0.000000000000000E+000  0.000000000000000E+000  0.000000000000000E+000
  0.000000000000000E+000  0.000000000000000E+000  0.000000000000000E+000
  1.606198404014718E-002  3.127646385241906E-002 -4.317944741449228E-002
  1.597594741437131E-002  4.897838037383320E-002 -8.153893168653668E-002
  1.893405371334090E-002  4.465872344519430E-002 -0.109985061821092     
  2.061181110946361E-002  4.855406390170525E-002 -0.130539630108741     
  2.411569866183857E-002  5.127780368298578E-002 -0.142038045335054     
  2.947921651393084E-002  6.529066602097267E-002 -0.155140125360166     
  3.733892529417878E-002  6.469618794687775E-002 -0.161934166802043     
  4.177402641406157E-002  5.817865743690616E-002 -0.155147717714727     
  3.227493517785852E-002  4.651196850297928E-002 -0.142053086586658     
  3.170329168900252E-002  4.213266011123447E-002 -0.130545708106927     
  2.915514565817264E-002  3.872397408488423E-002 -0.109990637411376     
  3.438736749197953E-002  3.830691129107848E-002 -8.151664394002005E-002
  1.905941385117336E-002  2.954900894950271E-002 -4.319199797717590E-002
  0.000000000000000E+000  0.000000000000000E+000  0.000000000000000E+000
  0.000000000000000E+000  0.000000000000000E+000  0.000000000000000E+000
  0.000000000000000E+000  0.000000000000000E+000  0.000000000000000E+000
  0.000000000000000E+000  0.000000000000000E+000  0.000000000000000E+000
  1.404107724963766E-002  2.264688835226098E-002 -3.346920380279352E-002
  6.372601269645371E-003  7.111855705200623E-002 -7.559040070079094E-002
  9.452758133753602E-003  8.379542810037413E-002 -0.107298584471706     
  1.211294764394263E-002  8.944661636129393E-002 -0.132469743060410     
  1.938341997599964E-002  8.047381854710053E-002 -0.146513935069377     
  2.681208649207299E-002  6.522242895634379E-002 -0.152472950355868     
  3.266275757351419E-002  5.659145826338597E-002 -0.153151513669818     
  4.308270457193106E-002  5.587852436615774E-002 -0.152520849074547     
  5.992498982289477E-002  5.701697470457544E-002 -0.146530350734284     
  7.130787406046435E-002  5.520145668028136E-002 -0.132465354404805     
  6.775971434511427E-002  5.006950080332087E-002 -0.107277912853440     
  5.833138473533696E-002  4.104334616685491E-002 -7.553597221749347E-002
  1.258846627421279E-002  2.347728086215345E-002 -3.346910772054830E-002
  0.000000000000000E+000  0.000000000000000E+000  0.000000000000000E+000
  0.000000000000000E+000  0.000000000000000E+000  0.000000000000000E+000
  0.000000000000000E+000  0.000000000000000E+000  0.000000000000000E+000
  0.000000000000000E+000  0.000000000000000E+000  0.000000000000000E+000
  1.442396055268252E-002  6.508654215908549E-003 -2.445885289406534E-002
  1.169725521487016E-003  8.336644761172658E-002 -6.954729563197146E-002
  3.178750014679600E-003  0.102871624324240      -0.106286344521904     
  5.452842314135621E-003  0.103738433831854      -0.132828528018932     
  1.488427901343520E-002  8.514060977467705E-002 -0.144288354657655     
  2.224061669374456E-002  6.265632825721920E-002 -0.144127113445085     
  2.949821894540961E-002  5.110732545453317E-002 -0.143125619273308     
  4.322489742119731E-002  5.070025111155037E-002 -0.144273242862951     
  6.627630703678719E-002  5.549801245835702E-002 -0.144354688862650     
  8.697724854606260E-002  5.657545070642112E-002 -0.132799762715555     
  8.735679816544271E-002  5.415770578843511E-002 -0.106232516036687     
  7.150257183230689E-002  4.265075269445223E-002 -6.946094098217069E-002
 -1.599980903482126E-003  1.572575538959663E-002 -2.444887929886182E-002
  0.000000000000000E+000  0.000000000000000E+000  0.000000000000000E+000
  0.000000000000000E+000  0.000000000000000E+000  0.000000000000000E+000
  0.000000000000000E+000  0.000000000000000E+000  0.000000000000000E+000
  0.000000000000000E+000  0.000000000000000E+000  0.000000000000000E+000
  1.296636272280614E-002 -6.948500336885197E-003 -1.675785849245752E-002
  2.511978245398176E-003  8.932571119215219E-002 -6.483006332097588E-002
 -9.244432342086686E-004  0.100285981044005      -9.990218601459712E-002
  2.994777144885535E-003  0.104998142414364      -0.126735503939476     
  1.068851695257922E-002  8.267664790692666E-002 -0.135898057590337     
  1.924408549102348E-002  6.083065912230726E-002 -0.134851777672191     
  2.768478042226317E-002  4.795025261139940E-002 -0.132950072735475     
  4.323816469260886E-002  4.725724136595319E-002 -0.135141939167183     
  6.630554316015487E-002  5.067708578306821E-002 -0.136040947886045     
  8.929733120985336E-002  5.510065573690037E-002 -0.126706459109693     
  8.714304924148597E-002  4.930263942910711E-002 -9.981022773665479E-002
  7.600012113983831E-002  4.680344770864048E-002 -6.474042271933377E-002
 -1.252353080451544E-002  7.736178429397331E-003 -1.673793541498918E-002
  0.000000000000000E+000  0.000000000000000E+000  0.000000000000000E+000
  0.000000000000000E+000  0.000000000000000E+000  0.000000000000000E+000
  0.000000000000000E+000  0.000000000000000E+000  0.000000000000000E+000
  0.000000000000000E+000  0.000000000000000E+000  0.000000000000000E+000
  1.396292322345062E-002 -3.000963203957097E-003 -1.354629676206466E-002
  2.962861995578086E-003  7.435386164865330E-002 -5.511862077766423E-002
 -8.864212125948920E-004  9.319902131383953E-002 -9.029020466929379E-002
  1.075415274021399E-003  9.496076264227102E-002 -0.115266035638743     
  7.836327034978644E-003  7.775308906246176E-002 -0.124900179221866     
  1.649289757761871E-002  5.814467153046842E-002 -0.124828131656586     
  2.664614662772589E-002  4.613140912177491E-002 -0.123593964436109     
  4.237303625538620E-002  4.358145163661164E-002 -0.125277183609137     
  6.353502599304763E-002  4.578389613069764E-002 -0.125139064391983     
  8.157892102414425E-002  4.844080489387576E-002 -0.115250163707601     
  8.103214485597347E-002  4.582667919905281E-002 -9.020444664715696E-002
  6.281191633994977E-002  3.967427649596995E-002 -5.501954120343443E-002
 -9.555077219997259E-003  1.061994412490127E-002 -1.353178412320833E-002
  0.000000000000000E+000  0.000000000000000E+000  0.000000000000000E+000
  0.000000000000000E+000  0.000000000000000E+000  0.000000000000000E+000
  0.000000000000000E+000  0.000000000000000E+000  0.000000000000000E+000
  0.000000000000000E+000  0.000000000000000E+000  0.000000000000000E+000
  1.039333667677024E-002 -6.169258946655279E-003 -7.903411413239227E-003
  6.322124797221294E-003  5.727566448069681E-002 -4.402121974549230E-002
 -2.250412476807328E-004  7.277569479199997E-002 -7.290759434780140E-002
  8.471110448258994E-004  7.853002024365630E-002 -9.664443647196892E-002
  5.806606910808987E-003  6.672461480870440E-002 -0.107905225550955     
  1.398050676565986E-002  5.261341312125259E-002 -0.110689650266871     
  2.445024195188253E-002  4.228349841062121E-002 -0.111014507831850     
  3.890577043001830E-002  3.868428083581173E-002 -0.111309939092679     
  5.502015027240346E-002  3.853653057794736E-002 -0.108212211483408     
  6.751977862584048E-002  4.005337417814013E-002 -9.668738586759816E-002
  6.304819670842318E-002  3.621152000774185E-002 -7.281435796104452E-002
  4.638728115286822E-002  3.403493364320691E-002 -4.396974136566186E-002
 -1.048484219984337E-002  5.967525128156227E-003 -7.838772425516080E-003
  0.000000000000000E+000  0.000000000000000E+000  0.000000000000000E+000
  0.000000000000000E+000  0.000000000000000E+000  0.000000000000000E+000
  0.000000000000000E+000  0.000000000000000E+000  0.000000000000000E+000
  0.000000000000000E+000  0.000000000000000E+000  0.000000000000000E+000
  7.065468495854511E-003 -5.990754693706529E-003 -6.523269354194240E-003
  6.629889216330591E-003  3.365197570689352E-002 -2.584461437151627E-002
  1.616516675126914E-003  4.401763342862903E-002 -4.665450767457557E-002
  9.706499923756387E-004  5.249187616004129E-002 -6.646096969946209E-002
  3.161470616408724E-003  4.666987598002567E-002 -7.854098589047362E-002
  9.375987540789063E-003  3.863402388224051E-002 -8.385241019903510E-002
  1.815039146359026E-002  3.134451409176564E-002 -8.594714583932349E-002
  2.906895208881489E-002  2.764761274547033E-002 -8.449220930028536E-002
  3.894726461729880E-002  2.619312152424631E-002 -7.884267516152330E-002
  4.492481253843104E-002  2.712022695115455E-002 -6.651692714551609E-002
  3.731966973028712E-002  2.346708186259135E-002 -4.662278271147756E-002
  2.573235920860573E-002  2.245928865878477E-002 -2.580234613995343E-002
 -8.634538115875090E-003  3.207219189456675E-003 -6.451011073982420E-003
  0.000000000000000E+000  0.000000000000000E+000  0.000000000000000E+000
  0.000000000000000E+000  0.000000000000000E+000  0.000000000000000E+000
  0.000000000000000E+000  0.000000000000000E+000  0.000000000000000E+000
  0.000000000000000E+000  0.000000000000000E+000  0.000000000000000E+000
  1.770244379050078E-003 -3.543381844452028E-003 -3.023783527862896E-003
  5.268826294407596E-003  7.392580437639822E-003 -7.280929600123011E-003
  4.833828140562160E-003  1.123886760537918E-002 -1.348822308485262E-002
  4.732962833217175E-003  1.834456275000398E-002 -2.328929116283801E-002
  3.815817754872346E-003  1.830560833947115E-002 -2.970125157244574E-002
  5.567994083496021E-003  1.731529215581064E-002 -3.566058319751565E-002
  8.596556469749581E-003  1.474675080574837E-002 -3.754594497762018E-002
  1.238952054002389E-002  1.365672508307962E-002 -3.607357398297934E-002
  1.396745026270669E-002  1.255821893707404E-002 -2.985834907648904E-002
  1.351571269114019E-002  1.326450801322019E-002 -2.327357236396960E-002
  7.332269905508395E-003  9.814355056457950E-003 -1.351510124938878E-002
  3.789699549089507E-003  8.231317943778691E-003 -7.239369975013123E-003
 -3.982101328848036E-003 -2.363879806838451E-004 -3.042345162637441E-003
  0.000000000000000E+000  0.000000000000000E+000  0.000000000000000E+000
  0.000000000000000E+000  0.000000000000000E+000  0.000000000000000E+000
  0.000000000000000E+000  0.000000000000000E+000  0.000000000000000E+000
  0.000000000000000E+000  0.000000000000000E+000  0.000000000000000E+000
  0.000000000000000E+000  0.000000000000000E+000  0.000000000000000E+000
  0.000000000000000E+000  0.000000000000000E+000  0.000000000000000E+000
  0.000000000000000E+000  0.000000000000000E+000  0.000000000000000E+000
  0.000000000000000E+000  0.000000000000000E+000  0.000000000000000E+000
  0.000000000000000E+000  0.000000000000000E+000  0.000000000000000E+000
  0.000000000000000E+000  0.000000000000000E+000  0.000000000000000E+000
  0.000000000000000E+000  0.000000000000000E+000  0.000000000000000E+000
  0.000000000000000E+000  0.000000000000000E+000  0.000000000000000E+000
  0.000000000000000E+000  0.000000000000000E+000  0.000000000000000E+000
  0.000000000000000E+000  0.000000000000000E+000  0.000000000000000E+000
  0.000000000000000E+000  0.000000000000000E+000  0.000000000000000E+000
  0.000000000000000E+000  0.000000000000000E+000  0.000000000000000E+000
  0.000000000000000E+000  0.000000000000000E+000  0.000000000000000E+000
  0.000000000000000E+000  0.000000000000000E+000  0.000000000000000E+000
  0.000000000000000E+000  0.000000000000000E+000  0.000000000000000E+000
  0.000000000000000E+000  0.000000000000000E+000  0.000000000000000E+000
  0.000000000000000E+000  0.000000000000000E+000  0.000000000000000E+000
  0.000000000000000E+000  0.000000000000000E+000  0.000000000000000E+000
  0.000000000000000E+000  0.000000000000000E+000  0.000000000000000E+000
  0.000000000000000E+000  0.000000000000000E+000  0.000000000000000E+000
  0.000000000000000E+000  0.000000000000000E+000  0.000000000000000E+000
  0.000000000000000E+000  0.000000000000000E+000  0.000000000000000E+000
  0.000000000000000E+000  0.000000000000000E+000  0.000000000000000E+000
  0.000000000000000E+000  0.000000000000000E+000  0.000000000000000E+000
  0.000000000000000E+000  0.000000000000000E+000  0.000000000000000E+000
  0.000000000000000E+000  0.000000000000000E+000  0.000000000000000E+000
  0.000000000000000E+000  0.000000000000000E+000  0.000000000000000E+000
  0.000000000000000E+000  0.000000000000000E+000  0.000000000000000E+000
  0.000000000000000E+000  0.000000000000000E+000  0.000000000000000E+000
  0.000000000000000E+000  0.000000000000000E+000  0.000000000000000E+000
  0.000000000000000E+000  0.000000000000000E+000  0.000000000000000E+000
  0.000000000000000E+000  0.000000000000000E+000  0.000000000000000E+000
  0.000000000000000E+000  0.000000000000000E+000  0.000000000000000E+000
  0.000000000000000E+000  0.000000000000000E+000  0.000000000000000E+000
 -9.253623585877299E-002  2.218963223532602E-002  1.590429700758130E-003
 -0.427900222992836      -7.361639119328607E-002  0.119444728716533     
 -0.679677905322526       1.556283363587836E-002  0.549654408426020     
 -0.716712424925118      -2.422159719639550E-002   1.02282093999062     
 -0.696852747208958       0.232118141114589        1.51504940518484     
 -0.442194532956855      -0.167910814866864        1.92948378004731     
 -0.537806729403513      -0.932346057667548        2.23481677693913     
  7.402495066590667E-002 -0.468198749332400        1.92516991543156     
  0.546382205718158      -0.485780439329827        1.50790154324262     
  0.329432887224787      -0.632310931731895        1.01919182531466     
  0.361325795993702      -0.572009451358343       0.548180005293255     
  0.150897221265299      -0.404135009144847       0.118340247306617     
  6.427718929961544E-002 -6.887885170383025E-002  1.413955381088619E-003
  0.000000000000000E+000  0.000000000000000E+000  0.000000000000000E+000
  0.000000000000000E+000  0.000000000000000E+000  0.000000000000000E+000
  0.000000000000000E+000  0.000000000000000E+000  0.000000000000000E+000
  0.000000000000000E+000  0.000000000000000E+000  0.000000000000000E+000
 -9.900456016000386E-002  3.943405771379523E-002 -9.072523679226121E-003
 -0.416618906384237      -4.139622502077651E-002  7.603514990701125E-002
 -0.596266540283252       2.750397705553951E-003  0.469355078744679     
 -0.620660388667510      -1.827456951403240E-002  0.969968435453664     
 -0.543820371366949       0.112200400411331        1.47259153463467     
 -0.315361896615633      -0.211102418702689        1.92464470841009     
 -0.445109562570829      -0.769646692206793        2.28808946331082     
 -2.568547499443630E-002 -0.377825582253810        1.91963024980341     
  0.368532449390187      -0.412950479694168        1.46563765491356     
  0.290101484997041      -0.544489210677439       0.966988795379578     
  0.306753319320198      -0.507211605255995       0.467771808369242     
  0.172257051002637      -0.378825683045116       7.506477554529831E-002
  8.222717978645418E-002 -6.589372089941573E-002 -9.082854083156837E-003
  0.000000000000000E+000  0.000000000000000E+000  0.000000000000000E+000
  0.000000000000000E+000  0.000000000000000E+000  0.000000000000000E+000
  0.000000000000000E+000  0.000000000000000E+000  0.000000000000000E+000
  0.000000000000000E+000  0.000000000000000E+000  0.000000000000000E+000
 -0.117480604501248       6.913673840237107E-002 -2.554238696883063E-002
 -0.366264535025947       3.869231666667208E-002 -9.524074058178324E-006
 -0.489043672336290      -0.154005306444930       0.340769512747744     
 -0.433662575765284      -0.129799284938702       0.852581610360463     
 -0.323789718893020      -3.479838794204072E-002   1.46217950317827     
 -0.203881229412681      -0.288504716805882        1.94148369259906     
 -0.308919969337885      -0.531742309419548        2.22893653542655     
 -0.145705701383687      -0.315716750766927        1.93607362465221     
  0.135609224257538      -0.292326377342121        1.45525699218494     
  0.107062316871641      -0.434202730087441       0.849667760540430     
  0.116300301391890      -0.493525275695008       0.339402811753348     
  0.214038928054015      -0.296589065558055      -6.644834845511119E-004
  0.116940111201248      -6.701892699880457E-002 -2.525833665485428E-002
  0.000000000000000E+000  0.000000000000000E+000  0.000000000000000E+000
  0.000000000000000E+000  0.000000000000000E+000  0.000000000000000E+000
  0.000000000000000E+000  0.000000000000000E+000  0.000000000000000E+000
  0.000000000000000E+000  0.000000000000000E+000  0.000000000000000E+000
 -0.106513824883688       1.049848229790551E-002 -4.678261792128292E-002
 -0.351743094965515       0.435853815705706      -0.113187757904923     
 -0.348170807160593       0.334349437894581       0.190330622440513     
 -0.262618357060338       0.532380554779045       0.668197889659367     
 -0.105446230490446       0.529829911012247        1.19140985652696     
 -8.522167926711822E-002 -0.184648942606740        1.80906851859103     
 -0.318298017850357      -0.546143329596792        2.22396408833613     
 -0.109549146466082      -0.152650911518605        1.79763728993216     
  0.522051363657448       0.184167315427561        1.18239295070340     
  0.589473585787893       4.118132393371030E-002  0.666495198131685     
  0.460486880396372      -0.132798247759154       0.189371990540199     
  0.548182365593224      -8.644653056511976E-002 -0.112885865384844     
  6.094484924621737E-002 -8.683082530797066E-002 -4.624344300662062E-002
  0.000000000000000E+000  0.000000000000000E+000  0.000000000000000E+000
  0.000000000000000E+000  0.000000000000000E+000  0.000000000000000E+000
  0.000000000000000E+000  0.000000000000000E+000  0.000000000000000E+000
  0.000000000000000E+000  0.000000000000000E+000  0.000000000000000E+000
 -4.349959705983645E-002 -3.659689109860288E-002 -7.362266673555690E-002
 -0.393543083985402       0.787138798045005      -0.235875858169521     
 -0.340697722023896        1.06322564762974      -9.023623026387807E-002
 -0.213757075181682        1.25906840743102       0.193893465785911     
 -1.184358350976260E-002  0.783182248497995       0.843572288748542     
 -8.236997135382586E-002 -0.215130240503165        1.76308264918079     
 -0.344234394735027      -0.589640244017267        2.28157645331288     
 -0.143747368924139      -0.169957477874237        1.75651687438921     
  0.677243308028015       0.383167578961681       0.844596042031628     
   1.18238377266178       0.442016223705648       0.197640979155458     
   1.08096677445423       0.235265544162135      -8.956392996463752E-002
  0.871523631936997       5.249598317734701E-002 -0.234580663155560     
 -1.037762006570790E-002 -5.580147744118598E-002 -7.300921874307446E-002
  0.000000000000000E+000  0.000000000000000E+000  0.000000000000000E+000
  0.000000000000000E+000  0.000000000000000E+000  0.000000000000000E+000
  0.000000000000000E+000  0.000000000000000E+000  0.000000000000000E+000
  0.000000000000000E+000  0.000000000000000E+000  0.000000000000000E+000
 -2.320279051808223E-003 -2.598532445125150E-002 -7.739073759610521E-002
 -0.364096799288045       0.872904644432178      -0.322869940933764     
 -0.294959061690052        1.13397454551048      -0.299312464031273     
 -0.168252510887955        1.38954925409015      -0.151166763965346     
  4.637886074053819E-002  0.770701126741121       0.642350448407924     
 -8.491106809207251E-002 -0.207679239700590        1.70269455765808     
 -0.131254528913734      -0.222008132622172        1.80401499644744     
 -0.139055878835777      -0.172668791711090        1.70183490451054     
  0.634927503886195       0.425616009262153       0.648193474134697     
   1.28166980189314       0.550623861863511      -0.151281111699271     
   1.12147042532494       0.311143434779116      -0.297786190221698     
  0.929610642146280       0.120174115319692      -0.320602904752973     
 -2.099637899957795E-002 -1.479353777663977E-002 -7.660618898735892E-002
  0.000000000000000E+000  0.000000000000000E+000  0.000000000000000E+000
  0.000000000000000E+000  0.000000000000000E+000  0.000000000000000E+000
  0.000000000000000E+000  0.000000000000000E+000  0.000000000000000E+000
  0.000000000000000E+000  0.000000000000000E+000  0.000000000000000E+000
 -4.533022575814861E-003 -6.156550003164266E-002 -5.791677198273265E-002
 -0.235832588043710       0.707297527329785      -0.330500693555129     
 -0.126672310484627       0.608413381659187      -0.191450295617914     
 -1.874983521190910E-002  0.882392044389165      -6.399010713714827E-002
  0.133401952654575       0.636384294875069       0.417970359921609     
  2.013055159739281E-002 -0.141221462820238        1.47767545115331     
  1.027498265009083E-002  1.861735230529689E-002   1.24630819043138     
 -0.128716044954860      -4.969539791624774E-002   1.47385041129230     
  0.486760749857310       0.436801037487227       0.415532271820719     
  0.780108011182972       0.429692488814193      -7.339516259750085E-002
  0.589804580479666       0.195853111806814      -0.192170855553317     
  0.722020699055102       0.147831434620247      -0.327415992938603     
 -5.022458485564286E-002 -3.446947774683777E-002 -5.714675400947948E-002
  0.000000000000000E+000  0.000000000000000E+000  0.000000000000000E+000
  0.000000000000000E+000  0.000000000000000E+000  0.000000000000000E+000
  0.000000000000000E+000  0.000000000000000E+000  0.000000000000000E+000
  0.000000000000000E+000  0.000000000000000E+000  0.000000000000000E+000
 -1.328691882593475E-002 -2.924525486057007E-002 -4.323906439024553E-002
 -7.316647802363119E-002  0.358055090665255      -0.246702414748699     
  8.139184059263620E-002  3.261638384260470E-002  5.336017401521647E-002
  0.193640782807493       0.255767096924689       0.212911905885414     
  0.220362806366867       0.464753235071762       0.222388555014247     
  0.185238038163137       0.270600012750224       0.614945632161710     
  0.131877045401103       0.223939474896659       0.558274131187429     
  0.143082522159741       0.293249962658040       0.620545564092574     
  0.298203044422161       0.426598818450680       0.216936156885984     
  0.127721303644123       0.296752367588240       0.207834508167463     
 -8.282229934171320E-003  8.879774707664469E-002  5.024764279210173E-002
  0.342133102121918       0.113902414556732      -0.244482771780396     
 -1.822195115321101E-002 -2.565416992581817E-002 -4.171797625917498E-002
  0.000000000000000E+000  0.000000000000000E+000  0.000000000000000E+000
  0.000000000000000E+000  0.000000000000000E+000  0.000000000000000E+000
  0.000000000000000E+000  0.000000000000000E+000  0.000000000000000E+000
  0.000000000000000E+000  0.000000000000000E+000  0.000000000000000E+000
 -1.113998855581521E-002 -6.896365772470574E-003 -5.852441869275555E-002
  7.827557803453107E-003  8.299285061102185E-002 -9.217157033588612E-002
  0.137186751648347      -0.158286711053446       0.151666153117551     
  0.188935717344748       0.156120636515386       9.046208962913221E-002
  0.135180319573298       0.598124614242831      -0.439673444319673     
  0.188685591059421       0.476767284679083      -0.371542644121621     
  0.152207244980084       0.260101281864620       2.816646388978686E-002
  0.322982913632332       0.401051151212701      -0.375119452636595     
  0.455955528755808       0.417506202398610      -0.446067893541634     
  3.354993670457025E-002  0.240388232724285       9.932092739102115E-002
 -0.203536458996052       4.081151909329801E-002  0.149754149589671     
  6.619655223453863E-002  4.729746211303223E-002 -9.192298715864421E-002
  4.596708814701600E-004 -1.266266324878332E-002 -5.645327975375861E-002
  0.000000000000000E+000  0.000000000000000E+000  0.000000000000000E+000
  0.000000000000000E+000  0.000000000000000E+000  0.000000000000000E+000
  0.000000000000000E+000  0.000000000000000E+000  0.000000000000000E+000
  0.000000000000000E+000  0.000000000000000E+000  0.000000000000000E+000
 -9.855811572134082E-003 -8.374485119247295E-003 -3.828575894945147E-002
  2.450389358307120E-002 -1.716549483220967E-002 -1.836975803135664E-002
  8.166261130048397E-002 -5.051473739515074E-002  5.498808085719438E-003
  0.133330377025273       0.200068960416064      -0.195868886673723     
  8.332324354294486E-002  0.424920968071457      -0.550096073007240     
  7.895211393761749E-002  0.260120460943769      -0.244147343766229     
  0.106272718168718       0.182936878177331      -9.078711822329361E-002
  0.195551833779327       0.200718319857113      -0.267712178146985     
  0.329936155625939       0.287126016278789      -0.560108339827349     
  0.100909526255989       0.214106582163843      -0.187284704640092     
 -8.517311683653134E-002  4.514559420663260E-002  5.683087029171330E-003
 -2.670250859618253E-002  1.274149771760672E-002 -1.806932842344501E-002
 -2.700233558217598E-003 -1.278315155370490E-002 -3.831838596685668E-002
  0.000000000000000E+000  0.000000000000000E+000  0.000000000000000E+000
  0.000000000000000E+000  0.000000000000000E+000  0.000000000000000E+000
  0.000000000000000E+000  0.000000000000000E+000  0.000000000000000E+000
  0.000000000000000E+000  0.000000000000000E+000  0.000000000000000E+000
  0.000000000000000E+000  0.000000000000000E+000  0.000000000000000E+000
  0.000000000000000E+000  0.000000000000000E+000  0.000000000000000E+000
  0.000000000000000E+000  0.000000000000000E+000  0.000000000000000E+000
  0.000000000000000E+000  0.000000000000000E+000  0.000000000000000E+000
  0.000000000000000E+000  0.000000000000000E+000  0.000000000000000E+000
  0.000000000000000E+000  0.000000000000000E+000  0.000000000000000E+000
  0.000000000000000E+000  0.000000000000000E+000  0.000000000000000E+000
  0.000000000000000E+000  0.000000000000000E+000  0.000000000000000E+000
  0.000000000000000E+000  0.000000000000000E+000  0.000000000000000E+000
  0.000000000000000E+000  0.000000000000000E+000  0.000000000000000E+000
  0.000000000000000E+000  0.000000000000000E+000  0.000000000000000E+000
  0.000000000000000E+000  0.000000000000000E+000  0.000000000000000E+000
  0.000000000000000E+000  0.000000000000000E+000  0.000000000000000E+000
  0.000000000000000E+000  0.000000000000000E+000  0.000000000000000E+000
  0.000000000000000E+000  0.000000000000000E+000  0.000000000000000E+000
  0.000000000000000E+000  0.000000000000000E+000  0.000000000000000E+000
  0.000000000000000E+000  0.000000000000000E+000  0.000000000000000E+000
  0.000000000000000E+000  0.000000000000000E+000  0.000000000000000E+000
  0.000000000000000E+000  0.000000000000000E+000  0.000000000000000E+000
  0.000000000000000E+000  0.000000000000000E+000  0.000000000000000E+000
  0.000000000000000E+000  0.000000000000000E+000  0.000000000000000E+000
  0.000000000000000E+000  0.000000000000000E+000  0.000000000000000E+000
  0.000000000000000E+000  0.000000000000000E+000  0.000000000000000E+000
  0.000000000000000E+000  0.000000000000000E+000  0.000000000000000E+000
  0.000000000000000E+000  0.000000000000000E+000  0.000000000000000E+000
  0.000000000000000E+000  0.000000000000000E+000  0.000000000000000E+000
  0.000000000000000E+000  0.000000000000000E+000  0.000000000000000E+000
  0.000000000000000E+000  0.000000000000000E+000  0.000000000000000E+000
  0.000000000000000E+000  0.000000000000000E+000  0.000000000000000E+000
  0.000000000000000E+000  0.000000000000000E+000  0.000000000000000E+000
  0.000000000000000E+000  0.000000000000000E+000  0.000000000000000E+000
  0.000000000000000E+000  0.000000000000000E+000  0.000000000000000E+000
  0.000000000000000E+000  0.000000000000000E+000  0.000000000000000E+000
  0.000000000000000E+000  0.000000000000000E+000  0.000000000000000E+000
   740.915902381321       -1769.97093120388       -6760.43235410244     
  -1130.65291554011        1525.24669612741       -8944.87313842447     
  -812.439796271080       -1841.72495287836       -10895.2038520541     
   110.960084283386       -217.801572113076       -10565.6248252912     
   2065.48111707740       -3806.45084138707       -12110.0741810530     
   1932.62738449184        4285.01946207163       -12282.4021316360     
   5335.44226546756        9368.69561878469       -12983.4086959928     
   2455.47968223308        3710.88819100323       -12215.8425555940     
  -4280.27530941695       -14.7902451295083       -12172.7766732829     
  -283.594597381784        71.5889254643012       -10604.7050689099     
  -1172.19070928960       -1554.85327235110       -10882.4516104775     
   1898.52129867850       -217.972308643639       -8976.76191745866     
  -1946.24082063027       -253.604071268557       -6802.54045454844     
  0.000000000000000E+000  0.000000000000000E+000  0.000000000000000E+000
  0.000000000000000E+000  0.000000000000000E+000  0.000000000000000E+000
  0.000000000000000E+000  0.000000000000000E+000  0.000000000000000E+000
  0.000000000000000E+000  0.000000000000000E+000  0.000000000000000E+000
   20.8899672168061       -2145.48564746160       -5831.35263580941     
  -1271.85319050360        855.747318019242       -9048.45982160256     
  -1006.93644623668       -920.291666434150       -10588.3202378917     
   398.923672206345        75.7781248903994       -10409.5042335633     
   1668.96346398048       -2372.80049500625       -11596.5104707695     
   2087.66432440445        4652.06895838344       -12022.7635752282     
   4449.47523471457        7819.78505969662       -12968.8408481009     
   2779.98074347889        4116.70599383895       -11946.6088903222     
  -2857.36499826642        373.317605739005       -11667.2239527226     
  -132.952251489637        467.938474787748       -10434.5017252974     
  -301.592167445637       -1265.94738135009       -10572.1532565237     
   1364.16870944265       -684.164614823818       -9086.68470422842     
  -1911.11173524825       -1070.62933276090       -5864.99866534021     
  0.000000000000000E+000  0.000000000000000E+000  0.000000000000000E+000
  0.000000000000000E+000  0.000000000000000E+000  0.000000000000000E+000
  0.000000000000000E+000  0.000000000000000E+000  0.000000000000000E+000
  0.000000000000000E+000  0.000000000000000E+000  0.000000000000000E+000
  -501.156916462820       -2931.04237539163       -4699.38509482697     
  -1838.76214849557       -621.344862796326       -8570.81825099421     
  -1157.60784876583        1034.13650797848       -10086.1288917266     
   259.240205736371        287.941916946379       -10050.9140255909     
   1163.77766390815        1097.27237257058       -10717.8352345910     
   3532.94690799941        8722.38674169139       -13355.1772675444     
   2058.05930881029        3654.60706268268       -11210.2430271724     
   5688.70744510352        7496.90835781062       -13329.7268512971     
   469.358795645356        1740.18482302440       -10802.4296794369     
   188.391651099290        480.123778281376       -10064.3148616010     
   1424.74804180460       -457.745227988348       -10068.4730177273     
   312.053575280187       -1936.27584513367       -8611.49651468560     
  -2331.64662942987       -1920.32397117076       -4722.20596487930     
  0.000000000000000E+000  0.000000000000000E+000  0.000000000000000E+000
  0.000000000000000E+000  0.000000000000000E+000  0.000000000000000E+000
  0.000000000000000E+000  0.000000000000000E+000  0.000000000000000E+000
  0.000000000000000E+000  0.000000000000000E+000  0.000000000000000E+000
  -789.508214800485       -2738.55031405845       -3903.46108307160     
  -1911.24133106032       -2305.22935696217       -7390.43121485398     
  -1740.22498340411       -361.007916681683       -9213.39950650532     
  -415.989694035520       -1921.47192040635       -9073.22005324266     
   940.642644777414        1186.34401975371       -9492.80679251321     
   2147.88597887244        5103.37492088722       -12718.2969583606     
   3495.80212761335        6133.60733088594       -12853.7252482992     
   3283.10460877750        4461.95371159811       -12713.4671732042     
   421.764401093403        1411.17177932749       -9497.97732239082     
  -1588.60060390388       -1344.63702062462       -9023.89355857442     
   470.897070232797       -1697.10591347265       -9196.44307723060     
  -1134.34732902589       -2840.49782228775       -7423.01889006690     
  -2006.37664524273       -2066.61532165931       -3917.73694448214     
  0.000000000000000E+000  0.000000000000000E+000  0.000000000000000E+000
  0.000000000000000E+000  0.000000000000000E+000  0.000000000000000E+000
  0.000000000000000E+000  0.000000000000000E+000  0.000000000000000E+000
  0.000000000000000E+000  0.000000000000000E+000  0.000000000000000E+000
  -1015.13443521825       -1500.83494192072       -3598.49794835405     
  -1788.35453115314       -2025.84133378767       -6526.94377557520     
  -1914.13618809159       -2746.85766164269       -7708.55230480378     
  -650.836046487872       -3130.24598633519       -6932.82047038414     
   400.980037982743        1041.32463960717       -8308.46208334166     
   1393.78568661071        1770.90616336446       -10045.8618666384     
   232.244347344397        435.374647093647       -9372.50563040006     
   842.804975807755        2145.40148613135       -10088.5305179506     
   430.772621462690        741.548525887737       -8134.86328422787     
  -2457.12724993825       -2131.78094582290       -6889.17450344780     
  -1349.11293111414       -2992.32165684806       -7720.98398563396     
  -831.434931977842       -2554.06154460745       -6571.21809032930     
  -809.343723368527       -1629.40145731006       -3613.86018434056     
  0.000000000000000E+000  0.000000000000000E+000  0.000000000000000E+000
  0.000000000000000E+000  0.000000000000000E+000  0.000000000000000E+000
  0.000000000000000E+000  0.000000000000000E+000  0.000000000000000E+000
  0.000000000000000E+000  0.000000000000000E+000  0.000000000000000E+000
  -896.075550747028       -171.656775486595       -3271.88237154046     
  -1846.75153020434       -2778.07850420667       -5394.72305117847     
  -2465.90327321815        140.567058124454       -7547.00705684832     
  -2101.06211367201        2430.07608386851       -8081.01490114225     
  -815.298221045876        6891.10377457572       -11537.8919894984     
   749.268667992752        5571.17857633711       -12947.1778694005     
   588.846042933059        981.921291686855       -9852.41883005100     
   4604.66155943428        3540.93526127519       -13176.0327678627     
   6526.55531386784        2801.03270497805       -11634.0706397980     
   3175.91156485433       -612.299167602801       -8067.41414576727     
   1475.81063377857       -2026.33848367890       -7593.44060532155     
  -1318.32512740649       -2962.23042463237       -5468.96457594725     
   285.284824610296       -842.190767805560       -3271.80927495009     
  0.000000000000000E+000  0.000000000000000E+000  0.000000000000000E+000
  0.000000000000000E+000  0.000000000000000E+000  0.000000000000000E+000
  0.000000000000000E+000  0.000000000000000E+000  0.000000000000000E+000
  0.000000000000000E+000  0.000000000000000E+000  0.000000000000000E+000
  -1162.10901330697       -859.808138277322       -2520.70355932208     
  -1227.50735175487       -2482.16934148442       -4103.43472991084     
  -3925.90572981688        3594.61827879081       -8258.81858925978     
  -3507.61987591264        7867.88079894776       -11448.8315293558     
  -1526.80049906956       -105.111675637126       -3997.78522947193     
  -461.229298522991        5499.52436981985       -11233.8145379077     
   2961.31226173718        5046.53362151312       -14382.7029699085     
   4986.72693362589        2256.80499841514       -11144.2989027481     
   900.953395756865       -1314.90677894356       -4208.21316854503     
   8455.81476803501        830.844223655984       -11314.0691652792     
   5048.69815964531       -1612.69752865191       -8245.82044990922     
  -1352.69768346421       -2281.91562291895       -4176.76001742091     
  -181.216430624973       -1418.24315820094       -2507.27333177932     
  0.000000000000000E+000  0.000000000000000E+000  0.000000000000000E+000
  0.000000000000000E+000  0.000000000000000E+000  0.000000000000000E+000
  0.000000000000000E+000  0.000000000000000E+000  0.000000000000000E+000
  0.000000000000000E+000  0.000000000000000E+000  0.000000000000000E+000
  -940.473334665959       -177.675322566024       -1730.26113309989     
  -788.431469837154       -2948.50822859377       -2901.12897222177     
  -2529.05799328925       -426.283423388750       -4598.87195335215     
  -2466.44197850685        4413.24735102396       -8069.95930484744     
  -801.930591692936       -1641.04705915373       -202.864843075484     
  -537.361393051652        1704.29005805639       -4809.73594830841     
   479.268464453601        783.803944719647       -5177.25852832983     
   1653.19287799188        268.772393176246       -4557.33641559230     
  -986.922275045958       -1547.42858758539       -233.381801803287     
   5032.95033599023        47.4196911412003       -8046.86070432983     
   790.212862411375       -2439.38601946770       -4518.88505930876     
  -2060.20164885859       -2153.89670499385       -2967.80903229329     
   322.181267373759       -889.699904693428       -1670.59876598214     
  0.000000000000000E+000  0.000000000000000E+000  0.000000000000000E+000
  0.000000000000000E+000  0.000000000000000E+000  0.000000000000000E+000
  0.000000000000000E+000  0.000000000000000E+000  0.000000000000000E+000
  0.000000000000000E+000  0.000000000000000E+000  0.000000000000000E+000
  -716.129207767482        232.676206087664       -1446.03073082919     
  -430.715444028188       -3608.45235073498       -739.452129700711     
   31.1098100255219       -4233.16783367972        366.741621929776     
  -2033.44755245544        4832.98308626275       -8011.29848620349     
  -1258.21236448520        3572.33454154891       -8021.09831203386     
   508.263967530284        3540.72450793680       -9489.86457783252     
  -2042.06327198295       -3506.63040412538        8077.20155317916     
   2763.76744830667        2184.08688476961       -9448.76521708878     
   3735.06433482274        691.144069988337       -8092.95270190663     
   5273.46376585902        655.197992288733       -8131.39614129513     
  -3743.14589567015       -2121.35170241541        440.841089225571     
  -2914.69919213603       -2190.94742058039       -776.220621084249     
   592.269378518304       -487.613840612703       -1390.97605217639     
  0.000000000000000E+000  0.000000000000000E+000  0.000000000000000E+000
  0.000000000000000E+000  0.000000000000000E+000  0.000000000000000E+000
  0.000000000000000E+000  0.000000000000000E+000  0.000000000000000E+000
  0.000000000000000E+000  0.000000000000000E+000  0.000000000000000E+000
  -226.872536551674       -151.626539949141       -1046.01804151720     
  -649.524749362780       -1385.12447948330       -497.967634014268     
   273.163400360025       -2100.73125202699       -242.013994808120     
   128.238676486084        2719.43871736508       -5825.42944570848     
  -265.173508111480        2048.40682118747       -3842.34882542105     
  -292.905805743748        2995.32088752043       -9811.55327475086     
  -1831.50204545718       -3043.45267798761        12848.2321758603     
   2799.22662497331        1247.56478072839       -10001.1102449886     
   2001.97718189937        837.072117563817       -4103.86488982055     
   2310.03989825694        1489.65471003246       -5873.06882609554     
  -1979.32073187785       -836.032570387584       -238.589218478071     
  -869.705263204623       -1260.76197236035       -479.417966298305     
  -24.8464853833508       -275.329696211477       -1065.09810632550     
  0.000000000000000E+000  0.000000000000000E+000  0.000000000000000E+000
  0.000000000000000E+000  0.000000000000000E+000  0.000000000000000E+000
  0.000000000000000E+000  0.000000000000000E+000  0.000000000000000E+000
  0.000000000000000E+000  0.000000000000000E+000  0.000000000000000E+000
  0.000000000000000E+000  0.000000000000000E+000  0.000000000000000E+000
  0.000000000000000E+000  0.000000000000000E+000  0.000000000000000E+000
  0.000000000000000E+000  0.000000000000000E+000  0.000000000000000E+000
  0.000000000000000E+000  0.000000000000000E+000  0.000000000000000E+000
  0.000000000000000E+000  0.000000000000000E+000  0.000000000000000E+000
  0.000000000000000E+000  0.000000000000000E+000  0.000000000000000E+000
  0.000000000000000E+000  0.000000000000000E+000  0.000000000000000E+000
  0.000000000000000E+000  0.000000000000000E+000  0.000000000000000E+000
  0.000000000000000E+000  0.000000000000000E+000  0.000000000000000E+000
  0.000000000000000E+000  0.000000000000000E+000  0.000000000000000E+000
  0.000000000000000E+000  0.000000000000000E+000  0.000000000000000E+000
  0.000000000000000E+000  0.000000000000000E+000  0.000000000000000E+000
  0.000000000000000E+000  0.000000000000000E+000  0.000000000000000E+000
  0.000000000000000E+000  0.000000000000000E+000  0.000000000000000E+000
  0.000000000000000E+000  0.000000000000000E+000  0.000000000000000E+000
  0.000000000000000E+000  0.000000000000000E+000  0.000000000000000E+000
  0.000000000000000E+000  0.000000000000000E+000  0.000000000000000E+000
  0.000000000000000E+000  0.000000000000000E+000  0.000000000000000E+000
  0.000000000000000E+000  0.000000000000000E+000  0.000000000000000E+000
  0.000000000000000E+000  0.000000000000000E+000  0.000000000000000E+000
  0.000000000000000E+000  0.000000000000000E+000  0.000000000000000E+000
  0.000000000000000E+000  0.000000000000000E+000  0.000000000000000E+000
  0.000000000000000E+000  0.000000000000000E+000  0.000000000000000E+000
  0.000000000000000E+000  0.000000000000000E+000  0.000000000000000E+000
  0.000000000000000E+000  0.000000000000000E+000  0.000000000000000E+000
  0.000000000000000E+000  0.000000000000000E+000  0.000000000000000E+000
  0.000000000000000E+000  0.000000000000000E+000  0.000000000000000E+000
  0.000000000000000E+000  0.000000000000000E+000  0.000000000000000E+000
  0.000000000000000E+000  0.000000000000000E+000  0.000000000000000E+000
  0.000000000000000E+000  0.000000000000000E+000  0.000000000000000E+000
  0.000000000000000E+000  0.000000000000000E+000  0.000000000000000E+000
  0.000000000000000E+000  0.000000000000000E+000  0.000000000000000E+000
