         140  1.399999999999997E-002  1.399999999999997E-002
  0.000000000000000E+000  0.000000000000000E+000  0.000000000000000E+000
  0.000000000000000E+000  0.000000000000000E+000  0.000000000000000E+000
  3.336202478355818E-002  3.830643304287165E-002 -4.886504102401036E-002
  3.788370867473818E-002  0.118520317235645      -8.943007260603734E-002
  5.436107859337724E-002  0.156738173472922      -0.128881105896266     
  6.426546711161253E-002  0.177831885978431      -0.152817121783268     
  7.252925690097788E-002  0.176513026894961      -0.168001031820413     
  8.105920690993350E-002  0.167200147811071      -0.174344841355417     
  9.164548965804414E-002  0.158789252620062      -0.176312485858054     
  0.104202287833894       0.153791819954273      -0.174327471085437     
  0.116522265788348       0.151066806998476      -0.167987887455303     
  0.121807117149085       0.144586231070786      -0.152815911690845     
  0.108510542425868       0.125482251222350      -0.128897217963780     
  8.367445654201738E-002  9.209830069222787E-002 -8.944615829483851E-002
  1.651941576370569E-002  4.808283496062279E-002 -4.889641524004989E-002
  0.000000000000000E+000  0.000000000000000E+000  0.000000000000000E+000
  0.000000000000000E+000  0.000000000000000E+000  0.000000000000000E+000
  0.000000000000000E+000  0.000000000000000E+000  0.000000000000000E+000
  0.000000000000000E+000  0.000000000000000E+000  0.000000000000000E+000
  2.928048708870735E-002  3.535611202098749E-002 -4.293857385241202E-002
  3.615217798024123E-002  0.111343487944502      -8.611968193350106E-002
  4.924840658937004E-002  0.151308244908235      -0.122848265147415     
  5.955507633460996E-002  0.169909611588836      -0.149604337727789     
  6.826170784278468E-002  0.168539423203994      -0.164488581628342     
  7.691087833493071E-002  0.158726703978868      -0.171801382331322     
  8.697975821101298E-002  0.150704912816445      -0.173401794154697     
  9.895159167998606E-002  0.145978555356654      -0.171799785307447     
  0.111760306927120       0.143393163150215      -0.164482964973569     
  0.117303505179723       0.136543656128602      -0.149603260456938     
  0.106363588301575       0.118328910825533      -0.122855332405198     
  7.832059220659066E-002  8.699720577367419E-002 -8.612933756294196E-002
  1.599939947531616E-002  4.306359431617581E-002 -4.296024976661142E-002
  0.000000000000000E+000  0.000000000000000E+000  0.000000000000000E+000
  0.000000000000000E+000  0.000000000000000E+000  0.000000000000000E+000
  0.000000000000000E+000  0.000000000000000E+000  0.000000000000000E+000
  0.000000000000000E+000  0.000000000000000E+000  0.000000000000000E+000
  2.368730542063732E-002  2.736491156012610E-002 -3.352364034048735E-002
  3.249617057586097E-002  9.994836382530750E-002 -7.769165220367522E-002
  4.174399265857685E-002  0.139980512222914      -0.113461880449458     
  5.178309297422501E-002  0.156990822545993      -0.140931122754339     
  6.004337383486314E-002  0.153691378969761      -0.157048031997582     
  6.834220921415543E-002  0.143032165364131      -0.164476490200038     
  7.772735764442176E-002  0.134671478543150      -0.166739944542001     
  8.966445835887257E-002  0.130738659006634      -0.164502968167981     
  0.103027765485331       0.128865297696435      -0.157058657977928     
  0.110008638990135       0.123351202776577      -0.140925855166682     
  0.100301801466514       0.106145136679274      -0.113455942064472     
  7.026987888945843E-002  7.811191205314530E-002 -7.768285944222021E-002
  1.186583116826584E-002  3.420672735253387E-002 -3.353063776745421E-002
  0.000000000000000E+000  0.000000000000000E+000  0.000000000000000E+000
  0.000000000000000E+000  0.000000000000000E+000  0.000000000000000E+000
  0.000000000000000E+000  0.000000000000000E+000  0.000000000000000E+000
  0.000000000000000E+000  0.000000000000000E+000  0.000000000000000E+000
  2.198296964074153E-002  1.024035839386459E-002 -2.394131029180753E-002
  2.554661645255889E-002  8.730347927639791E-002 -6.494982439001863E-002
  3.649002132792147E-002  0.126798784615496      -0.101496097234251     
  4.239057859670431E-002  0.141162367325621      -0.128790561504903     
  5.032590518620528E-002  0.135808766039363      -0.144362726908011     
  5.718843702964556E-002  0.123015448848636      -0.151459409100426     
  6.588295134184836E-002  0.114146137347909      -0.153367059954223     
  7.793821813863890E-002  0.111106948957045      -0.151523412632942     
  9.242388733136478E-002  0.111530170927105      -0.144395157010922     
  0.101010474219251       0.107299824939925      -0.128782942474082     
  9.150883296785353E-002  9.499035833668890E-002 -0.101470964611084     
  6.278545605939366E-002  6.573525357731079E-002 -6.491375907622948E-002
 -2.136698097684932E-003  2.415759378687792E-002 -2.393377971288485E-002
  0.000000000000000E+000  0.000000000000000E+000  0.000000000000000E+000
  0.000000000000000E+000  0.000000000000000E+000  0.000000000000000E+000
  0.000000000000000E+000  0.000000000000000E+000  0.000000000000000E+000
  0.000000000000000E+000  0.000000000000000E+000  0.000000000000000E+000
  1.212261632044194E-002 -6.167253989151156E-003 -1.411872658053939E-002
  2.733432152605448E-002  8.014295661114634E-002 -5.566129812589043E-002
  3.014535018903942E-002  0.113705455033940      -9.093056480900170E-002
  3.589307015127540E-002  0.127714177119127      -0.117052342499253     
  4.219613046719727E-002  0.120692399258568      -0.131990974258222     
  4.816141328966465E-002  0.107015490477912      -0.137898202366289     
  5.657827216031395E-002  9.802143462995905E-002 -0.139494700797265     
  6.863860561117535E-002  9.533596152641205E-002 -0.138008114957645     
  8.342945776897284E-002  9.695468165329241E-002 -0.132051168119642     
  9.262581888395197E-002  9.496125070628257E-002 -0.117047526065590     
  8.335244491693097E-002  8.293524588459537E-002 -9.089344036365014E-002
  5.569046326811364E-002  6.370757609175540E-002 -5.561009453310840E-002
 -1.142556703452289E-002  7.385607586854900E-003 -1.409844003904768E-002
  0.000000000000000E+000  0.000000000000000E+000  0.000000000000000E+000
  0.000000000000000E+000  0.000000000000000E+000  0.000000000000000E+000
  0.000000000000000E+000  0.000000000000000E+000  0.000000000000000E+000
  0.000000000000000E+000  0.000000000000000E+000  0.000000000000000E+000
  1.074703512798292E-002 -1.209513441212660E-002 -1.131138174658653E-002
  2.672397341525026E-002  7.233185666370825E-002 -4.706949447885190E-002
  2.471124102334129E-002  9.776879413453304E-002 -7.976061561746667E-002
  3.084988402172900E-002  0.114182262904199      -0.104935965885088     
  3.449803666655748E-002  0.105642333011646      -0.118704508999294     
  4.088949941505141E-002  9.368939973227548E-002 -0.124072270465440     
  4.868933589238589E-002  8.434564405782458E-002 -0.125328927583582     
  6.079015158318694E-002  8.242959522005169E-002 -0.124247773361394     
  7.428065758097915E-002  8.279816109036948E-002 -0.118805229396910     
  8.344562976960479E-002  8.384452168491321E-002 -0.104944243220717     
  7.228435961616596E-002  7.026577175967888E-002 -7.971479458049339E-002
  4.925351557706707E-002  5.926719286628168E-002 -4.702372798862042E-002
 -1.586905895454976E-002  3.253245954803575E-003 -1.127917611506201E-002
  0.000000000000000E+000  0.000000000000000E+000  0.000000000000000E+000
  0.000000000000000E+000  0.000000000000000E+000  0.000000000000000E+000
  0.000000000000000E+000  0.000000000000000E+000  0.000000000000000E+000
  0.000000000000000E+000  0.000000000000000E+000  0.000000000000000E+000
  9.900083745649548E-003 -7.665111613491414E-003 -7.556955004449764E-003
  2.290683098848473E-002  5.502072705788638E-002 -3.784082548131085E-002
  2.126751761018133E-002  8.161741537597066E-002 -6.655066910307000E-002
  2.450707747914157E-002  9.476523759258283E-002 -8.962697198613555E-002
  2.768676681709644E-002  8.949195295060866E-002 -0.102603146038616     
  3.335575747237176E-002  7.914154158071365E-002 -0.108044143305071     
  4.109200660062955E-002  7.117015300388375E-002 -0.109331378184364     
  5.201250387361150E-002  6.868080017306727E-002 -0.108299938244726     
  6.373506883735021E-002  6.885177804577090E-002 -0.102754052405200     
  6.981274123497640E-002  6.865779249512408E-002 -8.965068569939286E-002
  6.004557319248250E-002  5.922637784337368E-002 -6.651694954089919E-002
  3.617838515445632E-002  4.729181629322461E-002 -3.778741042971032E-002
 -1.157877708746758E-002  4.755771610398873E-003 -7.522585362757042E-003
  0.000000000000000E+000  0.000000000000000E+000  0.000000000000000E+000
  0.000000000000000E+000  0.000000000000000E+000  0.000000000000000E+000
  0.000000000000000E+000  0.000000000000000E+000  0.000000000000000E+000
  0.000000000000000E+000  0.000000000000000E+000  0.000000000000000E+000
  7.380233632607953E-003 -7.478733587716610E-003 -4.829411192882923E-003
  1.960172497154739E-002  3.853688581900966E-002 -2.785161072334140E-002
  1.626630473883894E-002  5.790333283268236E-002 -4.898104160009419E-002
  1.899030393275973E-002  7.100772035046093E-002 -6.877012199522431E-002
  2.056836241934109E-002  6.817257841914484E-002 -8.069266463658983E-002
  2.533257919208818E-002  6.153571679632693E-002 -8.631587116123179E-002
  3.189107940398239E-002  5.519800793215364E-002 -8.796241739378556E-002
  4.081647115232181E-002  5.296221604674941E-002 -8.664624277229545E-002
  4.882931111300499E-002  5.203678841373380E-002 -8.086106597234194E-002
  5.201651064094287E-002  5.200648604591149E-002 -6.883495168634660E-002
  4.202467527303209E-002  4.305366488243702E-002 -4.892156588690774E-002
  2.354832355012958E-002  3.617234797378277E-002 -2.786718291277808E-002
 -1.011937370323695E-002  2.705825150466263E-003 -4.698222549289950E-003
  0.000000000000000E+000  0.000000000000000E+000  0.000000000000000E+000
  0.000000000000000E+000  0.000000000000000E+000  0.000000000000000E+000
  0.000000000000000E+000  0.000000000000000E+000  0.000000000000000E+000
  0.000000000000000E+000  0.000000000000000E+000  0.000000000000000E+000
  4.997532959997497E-003 -5.726727737841882E-003 -4.322656049358256E-003
  1.220376952545972E-002  2.031057981145745E-002 -1.448737543702283E-002
  1.123158267880614E-002  3.124379614936337E-002 -2.796940828630627E-002
  1.255744257983526E-002  4.194569893484295E-002 -4.138564269167358E-002
  1.287894368069350E-002  4.151317304549553E-002 -5.079089816973239E-002
  1.571363531085070E-002  3.841400022688608E-002 -5.564405113781762E-002
  2.006577338770288E-002  3.469850685506946E-002 -5.752234779922101E-002
  2.559008369176188E-002  3.303602388089986E-002 -5.597685831834695E-002
  2.956494358049656E-002  3.202285268242436E-002 -5.094506610162666E-002
  3.005940389210215E-002  3.187482330218933E-002 -4.142205619587441E-002
  2.147654596122286E-002  2.538684733389770E-002 -2.796940944661588E-002
  1.145766615474876E-002  2.064372193234929E-002 -1.445720919221487E-002
 -7.430244919682027E-003  1.515102692844473E-003 -4.274466127207329E-003
  0.000000000000000E+000  0.000000000000000E+000  0.000000000000000E+000
  0.000000000000000E+000  0.000000000000000E+000  0.000000000000000E+000
  0.000000000000000E+000  0.000000000000000E+000  0.000000000000000E+000
  0.000000000000000E+000  0.000000000000000E+000  0.000000000000000E+000
  1.318134577900709E-003 -3.299395492407674E-003 -1.701774823763379E-003
  5.130332621612744E-003  4.222575703366182E-003 -3.831449396970176E-003
  5.250571458225606E-003  6.023674816594151E-003 -6.718983875747615E-003
  6.829765067693570E-003  1.191892729943782E-002 -1.146883527935421E-002
  5.833541449228172E-003  1.241869892012791E-002 -1.414598428364066E-002
  6.525937245076231E-003  1.303998985996043E-002 -1.688802794289449E-002
  7.023248689477634E-003  1.210180907649049E-002 -1.753187460563585E-002
  8.119602587238730E-003  1.233518673374123E-002 -1.704692043969763E-002
  7.842062054074313E-003  1.132769232215693E-002 -1.419933584814633E-002
  6.922061976769956E-003  1.187061952292021E-002 -1.146852487217088E-002
  2.612977061573702E-003  7.566712694300963E-003 -6.727786014357904E-003
  1.106879041531797E-003  6.539332086796469E-003 -3.817860577714771E-003
 -3.529105603245672E-003 -5.091157307510278E-004 -1.693456204762742E-003
  0.000000000000000E+000  0.000000000000000E+000  0.000000000000000E+000
  0.000000000000000E+000  0.000000000000000E+000  0.000000000000000E+000
  0.000000000000000E+000  0.000000000000000E+000  0.000000000000000E+000
  0.000000000000000E+000  0.000000000000000E+000  0.000000000000000E+000
  0.000000000000000E+000  0.000000000000000E+000  0.000000000000000E+000
  0.000000000000000E+000  0.000000000000000E+000  0.000000000000000E+000
  0.000000000000000E+000  0.000000000000000E+000  0.000000000000000E+000
  0.000000000000000E+000  0.000000000000000E+000  0.000000000000000E+000
  0.000000000000000E+000  0.000000000000000E+000  0.000000000000000E+000
  0.000000000000000E+000  0.000000000000000E+000  0.000000000000000E+000
  0.000000000000000E+000  0.000000000000000E+000  0.000000000000000E+000
  0.000000000000000E+000  0.000000000000000E+000  0.000000000000000E+000
  0.000000000000000E+000  0.000000000000000E+000  0.000000000000000E+000
  0.000000000000000E+000  0.000000000000000E+000  0.000000000000000E+000
  0.000000000000000E+000  0.000000000000000E+000  0.000000000000000E+000
  0.000000000000000E+000  0.000000000000000E+000  0.000000000000000E+000
  0.000000000000000E+000  0.000000000000000E+000  0.000000000000000E+000
  0.000000000000000E+000  0.000000000000000E+000  0.000000000000000E+000
  0.000000000000000E+000  0.000000000000000E+000  0.000000000000000E+000
  0.000000000000000E+000  0.000000000000000E+000  0.000000000000000E+000
  0.000000000000000E+000  0.000000000000000E+000  0.000000000000000E+000
  0.000000000000000E+000  0.000000000000000E+000  0.000000000000000E+000
  0.000000000000000E+000  0.000000000000000E+000  0.000000000000000E+000
  0.000000000000000E+000  0.000000000000000E+000  0.000000000000000E+000
  0.000000000000000E+000  0.000000000000000E+000  0.000000000000000E+000
  0.000000000000000E+000  0.000000000000000E+000  0.000000000000000E+000
  0.000000000000000E+000  0.000000000000000E+000  0.000000000000000E+000
  0.000000000000000E+000  0.000000000000000E+000  0.000000000000000E+000
  0.000000000000000E+000  0.000000000000000E+000  0.000000000000000E+000
  0.000000000000000E+000  0.000000000000000E+000  0.000000000000000E+000
  0.000000000000000E+000  0.000000000000000E+000  0.000000000000000E+000
  0.000000000000000E+000  0.000000000000000E+000  0.000000000000000E+000
  0.000000000000000E+000  0.000000000000000E+000  0.000000000000000E+000
  0.000000000000000E+000  0.000000000000000E+000  0.000000000000000E+000
  0.000000000000000E+000  0.000000000000000E+000  0.000000000000000E+000
  0.000000000000000E+000  0.000000000000000E+000  0.000000000000000E+000
  0.000000000000000E+000  0.000000000000000E+000  0.000000000000000E+000
  0.000000000000000E+000  0.000000000000000E+000  0.000000000000000E+000
  5.744984613882218E-003 -5.017985757888264E-003 -2.415527536058121E-002
  3.648468468914709E-002 -7.573707284768083E-002 -1.256410209881640E-002
  5.086180153766610E-002 -5.743985922478159E-002 -4.422679265399465E-002
  7.497711168070173E-002  8.383205195801811E-002 -0.122200456507174     
  0.120846983271430       0.241237022131147      -0.215495547053196     
  0.165992539665159       0.319380968326674      -0.273214765500968     
  0.191199408790525       0.330500428151895      -0.289795281166660     
  0.194166602718894       0.303261358851705      -0.273354232637406     
  0.148619980825962       0.224899599808182      -0.215542057224602     
  3.410795806767949E-002  0.105913486352375      -0.121736617781130     
 -7.726869513195059E-002  1.404989613158119E-002 -4.325513507250533E-002
 -8.591147749234794E-002 -7.201244215649863E-003 -1.162175883300913E-002
 -7.815727420824745E-003  2.013102942782456E-003 -2.383577815776381E-002
  0.000000000000000E+000  0.000000000000000E+000  0.000000000000000E+000
  0.000000000000000E+000  0.000000000000000E+000  0.000000000000000E+000
  0.000000000000000E+000  0.000000000000000E+000  0.000000000000000E+000
  0.000000000000000E+000  0.000000000000000E+000  0.000000000000000E+000
  3.728019539599199E-003 -5.094643141695672E-003 -2.093703804302298E-002
  3.571966001570456E-002 -6.849810110321458E-002 -1.333681704327718E-002
  4.863706286026053E-002 -5.201552060466680E-002 -4.022788085514542E-002
  6.787373863210423E-002  7.659354246034443E-002 -0.114078792157825     
  0.104554546770193       0.219274474383995      -0.204161467385145     
  0.146040152397270       0.289648833594387      -0.263687019922089     
  0.173274904297346       0.299513252591984      -0.281340656584204     
  0.178414243987063       0.271142319114644      -0.263902453619599     
  0.137915552703587       0.199870180407651      -0.204278163476494     
  3.179294454632333E-002  9.634131039764934E-002 -0.113725663024637     
 -7.093739329637729E-002  1.509477703836272E-002 -3.941025028669939E-002
 -7.882411009347333E-002 -4.091498673589731E-003 -1.253812500349272E-002
 -6.802736255180882E-003  2.832633084044989E-004 -2.065144701692644E-002
  0.000000000000000E+000  0.000000000000000E+000  0.000000000000000E+000
  0.000000000000000E+000  0.000000000000000E+000  0.000000000000000E+000
  0.000000000000000E+000  0.000000000000000E+000  0.000000000000000E+000
  0.000000000000000E+000  0.000000000000000E+000  0.000000000000000E+000
  3.084753823853628E-003 -4.014200551171972E-003 -1.754040152489802E-002
  3.237281632956635E-002 -5.674394069791371E-002 -1.196244718000170E-002
  4.419645016008613E-002 -4.865830948201472E-002 -3.222672932102395E-002
  5.537921792067102E-002  5.686293705959411E-002 -9.722332119882120E-002
  8.182833623093599E-002  0.177060305933130      -0.181428085111464     
  0.116012556947197       0.236494560689099      -0.239007201045000     
  0.141059415716456       0.243760436729596      -0.257395609711162     
  0.147465994424529       0.218632907321355      -0.239331340019606     
  0.113061484868433       0.159282441057655      -0.181698708614420     
  2.173019431686783E-002  7.608243835239693E-002 -9.713942526396475E-002
 -6.476661208872860E-002  1.343689275599894E-002 -3.174531807310638E-002
 -6.620294431775134E-002 -8.130866786290677E-004 -1.144412919030366E-002
 -5.381281256915108E-003  3.681939243692399E-004 -1.731059656439086E-002
  0.000000000000000E+000  0.000000000000000E+000  0.000000000000000E+000
  0.000000000000000E+000  0.000000000000000E+000  0.000000000000000E+000
  0.000000000000000E+000  0.000000000000000E+000  0.000000000000000E+000
  0.000000000000000E+000  0.000000000000000E+000  0.000000000000000E+000
  2.632897221907999E-003 -1.598800944087688E-003 -1.441427018042229E-002
  2.653613433309026E-002 -4.161002778902968E-002 -9.767262110074552E-003
  3.738228929054505E-002 -4.938214423301657E-002 -2.060129017172658E-002
  4.290935994827733E-002  2.610711478264399E-002 -7.252176163502003E-002
  6.128549220152524E-002  0.124459472070954      -0.147801171977614     
  8.894692940191554E-002  0.181109163508821      -0.204580534247527     
  0.110835786247607       0.191506501253994      -0.224152763383639     
  0.112789615305018       0.167307928771608      -0.204788367592268     
  7.774852667023301E-002  0.115151345201224      -0.148086832264971     
  2.066832669075485E-003  5.031361315673008E-002 -7.277922021231961E-002
 -6.067590158687058E-002  7.812442929635789E-003 -2.061519483314136E-002
 -4.926591753702642E-002  2.112977047876143E-003 -9.598066009994684E-003
 -2.844567448603587E-003  1.332773405333821E-003 -1.427397440975716E-002
  0.000000000000000E+000  0.000000000000000E+000  0.000000000000000E+000
  0.000000000000000E+000  0.000000000000000E+000  0.000000000000000E+000
  0.000000000000000E+000  0.000000000000000E+000  0.000000000000000E+000
  0.000000000000000E+000  0.000000000000000E+000  0.000000000000000E+000
  1.989414422931388E-003 -1.660912976662788E-003 -1.057067382183601E-002
  2.166294606901058E-002 -2.647003342003932E-002 -9.109875959459137E-003
  3.085799582852309E-002 -4.494056816035733E-002 -1.272386220022384E-002
  3.486793809289805E-002  8.899316840571745E-003 -5.290421907079058E-002
  4.890502691798002E-002  9.307677414900230E-002 -0.122179064223397     
  7.395334529804649E-002  0.151123517935775      -0.182189447139028     
  9.542229419175491E-002  0.164924883172048      -0.205506825294938     
  9.388184086989113E-002  0.139023499282611      -0.182053277206799     
  5.605364172973846E-002  8.825194758913980E-002 -0.122027126272546     
 -9.064640855612498E-003  3.458024264860609E-002 -5.308183309954924E-002
 -5.301515858592602E-002  4.647698226992667E-003 -1.304194207845310E-002
 -3.313054787953099E-002  5.735494960994053E-003 -9.144463247907740E-003
 -2.513801525669834E-003  8.802270370656954E-004 -1.049359833460785E-002
  0.000000000000000E+000  0.000000000000000E+000  0.000000000000000E+000
  0.000000000000000E+000  0.000000000000000E+000  0.000000000000000E+000
  0.000000000000000E+000  0.000000000000000E+000  0.000000000000000E+000
  0.000000000000000E+000  0.000000000000000E+000  0.000000000000000E+000
  5.335115163064995E-003 -3.060246756031762E-003 -7.654262353302174E-003
  1.632661788429447E-002 -1.269680178467215E-002 -9.442279643431030E-003
  2.515074775900698E-002 -3.067565838710979E-002 -1.033090319844570E-002
  2.920373120433727E-002  9.897810372117446E-003 -4.283842923788691E-002
  4.004692069270219E-002  7.372313338638871E-002 -0.102174412191811     
  6.099170894529982E-002  0.125431425703787      -0.161498572410402     
  8.112234516854373E-002  0.140224396938781      -0.188042767353734     
  7.814394069059005E-002  0.115190508532907      -0.161510528203418     
  4.310550008219841E-002  7.059967035329424E-002 -0.101562732440291     
 -6.336896593436306E-003  2.965741116210073E-002 -4.247468301273774E-002
 -3.806930412339278E-002  6.722173659001841E-003 -1.064273374333768E-002
 -1.836957262475265E-002  8.082517887289219E-003 -9.583607610012163E-003
 -5.356258205115851E-003  3.166138404510096E-003 -7.556246621643521E-003
  0.000000000000000E+000  0.000000000000000E+000  0.000000000000000E+000
  0.000000000000000E+000  0.000000000000000E+000  0.000000000000000E+000
  0.000000000000000E+000  0.000000000000000E+000  0.000000000000000E+000
  0.000000000000000E+000  0.000000000000000E+000  0.000000000000000E+000
  6.946293821014142E-003 -1.319082750670119E-003 -5.719052610581627E-003
  1.148557975797385E-002 -3.671594254848209E-003 -9.386682325160167E-003
  1.959281889601037E-002 -9.167043913377628E-003 -1.380918880404853E-002
  2.356669432433438E-002  1.933769175590639E-002 -4.053838224359936E-002
  3.148601027384923E-002  5.548897081771317E-002 -8.087530898512467E-002
  4.549678360984720E-002  9.313670739170318E-002 -0.130722579648873     
  6.234832206498035E-002  0.107756423336047      -0.158957127544675     
  5.864388579802202E-002  8.654156749399521E-002 -0.131976459301010     
  3.182359541672981E-002  5.440897994078057E-002 -8.055959649416529E-002
  3.840987494803996E-003  2.916696665300765E-002 -3.956180757501401E-002
 -1.739904671121023E-002  1.232277292863942E-002 -1.384614914822499E-002
 -8.226728037714846E-003  8.407433794652627E-003 -9.528139090262048E-003
 -4.669742501116986E-003  5.383870535443223E-003 -5.630605217952106E-003
  0.000000000000000E+000  0.000000000000000E+000  0.000000000000000E+000
  0.000000000000000E+000  0.000000000000000E+000  0.000000000000000E+000
  0.000000000000000E+000  0.000000000000000E+000  0.000000000000000E+000
  0.000000000000000E+000  0.000000000000000E+000  0.000000000000000E+000
  5.897684551629551E-003 -2.865836585622408E-003 -2.458637886907706E-003
  8.914867185582149E-003  3.042004102834821E-003 -9.396561779458275E-003
  1.400621739277337E-002  7.118543389160086E-003 -1.776723354345708E-002
  1.813826333472658E-002  2.414014156292171E-002 -3.794928331973425E-002
  2.347477191538007E-002  3.698404308778441E-002 -5.649429597640473E-002
  3.118138219385297E-002  6.214605667644960E-002 -9.363939995522223E-002
  4.337444917342546E-002  7.487231109390664E-002 -0.120857351225769     
  3.974407235274486E-002  5.953974229184566E-002 -9.663493490162879E-002
  2.062221002915707E-002  3.895456149111542E-002 -5.726204173136022E-002
  1.060125106037147E-002  2.696403621764518E-002 -3.684632768404231E-002
 -1.102178364570719E-003  1.537236941546987E-002 -1.743244413870117E-002
 -1.415994310939197E-003  9.418034343087224E-003 -9.549866291441727E-003
 -5.415363715134661E-003  3.715594775626980E-003 -2.295057316120887E-003
  0.000000000000000E+000  0.000000000000000E+000  0.000000000000000E+000
  0.000000000000000E+000  0.000000000000000E+000  0.000000000000000E+000
  0.000000000000000E+000  0.000000000000000E+000  0.000000000000000E+000
  0.000000000000000E+000  0.000000000000000E+000  0.000000000000000E+000
  4.018057400604793E-003 -3.922747996420563E-003 -2.193633014837956E-003
  6.287044869213823E-003  4.877791281666262E-003 -5.934462493249963E-003
  9.317717828273528E-003  1.086343228804479E-002 -1.594556884961242E-002
  1.192150348137963E-002  1.852622963645836E-002 -2.659475502134924E-002
  1.500578019982887E-002  2.089896546471474E-002 -3.223744636317492E-002
  1.856625685707488E-002  3.623792838755952E-002 -5.665642213918179E-002
  2.563519487814720E-002  4.418756383759272E-002 -7.689894038979357E-002
  2.359554067131732E-002  3.565754823845965E-002 -6.015341914153178E-002
  1.138908437892770E-002  2.397302704669795E-002 -3.378036251661013E-002
  9.343078355672029E-003  1.913325283836020E-002 -2.591113605422892E-002
  4.370283589786415E-003  1.315938700519284E-002 -1.556451847789356E-002
  1.227779831772891E-003  7.914005013836111E-003 -5.949009309476797E-003
 -5.384620916116334E-003  1.559134476522662E-003 -2.147428004253209E-003
  0.000000000000000E+000  0.000000000000000E+000  0.000000000000000E+000
  0.000000000000000E+000  0.000000000000000E+000  0.000000000000000E+000
  0.000000000000000E+000  0.000000000000000E+000  0.000000000000000E+000
  0.000000000000000E+000  0.000000000000000E+000  0.000000000000000E+000
  1.004375175061464E-003 -2.377888333324791E-003 -4.227576124298597E-004
  3.758132447953278E-003  6.866152829114223E-004 -1.712296830045628E-003
  6.014754412143992E-003  2.200647015199625E-003 -4.772676238611992E-003
  7.881236694003011E-003  5.090043642466823E-003 -7.412953861511618E-003
  8.753287724139027E-003  6.019947712154695E-003 -7.542760828340353E-003
  9.957691373616009E-003  1.245552672433480E-002 -1.512173177736086E-002
  9.775336942974737E-003  1.658855160680357E-002 -2.040415489988440E-002
  6.404384347378050E-003  1.561232196256753E-002 -1.650745877572957E-002
  1.060074444395916E-003  1.101177969545715E-002 -8.259772209935189E-003
  2.966473672619596E-004  9.251496792993705E-003 -7.342104181328092E-003
 -1.198841548774656E-003  6.148149438411617E-003 -4.664593825678533E-003
 -1.237220225597434E-003  3.593211695765696E-003 -1.703387325532433E-003
 -2.555176916018182E-003 -3.129761680398114E-004 -4.031356212821452E-004
  0.000000000000000E+000  0.000000000000000E+000  0.000000000000000E+000
  0.000000000000000E+000  0.000000000000000E+000  0.000000000000000E+000
  0.000000000000000E+000  0.000000000000000E+000  0.000000000000000E+000
  0.000000000000000E+000  0.000000000000000E+000  0.000000000000000E+000
  0.000000000000000E+000  0.000000000000000E+000  0.000000000000000E+000
  0.000000000000000E+000  0.000000000000000E+000  0.000000000000000E+000
  0.000000000000000E+000  0.000000000000000E+000  0.000000000000000E+000
  0.000000000000000E+000  0.000000000000000E+000  0.000000000000000E+000
  0.000000000000000E+000  0.000000000000000E+000  0.000000000000000E+000
  0.000000000000000E+000  0.000000000000000E+000  0.000000000000000E+000
  0.000000000000000E+000  0.000000000000000E+000  0.000000000000000E+000
  0.000000000000000E+000  0.000000000000000E+000  0.000000000000000E+000
  0.000000000000000E+000  0.000000000000000E+000  0.000000000000000E+000
  0.000000000000000E+000  0.000000000000000E+000  0.000000000000000E+000
  0.000000000000000E+000  0.000000000000000E+000  0.000000000000000E+000
  0.000000000000000E+000  0.000000000000000E+000  0.000000000000000E+000
  0.000000000000000E+000  0.000000000000000E+000  0.000000000000000E+000
  0.000000000000000E+000  0.000000000000000E+000  0.000000000000000E+000
  0.000000000000000E+000  0.000000000000000E+000  0.000000000000000E+000
  0.000000000000000E+000  0.000000000000000E+000  0.000000000000000E+000
  0.000000000000000E+000  0.000000000000000E+000  0.000000000000000E+000
  0.000000000000000E+000  0.000000000000000E+000  0.000000000000000E+000
  0.000000000000000E+000  0.000000000000000E+000  0.000000000000000E+000
  0.000000000000000E+000  0.000000000000000E+000  0.000000000000000E+000
  0.000000000000000E+000  0.000000000000000E+000  0.000000000000000E+000
  0.000000000000000E+000  0.000000000000000E+000  0.000000000000000E+000
  0.000000000000000E+000  0.000000000000000E+000  0.000000000000000E+000
  0.000000000000000E+000  0.000000000000000E+000  0.000000000000000E+000
  0.000000000000000E+000  0.000000000000000E+000  0.000000000000000E+000
  0.000000000000000E+000  0.000000000000000E+000  0.000000000000000E+000
  0.000000000000000E+000  0.000000000000000E+000  0.000000000000000E+000
  0.000000000000000E+000  0.000000000000000E+000  0.000000000000000E+000
  0.000000000000000E+000  0.000000000000000E+000  0.000000000000000E+000
  0.000000000000000E+000  0.000000000000000E+000  0.000000000000000E+000
  0.000000000000000E+000  0.000000000000000E+000  0.000000000000000E+000
  0.000000000000000E+000  0.000000000000000E+000  0.000000000000000E+000
  0.000000000000000E+000  0.000000000000000E+000  0.000000000000000E+000
  0.000000000000000E+000  0.000000000000000E+000  0.000000000000000E+000
  -59.7214796064911       -130.895696768615        199.834199793312     
  -9.71212565952020       -398.727260867853        375.909629200520     
  -83.3565692473613       -583.121925757918        502.185313120269     
  -164.014466028520       -661.373664500073        532.820314500229     
  -246.780982076879       -677.115872421424        540.083183137977     
  -243.366770805198       -502.037823887421        466.047267808180     
  -192.096276491398       -330.835604755474        399.468894735586     
  -311.956981946407       -457.126732006165        462.104921594685     
  -460.165076465019       -547.116225490738        534.512366019197     
  -489.321890782362       -470.017635346163        528.504247618200     
  -463.710870626449       -362.974546089545        499.566785132533     
  -339.513977427864       -206.919456499106        373.811098990356     
  -82.5559702354663       -116.249917507196        198.579816010304     
  0.000000000000000E+000  0.000000000000000E+000  0.000000000000000E+000
  0.000000000000000E+000  0.000000000000000E+000  0.000000000000000E+000
  0.000000000000000E+000  0.000000000000000E+000  0.000000000000000E+000
  0.000000000000000E+000  0.000000000000000E+000  0.000000000000000E+000
  -41.9539584116163       -115.696302800042        175.319085809780     
  -22.0324850161091       -330.294746711673        349.632085220427     
  -80.6223798362404       -478.387623249641        459.647564207166     
  -157.610222443761       -547.854916903840        497.991259233579     
  -224.977210085770       -574.105323276146        508.376682738420     
  -223.504881844426       -426.665824125250        448.524926455991     
  -173.734257222238       -298.190897374290        387.913247731959     
  -257.779852278102       -402.901009032109        444.869206687283     
  -382.827790593099       -477.473771100635        503.238787952047     
  -394.162226898360       -407.655947899609        493.823594282018     
  -373.722073728499       -307.881171270473        456.990738613325     
  -274.072768860095       -183.371305267478        347.594754758156     
  -78.3916857122998       -93.4089216687903        174.208762710638     
  0.000000000000000E+000  0.000000000000000E+000  0.000000000000000E+000
  0.000000000000000E+000  0.000000000000000E+000  0.000000000000000E+000
  0.000000000000000E+000  0.000000000000000E+000  0.000000000000000E+000
  0.000000000000000E+000  0.000000000000000E+000  0.000000000000000E+000
  -32.2297279943815       -81.1000186649513        145.182853285410     
  -35.3909979577676       -206.845356991392        286.922458350198     
  -85.4836440099446       -262.433459009658        377.371910959257     
  -144.384639607865       -323.139039702722        416.062940849809     
  -194.862680769414       -387.415688472601        446.185548269365     
  -180.181352767708       -287.483845943105        399.987238415693     
  -109.372253138398       -185.106770087114        346.819596230521     
  -161.144011337573       -296.627867654149        397.199397463292     
  -238.107166476107       -359.092111195261        441.996320434839     
  -205.996720383265       -283.650882474784        412.230550468923     
  -183.095139659729       -203.498270607286        374.642868650241     
  -160.464350928424       -133.223005199876        285.054502443850     
  -53.5809395256524       -67.8945958558474        144.267842754614     
  0.000000000000000E+000  0.000000000000000E+000  0.000000000000000E+000
  0.000000000000000E+000  0.000000000000000E+000  0.000000000000000E+000
  0.000000000000000E+000  0.000000000000000E+000  0.000000000000000E+000
  0.000000000000000E+000  0.000000000000000E+000  0.000000000000000E+000
  -30.9504577064903       -26.7379888925862        111.373870732378     
  -42.6496135460104       -63.4054447692983        207.327918582889     
  -98.7122668806405        1.59519961914037        261.634364639968     
  -139.293201171446       -72.2205157180786        302.804527564987     
  -178.842121524944       -228.813420017733        382.752340864104     
  -178.469238041340       -249.954221518958        396.243167895989     
  -129.680241492515       -218.444929565001        367.098370044457     
  -131.042549500399       -275.767918001779        394.221393960925     
  -111.957246706347       -267.516683215214        380.995575338833     
   8.15519740249438       -153.856226388792        299.887761513907     
   53.5550649997214       -82.2002628232905        258.854252445061     
  -32.8654049828654       -67.8930943143621        205.808510492317     
  -7.59363685633416       -39.8288679542986        110.578905408073     
  0.000000000000000E+000  0.000000000000000E+000  0.000000000000000E+000
  0.000000000000000E+000  0.000000000000000E+000  0.000000000000000E+000
  0.000000000000000E+000  0.000000000000000E+000  0.000000000000000E+000
  0.000000000000000E+000  0.000000000000000E+000  0.000000000000000E+000
  -13.6434833786406        5.85600320468482        79.8984553044697     
  -54.2980370458556        10.3228189098367        160.039202072874     
  -102.912534886446        99.5672270603179        189.671460387415     
  -144.856394973729       -8.81257019619237        249.038611694006     
  -191.085000417553       -236.513421721943        391.585640713746     
  -254.795023546011       -442.600017186705        543.824600154965     
  -304.918623996567       -521.461388976005        610.479174161052     
  -259.727732654842       -437.599905977717        542.173917627884     
  -114.882089550565       -283.453295211290        392.936072285037     
   64.2221081762713       -127.738519511101        247.650155895827     
   141.192685866580       -36.4305340715682        186.892406713271     
   36.5073470160493       -41.0873050275291        158.790045820181     
   11.7635126340584       -8.82290935487647        79.2382950080699     
  0.000000000000000E+000  0.000000000000000E+000  0.000000000000000E+000
  0.000000000000000E+000  0.000000000000000E+000  0.000000000000000E+000
  0.000000000000000E+000  0.000000000000000E+000  0.000000000000000E+000
  0.000000000000000E+000  0.000000000000000E+000  0.000000000000000E+000
  -13.3457235893277        30.4817778931055        68.4180635588758     
  -58.0443856368818        4.64690882395839        134.440973711646     
  -94.7639617432498        42.0879267959514        173.952854883664     
  -146.230268619802       -84.1663845635681        256.462447349960     
  -197.449597701979       -298.432577144432        425.539399657774     
  -316.887020445875       -634.948653387062        723.414484906913     
  -455.056112812509       -782.806508272744        903.770073014790     
  -396.387492592738       -590.514616102021        724.956840868973     
  -166.822235312552       -321.471558799381        430.149055269446     
  -1.86076311821048       -167.527490244159        256.687061110331     
   87.7614789808213       -57.8920004981142        170.922550448337     
   33.5088529830801       -46.9496799150494        133.394701778092     
   32.7376075801008        3.64514667078968        67.5864819500046     
  0.000000000000000E+000  0.000000000000000E+000  0.000000000000000E+000
  0.000000000000000E+000  0.000000000000000E+000  0.000000000000000E+000
  0.000000000000000E+000  0.000000000000000E+000  0.000000000000000E+000
  0.000000000000000E+000  0.000000000000000E+000  0.000000000000000E+000
  -23.0446939240082        21.7625898745008        56.1970351203603     
  -46.1842420095329       -16.1105744740703        113.740813238531     
  -82.4834364904179       -83.0108466318184        196.204332186057     
  -126.603341590882       -126.236397873979        249.981335540420     
  -170.572629953515       -253.702282738462        361.032685018071     
  -276.699484934228       -564.604747179489        678.538212139826     
  -408.790153450955       -704.811284723516        884.274759141074     
  -355.525012070655       -523.549736905326        683.427608359039     
  -141.385623573731       -276.662487308783        367.734762442529     
  -50.4136578528974       -173.289166422386        252.651792016953     
  -26.8268661969619       -110.012872418975        193.102111666797     
   9.78105873019117       -46.8467037371849        112.530570304162     
   29.9543477107463       -9.02459037223058        55.5110488275246     
  0.000000000000000E+000  0.000000000000000E+000  0.000000000000000E+000
  0.000000000000000E+000  0.000000000000000E+000  0.000000000000000E+000
  0.000000000000000E+000  0.000000000000000E+000  0.000000000000000E+000
  0.000000000000000E+000  0.000000000000000E+000  0.000000000000000E+000
  -19.2016029051856        22.0101879478689        30.4142210460105     
  -45.4297781104976       -39.0947290697502        100.385232828995     
  -64.0589106444923       -135.880328359331        192.649852582688     
  -98.9756364553138       -64.5096975599700        162.905145617041     
  -122.583103842468       -71.0655714263807        138.932367418272     
  -159.529577358587       -248.960898685527        309.239283215308     
  -194.596173675186       -335.842181142595        416.914513098689     
  -136.088703693001       -262.283052979841        309.339702609729     
  -3.31836331917082       -142.295703919640        142.902158376226     
  -13.4365999762578       -120.319265939540        169.333483636541     
  -83.6653935970825       -121.735708636789        190.050738229508     
  -10.0041009970800       -57.3964475937606        99.8902737642861     
   27.7204485807231       -5.88125602326541        28.7535341231799     
  0.000000000000000E+000  0.000000000000000E+000  0.000000000000000E+000
  0.000000000000000E+000  0.000000000000000E+000  0.000000000000000E+000
  0.000000000000000E+000  0.000000000000000E+000  0.000000000000000E+000
  0.000000000000000E+000  0.000000000000000E+000  0.000000000000000E+000
  -11.8341148389920        25.1307946675016        28.3654880897753     
  -39.4248134829802       -35.9473031501982        58.3046060946284     
  -45.3841089469344       -92.1389985892385        130.663421621975     
  -64.6067224164980        19.7376435694932        33.0525429522696     
  -75.7546775940954        65.4007295917872       -69.7487006737686     
  -65.4375815047713        8.34105897799270       -78.9053281961409     
  -20.9866023841796       -36.3844322020567       -92.3443950082302     
   43.8975781129287       -49.8497787789100       -88.1016322907385     
   96.5446057043123       -31.4054172466728       -72.2675111913046     
   43.1946273384489       -48.6050069117898        39.9003511387088     
  -57.3910463380062       -85.2442288411845        130.375565776081     
  -10.6410270158985       -50.8875250563433        57.4450690322921     
   27.1811944470957        2.08525525927733        27.9717149518474     
  0.000000000000000E+000  0.000000000000000E+000  0.000000000000000E+000
  0.000000000000000E+000  0.000000000000000E+000  0.000000000000000E+000
  0.000000000000000E+000  0.000000000000000E+000  0.000000000000000E+000
  0.000000000000000E+000  0.000000000000000E+000  0.000000000000000E+000
  -1.07186846889988        13.9048298999511        13.4090467842257     
  -23.0530951214945       -1.36904796132403        17.6871924728789     
  -28.7106271504919       -10.0007015540995        32.1003248324200     
  -28.0313479067665        26.6196941415208       -8.81117655742318     
  -28.3833698397226        45.8961972881522       -53.3986776829616     
  -20.0977096281834        40.2384234941748       -94.5124768917709     
   14.1893733694848        24.2325985612205       -127.245416013112     
   47.5678843035555        4.37265230708891       -100.190841071258     
   55.9479006391683      -0.123906335653911       -56.3496920699186     
   35.4382388425081       -12.0006447566847       -6.88511227024526     
   5.16287511486406       -30.1776320229503        32.4834177208674     
   10.2333201050450       -20.2888538625242        17.4473282355353     
   12.5156381456779        5.96867462278011        13.2655542016793     
  0.000000000000000E+000  0.000000000000000E+000  0.000000000000000E+000
  0.000000000000000E+000  0.000000000000000E+000  0.000000000000000E+000
  0.000000000000000E+000  0.000000000000000E+000  0.000000000000000E+000
  0.000000000000000E+000  0.000000000000000E+000  0.000000000000000E+000
  0.000000000000000E+000  0.000000000000000E+000  0.000000000000000E+000
  0.000000000000000E+000  0.000000000000000E+000  0.000000000000000E+000
  0.000000000000000E+000  0.000000000000000E+000  0.000000000000000E+000
  0.000000000000000E+000  0.000000000000000E+000  0.000000000000000E+000
  0.000000000000000E+000  0.000000000000000E+000  0.000000000000000E+000
  0.000000000000000E+000  0.000000000000000E+000  0.000000000000000E+000
  0.000000000000000E+000  0.000000000000000E+000  0.000000000000000E+000
  0.000000000000000E+000  0.000000000000000E+000  0.000000000000000E+000
  0.000000000000000E+000  0.000000000000000E+000  0.000000000000000E+000
  0.000000000000000E+000  0.000000000000000E+000  0.000000000000000E+000
  0.000000000000000E+000  0.000000000000000E+000  0.000000000000000E+000
  0.000000000000000E+000  0.000000000000000E+000  0.000000000000000E+000
  0.000000000000000E+000  0.000000000000000E+000  0.000000000000000E+000
  0.000000000000000E+000  0.000000000000000E+000  0.000000000000000E+000
  0.000000000000000E+000  0.000000000000000E+000  0.000000000000000E+000
  0.000000000000000E+000  0.000000000000000E+000  0.000000000000000E+000
  0.000000000000000E+000  0.000000000000000E+000  0.000000000000000E+000
  0.000000000000000E+000  0.000000000000000E+000  0.000000000000000E+000
  0.000000000000000E+000  0.000000000000000E+000  0.000000000000000E+000
  0.000000000000000E+000  0.000000000000000E+000  0.000000000000000E+000
  0.000000000000000E+000  0.000000000000000E+000  0.000000000000000E+000
  0.000000000000000E+000  0.000000000000000E+000  0.000000000000000E+000
  0.000000000000000E+000  0.000000000000000E+000  0.000000000000000E+000
  0.000000000000000E+000  0.000000000000000E+000  0.000000000000000E+000
  0.000000000000000E+000  0.000000000000000E+000  0.000000000000000E+000
  0.000000000000000E+000  0.000000000000000E+000  0.000000000000000E+000
  0.000000000000000E+000  0.000000000000000E+000  0.000000000000000E+000
  0.000000000000000E+000  0.000000000000000E+000  0.000000000000000E+000
  0.000000000000000E+000  0.000000000000000E+000  0.000000000000000E+000
  0.000000000000000E+000  0.000000000000000E+000  0.000000000000000E+000
  0.000000000000000E+000  0.000000000000000E+000  0.000000000000000E+000
  0.000000000000000E+000  0.000000000000000E+000  0.000000000000000E+000
