          80  8.000000000000007E-003  8.000000000000007E-003
  0.000000000000000E+000  0.000000000000000E+000  0.000000000000000E+000
  0.000000000000000E+000  0.000000000000000E+000  0.000000000000000E+000
  2.829153371677784E-002  7.917055626909761E-002 -7.569762526995086E-002
  3.042275472336389E-002  0.124074162825720      -0.152969701913465     
  4.325741588701262E-002  0.190739170188351      -0.239674927242033     
  5.611471004311448E-002  0.229896501681454      -0.304983530771565     
  7.999157339454324E-002  0.247864999485033      -0.357532985532262     
  0.106249472824980       0.243515723345040      -0.384063294433714     
  0.134762503922640       0.233488243850952      -0.394621099910683     
  0.157750472309975       0.213857674649464      -0.384092997488871     
  0.174606194205267       0.193260162544034      -0.357513087525553     
  0.170966561636314       0.163590889155869      -0.305013977732405     
  0.143627055293431       0.132935968789598      -0.239755508109702     
  9.224866366985381E-002  8.840788344236619E-002 -0.152978638117029     
  5.447440699041309E-002  6.413060876390868E-002 -7.576875747341136E-002
  0.000000000000000E+000  0.000000000000000E+000  0.000000000000000E+000
  0.000000000000000E+000  0.000000000000000E+000  0.000000000000000E+000
  0.000000000000000E+000  0.000000000000000E+000  0.000000000000000E+000
  0.000000000000000E+000  0.000000000000000E+000  0.000000000000000E+000
  1.974995598497555E-002  8.135799789155132E-002 -6.378168769521610E-002
  2.690428570719331E-002  0.136497749705284      -0.146546370439650     
  3.825778602638513E-002  0.195702827862342      -0.230247136935245     
  5.518566975607798E-002  0.233510987594575      -0.305889378695818     
  7.658054795789015E-002  0.247600292432186      -0.360053559545598     
  0.103210458343779       0.241194167292092      -0.393876977629832     
  0.131706824724788       0.228162997120460      -0.406171840697803     
  0.157218269545017       0.210028927836983      -0.393922866097491     
  0.176055639466449       0.190157981954352      -0.360056569076036     
  0.174564255169599       0.164594258091111      -0.305882489743761     
  0.150357281338080       0.131046774604228      -0.230279549382959     
  0.104747881302641       9.155380205655447E-002 -0.146530059565602     
  6.062538007388744E-002  5.780692945887014E-002 -6.383077749783243E-002
  0.000000000000000E+000  0.000000000000000E+000  0.000000000000000E+000
  0.000000000000000E+000  0.000000000000000E+000  0.000000000000000E+000
  0.000000000000000E+000  0.000000000000000E+000  0.000000000000000E+000
  0.000000000000000E+000  0.000000000000000E+000  0.000000000000000E+000
  1.811166803404710E-002  8.429154984207234E-002 -5.952343379757175E-002
  2.373543881318375E-002  0.145195712805015      -0.139297776342257     
  3.460238746318170E-002  0.215123092822090      -0.225847885536732     
  5.255104256783126E-002  0.255030094673002      -0.303480161700895     
  7.736393671658280E-002  0.271598528935782      -0.363243137603466     
  0.108476630529634       0.265993736269847      -0.401271629618424     
  0.145149349380827       0.251465585411677      -0.416836751200502     
  0.176066399988714       0.226989019929419      -0.401357416561295     
  0.196467477818871       0.202843889732699      -0.363262970670795     
  0.194485904906463       0.173050251138250      -0.303444566110701     
  0.168951354927693       0.137560951753100      -0.225841818763924     
  0.113844959586864       9.314302199651397E-002 -0.139252303716725     
  6.396803522787456E-002  5.784264992517131E-002 -5.955999835557731E-002
  0.000000000000000E+000  0.000000000000000E+000  0.000000000000000E+000
  0.000000000000000E+000  0.000000000000000E+000  0.000000000000000E+000
  0.000000000000000E+000  0.000000000000000E+000  0.000000000000000E+000
  0.000000000000000E+000  0.000000000000000E+000  0.000000000000000E+000
  1.716751446971446E-002  9.795759420957401E-002 -5.313653872439161E-002
  2.070657981363670E-002  0.160605047042799      -0.132363191792746     
  3.033586728415508E-002  0.228429652722888      -0.217445773277060     
  4.967308922994240E-002  0.265746774500322      -0.294724978667354     
  7.581402408962273E-002  0.277644699315326      -0.353068829013545     
  0.109084762512082       0.270580410242416      -0.390559673102347     
  0.146698946242717       0.254158034824085      -0.404688517201543     
  0.179761756962477       0.229843413728064      -0.390695508631561     
  0.202479743395702       0.204517506269576      -0.353101541404427     
  0.205218086757849       0.175915416502140      -0.294666190663776     
  0.182602544835964       0.140512021487325      -0.217388384938675     
  0.128708445486145       9.823198732315606E-002 -0.132285150378536     
  7.624483436794603E-002  6.383708203148664E-002 -5.315389970914597E-002
  0.000000000000000E+000  0.000000000000000E+000  0.000000000000000E+000
  0.000000000000000E+000  0.000000000000000E+000  0.000000000000000E+000
  0.000000000000000E+000  0.000000000000000E+000  0.000000000000000E+000
  0.000000000000000E+000  0.000000000000000E+000  0.000000000000000E+000
  1.803648200974588E-002  0.102157206642311      -5.161785180397951E-002
  1.939335376291513E-002  0.177725008282108      -0.129705565547523     
  2.840157470985747E-002  0.239633551614744      -0.214753306023361     
  4.960804939214506E-002  0.276125131450536      -0.290100646848126     
  7.655602065907433E-002  0.284706883968926      -0.348034062701301     
  0.110748003028582       0.275546565004805      -0.383249106708978     
  0.149135377424719       0.258371675671676      -0.397217279055436     
  0.183270104214629       0.233813729785520      -0.383439926242055     
  0.208258572253095       0.208719590954984      -0.348097837495033     
  0.214254995693323       0.181053773621644      -0.290032161969531     
  0.193287527239071       0.144458646360559      -0.214666087832214     
  0.144165734278853       0.105654063302618      -0.129605849525841     
  7.943410384507335E-002  6.668205405873327E-002 -5.162048312692544E-002
  0.000000000000000E+000  0.000000000000000E+000  0.000000000000000E+000
  0.000000000000000E+000  0.000000000000000E+000  0.000000000000000E+000
  0.000000000000000E+000  0.000000000000000E+000  0.000000000000000E+000
  0.000000000000000E+000  0.000000000000000E+000  0.000000000000000E+000
  2.719994363075325E-002  7.604737387185312E-002 -4.605865509812428E-002
  1.416599690606277E-002  0.181300166947440      -0.129732405138757     
  2.637633692933981E-002  0.237386143132276      -0.209343639431267     
  4.650990551143086E-002  0.270932546140824      -0.282522940683937     
  7.317368694468293E-002  0.275520720755707      -0.335556947240889     
  0.106666441525492       0.265615335688499      -0.368063098507525     
  0.143179760954700       0.248052945001366      -0.380305634842977     
  0.176796480231048       0.225421654583848      -0.368385302377604     
  0.202049120536829       0.201260385148164      -0.335689921793349     
  0.211341896251775       0.175805143804900      -0.282465710484576     
  0.192403900944341       0.141612873941655      -0.209255603129061     
  0.149839122196475       0.102905449695499      -0.129602065988063     
  5.223536947089109E-002  6.155601950787531E-002 -4.606439837466702E-002
  0.000000000000000E+000  0.000000000000000E+000  0.000000000000000E+000
  0.000000000000000E+000  0.000000000000000E+000  0.000000000000000E+000
  0.000000000000000E+000  0.000000000000000E+000  0.000000000000000E+000
  0.000000000000000E+000  0.000000000000000E+000  0.000000000000000E+000
  3.474470482274913E-002  5.176836529360387E-002 -3.938932584920715E-002
  7.165473116282295E-003  0.168257517016215      -0.122733537900609     
  1.987234546105962E-002  0.215936841733963      -0.195293019347597     
  3.748535515381236E-002  0.244447750522481      -0.261214805399284     
  6.368863246553587E-002  0.247200972675819      -0.309693865191953     
  9.364323785628222E-002  0.236488905929489      -0.337536812277369     
  0.127601427800178       0.221029806221865      -0.349046542487773     
  0.158146866300726       0.199657592410986      -0.337945998022424     
  0.182285432688644       0.178931691423644      -0.309905515303385     
  0.192964186949190       0.154788140648440      -0.261232838593808     
  0.177136946699828       0.125291698555500      -0.195237692206677     
  0.142055757537912       9.031412077855523E-002 -0.122573380499998     
  2.741313609326373E-002  5.594055559212649E-002 -3.939652483834363E-002
  0.000000000000000E+000  0.000000000000000E+000  0.000000000000000E+000
  0.000000000000000E+000  0.000000000000000E+000  0.000000000000000E+000
  0.000000000000000E+000  0.000000000000000E+000  0.000000000000000E+000
  0.000000000000000E+000  0.000000000000000E+000  0.000000000000000E+000
  3.552722532128427E-002  3.099367450452563E-002 -3.217777980433773E-002
  2.080493932022283E-004  0.146460609216121      -0.108300936521083     
  1.083713150999749E-002  0.180321714838269      -0.169373388036685     
  2.802580052112003E-002  0.204553198183137      -0.228575058774013     
  4.862755633144930E-002  0.205072778941070      -0.270589444551080     
  7.597782090111735E-002  0.195791818221766      -0.294636755400463     
  0.104722084939216       0.181235153329823      -0.304333413607020     
  0.131809927871987       0.164033021515949      -0.295264744009752     
  0.153283153264755       0.144885018272077      -0.270912449448260     
  0.163160264737998       0.126679859614231      -0.228673334709209     
  0.150908902928051       9.969563142750443E-002 -0.169400392658506     
  0.126681402440137       7.339241871609570E-002 -0.108104490970362     
  9.014642110661818E-003  4.621666769720791E-002 -3.218571881067980E-002
  0.000000000000000E+000  0.000000000000000E+000  0.000000000000000E+000
  0.000000000000000E+000  0.000000000000000E+000  0.000000000000000E+000
  0.000000000000000E+000  0.000000000000000E+000  0.000000000000000E+000
  0.000000000000000E+000  0.000000000000000E+000  0.000000000000000E+000
  3.008044608567045E-002  1.526746850745970E-002 -2.085409169066709E-002
 -1.510709307836999E-002  0.113137823657873      -8.292926107620374E-002
  8.496621678923823E-003  0.116161798011194      -0.117810377802093     
  1.091251439428637E-002  0.140091145029313      -0.166133938008889     
  2.933468221984498E-002  0.135694457395323      -0.194193427598652     
  4.732678912151377E-002  0.129264677267021      -0.211904570694706     
  6.853864568419735E-002  0.118415264895268      -0.218850042338864     
  8.839919133913958E-002  0.105760325710917      -0.212184104437007     
  0.102752036249247       9.342982153037417E-002 -0.194475728716475     
  0.115896297695088       7.961403224335810E-002 -0.166317089841129     
  9.653622780936966E-002  6.556038072899741E-002 -0.117943081281046     
  0.105550315181304       4.350221601939593E-002 -8.275601848462880E-002
 -1.884028526683960E-003  3.362788656356069E-002 -2.085477539982486E-002
  0.000000000000000E+000  0.000000000000000E+000  0.000000000000000E+000
  0.000000000000000E+000  0.000000000000000E+000  0.000000000000000E+000
  0.000000000000000E+000  0.000000000000000E+000  0.000000000000000E+000
  0.000000000000000E+000  0.000000000000000E+000  0.000000000000000E+000
  1.196361293388017E-002  3.096634725037590E-004 -1.054713130224449E-002
  1.036128486764284E-002  4.077233977230831E-002 -2.997946210635694E-002
  8.423839762067335E-003  5.616776999289529E-002 -5.722980294208160E-002
  9.865608827496779E-003  6.952818444615756E-002 -8.523772690769195E-002
  1.584011856465773E-002  6.974233041703774E-002 -0.102278884718097     
  2.493715898317377E-002  6.651897622741587E-002 -0.114795300618298     
  3.562442837308039E-002  6.102836767558534E-002 -0.118366255517503     
  4.517136602057832E-002  5.483552431028907E-002 -0.115064691259615     
  5.226520786220072E-002  4.879072244295676E-002 -0.102569479460391     
  5.528875769601897E-002  4.338097038465105E-002 -8.536144185612231E-002
  4.459537849265605E-002  3.545582359664538E-002 -5.739181917106210E-002
  3.015127940618275E-002  2.935136126432760E-002 -2.991824146722707E-002
 -5.735928295167269E-003  1.047816303722718E-002 -1.054135766822461E-002
  0.000000000000000E+000  0.000000000000000E+000  0.000000000000000E+000
  0.000000000000000E+000  0.000000000000000E+000  0.000000000000000E+000
  0.000000000000000E+000  0.000000000000000E+000  0.000000000000000E+000
  0.000000000000000E+000  0.000000000000000E+000  0.000000000000000E+000
  0.000000000000000E+000  0.000000000000000E+000  0.000000000000000E+000
  0.000000000000000E+000  0.000000000000000E+000  0.000000000000000E+000
  0.000000000000000E+000  0.000000000000000E+000  0.000000000000000E+000
  0.000000000000000E+000  0.000000000000000E+000  0.000000000000000E+000
  0.000000000000000E+000  0.000000000000000E+000  0.000000000000000E+000
  0.000000000000000E+000  0.000000000000000E+000  0.000000000000000E+000
  0.000000000000000E+000  0.000000000000000E+000  0.000000000000000E+000
  0.000000000000000E+000  0.000000000000000E+000  0.000000000000000E+000
  0.000000000000000E+000  0.000000000000000E+000  0.000000000000000E+000
  0.000000000000000E+000  0.000000000000000E+000  0.000000000000000E+000
  0.000000000000000E+000  0.000000000000000E+000  0.000000000000000E+000
  0.000000000000000E+000  0.000000000000000E+000  0.000000000000000E+000
  0.000000000000000E+000  0.000000000000000E+000  0.000000000000000E+000
  0.000000000000000E+000  0.000000000000000E+000  0.000000000000000E+000
  0.000000000000000E+000  0.000000000000000E+000  0.000000000000000E+000
  0.000000000000000E+000  0.000000000000000E+000  0.000000000000000E+000
  0.000000000000000E+000  0.000000000000000E+000  0.000000000000000E+000
  0.000000000000000E+000  0.000000000000000E+000  0.000000000000000E+000
  0.000000000000000E+000  0.000000000000000E+000  0.000000000000000E+000
  0.000000000000000E+000  0.000000000000000E+000  0.000000000000000E+000
  0.000000000000000E+000  0.000000000000000E+000  0.000000000000000E+000
  0.000000000000000E+000  0.000000000000000E+000  0.000000000000000E+000
  0.000000000000000E+000  0.000000000000000E+000  0.000000000000000E+000
  0.000000000000000E+000  0.000000000000000E+000  0.000000000000000E+000
  0.000000000000000E+000  0.000000000000000E+000  0.000000000000000E+000
  0.000000000000000E+000  0.000000000000000E+000  0.000000000000000E+000
  0.000000000000000E+000  0.000000000000000E+000  0.000000000000000E+000
  0.000000000000000E+000  0.000000000000000E+000  0.000000000000000E+000
  0.000000000000000E+000  0.000000000000000E+000  0.000000000000000E+000
  0.000000000000000E+000  0.000000000000000E+000  0.000000000000000E+000
  0.000000000000000E+000  0.000000000000000E+000  0.000000000000000E+000
  0.000000000000000E+000  0.000000000000000E+000  0.000000000000000E+000
  0.000000000000000E+000  0.000000000000000E+000  0.000000000000000E+000
  0.000000000000000E+000  0.000000000000000E+000  0.000000000000000E+000
 -1.058607305072059E-004  2.646406929600346E-004  1.692130922593893E-004
 -1.377423994081925E-003  2.525315423216821E-003 -4.324459993651756E-004
 -4.810134674125779E-005  7.404748897334489E-004  2.240085787234603E-003
  2.096578982123020E-003 -2.767264163831551E-003  5.671496132039996E-003
  1.196790540640981E-003  6.779971309252460E-004  2.383511202553160E-003
 -5.725721058551881E-003  2.896701943611794E-003 -1.869467177082636E-002
  3.978424546680474E-003  7.044860014768929E-003 -3.783691420416246E-002
  5.607018108210458E-003 -3.401797030420153E-003 -1.908520478093268E-002
 -2.021598001848313E-004  1.273907934251420E-003  2.646810021320180E-003
 -3.903234604586710E-003  2.839676772890434E-004  5.946370980433290E-003
  7.127131742743287E-004  3.179827727515055E-004  2.220887097961828E-003
  2.949339223530175E-003  2.544237134286129E-005 -5.129019499861909E-004
  1.222116058266880E-004 -3.496107031704159E-006  1.877190097287981E-004
  0.000000000000000E+000  0.000000000000000E+000  0.000000000000000E+000
  0.000000000000000E+000  0.000000000000000E+000  0.000000000000000E+000
  0.000000000000000E+000  0.000000000000000E+000  0.000000000000000E+000
  0.000000000000000E+000  0.000000000000000E+000  0.000000000000000E+000
 -3.848600679446176E-004  5.984582341723907E-004  5.886575420358793E-005
 -1.014997383003044E-003  5.552864511470813E-003  6.045341119186767E-005
 -1.051792711975240E-003  1.064288763308869E-002 -2.671339440100101E-004
  9.277956713831812E-004 -2.859048676788280E-003  4.137071548935120E-003
  1.997679282914285E-003 -3.425993327525447E-004  4.829762755592228E-003
  2.897696732375007E-003  5.808689467609545E-003 -6.814487122308893E-003
  1.203914483406581E-002  2.084405484448856E-002 -2.051663398433141E-002
  3.826328577975394E-003  5.711313024422849E-003 -7.098898376711760E-003
 -1.634911573481352E-003  1.412083796036078E-003  5.081942812394898E-003
 -3.237645601100814E-003 -7.678260955668347E-004  4.292042147650532E-003
  9.944590808823990E-003  4.458824265641926E-003 -3.502607103200950E-004
  5.625708670578856E-003  1.990506264354029E-003 -1.474593029770435E-005
  5.168704294556906E-004 -1.024832342408384E-004  8.000536124265514E-005
  0.000000000000000E+000  0.000000000000000E+000  0.000000000000000E+000
  0.000000000000000E+000  0.000000000000000E+000  0.000000000000000E+000
  0.000000000000000E+000  0.000000000000000E+000  0.000000000000000E+000
  0.000000000000000E+000  0.000000000000000E+000  0.000000000000000E+000
 -4.619912020855626E-004  2.789883958583880E-003  1.359984662412970E-004
 -1.447724367440449E-003  1.733277750989255E-003  1.232550407486740E-004
 -3.432783099225127E-004  6.744732524088526E-003  7.778305988651739E-004
  1.610205351750064E-003  2.100299151774595E-003  3.275650377566670E-003
  6.048743895003009E-004 -3.376335162039096E-003  5.021455328367436E-003
 -7.733982294965449E-003 -2.102126384413527E-002  1.445859109644478E-002
 -8.395787983751036E-003 -1.451182453156958E-002  9.070742328217155E-003
 -1.430462377016086E-002 -1.715874947508274E-002  1.441463477636287E-002
 -3.393234129149549E-003 -1.301545946933788E-003  5.208217074830151E-003
  1.046331218082246E-003  2.495218988164483E-003  3.279465317272315E-003
  6.614665660090289E-003  3.339215488562205E-003  6.321571396257064E-004
  2.581615048838614E-003 -2.474647450185760E-004  4.620284788733570E-005
  2.415623686675282E-003  8.875979735981468E-004  1.618301490378619E-004
  0.000000000000000E+000  0.000000000000000E+000  0.000000000000000E+000
  0.000000000000000E+000  0.000000000000000E+000  0.000000000000000E+000
  0.000000000000000E+000  0.000000000000000E+000  0.000000000000000E+000
  0.000000000000000E+000  0.000000000000000E+000  0.000000000000000E+000
 -2.989626731896577E-004  1.857769618646122E-003 -3.415044706536149E-004
 -1.656842258164296E-003 -1.011790300592813E-003  4.032369119005366E-004
 -3.807213422945762E-004 -9.170840198975589E-003  2.477421274526341E-003
  1.545833624296504E-003 -2.532054289490671E-002  1.326998139874744E-002
  3.359341335157368E-003  7.384951388459954E-003 -2.579666571011203E-004
  9.273692800516297E-003  2.453022944191422E-002 -2.054206601660056E-002
  5.329527060010932E-003  9.182408113094820E-003 -8.654666733962743E-003
  1.645612287738378E-002  2.010874297226692E-002 -2.033168852979057E-002
  5.028152084559799E-003  6.854327687925237E-003 -4.482295502219517E-004
 -2.281658251795554E-002 -1.139578346027003E-002  1.340651190029303E-002
 -7.822980019321591E-003 -4.990180573554889E-003  2.453680251785538E-003
 -1.139177802575553E-004 -2.121100023865360E-003  3.475043000534477E-004
  1.593126543582833E-003  6.390399085012618E-004 -3.194707810397274E-004
  0.000000000000000E+000  0.000000000000000E+000  0.000000000000000E+000
  0.000000000000000E+000  0.000000000000000E+000  0.000000000000000E+000
  0.000000000000000E+000  0.000000000000000E+000  0.000000000000000E+000
  0.000000000000000E+000  0.000000000000000E+000  0.000000000000000E+000
 -5.450041243065237E-004 -1.450485049094107E-003  1.846719638676357E-004
 -1.379295773625951E-003  6.825315730972378E-003 -1.495457899723717E-003
  5.147615874449841E-005  1.645723851506907E-004  1.107406986175297E-003
  2.148227923275597E-003 -7.362670091471434E-004  4.428568632696015E-003
  8.233542179616475E-004 -1.106979454882379E-002  8.647004641235698E-003
 -4.631733032082239E-003 -1.251032156813898E-002  9.612669489643354E-003
  8.207099118430528E-003  1.426271875310014E-002 -1.277892347681771E-002
 -8.102396545395695E-003 -9.816096364175155E-003  9.229076787057405E-003
 -1.028966959566983E-002 -5.073272812554618E-003  8.875813179154373E-003
 -1.621099307853186E-003  1.614370764013959E-003  4.402900354468137E-003
  3.242394618469614E-005 -1.390212288901163E-005  1.115008747182827E-003
  6.876519298749810E-003  2.285814131117265E-003 -1.576557984692736E-003
 -7.428207645262853E-004 -1.070977487598504E-003  2.088255050904571E-004
  0.000000000000000E+000  0.000000000000000E+000  0.000000000000000E+000
  0.000000000000000E+000  0.000000000000000E+000  0.000000000000000E+000
  0.000000000000000E+000  0.000000000000000E+000  0.000000000000000E+000
  0.000000000000000E+000  0.000000000000000E+000  0.000000000000000E+000
 -3.052636347868357E-005 -4.346996273751849E-004 -1.957782107243138E-005
 -1.189005728471842E-003 -1.696764991199247E-003 -2.681444768415460E-004
  1.076220980995935E-003  9.332701104905207E-003 -3.032411542742063E-003
  3.366248453467251E-003  1.057300216526867E-002 -2.580584138088071E-003
 -3.796825369619014E-004  1.437735115284021E-003  1.169201762851837E-003
 -1.253213866326761E-003 -3.400791037295915E-003  2.226527921228525E-003
 -5.539678234965858E-003 -9.603636532439726E-003  1.174892607159356E-002
 -2.344713588734830E-003 -2.687922050845558E-003  2.236335550852429E-003
  1.442116113711416E-003  4.166180366779290E-004  1.152961058618269E-003
  7.379436922011997E-003  8.146622335991154E-003 -2.482540022356532E-003
  7.214963978034877E-003  5.383317732000529E-003 -2.873484710016000E-003
  1.026482129728619E-004 -1.604829634740855E-003 -5.643611648598467E-004
 -9.828743610119486E-005 -1.205471655908318E-004 -2.036073651960462E-005
  0.000000000000000E+000  0.000000000000000E+000  0.000000000000000E+000
  0.000000000000000E+000  0.000000000000000E+000  0.000000000000000E+000
  0.000000000000000E+000  0.000000000000000E+000  0.000000000000000E+000
  0.000000000000000E+000  0.000000000000000E+000  0.000000000000000E+000
 -6.153602574169944E-004 -5.658063968002712E-004  1.316098663945472E-005
  3.083927521045675E-003 -1.012481640136310E-002  2.859446254859489E-003
  2.421853202318451E-003  6.482041111972919E-003 -3.559215639041093E-003
  2.375813941545044E-003  1.074136820166183E-002 -5.848420517277643E-003
 -3.537594886798977E-004  5.258413616423869E-003 -3.782524422371793E-003
 -2.238210963405421E-003 -1.921394920988644E-003  1.967849736868395E-003
  2.564466265517831E-003  4.494481611202561E-003 -5.288112092201628E-003
 -6.442561087354654E-004 -2.903700315441466E-003  2.170514767489940E-003
  4.634979768941339E-003  2.351498059202764E-003 -3.736696028064011E-003
  7.945270947066626E-003  7.373978203395302E-003 -5.729863986581659E-003
  3.933070986293499E-003  5.168496144646573E-003 -3.278815483988172E-003
 -9.504743353539145E-003 -2.288275473432280E-003  2.492496234309121E-003
 -7.565075328011198E-006 -6.002315392137096E-004  6.527232729305344E-006
  0.000000000000000E+000  0.000000000000000E+000  0.000000000000000E+000
  0.000000000000000E+000  0.000000000000000E+000  0.000000000000000E+000
  0.000000000000000E+000  0.000000000000000E+000  0.000000000000000E+000
  0.000000000000000E+000  0.000000000000000E+000  0.000000000000000E+000
 -1.285865353641979E-003 -1.268040827450994E-003  5.626434719746673E-004
  2.350541809718624E-003 -3.692048769296401E-003  3.265016103363964E-004
  4.315134021094587E-003  1.335888715059949E-004 -1.362319756171819E-003
  1.840671843015853E-003  8.973066000801603E-004  2.276389989831744E-003
 -2.634027137247075E-003 -9.743231735350158E-005  6.088264094636899E-004
 -1.501306269006930E-004 -2.022801213557140E-003  7.285359996721955E-003
 -2.636909374451898E-006 -4.063212469687927E-005 -2.516897442716625E-003
 -1.594097947171725E-003 -1.014912985725090E-003  7.056822615297957E-003
  1.232206393975245E-003 -2.199177377043101E-003  4.601036706618992E-004
  6.917965206948666E-005  2.146864289637282E-003  1.855308157292096E-003
 -2.177095328019390E-003  3.758943681444960E-003 -1.301705610806684E-003
 -3.994333773870921E-003  1.556353816386922E-004  1.343416940007541E-004
 -3.790189511881860E-004 -1.562542192364289E-003  5.321022701212777E-004
  0.000000000000000E+000  0.000000000000000E+000  0.000000000000000E+000
  0.000000000000000E+000  0.000000000000000E+000  0.000000000000000E+000
  0.000000000000000E+000  0.000000000000000E+000  0.000000000000000E+000
  0.000000000000000E+000  0.000000000000000E+000  0.000000000000000E+000
 -1.797087188783756E-003 -2.614559585807015E-004  9.082711916652297E-005
  6.127400821793751E-003 -6.775338365284210E-003  1.361005302030102E-003
  4.927467738190075E-003 -4.151926900161149E-003  7.207587074916705E-003
 -4.203526206248307E-003  5.824915903420994E-003 -6.436041558750688E-003
  2.461984961923593E-003 -7.129168824238501E-003  1.396221197103926E-002
 -2.224059142454986E-003  7.722118287343949E-004  1.560141742426489E-003
 -2.200670213445479E-004 -3.775072891358365E-004  1.202749237045126E-002
  1.891510673085629E-003 -1.465887941778318E-003  1.218041029192309E-003
 -7.379569934955451E-003 -1.348863889120724E-003  1.384867229305261E-002
  7.048150803724021E-003 -6.748980057916316E-004 -6.507052663072760E-003
 -6.368033003358121E-003  2.217067534255419E-003  7.368683255239808E-003
 -8.742617881961439E-003  1.842927890239694E-003  1.249358458537788E-003
  6.671545375954467E-004 -1.576251911813240E-003  8.199787586692076E-005
  0.000000000000000E+000  0.000000000000000E+000  0.000000000000000E+000
  0.000000000000000E+000  0.000000000000000E+000  0.000000000000000E+000
  0.000000000000000E+000  0.000000000000000E+000  0.000000000000000E+000
  0.000000000000000E+000  0.000000000000000E+000  0.000000000000000E+000
 -4.523031137032545E-004  1.215713162843489E-004 -7.830656074918986E-004
  6.839442656033362E-004 -2.032518712914372E-003  1.129480833417061E-003
 -2.152295773509253E-003  3.929633963720360E-003 -4.318234081342199E-003
 -2.917244040343132E-003  2.054752160931620E-003 -5.505123833087069E-003
 -4.013611332113743E-003  4.814015579138384E-003 -1.457066840638536E-002
  9.435510362290267E-004 -1.283818152298179E-003 -1.797763930953504E-002
  1.513532910969094E-003  2.596981056634863E-003  8.137143104398793E-003
 -1.593996096775260E-003  1.005491213580739E-004 -1.770244358706713E-002
  5.823130292159915E-003 -9.743716144052942E-004 -1.414748204833479E-002
  3.261205104513480E-003 -1.454473220283701E-003 -5.686425225555874E-003
  4.389787958087696E-003  1.136871297872375E-004 -4.349847004753535E-003
 -2.064511999725669E-003 -4.260470225991247E-004  1.136223876967690E-003
  3.252687663499244E-004 -3.025208099584989E-004 -7.815673145540985E-004
  0.000000000000000E+000  0.000000000000000E+000  0.000000000000000E+000
  0.000000000000000E+000  0.000000000000000E+000  0.000000000000000E+000
  0.000000000000000E+000  0.000000000000000E+000  0.000000000000000E+000
  0.000000000000000E+000  0.000000000000000E+000  0.000000000000000E+000
  0.000000000000000E+000  0.000000000000000E+000  0.000000000000000E+000
  0.000000000000000E+000  0.000000000000000E+000  0.000000000000000E+000
  0.000000000000000E+000  0.000000000000000E+000  0.000000000000000E+000
  0.000000000000000E+000  0.000000000000000E+000  0.000000000000000E+000
  0.000000000000000E+000  0.000000000000000E+000  0.000000000000000E+000
  0.000000000000000E+000  0.000000000000000E+000  0.000000000000000E+000
  0.000000000000000E+000  0.000000000000000E+000  0.000000000000000E+000
  0.000000000000000E+000  0.000000000000000E+000  0.000000000000000E+000
  0.000000000000000E+000  0.000000000000000E+000  0.000000000000000E+000
  0.000000000000000E+000  0.000000000000000E+000  0.000000000000000E+000
  0.000000000000000E+000  0.000000000000000E+000  0.000000000000000E+000
  0.000000000000000E+000  0.000000000000000E+000  0.000000000000000E+000
  0.000000000000000E+000  0.000000000000000E+000  0.000000000000000E+000
  0.000000000000000E+000  0.000000000000000E+000  0.000000000000000E+000
  0.000000000000000E+000  0.000000000000000E+000  0.000000000000000E+000
  0.000000000000000E+000  0.000000000000000E+000  0.000000000000000E+000
  0.000000000000000E+000  0.000000000000000E+000  0.000000000000000E+000
  0.000000000000000E+000  0.000000000000000E+000  0.000000000000000E+000
  0.000000000000000E+000  0.000000000000000E+000  0.000000000000000E+000
  0.000000000000000E+000  0.000000000000000E+000  0.000000000000000E+000
  0.000000000000000E+000  0.000000000000000E+000  0.000000000000000E+000
  0.000000000000000E+000  0.000000000000000E+000  0.000000000000000E+000
  0.000000000000000E+000  0.000000000000000E+000  0.000000000000000E+000
  0.000000000000000E+000  0.000000000000000E+000  0.000000000000000E+000
  0.000000000000000E+000  0.000000000000000E+000  0.000000000000000E+000
  0.000000000000000E+000  0.000000000000000E+000  0.000000000000000E+000
  0.000000000000000E+000  0.000000000000000E+000  0.000000000000000E+000
  0.000000000000000E+000  0.000000000000000E+000  0.000000000000000E+000
  0.000000000000000E+000  0.000000000000000E+000  0.000000000000000E+000
  0.000000000000000E+000  0.000000000000000E+000  0.000000000000000E+000
  0.000000000000000E+000  0.000000000000000E+000  0.000000000000000E+000
  0.000000000000000E+000  0.000000000000000E+000  0.000000000000000E+000
  0.000000000000000E+000  0.000000000000000E+000  0.000000000000000E+000
  0.000000000000000E+000  0.000000000000000E+000  0.000000000000000E+000
  -5.97100861370111        104.541264884585        15.2648769872335     
   23.8953513712431       -35.3140742111232        46.1761505096719     
   62.1539268482818        54.6320441685347        105.389104520255     
   26.0318793174071       -8.18709331128046        50.7669155244397     
  -91.9226517461706       -14.0383338390594       -138.833003426836     
  -161.744132571488       -35.4734218802498       -288.627194215983     
   198.427079921696        344.538038669812       -169.312616733682     
   52.7734722442245       -153.864285778187       -278.689680011540     
   25.7085615266039       -91.4379528205212       -132.047071644203     
  -16.9090139409058        19.9570966629250        51.4977465781987     
   9.77248496028662        79.1115193127549        107.694917039938     
  -44.2735774197154        2.34510606469425        46.1714542661245     
   89.4350202553322        45.8773468557374        16.6128148540545     
  0.000000000000000E+000  0.000000000000000E+000  0.000000000000000E+000
  0.000000000000000E+000  0.000000000000000E+000  0.000000000000000E+000
  0.000000000000000E+000  0.000000000000000E+000  0.000000000000000E+000
  0.000000000000000E+000  0.000000000000000E+000  0.000000000000000E+000
  -6.64342992774808        133.489170283872        7.46395761773406     
   33.9700157818516       -1.96575478171463        58.8536337720611     
   33.5449357311542        293.767425491584        49.3140584007735     
   12.0309684372658       -69.8542736450968        70.8142607158523     
  -21.6382648618803       -9.51773908503166        16.4075647384509     
   22.7803361222883        55.8579847051306       -33.5174969505102     
   216.138532606132        374.842073975544       -153.483670871760     
   36.7697057671707        47.7864488829584       -31.4817990520756     
  -4.81291119547392       -28.2553680983693        23.1976672212254     
  -61.1561231644447       -23.3823964115088        68.3034956017411     
   242.462779710630        177.776361799077        48.6226089769746     
  -10.0599642957368        34.2055323210789        59.3999973579884     
   116.159803558924        60.2575918815550        8.58113214512460     
  0.000000000000000E+000  0.000000000000000E+000  0.000000000000000E+000
  0.000000000000000E+000  0.000000000000000E+000  0.000000000000000E+000
  0.000000000000000E+000  0.000000000000000E+000  0.000000000000000E+000
  0.000000000000000E+000  0.000000000000000E+000  0.000000000000000E+000
  -3.41895723704546        153.713393141908        15.2915383649489     
   18.7377626548751        184.888472362531        39.0653543093269     
   63.5704732310838        20.7492331862715        84.0348883427029     
  -1.59683807618011       -15.5616168641016        77.7238926398722     
  -71.6675516504513       -457.477282840962        180.275311649697     
  -195.088396464580       -595.487712975462        500.589450920472     
   209.535908156023        362.502417267428       -189.134787570033     
  -405.317734854639       -454.266190990342        490.925778584435     
  -361.490398324403       -293.072472018783        184.749619723228     
  -6.88730788901892       -7.19802119190807        74.6227139945994     
   9.75365038706081        77.3311262247654        80.6366903228091     
   152.687239031408        111.097294762463        40.1555708739143     
   136.889421562649        75.1878758178019        16.5742825097145     
  0.000000000000000E+000  0.000000000000000E+000  0.000000000000000E+000
  0.000000000000000E+000  0.000000000000000E+000  0.000000000000000E+000
  0.000000000000000E+000  0.000000000000000E+000  0.000000000000000E+000
  0.000000000000000E+000  0.000000000000000E+000  0.000000000000000E+000
   4.85096431077838       -20.0145043090636        11.9647871447421     
   33.5179631955080        152.726127927496        41.3230597399883     
   42.8806404696901       -132.929122739687        95.4684936262613     
   27.2053562755807       -169.385807524792        101.915864230384     
   52.0054313249542        511.205264881950       -250.247086118565     
   219.984420718928        540.848444808344       -408.191982037241     
  -124.765856111443       -218.374671428454        328.633134436106     
   342.445218383424        443.126718422463       -389.178287701949     
   419.711063360150        303.037608675717       -251.324661662202     
  -162.346026344028       -64.3612687962348        105.065355857794     
  -152.472136727760       -39.0128600965893        99.6063735189588     
   97.0228828780065        93.6654565321430        44.1148939468707     
  -10.4065551441423        1.20578033375190        12.3972438143718     
  0.000000000000000E+000  0.000000000000000E+000  0.000000000000000E+000
  0.000000000000000E+000  0.000000000000000E+000  0.000000000000000E+000
  0.000000000000000E+000  0.000000000000000E+000  0.000000000000000E+000
  0.000000000000000E+000  0.000000000000000E+000  0.000000000000000E+000
   5.24523868165745       -14.1566780294371        33.5908206933909     
   19.8266064651697        412.086619453454       -6.24373043501340     
   35.4030377777500       -47.9735124016223        76.2791682891652     
  -31.9420414778292       -121.365920315525        131.329210259314     
   48.1119653314479        90.7069664204485       -89.7089197636722     
  -104.354835445003       -285.237113307416        319.837327813909     
   448.174243623074        776.329261095112       -627.667646424219     
  -177.324079461659       -216.194908308707        303.032579734994     
   47.0356474786327        81.2243878423633       -82.4380056949265     
  -88.6321827244649       -87.0632826694602        130.276070832959     
  -67.0193686579254      -0.888634530910120        79.5921772359069     
   351.865515520560        227.570611846657       -6.14359886718908     
  -2.83793053745226        4.11710796371863        34.3430776525824     
  0.000000000000000E+000  0.000000000000000E+000  0.000000000000000E+000
  0.000000000000000E+000  0.000000000000000E+000  0.000000000000000E+000
  0.000000000000000E+000  0.000000000000000E+000  0.000000000000000E+000
  0.000000000000000E+000  0.000000000000000E+000  0.000000000000000E+000
   15.4561167069653        144.288419918581       -1.63861358413058     
   75.4278764915493       -101.078347248756        74.2997071382590     
  -48.3407781616522        151.322966187010        20.1597964284334     
   28.4731718210234        257.207280877117       -77.2971123283064     
  -118.100341686429       -374.578986417190        292.873837152352     
   60.3212339104693        125.527966788378       -47.4423576795564     
  -226.347085289287       -396.629874110032        464.338830126561     
   79.5366706043980        116.169431411053       -51.0822701560757     
  -256.350292480530       -281.734615844471        285.142873988619     
   202.251418324120        149.090306466682       -72.2439330919357     
   160.039499724602        36.5334141647738        18.0983625627647     
  -107.616541671178        20.0560999834733        70.3885234287416     
   127.355271592694        92.6794541595079       -1.52968530045217     
  0.000000000000000E+000  0.000000000000000E+000  0.000000000000000E+000
  0.000000000000000E+000  0.000000000000000E+000  0.000000000000000E+000
  0.000000000000000E+000  0.000000000000000E+000  0.000000000000000E+000
  0.000000000000000E+000  0.000000000000000E+000  0.000000000000000E+000
   44.7866216213066        87.0834988983042        24.5788052851537     
  -53.4593291884905        144.768314707329        17.6844887731473     
  -9.72413052315206        112.221302498200        15.0840463802211     
  -22.5747005048601        399.186316657178       -263.907552370146     
  -24.8242760898155        56.3885893832305       -72.1863088986309     
  -58.8582661457994       -160.921579525806        186.324086938539     
   26.0517500234517        43.3429595613345        19.6428236704900     
  -115.447426235612       -142.043356266728        197.306546364299     
   58.2379366482884        6.81141494695624       -69.5596711978750     
   356.408099600153        182.413209118744       -264.927760908861     
   100.820842358569        48.9112679230241        15.4324437029247     
   155.412212912621        27.1527500352188        15.8056408502921     
   59.1021053015859        90.0392126540938        24.9528002147255     
  0.000000000000000E+000  0.000000000000000E+000  0.000000000000000E+000
  0.000000000000000E+000  0.000000000000000E+000  0.000000000000000E+000
  0.000000000000000E+000  0.000000000000000E+000  0.000000000000000E+000
  0.000000000000000E+000  0.000000000000000E+000  0.000000000000000E+000
   43.1456863628705        62.0172543120752        38.4148379328749     
  -89.4848293856522        134.823089294280       -32.4684601055997     
   80.3173273388073        42.5848950841603       0.982570825702510     
   31.6016624583834       -36.9975967445123        69.3615082763827     
  -155.026751181084        92.6358177322751       -169.207557633390     
   126.556421016053        314.439769834939       -370.208588389550     
   31.8359854225591        55.1777561714311       -545.879732306402     
   203.697488458813        263.521873773827       -371.804789777306     
   164.153413458345       -85.9154278236655       -177.142870540233     
  -44.4327256701865        10.3480571656356        65.8500671316576     
  -12.0279717773015        91.6411425975916        5.19869146135651     
   158.783775328446       -10.4958868336738       -31.8256395590169     
   34.6652469983179        73.7924295948881        38.9167283906243     
  0.000000000000000E+000  0.000000000000000E+000  0.000000000000000E+000
  0.000000000000000E+000  0.000000000000000E+000  0.000000000000000E+000
  0.000000000000000E+000  0.000000000000000E+000  0.000000000000000E+000
  0.000000000000000E+000  0.000000000000000E+000  0.000000000000000E+000
   36.3108209055446        25.3677138424463        43.5092130645248     
  -100.398167552233        119.498424629849       -98.7214235706326     
   120.071986006519        24.9735703892584        78.3365066431114     
  -205.667269184198        88.2767372210842       -188.184546338317     
   82.2688964193293       -127.550471315604        370.415251574492     
   44.9748480427108        236.544198863528       -541.311587769646     
  -136.833062899209       -223.959476297122        909.585261592768     
   183.990891816877        158.875891177815       -565.097128330769     
  -154.344178303651        9.93367157793849        376.262640060132     
   188.988366961179       -135.813949868227       -200.231511364672     
  -51.6506561240827        118.496961875930        91.7821940457452     
   147.363684719238       -26.8936222608598       -96.8545571965886     
   4.38158324078582        46.7766389873304        44.3303266324127     
  0.000000000000000E+000  0.000000000000000E+000  0.000000000000000E+000
  0.000000000000000E+000  0.000000000000000E+000  0.000000000000000E+000
  0.000000000000000E+000  0.000000000000000E+000  0.000000000000000E+000
  0.000000000000000E+000  0.000000000000000E+000  0.000000000000000E+000
   1.11944021724318        6.92738176333981        2.60271473028026     
   31.1833274611673       -7.02873178801813       5.988639738021421E-002
  -107.473883864293        179.451124670037       -51.6491075620748     
  -91.4989868254081       -34.0203498773498       -45.7577575400321     
   138.305905137875       -46.1465885321191       -33.1918319157442     
  -3.27196482854586       -37.1935767978599        330.200363576170     
   44.9823482232857        73.3517488547443       -517.609591918277     
  -36.5071067455933       -22.0022274699106        349.376419490947     
  -116.771411438939        101.335111698906       -16.8422561659508     
   16.5494371055598       -97.4676463593231       -48.6044187660521     
   217.175510521933       -3.64678440336669       -61.3830897140571     
  -22.8527846436593        22.4721489942059        3.08666018459782     
   5.62398730309483        5.43063175644995        2.44195118518843     
  0.000000000000000E+000  0.000000000000000E+000  0.000000000000000E+000
  0.000000000000000E+000  0.000000000000000E+000  0.000000000000000E+000
  0.000000000000000E+000  0.000000000000000E+000  0.000000000000000E+000
  0.000000000000000E+000  0.000000000000000E+000  0.000000000000000E+000
  0.000000000000000E+000  0.000000000000000E+000  0.000000000000000E+000
  0.000000000000000E+000  0.000000000000000E+000  0.000000000000000E+000
  0.000000000000000E+000  0.000000000000000E+000  0.000000000000000E+000
  0.000000000000000E+000  0.000000000000000E+000  0.000000000000000E+000
  0.000000000000000E+000  0.000000000000000E+000  0.000000000000000E+000
  0.000000000000000E+000  0.000000000000000E+000  0.000000000000000E+000
  0.000000000000000E+000  0.000000000000000E+000  0.000000000000000E+000
  0.000000000000000E+000  0.000000000000000E+000  0.000000000000000E+000
  0.000000000000000E+000  0.000000000000000E+000  0.000000000000000E+000
  0.000000000000000E+000  0.000000000000000E+000  0.000000000000000E+000
  0.000000000000000E+000  0.000000000000000E+000  0.000000000000000E+000
  0.000000000000000E+000  0.000000000000000E+000  0.000000000000000E+000
  0.000000000000000E+000  0.000000000000000E+000  0.000000000000000E+000
  0.000000000000000E+000  0.000000000000000E+000  0.000000000000000E+000
  0.000000000000000E+000  0.000000000000000E+000  0.000000000000000E+000
  0.000000000000000E+000  0.000000000000000E+000  0.000000000000000E+000
  0.000000000000000E+000  0.000000000000000E+000  0.000000000000000E+000
  0.000000000000000E+000  0.000000000000000E+000  0.000000000000000E+000
  0.000000000000000E+000  0.000000000000000E+000  0.000000000000000E+000
  0.000000000000000E+000  0.000000000000000E+000  0.000000000000000E+000
  0.000000000000000E+000  0.000000000000000E+000  0.000000000000000E+000
  0.000000000000000E+000  0.000000000000000E+000  0.000000000000000E+000
  0.000000000000000E+000  0.000000000000000E+000  0.000000000000000E+000
  0.000000000000000E+000  0.000000000000000E+000  0.000000000000000E+000
  0.000000000000000E+000  0.000000000000000E+000  0.000000000000000E+000
  0.000000000000000E+000  0.000000000000000E+000  0.000000000000000E+000
  0.000000000000000E+000  0.000000000000000E+000  0.000000000000000E+000
  0.000000000000000E+000  0.000000000000000E+000  0.000000000000000E+000
  0.000000000000000E+000  0.000000000000000E+000  0.000000000000000E+000
  0.000000000000000E+000  0.000000000000000E+000  0.000000000000000E+000
  0.000000000000000E+000  0.000000000000000E+000  0.000000000000000E+000
  0.000000000000000E+000  0.000000000000000E+000  0.000000000000000E+000
