          80  8.000000000000007E-003  8.000000000000007E-003
  0.000000000000000E+000  0.000000000000000E+000  0.000000000000000E+000
  0.000000000000000E+000  0.000000000000000E+000  0.000000000000000E+000
  5.220847035866561E-002  6.524533892805945E-002 -6.349411184656895E-002
  6.719542415365501E-002  0.145613936779920      -0.108869486611516     
  9.670106010086117E-002  0.199413348050017      -0.152997853195876     
  0.113255700630060       0.234996686807342      -0.180759921534446     
  0.129114698235340       0.253059166902512      -0.202237801204077     
  0.140875218100463       0.260309953435426      -0.214007980811191     
  0.149868972059203       0.259637789403581      -0.217929089645391     
  0.154932547020412       0.252143545716050      -0.213977743483608     
  0.154528896385554       0.238324172959617      -0.202191556291596     
  0.146857590797571       0.215617943483792      -0.180767453665864     
  0.124367900294791       0.183522306683179      -0.153027476712371     
  9.255618674503768E-002  0.131078548521285      -0.108922366030874     
  3.044958342606785E-002  7.790914809003489E-002 -6.354315768877368E-002
  0.000000000000000E+000  0.000000000000000E+000  0.000000000000000E+000
  0.000000000000000E+000  0.000000000000000E+000  0.000000000000000E+000
  0.000000000000000E+000  0.000000000000000E+000  0.000000000000000E+000
  0.000000000000000E+000  0.000000000000000E+000  0.000000000000000E+000
  4.193605044533304E-002  5.946118519039383E-002 -5.368530313950504E-002
  6.438443502720564E-002  0.136563347967694      -0.105511460626237     
  8.578811215857844E-002  0.189686556513575      -0.143915981702096     
  0.104852432255496       0.221870622472134      -0.176077713258192     
  0.118577103173944       0.239310988057131      -0.196296492016352     
  0.131196160205372       0.244778717534996      -0.210002932804440     
  0.140508796256240       0.243418791974974      -0.213417822842740     
  0.146339771891368       0.236016614902947      -0.209991586587592     
  0.147900144071841       0.222336601772155      -0.196261433900733     
  0.139690400221799       0.201773422125123      -0.176085445047369     
  0.121386945346635       0.169185250161193      -0.143931927578465     
  8.610707691009982E-002  0.124101163233687      -0.105555762649541     
  3.057007722074574E-002  6.610328482738920E-002 -5.372111486899190E-002
  0.000000000000000E+000  0.000000000000000E+000  0.000000000000000E+000
  0.000000000000000E+000  0.000000000000000E+000  0.000000000000000E+000
  0.000000000000000E+000  0.000000000000000E+000  0.000000000000000E+000
  0.000000000000000E+000  0.000000000000000E+000  0.000000000000000E+000
  3.278150262842094E-002  4.667920814461400E-002 -3.956823407093374E-002
  5.212322949316872E-002  0.122117133825816      -9.315945724547696E-002
  7.233710100296330E-002  0.170332106991666      -0.131143755036985     
  8.626345558716601E-002  0.199811870843218      -0.162599604002167     
  0.100936791879799       0.212721304501116      -0.185577390769603     
  0.112144130589471       0.215382771217026      -0.198718567012201     
  0.122541296010439       0.212289709330928      -0.203694614411299     
  0.130432191928528       0.204849381840340      -0.198741019281194     
  0.133706940661791       0.193782823064854      -0.185564467001912     
  0.129877193949430       0.174630965000838      -0.162598706390394     
  0.111323043196928       0.147826431774544      -0.131144015567059     
  7.970147207764848E-002  0.106213913031222      -9.317328582031387E-002
  2.406559416607393E-002  5.175981406144232E-002 -3.958297562474335E-002
  0.000000000000000E+000  0.000000000000000E+000  0.000000000000000E+000
  0.000000000000000E+000  0.000000000000000E+000  0.000000000000000E+000
  0.000000000000000E+000  0.000000000000000E+000  0.000000000000000E+000
  0.000000000000000E+000  0.000000000000000E+000  0.000000000000000E+000
  2.785010758583875E-002  2.500688796523428E-002 -2.615742263089248E-002
  4.029394183585192E-002  0.102692091906066      -7.499273288610309E-002
  5.511375274615635E-002  0.147373355355064      -0.113124108003495     
  6.752541577390224E-002  0.172186405576087      -0.144532175695423     
  7.844588564175152E-002  0.179414576424284      -0.166935276624116     
  8.931709131355557E-002  0.177357656538642      -0.180302734097751     
  9.917729871654646E-002  0.171810328384123      -0.184645831793674     
  0.108934227893844       0.166096493815608      -0.180361808270793     
  0.116124071005118       0.157666948292017      -0.166946497974515     
  0.115316067252796       0.144576887493440      -0.144523742082151     
  0.100026794422988       0.121389858332404      -0.113098434627707     
  6.875279122201057E-002  8.620631916080723E-002 -7.496286059698473E-002
  7.739978111757557E-003  3.663468473313637E-002 -2.615768105049739E-002
  0.000000000000000E+000  0.000000000000000E+000  0.000000000000000E+000
  0.000000000000000E+000  0.000000000000000E+000  0.000000000000000E+000
  0.000000000000000E+000  0.000000000000000E+000  0.000000000000000E+000
  0.000000000000000E+000  0.000000000000000E+000  0.000000000000000E+000
  2.075999605537706E-002  1.562375038829473E-003 -1.513978692550318E-002
  3.245789166883571E-002  8.734941923814066E-002 -5.990434198845832E-002
  4.517879711057853E-002  0.129171314221064      -9.767369632049681E-002
  5.223880964515077E-002  0.149606959390482      -0.128332390235132     
  6.263096758101169E-002  0.153042404822741      -0.149406454749689     
  7.120268294256450E-002  0.147099605262778      -0.161470991389698     
  8.109737945559571E-002  0.140488967062331      -0.165476678060887     
  9.181290287318855E-002  0.135308021730634      -0.161560132952257     
  0.101211387165129       0.130805133781025      -0.149440876988947     
  0.103412373161808       0.120042730652114      -0.128321841186524     
  8.921717759041528E-002  0.103668124055716      -9.762752882398537E-002
  5.935578567199566E-002  7.171574088001095E-002 -5.984452405073271E-002
 -9.042287200651599E-003  1.874316285655985E-002 -1.512154293289638E-002
  0.000000000000000E+000  0.000000000000000E+000  0.000000000000000E+000
  0.000000000000000E+000  0.000000000000000E+000  0.000000000000000E+000
  0.000000000000000E+000  0.000000000000000E+000  0.000000000000000E+000
  0.000000000000000E+000  0.000000000000000E+000  0.000000000000000E+000
  1.057703151917094E-002 -1.227947813933370E-002 -8.480152408000386E-003
  3.449376317332424E-002  7.880993743353674E-002 -4.974148530190676E-002
  3.378960283350101E-002  0.109810293707670      -8.444642131736624E-002
  4.324069813923320E-002  0.131574108098308      -0.113475701321093     
  4.935225278627393E-002  0.130300516611662      -0.132752444015685     
  5.785894721638848E-002  0.123610322792890      -0.143275094375747     
  6.678771809468016E-002  0.115693531095915      -0.146465952320014     
  7.818520757795692E-002  0.112059965875367      -0.143408515011195     
  8.819458699345839E-002  0.107969726430275      -0.132823243591727     
  9.230539175801195E-002  0.103252685042243      -0.113470279537983     
  7.815877293142758E-002  8.411640368526399E-002 -8.439423478231711E-002
  5.094527855660649E-002  6.921913763734207E-002 -4.967526040473805E-002
 -1.594792102388510E-002  2.996124349036556E-003 -8.460047874512763E-003
  0.000000000000000E+000  0.000000000000000E+000  0.000000000000000E+000
  0.000000000000000E+000  0.000000000000000E+000  0.000000000000000E+000
  0.000000000000000E+000  0.000000000000000E+000  0.000000000000000E+000
  0.000000000000000E+000  0.000000000000000E+000  0.000000000000000E+000
  1.341939041636764E-002 -9.190380495792612E-003 -7.278282272305713E-003
  2.636830295777830E-002  6.070429099535314E-002 -3.874790939459653E-002
  2.844557086063433E-002  9.311710054895454E-002 -7.158303080423777E-002
  3.339008579764122E-002  0.109844157916600      -9.775847365210791E-002
  3.848181470416179E-002  0.108784099877718      -0.115151280237228     
  4.594910427589993E-002  0.101786197273104      -0.124193541700861     
  5.441851095513302E-002  9.426574117850554E-002 -0.126950647250559     
  6.530287644214172E-002  9.089784989568682E-002 -0.124397613301389     
  7.504219527940981E-002  8.785099148443586E-002 -0.115276919428550     
  7.843891860132163E-002  8.387286135743972E-002 -9.777449778950335E-002
  6.639704454673120E-002  7.117493078799228E-002 -7.153591003865618E-002
  3.935154477557367E-002  5.310902571841741E-002 -3.869190948912923E-002
 -1.468198705340069E-002  7.031272112729760E-003 -7.234783670118027E-003
  0.000000000000000E+000  0.000000000000000E+000  0.000000000000000E+000
  0.000000000000000E+000  0.000000000000000E+000  0.000000000000000E+000
  0.000000000000000E+000  0.000000000000000E+000  0.000000000000000E+000
  0.000000000000000E+000  0.000000000000000E+000  0.000000000000000E+000
  7.493686382728799E-003 -9.952967468641955E-003 -3.156356749770279E-003
  2.282261660267460E-002  4.365437254589701E-002 -2.897033404151580E-002
  2.147723837645256E-002  6.929770944167586E-002 -5.531967117708838E-002
  2.422149271220513E-002  8.286673320207155E-002 -7.721158883648926E-002
  2.803425871958655E-002  8.364072800799505E-002 -9.287746085943543E-002
  3.421258102729945E-002  7.831552053360033E-002 -0.101025921018654     
  4.167846253007072E-002  7.216868990819433E-002 -0.103566402862283     
  5.090358142325963E-002  6.906407600084054E-002 -0.101320057440382     
  5.852254569458726E-002  6.626903195057271E-002 -9.306384723284948E-002
  5.966711341999135E-002  6.247268418027984E-002 -7.725106370401710E-002
  4.929898269940326E-002  5.324388248141132E-002 -5.529458281061680E-002
  2.636675043276947E-002  4.153271754889448E-002 -2.892414973945864E-002
 -1.234606794776744E-002  1.523318103647342E-003 -3.103751022204423E-003
  0.000000000000000E+000  0.000000000000000E+000  0.000000000000000E+000
  0.000000000000000E+000  0.000000000000000E+000  0.000000000000000E+000
  0.000000000000000E+000  0.000000000000000E+000  0.000000000000000E+000
  0.000000000000000E+000  0.000000000000000E+000  0.000000000000000E+000
  3.909459261573493E-003 -8.137674854855332E-003 -1.772592456558115E-003
  1.581909679161297E-002  2.592466487938868E-002 -1.751360442375131E-002
  1.324519239598696E-002  3.782947756592636E-002 -3.245963242880218E-002
  1.498477419282432E-002  5.065499879288150E-002 -4.907659725075894E-002
  1.691269271653107E-002  5.186280702906669E-002 -6.159181907767363E-002
  2.085934624874674E-002  4.951000360680703E-002 -6.849042344569614E-002
  2.637246977552921E-002  4.563931052364811E-002 -7.106926041582597E-002
  3.264760815117630E-002  4.308281106085765E-002 -6.883483184722283E-002
  3.654428681860621E-002  4.072235265539532E-002 -6.177495172039036E-002
  3.640124963742816E-002  3.835386557110487E-002 -4.914742215783721E-002
  2.615323768847349E-002  3.040965296747980E-002 -3.241428959926302E-002
  1.454433990025659E-002  2.658589873650966E-002 -1.754857288788980E-002
 -8.976141032443855E-003 -6.174661024063217E-004 -1.632352047652541E-003
  0.000000000000000E+000  0.000000000000000E+000  0.000000000000000E+000
  0.000000000000000E+000  0.000000000000000E+000  0.000000000000000E+000
  0.000000000000000E+000  0.000000000000000E+000  0.000000000000000E+000
  0.000000000000000E+000  0.000000000000000E+000  0.000000000000000E+000
  5.641259102641727E-004 -3.524516698109012E-003 -2.060665194014378E-003
  7.146493291830223E-003  5.556667791025253E-003 -4.046478585175373E-003
  5.446578955704303E-003  8.084329048087232E-003 -8.348194257948553E-003
  8.174467648618768E-003  1.527731985396597E-002 -1.498049428959801E-002
  6.882145681733201E-003  1.638685473549844E-002 -1.956907220827901E-002
  8.440852946749417E-003  1.740903894867024E-002 -2.366569712434424E-002
  9.405361888315233E-003  1.621464753598518E-002 -2.486649624849683E-002
  1.098006651451292E-002  1.621071176795277E-002 -2.388315552198968E-002
  1.076533205317886E-002  1.425956390478562E-002 -1.966249627138093E-002
  9.157675669131917E-003  1.471505338861868E-002 -1.498572129193143E-002
  4.303271706565713E-003  8.778901301108392E-003 -8.360913667544609E-003
  1.246690669687662E-003  8.932371646412982E-003 -4.027777045298297E-003
 -3.324177867787742E-003 -1.254444020029631E-003 -2.046895113637878E-003
  0.000000000000000E+000  0.000000000000000E+000  0.000000000000000E+000
  0.000000000000000E+000  0.000000000000000E+000  0.000000000000000E+000
  0.000000000000000E+000  0.000000000000000E+000  0.000000000000000E+000
  0.000000000000000E+000  0.000000000000000E+000  0.000000000000000E+000
  0.000000000000000E+000  0.000000000000000E+000  0.000000000000000E+000
  0.000000000000000E+000  0.000000000000000E+000  0.000000000000000E+000
  0.000000000000000E+000  0.000000000000000E+000  0.000000000000000E+000
  0.000000000000000E+000  0.000000000000000E+000  0.000000000000000E+000
  0.000000000000000E+000  0.000000000000000E+000  0.000000000000000E+000
  0.000000000000000E+000  0.000000000000000E+000  0.000000000000000E+000
  0.000000000000000E+000  0.000000000000000E+000  0.000000000000000E+000
  0.000000000000000E+000  0.000000000000000E+000  0.000000000000000E+000
  0.000000000000000E+000  0.000000000000000E+000  0.000000000000000E+000
  0.000000000000000E+000  0.000000000000000E+000  0.000000000000000E+000
  0.000000000000000E+000  0.000000000000000E+000  0.000000000000000E+000
  0.000000000000000E+000  0.000000000000000E+000  0.000000000000000E+000
  0.000000000000000E+000  0.000000000000000E+000  0.000000000000000E+000
  0.000000000000000E+000  0.000000000000000E+000  0.000000000000000E+000
  0.000000000000000E+000  0.000000000000000E+000  0.000000000000000E+000
  0.000000000000000E+000  0.000000000000000E+000  0.000000000000000E+000
  0.000000000000000E+000  0.000000000000000E+000  0.000000000000000E+000
  0.000000000000000E+000  0.000000000000000E+000  0.000000000000000E+000
  0.000000000000000E+000  0.000000000000000E+000  0.000000000000000E+000
  0.000000000000000E+000  0.000000000000000E+000  0.000000000000000E+000
  0.000000000000000E+000  0.000000000000000E+000  0.000000000000000E+000
  0.000000000000000E+000  0.000000000000000E+000  0.000000000000000E+000
  0.000000000000000E+000  0.000000000000000E+000  0.000000000000000E+000
  0.000000000000000E+000  0.000000000000000E+000  0.000000000000000E+000
  0.000000000000000E+000  0.000000000000000E+000  0.000000000000000E+000
  0.000000000000000E+000  0.000000000000000E+000  0.000000000000000E+000
  0.000000000000000E+000  0.000000000000000E+000  0.000000000000000E+000
  0.000000000000000E+000  0.000000000000000E+000  0.000000000000000E+000
  0.000000000000000E+000  0.000000000000000E+000  0.000000000000000E+000
  0.000000000000000E+000  0.000000000000000E+000  0.000000000000000E+000
  0.000000000000000E+000  0.000000000000000E+000  0.000000000000000E+000
  0.000000000000000E+000  0.000000000000000E+000  0.000000000000000E+000
  0.000000000000000E+000  0.000000000000000E+000  0.000000000000000E+000
  0.000000000000000E+000  0.000000000000000E+000  0.000000000000000E+000
 -2.617956995992224E-002  0.171794903929678      -4.290240182091346E-002
 -0.158460889884679       0.243494602391777      -7.673436672168193E-002
 -0.246279290465466      -3.141845350136865E-002  3.841062944782363E-002
 -0.339642003885468      -0.287262996801897       0.148548860144582     
 -0.384666362675429      -0.375271628625154       0.225832731352449     
 -0.433192300372872      -0.620811054972641       0.387129758190093     
 -0.484368972866390      -0.843616624964899       0.499024083006910     
 -0.298992556602167      -0.662265909924078       0.374976837199028     
 -0.120374119181112      -0.509639425516977       0.220624615313957     
 -8.602479717011506E-002 -0.443109487470170       0.153714418558851     
  8.945062714555513E-002 -0.234318824795564       4.233386012501467E-002
  0.286289080519329      -1.869095517948496E-002 -7.581050605426913E-002
  0.157775898733000       6.089478417784202E-002 -4.294639289341765E-002
  0.000000000000000E+000  0.000000000000000E+000  0.000000000000000E+000
  0.000000000000000E+000  0.000000000000000E+000  0.000000000000000E+000
  0.000000000000000E+000  0.000000000000000E+000  0.000000000000000E+000
  0.000000000000000E+000  0.000000000000000E+000  0.000000000000000E+000
 -2.492581954640371E-002  0.157382514207119      -4.129495520397319E-002
 -0.159836295681287       0.317377993904411      -0.112356171985265     
 -0.234947090719219       5.231016928566452E-002 -4.212474076815422E-003
 -0.325226893283855      -0.288411830859293       0.138430296619609     
 -0.386214828577646      -0.481771135064770       0.251666849555467     
 -0.447177124401286      -0.714888230829232       0.420701466360684     
 -0.508111603150839      -0.883843797897408       0.527990548440494     
 -0.378295570173934      -0.727847451481724       0.410644849968846     
 -0.215043433280831      -0.568236856405162       0.248391316492324     
 -9.304752231320811E-002 -0.430198967698708       0.143322994033207     
  0.157232561696753      -0.181595471593236      -1.034607855996322E-003
  0.351276668879394       1.753757579851369E-002 -0.111953752968316     
  0.145594643448070       5.499081855720452E-002 -4.149380289035809E-002
  0.000000000000000E+000  0.000000000000000E+000  0.000000000000000E+000
  0.000000000000000E+000  0.000000000000000E+000  0.000000000000000E+000
  0.000000000000000E+000  0.000000000000000E+000  0.000000000000000E+000
  0.000000000000000E+000  0.000000000000000E+000  0.000000000000000E+000
 -2.089668302195114E-002  0.123516872604540      -3.651437557286177E-002
 -0.169284807562528       0.455727205355790      -0.172284370061154     
 -0.229520096244403       0.266341302878640      -9.557419949082421E-002
 -0.318617973922223      -0.260006094928149       0.112423318271074     
 -0.415268147052742      -0.658256485017251       0.307521321561417     
 -0.510568404665924      -0.923889471909319       0.497589517816129     
 -0.598779805677947       -1.03999161713545       0.601413347194532     
 -0.533372216522162      -0.894295500830354       0.490413048945253     
 -0.358260921292959      -0.687199965951003       0.307110528869178     
 -7.092902997464685E-002 -0.410105950735209       0.117020363244873     
  0.341880714612677      -6.824778762550456E-002 -9.388545106410766E-002
  0.477136660234829       7.936599931136576E-002 -0.172698310978526     
  0.115603019832632       4.198169357884621E-002 -3.695074338052002E-002
  0.000000000000000E+000  0.000000000000000E+000  0.000000000000000E+000
  0.000000000000000E+000  0.000000000000000E+000  0.000000000000000E+000
  0.000000000000000E+000  0.000000000000000E+000  0.000000000000000E+000
  0.000000000000000E+000  0.000000000000000E+000  0.000000000000000E+000
  7.036687235512741E-003  5.024965072249921E-002 -3.107205627676003E-002
 -0.168936694664761       0.595668562677063      -0.239781895577145     
 -0.234682991185732       0.597591620275640      -0.237221607037115     
 -0.313648946121375      -8.863515821710966E-002  2.866790711591576E-002
 -0.474802083867675      -0.862161380936280       0.401198009883579     
 -0.634215230125163       -1.21160245034578       0.643505292335229     
 -0.730602270020063       -1.26847117633061       0.723180838906874     
 -0.728686899327351       -1.15563248482853       0.642030524922785     
 -0.505393242610084      -0.842157851428779       0.401634307853783     
  8.178674816109356E-002 -0.316366990686763       2.974039605037377E-002
  0.635531471797452       9.512850954043600E-002 -0.237846473809546     
  0.600291537654037       0.150809163260443      -0.241072613721068     
  3.929883308692324E-002  3.014257635402223E-002 -3.179139983539124E-002
  0.000000000000000E+000  0.000000000000000E+000  0.000000000000000E+000
  0.000000000000000E+000  0.000000000000000E+000  0.000000000000000E+000
  0.000000000000000E+000  0.000000000000000E+000  0.000000000000000E+000
  0.000000000000000E+000  0.000000000000000E+000  0.000000000000000E+000
  3.277151670283678E-002 -2.887210162679075E-002 -2.649318130582862E-002
 -0.142321864192602       0.642055053055609      -0.270741693625961     
 -0.215766852252308       0.917146737167244      -0.394519632775683     
 -0.284273752439229       0.227139105332501      -0.133356722117693     
 -0.473462885175711      -0.817814474174005       0.400642833362904     
 -0.742916798699121       -1.45965274848935       0.808135364729806     
 -0.934254656378055       -1.62222506695742       0.955146751127775     
 -0.890673732589365       -1.37642664129924       0.809078032523817     
 -0.461154243685624      -0.813716304649806       0.396924360798265     
  0.348652057387023      -0.128041459292932      -0.136933294792518     
  0.903537278269950       0.271645915652503      -0.395946040178123     
  0.627383703698157       0.197284718590082      -0.272013466325751     
 -4.159973834618731E-002  1.335525035529994E-002 -2.730929214666566E-002
  0.000000000000000E+000  0.000000000000000E+000  0.000000000000000E+000
  0.000000000000000E+000  0.000000000000000E+000  0.000000000000000E+000
  0.000000000000000E+000  0.000000000000000E+000  0.000000000000000E+000
  0.000000000000000E+000  0.000000000000000E+000  0.000000000000000E+000
  2.039190034405081E-002 -3.830533237920129E-002 -3.092371706187091E-002
 -6.427239314539850E-002  0.612386065326705      -0.279070391289686     
 -0.191348685861333        1.13634618263897      -0.552824778864408     
 -0.211645562157727       0.590738359226332      -0.361170921107962     
 -0.408587287654723      -0.575375822991089       0.277530500321252     
 -0.724884694966002       -1.42424499228300       0.850849910920730     
  -1.00158352454008       -1.73828724717824        1.12157540092087     
 -0.868486370090856       -1.34144947030798       0.851361128721901     
 -0.287963910537414      -0.638768583743433       0.274831986221932     
  0.620521598605971       0.113289063016724      -0.362860563644495     
   1.07524764658372       0.399347090774867      -0.552106688450143     
  0.560880397125614       0.249048317944335      -0.279754924821773     
 -4.301931646395053E-002 -1.712656169822285E-003 -3.175414051085602E-002
  0.000000000000000E+000  0.000000000000000E+000  0.000000000000000E+000
  0.000000000000000E+000  0.000000000000000E+000  0.000000000000000E+000
  0.000000000000000E+000  0.000000000000000E+000  0.000000000000000E+000
  0.000000000000000E+000  0.000000000000000E+000  0.000000000000000E+000
  1.450894761187152E-002 -6.061259897340163E-002 -4.144022426297257E-002
 -1.227172372313454E-002  0.521974393005166      -0.249240490605551     
 -0.132734346759693        1.18972002684622      -0.664695400772646     
 -0.139157868106370       0.886470671849049      -0.610631391518988     
 -0.268808737763984      -9.455600430042492E-002 -3.627449333903379E-002
 -0.525236313773470      -0.936070704601390       0.563086806916031     
 -0.757211319942386       -1.31265466853702       0.907050968203282     
 -0.541785483887149      -0.917119266179871       0.557035535582505     
  5.519855404129165E-002 -0.277051161256149      -3.841414462663614E-002
  0.831777082618812       0.321041366529126      -0.608417829098218     
   1.08563727212685       0.474530161489034      -0.661102706220597     
  0.454803657680599       0.247633793747430      -0.249395946293533     
 -5.918437511408359E-002 -1.817657302576933E-002 -4.195318659374751E-002
  0.000000000000000E+000  0.000000000000000E+000  0.000000000000000E+000
  0.000000000000000E+000  0.000000000000000E+000  0.000000000000000E+000
  0.000000000000000E+000  0.000000000000000E+000  0.000000000000000E+000
  0.000000000000000E+000  0.000000000000000E+000  0.000000000000000E+000
 -4.815240920299161E-003 -4.498476770184097E-002 -2.571822974316966E-002
  5.026531443168130E-002  0.354664976392811      -0.197703932775094     
 -7.563898953897144E-002   1.01741186974242      -0.637964291197397     
 -0.101620178862325        1.06347333276305      -0.818309657895730     
 -0.148031913685484       0.452030720870796      -0.494419000899521     
 -0.319745698810705      -0.416662468855756       0.170175234340235     
 -0.438582501577877      -0.757279631865087       0.504884601441849     
 -0.196983020741827      -0.479820530489881       0.163131072040853     
  0.468080257739675       0.101934023401199      -0.498646115305653     
  0.971308830378496       0.447066954455631      -0.821346114559070     
  0.911374636881815       0.440708243993183      -0.635933731747331     
  0.277717068814770       0.217839202139536      -0.197672924001125     
 -3.563550285820600E-002 -2.678644476022814E-002 -2.610335921092861E-002
  0.000000000000000E+000  0.000000000000000E+000  0.000000000000000E+000
  0.000000000000000E+000  0.000000000000000E+000  0.000000000000000E+000
  0.000000000000000E+000  0.000000000000000E+000  0.000000000000000E+000
  0.000000000000000E+000  0.000000000000000E+000  0.000000000000000E+000
 -9.802977375330620E-003 -1.915303229369449E-002 -2.765379922450449E-002
  6.787589235985170E-002  0.167982329458861      -0.110387520242406     
 -5.525825683144560E-003  0.628879022564416      -0.422896070091842     
 -6.763832468786146E-002  0.881179154428933      -0.757121982296977     
 -0.105357988976539       0.518144242271876      -0.626652295759657     
 -0.194011029566885      -0.116649598874525      -4.721171768940725E-002
 -0.168672823580994      -0.291397275677472       6.937333070125397E-002
 -1.167406531995600E-002 -0.234009876188179      -3.243730674442129E-002
  0.494697622887253       0.166032631340231      -0.620197945691740     
  0.800653347823378       0.387249383996443      -0.765883564032076     
  0.547286419902822       0.311520763100479      -0.425458543430475     
  0.109146655144426       0.140579404374738      -0.110880604390332     
 -1.135985885295201E-002 -1.778386023408652E-002 -2.731813878339565E-002
  0.000000000000000E+000  0.000000000000000E+000  0.000000000000000E+000
  0.000000000000000E+000  0.000000000000000E+000  0.000000000000000E+000
  0.000000000000000E+000  0.000000000000000E+000  0.000000000000000E+000
  0.000000000000000E+000  0.000000000000000E+000  0.000000000000000E+000
 -7.435894652743904E-003 -2.000613188733403E-004 -3.198476567731601E-002
  2.324147742415228E-002  1.382676439997435E-002 -5.273211199840725E-003
  4.001544823759359E-002  0.168355823790579      -9.387789529381034E-002
  1.443085894769227E-003  0.307758536620779      -0.208982406040864     
 -9.345088561923270E-002  0.207998558616251      -0.185548103061942     
 -0.119491090170423       2.171358192755472E-002 -5.617104062873205E-002
 -1.160811637735223E-002 -1.749939514043681E-002 -0.193574878524288     
  7.070754954554237E-002 -0.101245258588366      -3.780809186330271E-002
  0.221349934331674       1.826765444586238E-002 -0.175774412964481     
  0.266502785133905       0.156514546282408      -0.212103571916166     
  0.126794329182141       0.120857066243840      -9.656142342632945E-002
 -3.866229557755871E-004  2.673049236423075E-002 -5.758076026526381E-003
  3.444892513635025E-003 -6.693977500865362E-003 -3.234438683169173E-002
  0.000000000000000E+000  0.000000000000000E+000  0.000000000000000E+000
  0.000000000000000E+000  0.000000000000000E+000  0.000000000000000E+000
  0.000000000000000E+000  0.000000000000000E+000  0.000000000000000E+000
  0.000000000000000E+000  0.000000000000000E+000  0.000000000000000E+000
  0.000000000000000E+000  0.000000000000000E+000  0.000000000000000E+000
  0.000000000000000E+000  0.000000000000000E+000  0.000000000000000E+000
  0.000000000000000E+000  0.000000000000000E+000  0.000000000000000E+000
  0.000000000000000E+000  0.000000000000000E+000  0.000000000000000E+000
  0.000000000000000E+000  0.000000000000000E+000  0.000000000000000E+000
  0.000000000000000E+000  0.000000000000000E+000  0.000000000000000E+000
  0.000000000000000E+000  0.000000000000000E+000  0.000000000000000E+000
  0.000000000000000E+000  0.000000000000000E+000  0.000000000000000E+000
  0.000000000000000E+000  0.000000000000000E+000  0.000000000000000E+000
  0.000000000000000E+000  0.000000000000000E+000  0.000000000000000E+000
  0.000000000000000E+000  0.000000000000000E+000  0.000000000000000E+000
  0.000000000000000E+000  0.000000000000000E+000  0.000000000000000E+000
  0.000000000000000E+000  0.000000000000000E+000  0.000000000000000E+000
  0.000000000000000E+000  0.000000000000000E+000  0.000000000000000E+000
  0.000000000000000E+000  0.000000000000000E+000  0.000000000000000E+000
  0.000000000000000E+000  0.000000000000000E+000  0.000000000000000E+000
  0.000000000000000E+000  0.000000000000000E+000  0.000000000000000E+000
  0.000000000000000E+000  0.000000000000000E+000  0.000000000000000E+000
  0.000000000000000E+000  0.000000000000000E+000  0.000000000000000E+000
  0.000000000000000E+000  0.000000000000000E+000  0.000000000000000E+000
  0.000000000000000E+000  0.000000000000000E+000  0.000000000000000E+000
  0.000000000000000E+000  0.000000000000000E+000  0.000000000000000E+000
  0.000000000000000E+000  0.000000000000000E+000  0.000000000000000E+000
  0.000000000000000E+000  0.000000000000000E+000  0.000000000000000E+000
  0.000000000000000E+000  0.000000000000000E+000  0.000000000000000E+000
  0.000000000000000E+000  0.000000000000000E+000  0.000000000000000E+000
  0.000000000000000E+000  0.000000000000000E+000  0.000000000000000E+000
  0.000000000000000E+000  0.000000000000000E+000  0.000000000000000E+000
  0.000000000000000E+000  0.000000000000000E+000  0.000000000000000E+000
  0.000000000000000E+000  0.000000000000000E+000  0.000000000000000E+000
  0.000000000000000E+000  0.000000000000000E+000  0.000000000000000E+000
  0.000000000000000E+000  0.000000000000000E+000  0.000000000000000E+000
  0.000000000000000E+000  0.000000000000000E+000  0.000000000000000E+000
  0.000000000000000E+000  0.000000000000000E+000  0.000000000000000E+000
   130.903079814398        7766.38332700476       -3284.22122164439     
   566.024503167646        6032.70557100985       -4855.26857960008     
   2017.36834331017        2696.20639013879       -3698.94693222763     
   3647.52956006020        7785.96136315474       -4882.07047362475     
   5636.83679617802        10303.6496119271       -6564.63006688416     
   7464.37044819402        13938.2170423617       -8380.53987418796     
   9241.42880459111        15983.0868658782       -9510.92695974599     
   8358.26573763164        13444.0025818031       -8408.63504302059     
   6196.10128220091        10128.6584028859       -6628.58040400698     
   4935.78106862782        7075.77206321656       -4897.40854490150     
   1468.62780940743        3173.67041353424       -3745.92692584759     
   5009.24999498910        3523.34196621141       -4887.21319999339     
   6571.31889964970        3944.78981221321       -3268.85139853128     
  0.000000000000000E+000  0.000000000000000E+000  0.000000000000000E+000
  0.000000000000000E+000  0.000000000000000E+000  0.000000000000000E+000
  0.000000000000000E+000  0.000000000000000E+000  0.000000000000000E+000
  0.000000000000000E+000  0.000000000000000E+000  0.000000000000000E+000
   32.5816690511720        6262.54067173048       -2575.04863039621     
   430.858693318082        5634.95536059116       -4487.88566452769     
   2054.47588775235        2897.89216575556       -3658.66635857954     
   3501.33453501297        6801.53359582512       -4351.73096551450     
   5339.95478577262        10839.6326095514       -6414.50307203219     
   7469.48615378823        14292.6145222013       -8384.11109290049     
   9311.33846529650        16114.2416172436       -9438.55967382789     
   8661.36594547301        13625.3115733968       -8413.10229642898     
   6764.18938958298        10092.3283575070       -6459.68583141169     
   4136.39242597863        6435.04998965275       -4350.16859971410     
   1591.33753395220        3285.25125156806       -3690.63287893244     
   4718.00026765647        3204.49388233838       -4516.92320066171     
   5335.53263084544        3112.86977265992       -2564.35891467048     
  0.000000000000000E+000  0.000000000000000E+000  0.000000000000000E+000
  0.000000000000000E+000  0.000000000000000E+000  0.000000000000000E+000
  0.000000000000000E+000  0.000000000000000E+000  0.000000000000000E+000
  0.000000000000000E+000  0.000000000000000E+000  0.000000000000000E+000
   246.431057980775        3825.61496225737       -1663.87418238189     
   243.367658590434        4230.61691451581       -3399.66781222375     
   1904.61045412919        2510.45610433221       -3140.08738395136     
   3294.46121042252        5295.55322882062       -3544.83561937743     
   5346.16235914429        11253.5549444697       -6107.00954096015     
   8054.83504381570        16010.6556569594       -8604.28804515994     
   10132.7640102421        17553.5272890481       -9825.84022500496     
   9823.02887023802        14969.9799872938       -8624.13602123930     
   7037.20523057957        10223.9087701751       -6111.30263310365     
   2852.94000860960        5436.18215893606       -3498.76740317277     
   1289.70460122770        2934.14377620724       -3157.60222946699     
   3587.00704617293        2336.06226461433       -3425.35089253666     
   3142.93472155466        2089.74674163848       -1659.90115752251     
  0.000000000000000E+000  0.000000000000000E+000  0.000000000000000E+000
  0.000000000000000E+000  0.000000000000000E+000  0.000000000000000E+000
  0.000000000000000E+000  0.000000000000000E+000  0.000000000000000E+000
  0.000000000000000E+000  0.000000000000000E+000  0.000000000000000E+000
   324.983825534773        1538.60707912488       -867.467621855380     
   443.459783419885       -68.9547847327903       -1351.17976094288     
   1705.49389200869       -3838.86523336182       -452.410730163659     
   2728.90599518361       -675.058288883489       -873.195889053760     
   4642.12119003422        7881.89802600063       -4262.76948393436     
   7626.01709629741        15008.0688190169       -7994.90051531588     
   9600.60470891962        16665.8165282579       -9354.17681192714     
   9192.72062928111        14157.5915404801       -8036.66895851434     
   4432.03835045655        7908.36970747788       -4235.99335295832     
  -2098.84358656338        1922.16324995379       -799.018737244608     
  -4140.19149427714       -437.147984623536       -463.107515513341     
  -241.478150713898        354.361519250375       -1372.52651457394     
   1150.34899501141        1029.34804131190       -872.922577639021     
  0.000000000000000E+000  0.000000000000000E+000  0.000000000000000E+000
  0.000000000000000E+000  0.000000000000000E+000  0.000000000000000E+000
  0.000000000000000E+000  0.000000000000000E+000  0.000000000000000E+000
  0.000000000000000E+000  0.000000000000000E+000  0.000000000000000E+000
  -86.6264483756002        573.651829471324       -387.465837321425     
   501.423076309600       -3903.63236254705        185.243560514717     
   1570.86121017233       -8467.07077543728        1667.40110461802     
   2150.53291914017       -4092.75908353882        1052.96145200940     
   3019.71020232101        2117.12607139355       -1531.30189630824     
   3568.73250996861        5180.40428189750       -3258.42625868386     
   3394.35207006375        5919.31298673022       -3715.84952547801     
   2808.93589927970        5866.68351287243       -3380.38695602689     
   395.234196616250        3768.94270973272       -1578.58669734099     
  -4713.75410574849       -240.600090978627        1107.53376081637     
  -8143.87054396993       -2904.11697916404        1673.93438331203     
  -3606.89038693454       -1523.52187551377        168.977863861567     
   537.793883085287        202.193347953072       -396.990316370439     
  0.000000000000000E+000  0.000000000000000E+000  0.000000000000000E+000
  0.000000000000000E+000  0.000000000000000E+000  0.000000000000000E+000
  0.000000000000000E+000  0.000000000000000E+000  0.000000000000000E+000
  0.000000000000000E+000  0.000000000000000E+000  0.000000000000000E+000
  -357.297729171436        178.688452312964       -302.110448237394     
   445.853556501221       -4994.44838644268        688.178614673904     
   1298.54661982816       -6199.22167558175        1604.09502031787     
   2090.53002107383       -612.600911850139       -211.188230501469     
   2288.04069889822        143.642569992853       -712.584745330230     
   1966.75857837869        1372.52199680464       -1286.53005188455     
   1408.17402217000        2457.36061259058       -1669.19939281958     
   182.413346709080        2397.39674377081       -1289.89971286301     
  -1032.42093094798        2080.29328339324       -702.776104126258     
  -1669.68236910360        1457.20168379431       -147.722315314466     
  -6126.86168232792       -2043.68808977581        1643.29989853688     
  -4555.62506110578       -2135.82427089409        678.425894011682     
   342.599969950473       -225.112098822564       -312.829803834160     
  0.000000000000000E+000  0.000000000000000E+000  0.000000000000000E+000
  0.000000000000000E+000  0.000000000000000E+000  0.000000000000000E+000
  0.000000000000000E+000  0.000000000000000E+000  0.000000000000000E+000
  0.000000000000000E+000  0.000000000000000E+000  0.000000000000000E+000
  -100.619037207399        88.0911972148087       -299.016173502297     
   179.442988007333       -3587.00588212235        449.977174582846     
   1219.02175262634       -1162.12710700324       -68.8476840676003     
   2189.34938127022        1110.49998127276       -1409.06086592245     
   2382.67884897514        142.931145455816       -1002.20809851541     
   3557.03252056009        5899.07499079828       -5465.87693591660     
   5519.33437397100        9548.82774922203       -8831.56722621516     
   3246.23901567904        5928.88379856183       -5367.60534199305     
  -1204.31250306537        2044.68007977789       -876.913596703175     
  -196.455256778292        2436.72819797009       -1371.71018851285     
  -1717.97363605868        425.983803175565       -29.9297584844191     
  -3236.49430591644       -1672.30015060328        445.880657517851     
   140.871587481399       -50.9769744082281       -308.714993655851     
  0.000000000000000E+000  0.000000000000000E+000  0.000000000000000E+000
  0.000000000000000E+000  0.000000000000000E+000  0.000000000000000E+000
  0.000000000000000E+000  0.000000000000000E+000  0.000000000000000E+000
  0.000000000000000E+000  0.000000000000000E+000  0.000000000000000E+000
   55.8788837347380       -57.3852732062770       -203.908996769292     
   73.5491721358881       -1276.42057921271       -140.523164607567     
   1312.69002920207        907.728251832230       -1229.37891224340     
   2017.49726786980       -1162.93266445532        115.168300030410     
   2433.27030504811        945.452334503523       -1618.25645090637     
   4022.96490105707        7022.41553600635       -8039.05017544396     
   5652.60295192284        9774.64995462055       -11212.4796029596     
   4114.44699758760        7018.23618872043       -8115.03623436651     
  -390.576144220767        2570.31522544547       -1601.44874312487     
  -1956.06096680213        1208.36025429896        51.6657203664708     
   131.017187291668        1608.14918307593       -1247.87988836668     
  -1182.27597984434       -601.872903117450       -142.233532610421     
  -68.7449568121145        14.5946295223351       -215.856971718970     
  0.000000000000000E+000  0.000000000000000E+000  0.000000000000000E+000
  0.000000000000000E+000  0.000000000000000E+000  0.000000000000000E+000
  0.000000000000000E+000  0.000000000000000E+000  0.000000000000000E+000
  0.000000000000000E+000  0.000000000000000E+000  0.000000000000000E+000
   38.8603259288904       -101.449434569253        44.0038606108194     
   233.750842362413       -71.6679210862159       -561.012126672929     
   1022.99572360267        355.430594906237       -814.336645812837     
   1362.18912087695       -2841.26479276207        2319.18986036446     
   1723.05156578014        1809.66948412878       -2253.47165039835     
   2710.15378155615        4306.94344433039       -5951.17038930428     
   3431.89222717701        5904.61019793822       -7893.83024132857     
   2352.09985507123        4454.77341797156       -5914.35904165174     
   820.656895301549        2465.65181793383       -2401.39080847970     
  -2987.21181720818       -175.561897620307        2166.24037567910     
  -140.442888586011        1114.94787243316       -878.603671873761     
  -199.382070142281        156.908580664044       -567.481965065053     
  -103.266676247009       -19.6035515805570        38.6518962913207     
  0.000000000000000E+000  0.000000000000000E+000  0.000000000000000E+000
  0.000000000000000E+000  0.000000000000000E+000  0.000000000000000E+000
  0.000000000000000E+000  0.000000000000000E+000  0.000000000000000E+000
  0.000000000000000E+000  0.000000000000000E+000  0.000000000000000E+000
  -15.4215092842070       -117.421317370705       -41.5134378119117     
   312.437371283408       -50.4996140742510       -322.256622514112     
   512.069885642699       -302.451623298217       -83.7257144800883     
   621.197909903879       -1101.20180033186        1030.76869076998     
   1369.82125541086        1024.78830836244       -1553.24818282418     
   1519.39017758682        1727.45315369649       -2064.75251353335     
   2064.09808952061        3541.22168827362       -5241.24425111820     
   657.180841531024        2083.97309369527       -1857.91048217984     
   227.395193793216        1703.51577374842       -1575.73500752490     
  -1206.93893232705        18.1743598782979        976.635067158419     
  -493.423708925215        317.175602817853       -110.996045951906     
  -204.292756138426        246.874442760534       -322.975104942100     
  -96.3664678012197       -75.7942194874199       -51.5416914645249     
  0.000000000000000E+000  0.000000000000000E+000  0.000000000000000E+000
  0.000000000000000E+000  0.000000000000000E+000  0.000000000000000E+000
  0.000000000000000E+000  0.000000000000000E+000  0.000000000000000E+000
  0.000000000000000E+000  0.000000000000000E+000  0.000000000000000E+000
  0.000000000000000E+000  0.000000000000000E+000  0.000000000000000E+000
  0.000000000000000E+000  0.000000000000000E+000  0.000000000000000E+000
  0.000000000000000E+000  0.000000000000000E+000  0.000000000000000E+000
  0.000000000000000E+000  0.000000000000000E+000  0.000000000000000E+000
  0.000000000000000E+000  0.000000000000000E+000  0.000000000000000E+000
  0.000000000000000E+000  0.000000000000000E+000  0.000000000000000E+000
  0.000000000000000E+000  0.000000000000000E+000  0.000000000000000E+000
  0.000000000000000E+000  0.000000000000000E+000  0.000000000000000E+000
  0.000000000000000E+000  0.000000000000000E+000  0.000000000000000E+000
  0.000000000000000E+000  0.000000000000000E+000  0.000000000000000E+000
  0.000000000000000E+000  0.000000000000000E+000  0.000000000000000E+000
  0.000000000000000E+000  0.000000000000000E+000  0.000000000000000E+000
  0.000000000000000E+000  0.000000000000000E+000  0.000000000000000E+000
  0.000000000000000E+000  0.000000000000000E+000  0.000000000000000E+000
  0.000000000000000E+000  0.000000000000000E+000  0.000000000000000E+000
  0.000000000000000E+000  0.000000000000000E+000  0.000000000000000E+000
  0.000000000000000E+000  0.000000000000000E+000  0.000000000000000E+000
  0.000000000000000E+000  0.000000000000000E+000  0.000000000000000E+000
  0.000000000000000E+000  0.000000000000000E+000  0.000000000000000E+000
  0.000000000000000E+000  0.000000000000000E+000  0.000000000000000E+000
  0.000000000000000E+000  0.000000000000000E+000  0.000000000000000E+000
  0.000000000000000E+000  0.000000000000000E+000  0.000000000000000E+000
  0.000000000000000E+000  0.000000000000000E+000  0.000000000000000E+000
  0.000000000000000E+000  0.000000000000000E+000  0.000000000000000E+000
  0.000000000000000E+000  0.000000000000000E+000  0.000000000000000E+000
  0.000000000000000E+000  0.000000000000000E+000  0.000000000000000E+000
  0.000000000000000E+000  0.000000000000000E+000  0.000000000000000E+000
  0.000000000000000E+000  0.000000000000000E+000  0.000000000000000E+000
  0.000000000000000E+000  0.000000000000000E+000  0.000000000000000E+000
  0.000000000000000E+000  0.000000000000000E+000  0.000000000000000E+000
  0.000000000000000E+000  0.000000000000000E+000  0.000000000000000E+000
  0.000000000000000E+000  0.000000000000000E+000  0.000000000000000E+000
