          80  8.000000000000007E-003  8.000000000000007E-003
  0.000000000000000E+000  0.000000000000000E+000  0.000000000000000E+000
  0.000000000000000E+000  0.000000000000000E+000  0.000000000000000E+000
  2.301921673139294E-002  3.045358804387409E-002 -4.787844262758500E-002
  2.038051529705938E-002  2.320643392112557E-002 -6.355308776705404E-002
  2.179110847913020E-002  1.872845814431765E-002 -8.847979198417913E-002
  1.999941522995197E-002  2.209724013372082E-002 -9.900987592295531E-002
  1.989112852701350E-002  2.509949799723394E-002 -0.108491085417337     
  2.272318673304617E-002  4.673365633478045E-002 -0.114108921223001     
  3.127730176677693E-002  5.421356203045319E-002 -0.119114640633298     
  2.906283609189181E-002  4.304373324036871E-002 -0.114107585919038     
  1.174325512454534E-002  2.977367649485467E-002 -0.108498274975454     
  9.074206196516837E-003  2.835866066363465E-002 -9.901871356954774E-002
  5.257449496811217E-003  2.821874374514168E-002 -8.850068341205672E-002
  9.849000870784538E-003  2.924593281959977E-002 -6.355571867515734E-002
  1.487193066321343E-002  3.520085804888001E-002 -4.787367654451546E-002
  0.000000000000000E+000  0.000000000000000E+000  0.000000000000000E+000
  0.000000000000000E+000  0.000000000000000E+000  0.000000000000000E+000
  0.000000000000000E+000  0.000000000000000E+000  0.000000000000000E+000
  0.000000000000000E+000  0.000000000000000E+000  0.000000000000000E+000
  1.873432642247366E-002  2.760349635052983E-002 -4.207214072155743E-002
  1.747657973419302E-002  2.981303106145621E-002 -6.393031289708410E-002
  1.731490736668242E-002  2.582967500756077E-002 -8.526372943906778E-002
  1.735858945129824E-002  2.722743048423083E-002 -9.921699501406502E-002
  1.778321884769427E-002  2.953327601874440E-002 -0.107212537381911     
  2.156703466168972E-002  4.659093550665491E-002 -0.113912407257195     
  2.882774250413554E-002  4.997132047135534E-002 -0.118015382196933     
  2.952100623761597E-002  4.197339828087501E-002 -0.113913871236775     
  1.663397574109550E-002  3.016868675988502E-002 -0.107219278307851     
  1.484472807795122E-002  2.863741345362682E-002 -9.922501094682634E-002
  1.364604275511841E-002  2.789838756914376E-002 -8.527889558461092E-002
  1.703851226967254E-002  3.003191466749276E-002 -6.392521317348987E-002
  1.454229827699539E-002  3.006117931841855E-002 -4.206157289344020E-002
  0.000000000000000E+000  0.000000000000000E+000  0.000000000000000E+000
  0.000000000000000E+000  0.000000000000000E+000  0.000000000000000E+000
  0.000000000000000E+000  0.000000000000000E+000  0.000000000000000E+000
  0.000000000000000E+000  0.000000000000000E+000  0.000000000000000E+000
  1.262484493198245E-002  2.144991077299849E-002 -3.279875585324774E-002
  1.156982362671117E-002  4.315596953731591E-002 -6.195678130356470E-002
  1.051786145649398E-002  3.994319512567924E-002 -8.180922704107665E-002
  1.208967965934359E-002  3.581127908143127E-002 -9.686486487847178E-002
  1.376924348939908E-002  3.609589803994447E-002 -0.105398246617351     
  1.901600951996485E-002  4.759859868261427E-002 -0.112241318861317     
  2.515310425175381E-002  4.360021677456722E-002 -0.116123514352937     
  3.166172612834796E-002  4.027051839604916E-002 -0.112247662774097     
  2.432312222912493E-002  2.997282188619064E-002 -0.105407947563376     
  2.492801997539478E-002  2.838296690155375E-002 -9.686811051137181E-002
  2.927795639398510E-002  2.906114960516968E-002 -8.181203334770240E-002
  3.155686423634124E-002  3.160163477536825E-002 -6.193875307607604E-002
  1.227028290235534E-002  2.166976471148588E-002 -3.277214272905009E-002
  0.000000000000000E+000  0.000000000000000E+000  0.000000000000000E+000
  0.000000000000000E+000  0.000000000000000E+000  0.000000000000000E+000
  0.000000000000000E+000  0.000000000000000E+000  0.000000000000000E+000
  0.000000000000000E+000  0.000000000000000E+000  0.000000000000000E+000
  1.406039770586397E-002  9.985896438133581E-003 -2.465989013943129E-002
  4.164515505334299E-004  5.742500996156846E-002 -5.656404563576062E-002
  4.437202156843248E-003  6.680430269936137E-002 -7.868228979464664E-002
  3.753955682493149E-003  6.159564159673288E-002 -9.478880390709973E-002
  9.360766671791041E-003  5.765825857418832E-002 -0.103754534124430     
  1.461726239708620E-002  4.272908435246344E-002 -0.109049839205853     
  1.895384160734640E-002  3.285024412902338E-002 -0.109726434771947     
  2.964131735173816E-002  3.403189353701272E-002 -0.109069615482639     
  4.518392171112470E-002  3.693952367664700E-002 -0.103765242765806     
  5.144275205555202E-002  3.405545013105105E-002 -9.478812742133824E-002
  5.559119465881546E-002  3.725729219289133E-002 -7.866615156211637E-002
  4.949595148314148E-002  2.903596806391296E-002 -5.651650924198749E-002
  1.600501328729316E-003  1.720548876041852E-002 -2.463027213816151E-002
  0.000000000000000E+000  0.000000000000000E+000  0.000000000000000E+000
  0.000000000000000E+000  0.000000000000000E+000  0.000000000000000E+000
  0.000000000000000E+000  0.000000000000000E+000  0.000000000000000E+000
  0.000000000000000E+000  0.000000000000000E+000  0.000000000000000E+000
  8.615312786140776E-003 -5.789459301678297E-003 -1.530821321236057E-002
 -2.192435391439552E-004  7.139220452729594E-002 -5.321070916576476E-002
 -4.986997003091895E-003  7.891921729146673E-002 -7.681790312911535E-002
 -2.633347921861682E-003  7.897028921637260E-002 -9.464089123570607E-002
  3.738977784708474E-003  5.898419312014944E-002 -0.102192611397607     
  9.212900684748351E-003  3.426425329249446E-002 -0.102048310174042     
  1.234741441285379E-002  2.139689377098059E-002 -0.100958466503546     
  2.505623645142124E-002  2.515868090039163E-002 -0.102101587575810     
  4.915744330502735E-002  3.273561645361203E-002 -0.102213114493289     
  6.964828384765126E-002  3.722289272345491E-002 -9.463770986641407E-002
  7.076178562620565E-002  3.510994332131529E-002 -7.677155737402420E-002
  6.191481691989108E-002  3.552521334936937E-002 -5.317146655199103E-002
 -9.328668865703436E-003  4.535894579589473E-003 -1.523653515154039E-002
  0.000000000000000E+000  0.000000000000000E+000  0.000000000000000E+000
  0.000000000000000E+000  0.000000000000000E+000  0.000000000000000E+000
  0.000000000000000E+000  0.000000000000000E+000  0.000000000000000E+000
  0.000000000000000E+000  0.000000000000000E+000  0.000000000000000E+000
  1.367014365288901E-002 -5.201764953155633E-003 -1.388667932539782E-002
 -3.799939392999317E-003  6.959397356471753E-002 -4.722572510448759E-002
 -8.925079238136209E-003  7.918978952524694E-002 -7.383699792257496E-002
 -8.061369461258303E-003  7.516591786981529E-002 -9.036530628986841E-002
 -2.107406070740975E-003  5.061035244208290E-002 -9.497641790479668E-002
  3.775101597784608E-003  2.463491415802559E-002 -9.173856988502935E-002
  6.711475782165200E-003  1.163082919190458E-002 -8.892337208484324E-002
  1.951048306232447E-002  1.567028546111949E-002 -9.185869807838365E-002
  4.486473393903832E-002  2.351412676577105E-002 -9.502692583779869E-002
  6.902090356242450E-002  3.060094661231659E-002 -9.034807463628289E-002
  7.295468655304241E-002  3.187526782845215E-002 -7.377129702178847E-002
  6.210863785306102E-002  3.143946595421923E-002 -4.717444576992763E-002
 -1.128896066317700E-002  9.320806696720961E-003 -1.381616451545600E-002
  0.000000000000000E+000  0.000000000000000E+000  0.000000000000000E+000
  0.000000000000000E+000  0.000000000000000E+000  0.000000000000000E+000
  0.000000000000000E+000  0.000000000000000E+000  0.000000000000000E+000
  0.000000000000000E+000  0.000000000000000E+000  0.000000000000000E+000
  1.065931155361859E-002 -2.522113148294724E-003 -8.994280577117335E-003
 -9.586667280978844E-004  5.736294311001237E-002 -4.106437942015153E-002
 -1.085976654732225E-002  6.870490490874684E-002 -6.542592672170362E-002
 -1.096836927134677E-002  6.090531545453119E-002 -7.968860508342036E-002
 -6.286446604405917E-003  3.878967866996693E-002 -8.280763938563009E-002
 -9.903771953491255E-004  1.604208972034754E-002 -7.877097200907433E-002
  2.898288981667276E-003  5.023844087517913E-003 -7.575343490564870E-002
  1.453750330835709E-002  7.274683849150131E-003 -7.899028391479802E-002
  3.674404897140366E-002  1.398879918262368E-002 -8.289123036405713E-002
  5.809322467959623E-002  2.096956900511205E-002 -7.965582952931671E-002
  6.483871391898602E-002  2.495030648608912E-002 -6.535749093127093E-002
  5.009208684171133E-002  2.780346918525469E-002 -4.100018150449379E-002
 -7.462696951954578E-003  8.010015158735345E-003 -8.936976078037442E-003
  0.000000000000000E+000  0.000000000000000E+000  0.000000000000000E+000
  0.000000000000000E+000  0.000000000000000E+000  0.000000000000000E+000
  0.000000000000000E+000  0.000000000000000E+000  0.000000000000000E+000
  0.000000000000000E+000  0.000000000000000E+000  0.000000000000000E+000
  1.016482144340085E-002 -3.747732349837585E-003 -7.134626691127246E-003
  1.555462332142553E-003  4.178868347884517E-002 -3.116954898349446E-002
 -9.355286282501384E-003  4.840987423456505E-002 -5.077599107244620E-002
 -1.067687143380095E-002  4.371816722950906E-002 -6.295300339972799E-002
 -8.810756934944534E-003  2.656044147173959E-002 -6.628825127636045E-002
 -4.099693453511179E-003  1.066742136619714E-002 -6.461845843902757E-002
  8.114413604478610E-004  1.390415567847535E-003 -6.290147123692741E-002
  1.150319564972890E-002  1.895536337727858E-003 -6.496816948994505E-002
  2.742316988149041E-002  5.693589213854448E-003 -6.638633077451109E-002
  4.306493310442531E-002  1.262685297657223E-002 -6.292791523030733E-002
  4.651962924973059E-002  1.613603477953482E-002 -5.068893343156128E-002
  3.536715168241952E-002  2.214624337700248E-002 -3.114474739253529E-002
 -8.288873764772445E-003  7.018871497590690E-003 -7.033819037663092E-003
  0.000000000000000E+000  0.000000000000000E+000  0.000000000000000E+000
  0.000000000000000E+000  0.000000000000000E+000  0.000000000000000E+000
  0.000000000000000E+000  0.000000000000000E+000  0.000000000000000E+000
  0.000000000000000E+000  0.000000000000000E+000  0.000000000000000E+000
  6.880552959591380E-003 -3.384926915873439E-003 -5.158717596663231E-003
  2.802908133729183E-003  2.153655447698298E-002 -1.706421014993069E-002
 -4.336174715856349E-003  2.675269586022073E-002 -3.078737653872398E-002
 -7.764316457963523E-003  2.491703882561802E-002 -3.954327240305956E-002
 -8.339554999549569E-003  1.603782005988193E-002 -4.467728025008141E-002
 -5.717483591360339E-003  6.522241653132452E-003 -4.703686316441577E-002
 -2.096601758355156E-004 -4.146685233864170E-004 -4.799189137733722E-002
  8.704745176626286E-003 -1.633849962513695E-003 -4.742936997146667E-002
  1.806098682269820E-002  8.291632445678956E-004 -4.476709283268877E-002
  2.534683043659849E-002  5.743547794425097E-003 -3.949742887089545E-002
  2.531039131449794E-002  9.656087653264320E-003 -3.077383354602769E-002
  1.721046382559906E-002  1.312156492978293E-002 -1.699467472902920E-002
 -6.360674339794741E-003  4.303548831173845E-003 -5.140794145402893E-003
  0.000000000000000E+000  0.000000000000000E+000  0.000000000000000E+000
  0.000000000000000E+000  0.000000000000000E+000  0.000000000000000E+000
  0.000000000000000E+000  0.000000000000000E+000  0.000000000000000E+000
  0.000000000000000E+000  0.000000000000000E+000  0.000000000000000E+000
  2.041497634657818E-003 -3.041840865902032E-003 -1.837584858182844E-003
  3.383621070572535E-003  4.974172447313074E-003 -5.288354900899557E-003
  1.294092705261238E-003  5.993731226038987E-003 -8.530845929024256E-003
 -8.011735120774198E-004  8.027679973761463E-003 -1.320695307031157E-002
 -2.981132224777935E-003  5.727094693284649E-003 -1.635623824055680E-002
 -3.120102737354881E-003  2.806394473402743E-003 -2.063282721135209E-002
 -4.562355902543863E-004 -9.081549938579820E-004 -2.276377559720533E-002
  4.088587765955116E-003 -1.259231004312522E-003 -2.089158196023272E-002
  6.419984628187120E-003  3.149724040727575E-004 -1.638595834725864E-002
  7.318622244955592E-003  3.305988379502474E-003 -1.318133923405963E-002
  4.540396826845385E-003  4.119354108005472E-003 -8.520815820985050E-003
  2.631362871882827E-003  5.390843074077975E-003 -5.286195890445546E-003
 -3.663905631036967E-003  2.560507126401939E-004 -1.805657251044200E-003
  0.000000000000000E+000  0.000000000000000E+000  0.000000000000000E+000
  0.000000000000000E+000  0.000000000000000E+000  0.000000000000000E+000
  0.000000000000000E+000  0.000000000000000E+000  0.000000000000000E+000
  0.000000000000000E+000  0.000000000000000E+000  0.000000000000000E+000
  0.000000000000000E+000  0.000000000000000E+000  0.000000000000000E+000
  0.000000000000000E+000  0.000000000000000E+000  0.000000000000000E+000
  0.000000000000000E+000  0.000000000000000E+000  0.000000000000000E+000
  0.000000000000000E+000  0.000000000000000E+000  0.000000000000000E+000
  0.000000000000000E+000  0.000000000000000E+000  0.000000000000000E+000
  0.000000000000000E+000  0.000000000000000E+000  0.000000000000000E+000
  0.000000000000000E+000  0.000000000000000E+000  0.000000000000000E+000
  0.000000000000000E+000  0.000000000000000E+000  0.000000000000000E+000
  0.000000000000000E+000  0.000000000000000E+000  0.000000000000000E+000
  0.000000000000000E+000  0.000000000000000E+000  0.000000000000000E+000
  0.000000000000000E+000  0.000000000000000E+000  0.000000000000000E+000
  0.000000000000000E+000  0.000000000000000E+000  0.000000000000000E+000
  0.000000000000000E+000  0.000000000000000E+000  0.000000000000000E+000
  0.000000000000000E+000  0.000000000000000E+000  0.000000000000000E+000
  0.000000000000000E+000  0.000000000000000E+000  0.000000000000000E+000
  0.000000000000000E+000  0.000000000000000E+000  0.000000000000000E+000
  0.000000000000000E+000  0.000000000000000E+000  0.000000000000000E+000
  0.000000000000000E+000  0.000000000000000E+000  0.000000000000000E+000
  0.000000000000000E+000  0.000000000000000E+000  0.000000000000000E+000
  0.000000000000000E+000  0.000000000000000E+000  0.000000000000000E+000
  0.000000000000000E+000  0.000000000000000E+000  0.000000000000000E+000
  0.000000000000000E+000  0.000000000000000E+000  0.000000000000000E+000
  0.000000000000000E+000  0.000000000000000E+000  0.000000000000000E+000
  0.000000000000000E+000  0.000000000000000E+000  0.000000000000000E+000
  0.000000000000000E+000  0.000000000000000E+000  0.000000000000000E+000
  0.000000000000000E+000  0.000000000000000E+000  0.000000000000000E+000
  0.000000000000000E+000  0.000000000000000E+000  0.000000000000000E+000
  0.000000000000000E+000  0.000000000000000E+000  0.000000000000000E+000
  0.000000000000000E+000  0.000000000000000E+000  0.000000000000000E+000
  0.000000000000000E+000  0.000000000000000E+000  0.000000000000000E+000
  0.000000000000000E+000  0.000000000000000E+000  0.000000000000000E+000
  0.000000000000000E+000  0.000000000000000E+000  0.000000000000000E+000
  0.000000000000000E+000  0.000000000000000E+000  0.000000000000000E+000
  0.000000000000000E+000  0.000000000000000E+000  0.000000000000000E+000
 -0.682180364652888      -0.253412901208470        1.33201689627551     
  -1.02128098751368      -2.032294582263320E-002   1.90933349980978     
  -1.34832419343472       9.491487805700946E-002   3.11113303512896     
  -1.29695678873628      -8.025529319943011E-003   3.84407671322943     
  -1.36165107585712       0.628243691261326        4.38647701499226     
  -1.38006667292545       -2.62461585350433        5.05663181568759     
  -2.77284350263737       -4.80165736229941        5.78751065880164     
  -1.57350264100418       -2.49103298707477        5.04368969535857     
   1.26174302747701      -0.830844614023820        4.37665185918821     
  0.684691046891389       -1.09105742187025        3.83922393240940     
  0.775166345548409       -1.09987015065701        3.10964783931648     
  0.499671445941254      -0.886987502332276        1.91088283983810     
  0.138761736908844      -0.710294243755960        1.32578823331308     
  0.000000000000000E+000  0.000000000000000E+000  0.000000000000000E+000
  0.000000000000000E+000  0.000000000000000E+000  0.000000000000000E+000
  0.000000000000000E+000  0.000000000000000E+000  0.000000000000000E+000
  0.000000000000000E+000  0.000000000000000E+000  0.000000000000000E+000
 -0.566127985460731      -0.216655969057557        1.15378344910098     
 -0.944186576577115      -3.453848659604653E-002   1.83362822684041     
  -1.11040696100581       5.662452118001905E-002   2.91916584346142     
  -1.15651775437095      -2.216083888690333E-002   3.80767313513512     
  -1.17539271670953       0.353446754348768        4.30830287279772     
  -1.16504025194150       -2.05638806270028        5.00662860709996     
  -2.03287645306376       -3.51534614625656        5.68283575769472     
  -1.19270643403863       -2.02202776366656        4.99395819890372     
  0.922304160679799      -0.813666374061687        4.29840028944471     
  0.589395229179349      -0.984718187032523        3.80285182021227     
  0.616779283795101      -0.918129426784519        2.91838876032037     
  0.442980559257120      -0.828928040376320        1.83494913196011     
  0.109625552625895      -0.592661881960486        1.14844244616767     
  0.000000000000000E+000  0.000000000000000E+000  0.000000000000000E+000
  0.000000000000000E+000  0.000000000000000E+000  0.000000000000000E+000
  0.000000000000000E+000  0.000000000000000E+000  0.000000000000000E+000
  0.000000000000000E+000  0.000000000000000E+000  0.000000000000000E+000
 -0.420782005779597      -0.149695125850958       0.883455166366367     
 -0.731450305136131      -5.030823128334189E-002   1.61563583496079     
 -0.811722420380253      -3.893804047297201E-002   2.64481283767383     
 -0.835024230934997      -0.204251752917113        3.60136313449170     
 -0.766167465740309       0.291576137375682        4.22653824548611     
 -0.598299705672635      -0.855034925654437        4.85915595452015     
 -0.897636344401938       -1.54394345720009        5.49802653624410     
 -0.443279791608466      -0.935007001720935        4.84940852454042     
  0.650933590492902      -0.499830927330403        4.21712972617525     
  0.250479113408085      -0.811917013741412        3.59811652747605     
  0.369683070235360      -0.716471960509453        2.64388574379489     
  0.312217416800871      -0.658160049319439        1.61745207004442     
  8.960268832949211E-002 -0.434271877541428       0.879226739461383     
  0.000000000000000E+000  0.000000000000000E+000  0.000000000000000E+000
  0.000000000000000E+000  0.000000000000000E+000  0.000000000000000E+000
  0.000000000000000E+000  0.000000000000000E+000  0.000000000000000E+000
  0.000000000000000E+000  0.000000000000000E+000  0.000000000000000E+000
 -0.348990417815354      -6.456911971029632E-002  0.628548005175934     
 -0.455140603808101       0.207895713929742        1.24907804835275     
 -0.492356019794318       0.148667357101968        2.28869178437186     
 -0.380700147687691       0.292309043392958        3.29744799650887     
 -0.228243861490692      -0.226416304861829        4.05913825100091     
 -0.211552114659121      -0.660230533173085        4.72660160039685     
 -0.111106202974515      -0.180889542792036        4.99159099322343     
 -0.463976779161141      -0.501701634307490        4.72160462496065     
 -9.212427922177217E-002 -0.312531814169279        4.05609025882770     
  0.431011519544732      -0.185758913947565        3.29540099493859     
  0.356984627518002      -0.357608801780743        2.28843485792676     
  0.388003697629893      -0.291351748282076        1.25096183030354     
  0.123226661196260      -0.333553286499206       0.626371669270559     
  0.000000000000000E+000  0.000000000000000E+000  0.000000000000000E+000
  0.000000000000000E+000  0.000000000000000E+000  0.000000000000000E+000
  0.000000000000000E+000  0.000000000000000E+000  0.000000000000000E+000
  0.000000000000000E+000  0.000000000000000E+000  0.000000000000000E+000
 -0.151634677338905       0.106156165423207       0.382610148960824     
 -0.432137511342685       0.499220422641168       0.948979061909782     
 -0.242220335916972       0.750752657609758        1.85147594460562     
  1.385134046406476E-002  0.395833747182697        2.87400668903545     
  0.186311571420728      -0.409015308471684        3.88804564962657     
  0.103878242106973      -0.435400609842102        4.55387779909762     
  0.131001521753709       0.238068202135302        4.42982266673222     
 -0.420962137726304      -0.110420127048812        4.54745065484885     
 -0.452099115546734      -4.134093875562826E-002   3.89008720964601     
  0.317083920329609       0.202381883437531        2.87573501906807     
  0.755184920956229       0.162208241850089        1.85056114821268     
  0.632622918984814      -0.126766289403739       0.951765758811968     
  0.167846923023073      -7.638268010140202E-002  0.378747666192602     
  0.000000000000000E+000  0.000000000000000E+000  0.000000000000000E+000
  0.000000000000000E+000  0.000000000000000E+000  0.000000000000000E+000
  0.000000000000000E+000  0.000000000000000E+000  0.000000000000000E+000
  0.000000000000000E+000  0.000000000000000E+000  0.000000000000000E+000
 -0.147622152708151       4.275778579286370E-002  0.305691107585291     
 -0.350324768611512       0.799536569518498       0.652140841716177     
 -2.812453147787369E-002  0.543846778508555        1.47677110248670     
  0.353679026001455      -0.103693814107967        2.68378846321253     
  0.410091488457375       0.307748678392270        3.24403532960917     
  0.495229459677816       0.634467876078078        3.59792956402342     
  0.237852221249793       0.420255402034903        3.92295074842838     
  0.300010398308395       0.756341257830211        3.59982735541405     
  6.562165551865483E-002  0.518608133474612        3.24292588543128     
 -0.260097577733086       0.257508423022492        2.67778247706008     
  0.489003222404530       0.248280648096203        1.46920938682842     
  0.865555463703660       0.100991180431911       0.652780052762463     
  0.106347726938911      -0.110200248334455       0.301224281750780     
  0.000000000000000E+000  0.000000000000000E+000  0.000000000000000E+000
  0.000000000000000E+000  0.000000000000000E+000  0.000000000000000E+000
  0.000000000000000E+000  0.000000000000000E+000  0.000000000000000E+000
  0.000000000000000E+000  0.000000000000000E+000  0.000000000000000E+000
 -8.290339752057020E-002 -1.309908831393683E-002  0.228178572823401     
 -0.242568887276215       0.721556826866468       0.442421420504038     
  0.269899532933892      -0.288540429919412        1.50669824026988     
  0.511937326370930      -0.135737588420338        2.38247227170011     
  0.503567904127489       0.722930074422305        2.47157062413724     
  0.586943574438540       0.868999839977752        2.77032760145777     
  0.219781301818757       0.384140128810533        3.76138997908508     
  0.454889377478980       0.944547686574247        2.78523512903149     
  0.372987346921548       0.803206492792907        2.47974068418730     
 -0.344538072495319       0.383856954866739        2.36110906108039     
 -0.351064601196260       9.566319511298178E-002   1.48623750105175     
  0.752904481414394       0.156101925091118       0.438504058068152     
  2.741977675719650E-002 -7.865290378602749E-002  0.225514459796709     
  0.000000000000000E+000  0.000000000000000E+000  0.000000000000000E+000
  0.000000000000000E+000  0.000000000000000E+000  0.000000000000000E+000
  0.000000000000000E+000  0.000000000000000E+000  0.000000000000000E+000
  0.000000000000000E+000  0.000000000000000E+000  0.000000000000000E+000
 -8.427244999700780E-002  4.874204043516607E-002  0.144489873323575     
 -9.401752853130989E-002  0.316880098946814       0.368044992994229     
  0.522834793185335      -0.901348907616632        1.64124369911753     
  0.528922428691883      -8.242942716277368E-002   1.93075282685651     
  0.556475018522068       0.473289328095554        2.16462277542650     
  0.496371183060563       0.514583440132185        2.66511244696069     
  0.322563386254127       0.551997100767068        3.15820698104667     
  0.203667864302853       0.685635283807922        2.68115808144293     
  0.135099824900659       0.720568564999421        2.17516870436280     
 -0.311535635997245       0.419938660987463        1.91289258167939     
 -0.997333208243220       6.916086627922376E-003   1.61087089513010     
  0.332917630758396       8.454256159246759E-002  0.364390994262476     
  8.046609871746253E-002 -4.979050942164161E-002  0.139557533996653     
  0.000000000000000E+000  0.000000000000000E+000  0.000000000000000E+000
  0.000000000000000E+000  0.000000000000000E+000  0.000000000000000E+000
  0.000000000000000E+000  0.000000000000000E+000  0.000000000000000E+000
  0.000000000000000E+000  0.000000000000000E+000  0.000000000000000E+000
 -5.456799067772727E-002  9.529140120757497E-002  0.119904031123221     
 -4.443596721326522E-002  3.154472816084164E-003  0.261488321213861     
  0.444564205911309      -0.788211289020295        1.33136123869039     
  0.433180188923962      -6.152690582964249E-002   1.31441364687441     
  0.433611935636063       0.329993823745693        1.55640853160452     
  0.459205747718634       0.356164707026807        2.25511056476669     
  0.277119118615168       0.469768612876854        2.52296379620418     
  9.182833450514141E-002  0.573978892094827        2.25674889103712     
  8.001398461976353E-002  0.540177762073651        1.55973575072398     
 -0.265512664316285       0.344085499687429        1.31577421848530     
 -0.877719042666007      -7.414982343100042E-003   1.31190098598229     
  3.370783753496706E-002 -2.961520737098189E-002  0.254997230977141     
  0.107108600679601      -3.751998859648828E-004  0.120468177459089     
  0.000000000000000E+000  0.000000000000000E+000  0.000000000000000E+000
  0.000000000000000E+000  0.000000000000000E+000  0.000000000000000E+000
  0.000000000000000E+000  0.000000000000000E+000  0.000000000000000E+000
  0.000000000000000E+000  0.000000000000000E+000  0.000000000000000E+000
 -1.261284871987986E-002  5.012981227103232E-002  3.965355018856404E-002
 -4.058162198705327E-002  1.868980658943924E-003  0.129078838441984     
  5.119345982676286E-002 -0.177383682718022       0.436932990817557     
  0.119469791060870       8.949724814127294E-002  0.361991030635279     
  9.456804615204971E-002  0.248289899408450       0.516626658243397     
  0.159505335767792       0.329897456428102       0.976937324419313     
  0.204458647023822       0.347701994552322        1.15823918535051     
  0.218018093264705       0.296427607487570       0.969451330321042     
  0.175681406852560       0.204836485380397       0.513226115547825     
  1.534403386167665E-002  0.149223805345516       0.370810998356485     
 -0.174091257207851      -4.286229532335895E-002  0.433565079834420     
  2.293148803841594E-002 -3.083587867141156E-002  0.128418631247826     
  4.922046597659965E-002  1.358065643748899E-002  3.886127181695864E-002
  0.000000000000000E+000  0.000000000000000E+000  0.000000000000000E+000
  0.000000000000000E+000  0.000000000000000E+000  0.000000000000000E+000
  0.000000000000000E+000  0.000000000000000E+000  0.000000000000000E+000
  0.000000000000000E+000  0.000000000000000E+000  0.000000000000000E+000
  0.000000000000000E+000  0.000000000000000E+000  0.000000000000000E+000
  0.000000000000000E+000  0.000000000000000E+000  0.000000000000000E+000
  0.000000000000000E+000  0.000000000000000E+000  0.000000000000000E+000
  0.000000000000000E+000  0.000000000000000E+000  0.000000000000000E+000
  0.000000000000000E+000  0.000000000000000E+000  0.000000000000000E+000
  0.000000000000000E+000  0.000000000000000E+000  0.000000000000000E+000
  0.000000000000000E+000  0.000000000000000E+000  0.000000000000000E+000
  0.000000000000000E+000  0.000000000000000E+000  0.000000000000000E+000
  0.000000000000000E+000  0.000000000000000E+000  0.000000000000000E+000
  0.000000000000000E+000  0.000000000000000E+000  0.000000000000000E+000
  0.000000000000000E+000  0.000000000000000E+000  0.000000000000000E+000
  0.000000000000000E+000  0.000000000000000E+000  0.000000000000000E+000
  0.000000000000000E+000  0.000000000000000E+000  0.000000000000000E+000
  0.000000000000000E+000  0.000000000000000E+000  0.000000000000000E+000
  0.000000000000000E+000  0.000000000000000E+000  0.000000000000000E+000
  0.000000000000000E+000  0.000000000000000E+000  0.000000000000000E+000
  0.000000000000000E+000  0.000000000000000E+000  0.000000000000000E+000
  0.000000000000000E+000  0.000000000000000E+000  0.000000000000000E+000
  0.000000000000000E+000  0.000000000000000E+000  0.000000000000000E+000
  0.000000000000000E+000  0.000000000000000E+000  0.000000000000000E+000
  0.000000000000000E+000  0.000000000000000E+000  0.000000000000000E+000
  0.000000000000000E+000  0.000000000000000E+000  0.000000000000000E+000
  0.000000000000000E+000  0.000000000000000E+000  0.000000000000000E+000
  0.000000000000000E+000  0.000000000000000E+000  0.000000000000000E+000
  0.000000000000000E+000  0.000000000000000E+000  0.000000000000000E+000
  0.000000000000000E+000  0.000000000000000E+000  0.000000000000000E+000
  0.000000000000000E+000  0.000000000000000E+000  0.000000000000000E+000
  0.000000000000000E+000  0.000000000000000E+000  0.000000000000000E+000
  0.000000000000000E+000  0.000000000000000E+000  0.000000000000000E+000
  0.000000000000000E+000  0.000000000000000E+000  0.000000000000000E+000
  0.000000000000000E+000  0.000000000000000E+000  0.000000000000000E+000
  0.000000000000000E+000  0.000000000000000E+000  0.000000000000000E+000
  0.000000000000000E+000  0.000000000000000E+000  0.000000000000000E+000
  0.000000000000000E+000  0.000000000000000E+000  0.000000000000000E+000
   199.519200876186       -7830.28081133100        2008.54549312102     
  -1573.34185459566        1859.75397849495       -1534.76596564091     
  -2398.73071769075       -1310.45652392034       -3109.60711941359     
  -3293.11888382671       -1095.33296818122       -4868.55671231946     
  -2299.82561555976       -2384.33584730599       -3301.02198136669     
  -1555.10120625130       -558.907463968276       -1814.13087304352     
   6132.28472204564        10578.2583245451       -2760.31163241438     
   177.562959849854       -1731.22467333124       -1789.26008638433     
  -918.053841516737       -3150.49411579106       -3305.46225490475     
   938.136314851016       -3202.38662477587       -4841.50333478819     
   261.527025517255       -2540.60574291392       -3097.41390389022     
   2405.11473940116       -396.544140263368       -1526.31061603132     
  -6695.16219228357       -3634.23311036133        1883.88161811125     
  0.000000000000000E+000  0.000000000000000E+000  0.000000000000000E+000
  0.000000000000000E+000  0.000000000000000E+000  0.000000000000000E+000
  0.000000000000000E+000  0.000000000000000E+000  0.000000000000000E+000
  0.000000000000000E+000  0.000000000000000E+000  0.000000000000000E+000
   51.3915435120385       -6676.11664410536        1700.27318094957     
  -1936.87961865655        1370.66480005099       -1155.36195396788     
  -2970.75956862176       -821.960328547191       -3062.80164225285     
  -3290.80040678624       -660.200467878237       -4742.44486206966     
  -1676.58480140229       -1127.64593802080       -3463.11576751115     
  -419.197229428968        238.683353953698       -1124.74627403884     
   3919.71878131049        6757.36468195521       -2535.47056938185     
   413.840350564420       -255.813512260818       -1108.14566646537     
  -160.020417017041       -2007.80397234340       -3471.53306037113     
   1242.46806360549       -3026.45935765048       -4722.99116608979     
   896.923686413050       -2838.10442961981       -3045.96214197747     
   2125.85085586862       -956.300881351588       -1157.85417312544     
  -5653.47669623076       -3204.53593613563        1591.70633407750     
  0.000000000000000E+000  0.000000000000000E+000  0.000000000000000E+000
  0.000000000000000E+000  0.000000000000000E+000  0.000000000000000E+000
  0.000000000000000E+000  0.000000000000000E+000  0.000000000000000E+000
  0.000000000000000E+000  0.000000000000000E+000  0.000000000000000E+000
  -37.9411312421495       -4832.93570122493        1164.22377804844     
  -2562.68534871908        1357.28673073403       -708.481377833474     
  -3655.72835246979       -596.859407720301       -2647.86047842215     
  -3081.57967718998        2.36205435871366       -4197.80113985899     
  -834.036909037075        211.861635145518       -3173.38482515651     
  -104.750487993807        232.494556140917       -1193.66533802168     
   690.862871465898        1155.23356650727       -1625.12372090972     
   562.108613765857        232.199877716182       -1226.52548529200     
   467.946863023410       -699.305023984689       -3165.28391928212     
   1567.46403006838       -2604.26519060053       -4196.80639940436     
   1272.49122342999       -3416.63158715353       -2634.17535752407     
   2345.17702705710       -1528.96539201004       -722.066092028777     
  -4065.76045728864       -2384.63237590566        1084.38158271017     
  0.000000000000000E+000  0.000000000000000E+000  0.000000000000000E+000
  0.000000000000000E+000  0.000000000000000E+000  0.000000000000000E+000
  0.000000000000000E+000  0.000000000000000E+000  0.000000000000000E+000
  0.000000000000000E+000  0.000000000000000E+000  0.000000000000000E+000
  -669.825829375397       -2518.37923124129        539.278822021012     
  -2980.96320560170        3957.20839465379       -775.317956273726     
  -4012.76174486366        1093.93952100064       -1906.12145752362     
  -2954.77829558545        478.272924716239       -2842.39843605801     
  -926.708804487428        429.489225033456       -2212.04432196543     
  -122.254324454555       -1591.07940627590       -1346.18656097574     
  -14.6449070830922       -38.7816632153312       -1035.74066216451     
  -1256.29007678774       -872.943498927212       -1375.01155802758     
   874.535474258664       -582.062247165593       -2215.02783158267     
   1966.20571779326       -2271.56861668756       -2850.43408698555     
   2919.83273718731       -2892.34752827157       -1895.71586103538     
   4763.60626520803       -604.486760346031       -792.311025285911     
  -1808.75066254040       -1800.60606867761        496.342311936324     
  0.000000000000000E+000  0.000000000000000E+000  0.000000000000000E+000
  0.000000000000000E+000  0.000000000000000E+000  0.000000000000000E+000
  0.000000000000000E+000  0.000000000000000E+000  0.000000000000000E+000
  0.000000000000000E+000  0.000000000000000E+000  0.000000000000000E+000
  -381.954888370221       -197.277260248749        113.259802009345     
  -3680.87092107374        3538.20716522262       -591.497477996737     
  -3359.25246986182       -765.048077050296       -1398.63188651179     
  -3805.18620892048        2001.34966620738       -1666.51981995269     
  -1732.33122165202        5315.48856030714       -1684.76009678295     
   739.258295092696        2032.01274646555       -1756.16416655627     
   1502.76629910244        2639.77899542564       -3941.97507859277     
   1253.55289759762        1589.15793865128       -1683.94940413356     
   5565.98844548314        1223.96782602005       -1709.37069530956     
   3626.09308642035       -2327.42094968887       -1667.69570418004     
   1147.26289230086       -3224.19277759685       -1424.74952187731     
   4846.96036070590       -1391.11295062551       -609.482190652346     
   12.4586475234001       -416.237100360836        94.0107635307177     
  0.000000000000000E+000  0.000000000000000E+000  0.000000000000000E+000
  0.000000000000000E+000  0.000000000000000E+000  0.000000000000000E+000
  0.000000000000000E+000  0.000000000000000E+000  0.000000000000000E+000
  0.000000000000000E+000  0.000000000000000E+000  0.000000000000000E+000
  -1181.57700693739        300.058468436890        431.647276032546     
  -2535.95576489741       -264.555744195899        316.043763003560     
  -2421.05210804968       -5893.96501467276        1306.51340523977     
  -5812.38439879820        9583.00800238378       -3883.92932310199     
  -2308.44315822246        7645.24611046022       -1013.47166134362     
  -47.5196924321027        4440.33924989653       -1155.48291821782     
   1691.28150935800        2926.56249160755       -4267.42539481517     
   3800.11638939140        2148.04237481985       -1059.34721839435     
   8030.48401483939        1941.35201424821       -1115.89314927410     
   10942.8655742178       -365.930547394746       -3745.90193552335     
  -3809.22177677262       -5027.21778895683        1237.73954395769     
   1079.44727306243       -2289.36763130698        302.023460263622     
   827.802424330866       -861.414181622950        419.063954541519     
  0.000000000000000E+000  0.000000000000000E+000  0.000000000000000E+000
  0.000000000000000E+000  0.000000000000000E+000  0.000000000000000E+000
  0.000000000000000E+000  0.000000000000000E+000  0.000000000000000E+000
  0.000000000000000E+000  0.000000000000000E+000  0.000000000000000E+000
  -1603.87027063024        255.740256473011        514.359122276369     
  -1005.42273490086       -4682.66857966180        1967.20683020100     
  -1641.03090767891       -7921.35113287417        4815.03773621517     
  -8455.81561716422        19391.6769889460       -10594.0109949302     
  -2145.04871064594        9219.87606271319       -1184.21760239288     
  -1764.64974783475        2782.31164609864        4113.34640046891     
   2618.00625393023        4532.17674777762       -5317.43142455062     
   3323.59485640907       -97.5048808272891        4155.17699836318     
   9168.43801800116        2795.66725927341       -1220.47176690940     
   21150.9962639908        2390.57795805045       -10678.2758440337     
  -6048.86517533063       -5428.87554073234        4795.99820379526     
  -3537.83643637091       -3185.28152475969        1959.20259554379     
   1022.45843409395       -1247.52473175564        511.826509645950     
  0.000000000000000E+000  0.000000000000000E+000  0.000000000000000E+000
  0.000000000000000E+000  0.000000000000000E+000  0.000000000000000E+000
  0.000000000000000E+000  0.000000000000000E+000  0.000000000000000E+000
  0.000000000000000E+000  0.000000000000000E+000  0.000000000000000E+000
  -1440.76569467870        690.332184694412        117.889517054352     
  -892.552093210536       -6462.20969723892        3206.53007505636     
   396.778030253230       -8543.99047583390        7127.78130096684     
  -8908.88828020927        17526.4118012927       -10369.4626244127     
  -4823.95548233652        12346.7640158062       -5315.76048384677     
  -660.063822063616       -903.904830789767        12554.8176655961     
  -3070.17919366906       -5255.41295980354        15466.4484851656     
  -399.280447275981       -948.856476702860        12543.8761397577     
   13039.4643333632        2027.29275657359       -5156.73283747697     
   19914.4761931186        1064.91549200677       -10669.9442853581     
  -7567.19826540852       -3972.46703220856        7118.07965441396     
  -5177.54636406286       -4005.89609261868        3225.10366229503     
   1321.02748346188       -888.119408715155        110.969116233382     
  0.000000000000000E+000  0.000000000000000E+000  0.000000000000000E+000
  0.000000000000000E+000  0.000000000000000E+000  0.000000000000000E+000
  0.000000000000000E+000  0.000000000000000E+000  0.000000000000000E+000
  0.000000000000000E+000  0.000000000000000E+000  0.000000000000000E+000
  -1107.22953413217        1022.47623370534        186.504844788343     
  -1307.18920799001       -5126.15571205912        2641.13457748037     
   1896.57659443519       -7073.84792485963        6953.32135573198     
  -3687.89860187954        7364.18567954023       -3254.54826740285     
  -1082.20313182707        3261.50532960222        6702.95853940437     
  -657.869395192424       -490.340350347857        16596.7285659719     
  -1814.87482396487       -3110.79891852565        25666.4749573315     
  -163.238087528946       -777.477275945647        16939.7012717445     
   3445.29159294879        765.036695708194        6700.77209837886     
   8268.69630456999        463.084287404019       -3349.84641067501     
  -7066.59794394116       -1924.75251499593        6958.14280913562     
  -3805.19375732219       -3708.87481244718        2655.31697256810     
   1443.78181591860       -435.322747161703        192.130295520996     
  0.000000000000000E+000  0.000000000000000E+000  0.000000000000000E+000
  0.000000000000000E+000  0.000000000000000E+000  0.000000000000000E+000
  0.000000000000000E+000  0.000000000000000E+000  0.000000000000000E+000
  0.000000000000000E+000  0.000000000000000E+000  0.000000000000000E+000
  -247.620920105431        558.731921251658        22.3038290966008     
  -1509.71777291088       -1415.86157172000        461.003276487349     
   301.421472398405       -2471.02813029415        2248.85686037691     
  -404.007787882479        786.446857447110        288.641363651284     
   1913.81891309723       -545.809689793318        12936.2365709363     
  -1807.12427739564        2299.00897435943        8341.79295207289     
  -141.568362510158       -323.856156911700       -4252.95634673760     
   2867.70264757486       -377.442790437065        8802.05002540688     
  -1305.51932913389        1378.03460922683        12796.0917495672     
   844.693274083560        60.1782938324966        279.446630747914     
  -2316.39338444928       -992.748037481088        2263.16739322420     
  -466.587251418751       -2025.60143679535        469.935620115057     
   604.777838737818        70.6198091884819        24.9997833453302     
  0.000000000000000E+000  0.000000000000000E+000  0.000000000000000E+000
  0.000000000000000E+000  0.000000000000000E+000  0.000000000000000E+000
  0.000000000000000E+000  0.000000000000000E+000  0.000000000000000E+000
  0.000000000000000E+000  0.000000000000000E+000  0.000000000000000E+000
  0.000000000000000E+000  0.000000000000000E+000  0.000000000000000E+000
  0.000000000000000E+000  0.000000000000000E+000  0.000000000000000E+000
  0.000000000000000E+000  0.000000000000000E+000  0.000000000000000E+000
  0.000000000000000E+000  0.000000000000000E+000  0.000000000000000E+000
  0.000000000000000E+000  0.000000000000000E+000  0.000000000000000E+000
  0.000000000000000E+000  0.000000000000000E+000  0.000000000000000E+000
  0.000000000000000E+000  0.000000000000000E+000  0.000000000000000E+000
  0.000000000000000E+000  0.000000000000000E+000  0.000000000000000E+000
  0.000000000000000E+000  0.000000000000000E+000  0.000000000000000E+000
  0.000000000000000E+000  0.000000000000000E+000  0.000000000000000E+000
  0.000000000000000E+000  0.000000000000000E+000  0.000000000000000E+000
  0.000000000000000E+000  0.000000000000000E+000  0.000000000000000E+000
  0.000000000000000E+000  0.000000000000000E+000  0.000000000000000E+000
  0.000000000000000E+000  0.000000000000000E+000  0.000000000000000E+000
  0.000000000000000E+000  0.000000000000000E+000  0.000000000000000E+000
  0.000000000000000E+000  0.000000000000000E+000  0.000000000000000E+000
  0.000000000000000E+000  0.000000000000000E+000  0.000000000000000E+000
  0.000000000000000E+000  0.000000000000000E+000  0.000000000000000E+000
  0.000000000000000E+000  0.000000000000000E+000  0.000000000000000E+000
  0.000000000000000E+000  0.000000000000000E+000  0.000000000000000E+000
  0.000000000000000E+000  0.000000000000000E+000  0.000000000000000E+000
  0.000000000000000E+000  0.000000000000000E+000  0.000000000000000E+000
  0.000000000000000E+000  0.000000000000000E+000  0.000000000000000E+000
  0.000000000000000E+000  0.000000000000000E+000  0.000000000000000E+000
  0.000000000000000E+000  0.000000000000000E+000  0.000000000000000E+000
  0.000000000000000E+000  0.000000000000000E+000  0.000000000000000E+000
  0.000000000000000E+000  0.000000000000000E+000  0.000000000000000E+000
  0.000000000000000E+000  0.000000000000000E+000  0.000000000000000E+000
  0.000000000000000E+000  0.000000000000000E+000  0.000000000000000E+000
  0.000000000000000E+000  0.000000000000000E+000  0.000000000000000E+000
  0.000000000000000E+000  0.000000000000000E+000  0.000000000000000E+000
  0.000000000000000E+000  0.000000000000000E+000  0.000000000000000E+000
