         140  1.399999999999997E-002  1.399999999999997E-002
  0.000000000000000E+000  0.000000000000000E+000  0.000000000000000E+000
  0.000000000000000E+000  0.000000000000000E+000  0.000000000000000E+000
  2.485460789581623E-002  2.549971150697187E-002 -3.824006993679014E-002
  2.539098734934947E-002  0.106250570801022      -7.528067424962286E-002
  3.546994460224386E-002  0.140556290310337      -0.110523447309644     
  4.181140195099758E-002  0.154604263739778      -0.130859195539593     
  4.634341230437070E-002  0.142969791030614      -0.139920094621604     
  5.247248572761077E-002  0.123041378591696      -0.140619971183764     
  6.321307927640640E-002  0.109534014972715      -0.140168023847044     
  8.024821157299972E-002  0.106952558487335      -0.140612985256880     
  0.100564335884200       0.111616084992061      -0.139912463584593     
  0.112893494146466       0.113511365997165      -0.130845785409568     
  0.103905518661862       0.101005431614091      -0.110517699610736     
  7.922962780410100E-002  7.509052211310019E-002 -7.525540129421954E-002
  9.659301545883191E-003  3.428465905721389E-002 -3.828237388432110E-002
  0.000000000000000E+000  0.000000000000000E+000  0.000000000000000E+000
  0.000000000000000E+000  0.000000000000000E+000  0.000000000000000E+000
  0.000000000000000E+000  0.000000000000000E+000  0.000000000000000E+000
  0.000000000000000E+000  0.000000000000000E+000  0.000000000000000E+000
  2.274842747613513E-002  2.372753246447646E-002 -3.440130049511067E-002
  2.433118648509888E-002  0.100285550590754      -7.248864388516414E-002
  3.241970815162098E-002  0.135525052532389      -0.106019221312392     
  3.853257634352825E-002  0.147452249554389      -0.128271619716067     
  4.450324973691647E-002  0.135372241367516      -0.137530512127072     
  5.082969605731163E-002  0.115935613383716      -0.138510657826099     
  5.996955170370353E-002  0.103915438945479      -0.137609152482164     
  7.493003404775446E-002  0.101991152318653      -0.138517668093999     
  9.491738189072553E-002  0.106231684202210      -0.137530124017278     
  0.108345903513318       0.107095583056284      -0.128259055017574     
  0.101077052200941       9.584413558977080E-002 -0.106008050316561     
  7.459508959918508E-002  7.118169585862184E-002 -7.246030352888577E-002
  9.172880307859942E-003  3.156770600496770E-002 -3.443571257111257E-002
  0.000000000000000E+000  0.000000000000000E+000  0.000000000000000E+000
  0.000000000000000E+000  0.000000000000000E+000  0.000000000000000E+000
  0.000000000000000E+000  0.000000000000000E+000  0.000000000000000E+000
  0.000000000000000E+000  0.000000000000000E+000  0.000000000000000E+000
  1.881651413273100E-002  1.814180427872604E-002 -2.767923775772544E-002
  2.316863648183375E-002  9.046605360273227E-002 -6.633532738392044E-002
  2.731982871404948E-002  0.125723614400125      -9.855063445279248E-002
  3.441333031488054E-002  0.135308464611425      -0.121747412751206     
  3.994086996425057E-002  0.122111230830699      -0.131397105225916     
  4.605158316765486E-002  0.103393431560480      -0.132669361025036     
  5.327430897341764E-002  9.231215270594105E-002 -0.132237471665938     
  6.647808426941038E-002  9.161171023345685E-002 -0.132701335592478     
  8.573603300308834E-002  9.566193223914089E-002 -0.131413184076455     
  9.990092841434858E-002  9.746264465125429E-002 -0.121735269400013     
  9.514832664502727E-002  8.651188753002374E-002 -9.853044859666146E-002
  6.667047897270556E-002  6.525994445354841E-002 -6.630005247591604E-002
  6.296300933421906E-003  2.535085510391449E-002 -2.769967465968519E-002
  0.000000000000000E+000  0.000000000000000E+000  0.000000000000000E+000
  0.000000000000000E+000  0.000000000000000E+000  0.000000000000000E+000
  0.000000000000000E+000  0.000000000000000E+000  0.000000000000000E+000
  0.000000000000000E+000  0.000000000000000E+000  0.000000000000000E+000
  1.804332984997899E-002  4.954860000805601E-003 -2.058751512923720E-002
  1.856486887665890E-002  8.008655761882470E-002 -5.635428758674805E-002
  2.553390191825807E-002  0.113670988989922      -8.966832098720622E-002
  2.808072018203882E-002  0.120523332150256      -0.111568175905508     
  3.426078983600272E-002  0.107006260401419      -0.120964875200049     
  3.834368274256334E-002  8.777059762429805E-002 -0.121971606516982     
  4.472582540715413E-002  7.749873268056219E-002 -0.121548699843494     
  5.683949039483399E-002  7.716117878722539E-002 -0.122039832433667     
  7.551745784828996E-002  8.321680883084621E-002 -0.121004697710192     
  9.028503286342841E-002  8.458366576217971E-002 -0.111558641555410     
  8.560856189269328E-002  7.894698127964005E-002 -8.964204511363870E-002
  6.000415223734156E-002  5.605846191910997E-002 -5.630105143609838E-002
 -4.765004893165533E-003  1.808142904478372E-002 -2.059718220827500E-002
  0.000000000000000E+000  0.000000000000000E+000  0.000000000000000E+000
  0.000000000000000E+000  0.000000000000000E+000  0.000000000000000E+000
  0.000000000000000E+000  0.000000000000000E+000  0.000000000000000E+000
  0.000000000000000E+000  0.000000000000000E+000  0.000000000000000E+000
  9.103543012685227E-003 -6.768288250485961E-003 -1.269506870668470E-002
  2.264264911490844E-002  7.394869307036579E-002 -4.988451789649286E-002
  2.020410497267811E-002  0.100048189747035      -8.036178383327218E-002
  2.454315012721868E-002  0.108291090753483      -0.101520642076786     
  2.821691082340329E-002  9.398492267758811E-002 -0.110315254362222     
  3.204696054851995E-002  7.579289544347292E-002 -0.110800637316019     
  3.796663317970823E-002  6.578274740572616E-002 -0.110233080898813     
  4.965977118814711E-002  6.576374171762199E-002 -0.110915783146127     
  6.729046196328392E-002  7.148888535418704E-002 -0.110381964346462     
  8.147374564865384E-002  7.542858682493059E-002 -0.101520788211540     
  7.649310995294617E-002  6.749580735676833E-002 -8.032587480536903E-002
  5.266429953796068E-002  5.656319836010063E-002 -4.983877939007496E-002
 -1.043732553390475E-002  4.439369666907712E-003 -1.268916798202246E-002
  0.000000000000000E+000  0.000000000000000E+000  0.000000000000000E+000
  0.000000000000000E+000  0.000000000000000E+000  0.000000000000000E+000
  0.000000000000000E+000  0.000000000000000E+000  0.000000000000000E+000
  0.000000000000000E+000  0.000000000000000E+000  0.000000000000000E+000
  1.033379398144551E-002 -9.180314259311428E-003 -1.127775415244095E-002
  2.058852441789841E-002  6.395318599525431E-002 -4.164732676541049E-002
  1.753428078446235E-002  8.511818294200596E-002 -7.024352449032813E-002
  2.064147042302940E-002  9.491743682234401E-002 -9.027377469231566E-002
  2.258870912412661E-002  8.145405710354457E-002 -9.850920959216751E-002
  2.669615196403040E-002  6.578464438106915E-002 -9.915475177382478E-002
  3.239005697241522E-002  5.611161063450881E-002 -9.855825297601230E-002
  4.371931307419043E-002  5.616591869711265E-002 -9.933173855272785E-002
  5.927975645732769E-002  6.037826226253404E-002 -9.861192948299090E-002
  7.185666804610387E-002  6.536976636006350E-002 -9.028600967509139E-002
  6.491332883014149E-002  5.774031022941527E-002 -7.020890244258640E-002
  4.505882189955915E-002  4.975530161883714E-002 -4.159882194431454E-002
 -1.313106429803692E-002  4.359430134710241E-003 -1.127886622478036E-002
  0.000000000000000E+000  0.000000000000000E+000  0.000000000000000E+000
  0.000000000000000E+000  0.000000000000000E+000  0.000000000000000E+000
  0.000000000000000E+000  0.000000000000000E+000  0.000000000000000E+000
  0.000000000000000E+000  0.000000000000000E+000  0.000000000000000E+000
  8.015814549401265E-003 -6.314611855920672E-003 -7.062617443304988E-003
  1.896823552106423E-002  4.809577609517488E-002 -3.382550435744439E-002
  1.483715103196871E-002  6.895146418581112E-002 -5.742854924867200E-002
  1.630128647815883E-002  7.741523479028121E-002 -7.591078587356222E-002
  1.767964620553493E-002  6.792817630033778E-002 -8.398241659549772E-002
  2.120206390964250E-002  5.507135673171564E-002 -8.544564063124338E-002
  2.711957031243382E-002  4.696455151283763E-002 -8.521791342946618E-002
  3.723205420809632E-002  4.608100729488388E-002 -8.569065692745684E-002
  5.004161234903502E-002  4.937855693330268E-002 -8.411878576770269E-002
  5.887748991700564E-002  5.287100012149820E-002 -7.593785769904833E-002
  5.228985236073857E-002  4.732864623077896E-002 -5.740116367956701E-002
  3.212760823773693E-002  4.042612099126543E-002 -3.378204984612878E-002
 -9.455646192890101E-003  3.788882034271445E-003 -7.050767657406555E-003
  0.000000000000000E+000  0.000000000000000E+000  0.000000000000000E+000
  0.000000000000000E+000  0.000000000000000E+000  0.000000000000000E+000
  0.000000000000000E+000  0.000000000000000E+000  0.000000000000000E+000
  0.000000000000000E+000  0.000000000000000E+000  0.000000000000000E+000
  6.617269193214599E-003 -6.419769871195012E-003 -6.243697494814004E-003
  1.579217282737350E-002  3.293110487944201E-002 -2.362028999967274E-002
  1.144964680550358E-002  4.759741501788394E-002 -4.159251154692829E-002
  1.300637033119393E-002  5.678133312466382E-002 -5.683623131806095E-002
  1.269172118048117E-002  5.072626735399566E-002 -6.467029253203395E-002
  1.578720325949563E-002  4.232184959585826E-002 -6.699674931344850E-002
  2.077088459747290E-002  3.593639952319214E-002 -6.750296843993690E-002
  2.891971076516094E-002  3.502727040482725E-002 -6.728744294163648E-002
  3.763352087811764E-002  3.646125874353867E-002 -6.481562896746197E-002
  4.266684754089641E-002  3.969413331754408E-002 -5.687865441890722E-002
  3.550889594795754E-002  3.373391077197334E-002 -4.156575381512100E-002
  2.058811637232560E-002  3.007359736067283E-002 -2.359946289338597E-002
 -8.845201658933986E-003  2.557250469788095E-003 -6.198378592195616E-003
  0.000000000000000E+000  0.000000000000000E+000  0.000000000000000E+000
  0.000000000000000E+000  0.000000000000000E+000  0.000000000000000E+000
  0.000000000000000E+000  0.000000000000000E+000  0.000000000000000E+000
  0.000000000000000E+000  0.000000000000000E+000  0.000000000000000E+000
  4.574625786028215E-003 -4.786271239515862E-003 -4.151125557124697E-003
  9.442567468662429E-003  1.680831388440841E-002 -1.244230134692967E-002
  8.461608876671169E-003  2.508147309977922E-002 -2.308317528184025E-002
  8.653884787988756E-003  3.260791985940762E-002 -3.335829116540534E-002
  7.976177056641921E-003  3.014333875843900E-002 -3.939662616457319E-002
  9.574418507854060E-003  2.588647913260962E-002 -4.199882339107892E-002
  1.284326744386470E-002  2.219121215239556E-002 -4.296485952975786E-002
  1.777010900975269E-002  2.139349635040116E-002 -4.226616941998924E-002
  2.214825505984941E-002  2.206372766917655E-002 -3.951844457531807E-002
  2.391073693235014E-002  2.381555205786558E-002 -3.337726145551629E-002
  1.751327149522284E-002  1.989336694720995E-002 -2.309070181045256E-002
  9.815698093541924E-003  1.652760526168481E-002 -1.240689777834576E-002
 -6.426667205482325E-003  1.584998581462330E-003 -4.138511845658619E-003
  0.000000000000000E+000  0.000000000000000E+000  0.000000000000000E+000
  0.000000000000000E+000  0.000000000000000E+000  0.000000000000000E+000
  0.000000000000000E+000  0.000000000000000E+000  0.000000000000000E+000
  0.000000000000000E+000  0.000000000000000E+000  0.000000000000000E+000
  1.145998632612361E-003 -2.912441754469298E-003 -1.616040015590918E-003
  4.094225401074464E-003  3.542739573091825E-003 -3.463087203061052E-003
  4.011975610846686E-003  4.578940629123165E-003 -5.546223083820878E-003
  4.930307277101469E-003  9.050167584051831E-003 -9.089067620984780E-003
  3.757127358141392E-003  8.698592287019863E-003 -1.063763141203560E-002
  4.001011527690340E-003  8.608795395567378E-003 -1.240975735131514E-002
  4.384044845049224E-003  7.546174034873628E-003 -1.274669419528626E-002
  5.518399454998995E-003  7.884494467115796E-003 -1.252493481350701E-002
  5.656185161821253E-003  7.649928283178380E-003 -1.067611496003458E-002
  5.379876841834491E-003  8.789261354823221E-003 -9.088582722879501E-003
  1.976167479930057E-003  5.766361616154342E-003 -5.548536302598838E-003
  1.029111417761595E-003  5.305038750681243E-003 -3.457138669366180E-003
 -3.098644441312517E-003 -4.657667474223826E-004 -1.604722684443121E-003
  0.000000000000000E+000  0.000000000000000E+000  0.000000000000000E+000
  0.000000000000000E+000  0.000000000000000E+000  0.000000000000000E+000
  0.000000000000000E+000  0.000000000000000E+000  0.000000000000000E+000
  0.000000000000000E+000  0.000000000000000E+000  0.000000000000000E+000
  0.000000000000000E+000  0.000000000000000E+000  0.000000000000000E+000
  0.000000000000000E+000  0.000000000000000E+000  0.000000000000000E+000
  0.000000000000000E+000  0.000000000000000E+000  0.000000000000000E+000
  0.000000000000000E+000  0.000000000000000E+000  0.000000000000000E+000
  0.000000000000000E+000  0.000000000000000E+000  0.000000000000000E+000
  0.000000000000000E+000  0.000000000000000E+000  0.000000000000000E+000
  0.000000000000000E+000  0.000000000000000E+000  0.000000000000000E+000
  0.000000000000000E+000  0.000000000000000E+000  0.000000000000000E+000
  0.000000000000000E+000  0.000000000000000E+000  0.000000000000000E+000
  0.000000000000000E+000  0.000000000000000E+000  0.000000000000000E+000
  0.000000000000000E+000  0.000000000000000E+000  0.000000000000000E+000
  0.000000000000000E+000  0.000000000000000E+000  0.000000000000000E+000
  0.000000000000000E+000  0.000000000000000E+000  0.000000000000000E+000
  0.000000000000000E+000  0.000000000000000E+000  0.000000000000000E+000
  0.000000000000000E+000  0.000000000000000E+000  0.000000000000000E+000
  0.000000000000000E+000  0.000000000000000E+000  0.000000000000000E+000
  0.000000000000000E+000  0.000000000000000E+000  0.000000000000000E+000
  0.000000000000000E+000  0.000000000000000E+000  0.000000000000000E+000
  0.000000000000000E+000  0.000000000000000E+000  0.000000000000000E+000
  0.000000000000000E+000  0.000000000000000E+000  0.000000000000000E+000
  0.000000000000000E+000  0.000000000000000E+000  0.000000000000000E+000
  0.000000000000000E+000  0.000000000000000E+000  0.000000000000000E+000
  0.000000000000000E+000  0.000000000000000E+000  0.000000000000000E+000
  0.000000000000000E+000  0.000000000000000E+000  0.000000000000000E+000
  0.000000000000000E+000  0.000000000000000E+000  0.000000000000000E+000
  0.000000000000000E+000  0.000000000000000E+000  0.000000000000000E+000
  0.000000000000000E+000  0.000000000000000E+000  0.000000000000000E+000
  0.000000000000000E+000  0.000000000000000E+000  0.000000000000000E+000
  0.000000000000000E+000  0.000000000000000E+000  0.000000000000000E+000
  0.000000000000000E+000  0.000000000000000E+000  0.000000000000000E+000
  0.000000000000000E+000  0.000000000000000E+000  0.000000000000000E+000
  0.000000000000000E+000  0.000000000000000E+000  0.000000000000000E+000
  0.000000000000000E+000  0.000000000000000E+000  0.000000000000000E+000
  0.000000000000000E+000  0.000000000000000E+000  0.000000000000000E+000
  1.788277064648032E-002  1.752380324179283E-002 -4.231195086830909E-002
  7.646081497910114E-003  7.776858883365957E-002 -7.410836344445823E-002
  1.504420023860006E-002  0.118422902206287      -0.111945017807787     
  2.136216986627461E-002  0.115240072619676      -0.127771803828286     
  2.136202767642306E-002  7.594168102434042E-002 -0.125493493199421     
  2.162794757671604E-002  5.248417751800830E-002 -0.125589172589930     
  2.733643169286438E-002  4.785773945644495E-002 -0.129381411950880     
  3.412837156644545E-002  4.513332476647959E-002 -0.125687600706984     
  5.469542991610291E-002  5.680113560987066E-002 -0.125709253541225     
  8.874761651431720E-002  7.645973143481824E-002 -0.127984108101973     
  9.440405893668186E-002  7.234932508664038E-002 -0.112027327501597     
  6.252084752258738E-002  4.530756460703178E-002 -7.400203340649603E-002
  5.963029882087809E-003  2.409720201773650E-002 -4.253702794037557E-002
  0.000000000000000E+000  0.000000000000000E+000  0.000000000000000E+000
  0.000000000000000E+000  0.000000000000000E+000  0.000000000000000E+000
  0.000000000000000E+000  0.000000000000000E+000  0.000000000000000E+000
  0.000000000000000E+000  0.000000000000000E+000  0.000000000000000E+000
  1.589959932364946E-002  1.568414152421370E-002 -3.819020768043008E-002
  7.632132397130258E-003  7.616182674487440E-002 -7.244274760828208E-002
  1.340243639576423E-002  0.117958718974135      -0.108571852745139     
  2.014484567846861E-002  0.114538300961570      -0.126586770941570     
  2.334506137057593E-002  7.926832494086100E-002 -0.125304306249937     
  2.449708264625442E-002  5.917519706547913E-002 -0.125964134628932     
  3.097758578335279E-002  5.419334941812280E-002 -0.129449416763381     
  3.853626358574473E-002  5.109205403489274E-002 -0.126081453004800     
  5.667482821084335E-002  6.028912618593986E-002 -0.125556978253082     
  8.883424411618199E-002  7.511837808687592E-002 -0.126829034433909     
  9.491166427753242E-002  7.074469747379446E-002 -0.108661568541404     
  6.126283029684264E-002  4.455714956320932E-002 -7.238150857581736E-002
  5.392000540110738E-003  2.146052190286947E-002 -3.839359634887402E-002
  0.000000000000000E+000  0.000000000000000E+000  0.000000000000000E+000
  0.000000000000000E+000  0.000000000000000E+000  0.000000000000000E+000
  0.000000000000000E+000  0.000000000000000E+000  0.000000000000000E+000
  0.000000000000000E+000  0.000000000000000E+000  0.000000000000000E+000
  1.319040166180977E-002  1.080808441416774E-002 -3.171651891051991E-002
  8.652295079790496E-003  7.412275212013750E-002 -6.828978603524992E-002
  1.041003574960240E-002  0.118298257270472      -0.104185536682940     
  2.010252831128679E-002  0.117598093438948      -0.124650547860452     
  2.518401773875294E-002  8.773732631745097E-002 -0.126098542232036     
  3.017475874803115E-002  7.144132293957671E-002 -0.128453916670000     
  3.822080708195142E-002  6.675355098359403E-002 -0.131810017971556     
  4.643238584456659E-002  6.232406063137338E-002 -0.128620931328670     
  6.330013722224281E-002  6.634601499549134E-002 -0.126449832201242     
  9.169603672645421E-002  7.675603750779846E-002 -0.124958316984658     
  9.686783435633525E-002  6.842390856337735E-002 -0.104307817486752     
  5.921328799169685E-002  4.452937397654534E-002 -6.829127857837612E-002
  2.588946559193936E-003  1.670450475914702E-002 -3.189702457841103E-002
  0.000000000000000E+000  0.000000000000000E+000  0.000000000000000E+000
  0.000000000000000E+000  0.000000000000000E+000  0.000000000000000E+000
  0.000000000000000E+000  0.000000000000000E+000  0.000000000000000E+000
  0.000000000000000E+000  0.000000000000000E+000  0.000000000000000E+000
  1.515834696572081E-002 -7.413370190097052E-005 -2.536646577649264E-002
  6.116173027532053E-003  7.390635376459467E-002 -6.045016240647264E-002
  1.150204631510400E-002  0.119182922298037      -0.100118489289395     
  1.804011321455662E-002  0.120076541068130      -0.121644935521654     
  2.738417019647024E-002  9.534049645727562E-002 -0.126514558040751     
  3.502468722422976E-002  8.364884129984956E-002 -0.133012708266033     
  4.627645256317962E-002  8.062540984605979E-002 -0.138374387481179     
  5.483918707948142E-002  7.282988339990035E-002 -0.133328911558310     
  6.918824835992368E-002  7.235110573956514E-002 -0.127091833885918     
  9.518270283668484E-002  7.640723867312160E-002 -0.122070200971084     
  9.732121086672398E-002  6.995169256455533E-002 -0.100293176970549     
  6.061443524627821E-002  4.235910323956352E-002 -6.051420576072693E-002
 -7.739672088619899E-003  1.303067173353786E-002 -2.554341495252596E-002
  0.000000000000000E+000  0.000000000000000E+000  0.000000000000000E+000
  0.000000000000000E+000  0.000000000000000E+000  0.000000000000000E+000
  0.000000000000000E+000  0.000000000000000E+000  0.000000000000000E+000
  0.000000000000000E+000  0.000000000000000E+000  0.000000000000000E+000
  8.804770434607248E-003 -8.309355864093300E-003 -1.739788452177969E-002
  1.284580408945432E-002  7.522341001882628E-002 -5.602238311512047E-002
  8.353578809528849E-003  0.110895691394641      -9.328240278383745E-002
  1.778181476534079E-002  0.108114592177559      -0.111592205050815     
  2.537673213951584E-002  8.671692213210115E-002 -0.117995557844426     
  3.502544852924495E-002  8.398034495763405E-002 -0.131415791388836     
  4.815971088614607E-002  8.373467290910207E-002 -0.140857526489677     
  5.540383961700437E-002  7.309901161139544E-002 -0.131908229384597     
  6.304237576531665E-002  6.641543549347088E-002 -0.118765623817661     
  8.517787167926674E-002  7.029704449084054E-002 -0.112098145195497     
  9.195382344066372E-002  6.317519552965210E-002 -9.351088089888304E-002
  5.866547015589632E-002  4.898296642681551E-002 -5.615498792178067E-002
 -1.165770012366654E-002  3.468698030515511E-003 -1.754341130968092E-002
  0.000000000000000E+000  0.000000000000000E+000  0.000000000000000E+000
  0.000000000000000E+000  0.000000000000000E+000  0.000000000000000E+000
  0.000000000000000E+000  0.000000000000000E+000  0.000000000000000E+000
  0.000000000000000E+000  0.000000000000000E+000  0.000000000000000E+000
  1.186471392218238E-002 -1.075085403896449E-002 -1.649845169084283E-002
  1.306228275270582E-002  7.084010496345035E-002 -4.878419269521381E-002
  8.473027077582348E-003  9.040984427812658E-002 -8.111786654234716E-002
  1.631539973425047E-002  8.072457852730014E-002 -9.051786503231501E-002
  2.095373700774302E-002  6.409936973152087E-002 -9.660393832600167E-002
  3.046826188975877E-002  7.247937053616574E-002 -0.119225442519252     
  4.350695477644053E-002  7.546755413173091E-002 -0.133779335460576     
  4.788346248018058E-002  6.331868953576707E-002 -0.119771163675974     
  4.572156954346591E-002  5.113122659917271E-002 -9.735148032261946E-002
  6.217627363923391E-002  5.520725050878595E-002 -9.094214467935803E-002
  7.428373697228549E-002  5.306246001638974E-002 -8.138250712211163E-002
  5.498202364403727E-002  4.704268146956311E-002 -4.895306254634606E-002
 -1.533442233776460E-002  4.962516467046005E-003 -1.663058064997661E-002
  0.000000000000000E+000  0.000000000000000E+000  0.000000000000000E+000
  0.000000000000000E+000  0.000000000000000E+000  0.000000000000000E+000
  0.000000000000000E+000  0.000000000000000E+000  0.000000000000000E+000
  0.000000000000000E+000  0.000000000000000E+000  0.000000000000000E+000
  9.982189395698603E-003 -7.672267143355032E-003 -1.117540632874239E-002
  1.432733526820320E-002  5.499022598733846E-002 -4.069568581207581E-002
  8.705183846397378E-003  6.467093355893502E-002 -6.212126115249568E-002
  1.419492187547316E-002  4.749331818380501E-002 -6.177650610681226E-002
  1.645445515459983E-002  3.932021159078495E-002 -6.750193047769919E-002
  2.290387315822457E-002  5.367331604180934E-002 -9.675064052355442E-002
  3.486565168529245E-002  6.028534443734483E-002 -0.115957353048071     
  3.537162113218888E-002  4.712730213430356E-002 -9.712944434745625E-002
  2.631786155475720E-002  3.451708080095752E-002 -6.795230346686564E-002
  3.417064458031789E-002  3.646826135162939E-002 -6.189758102516133E-002
  5.186541805750980E-002  4.028781750666019E-002 -6.233032932877818E-002
  4.067639806689624E-002  4.023082161099049E-002 -4.089207315012156E-002
 -1.170741827611573E-002  4.881777343519785E-003 -1.124539611408186E-002
  0.000000000000000E+000  0.000000000000000E+000  0.000000000000000E+000
  0.000000000000000E+000  0.000000000000000E+000  0.000000000000000E+000
  0.000000000000000E+000  0.000000000000000E+000  0.000000000000000E+000
  0.000000000000000E+000  0.000000000000000E+000  0.000000000000000E+000
  8.103266476720725E-003 -7.312903614294279E-003 -8.982196640823129E-003
  1.417665558993766E-002  3.671201772829393E-002 -2.859798397736907E-002
  7.954380871851774E-003  3.654049655961884E-002 -3.947278114326491E-002
  1.253912029944361E-002  2.286874067978982E-002 -3.404686123242351E-002
  1.193696253615751E-002  1.977681748066092E-002 -3.954645429868872E-002
  1.565431083422873E-002  3.440827137454799E-002 -6.762666763824461E-002
  2.435509457629894E-002  4.188843718884409E-002 -8.882312652445164E-002
  2.224810794195275E-002  3.100816615308621E-002 -6.778365613138491E-002
  1.141855227166238E-002  2.053479190424813E-002 -3.965100815535603E-002
  1.338812504524177E-002  2.245288255878305E-002 -3.380459888570645E-002
  2.772424809484517E-002  2.539655612959445E-002 -3.955345358685111E-002
  2.491523952334225E-002  3.089718437522927E-002 -2.873693597139630E-002
 -1.050476705639230E-002  3.434273201472568E-003 -9.054085944948290E-003
  0.000000000000000E+000  0.000000000000000E+000  0.000000000000000E+000
  0.000000000000000E+000  0.000000000000000E+000  0.000000000000000E+000
  0.000000000000000E+000  0.000000000000000E+000  0.000000000000000E+000
  0.000000000000000E+000  0.000000000000000E+000  0.000000000000000E+000
  5.426293232147945E-003 -6.039868845264347E-003 -6.422431196668334E-003
  9.693883359851540E-003  1.728103479273838E-002 -1.389209949776608E-002
  7.096599690062564E-003  1.484587129335270E-002 -1.835210370745443E-002
  8.353270339324653E-003  8.802890088496782E-003 -1.410701217765716E-002
  7.720082078033817E-003  8.199756012069672E-003 -1.814240551527652E-002
  8.973606118493403E-003  1.755487532635535E-002 -3.650539151078831E-002
  1.374052433092888E-002  2.347879827882467E-002 -5.376441188163451E-002
  1.093468582568785E-002  1.669224443290217E-002 -3.661279483387071E-002
  3.380040109247800E-003  1.092788189960909E-002 -1.812084190737397E-002
  3.258979652497813E-003  1.164691971145513E-002 -1.376525019683817E-002
  9.257811087626328E-003  1.365680158964989E-002 -1.832212472750069E-002
  1.024062158933153E-002  1.718817616241867E-002 -1.396005065462534E-002
 -8.041128957984658E-003  1.710169843796027E-003 -6.444651920033239E-003
  0.000000000000000E+000  0.000000000000000E+000  0.000000000000000E+000
  0.000000000000000E+000  0.000000000000000E+000  0.000000000000000E+000
  0.000000000000000E+000  0.000000000000000E+000  0.000000000000000E+000
  0.000000000000000E+000  0.000000000000000E+000  0.000000000000000E+000
  8.444381273298398E-004 -3.435685564565354E-003 -2.631933157450935E-003
  5.114871330872264E-003  2.362477274504893E-003 -2.925389354575556E-003
  3.829915072444076E-003  8.333561985292367E-004 -2.961472162769331E-003
  4.706823865126517E-003  1.955363603024498E-003 -2.796218360089571E-003
  3.746760289491790E-003  1.225104635425090E-003 -3.378169269000404E-003
  4.800406642126220E-003  4.666548232634168E-003 -8.325571380128752E-003
  4.510176862692483E-003  7.563326796931962E-003 -1.379570222095041E-002
  1.774242146867024E-003  6.600342196328219E-003 -8.386312057509846E-003
 -7.522626237234913E-004  3.914233479039112E-003 -3.349899615780749E-003
 -6.815984081710931E-004  5.056886383609002E-003 -2.675275340651531E-003
 -1.225044348061479E-003  3.734577604833140E-003 -2.901418636915215E-003
 -4.947389593538311E-004  5.679189992913645E-003 -2.946762031133161E-003
 -3.431058799048617E-003 -9.951706192211146E-004 -2.615287774593259E-003
  0.000000000000000E+000  0.000000000000000E+000  0.000000000000000E+000
  0.000000000000000E+000  0.000000000000000E+000  0.000000000000000E+000
  0.000000000000000E+000  0.000000000000000E+000  0.000000000000000E+000
  0.000000000000000E+000  0.000000000000000E+000  0.000000000000000E+000
  0.000000000000000E+000  0.000000000000000E+000  0.000000000000000E+000
  0.000000000000000E+000  0.000000000000000E+000  0.000000000000000E+000
  0.000000000000000E+000  0.000000000000000E+000  0.000000000000000E+000
  0.000000000000000E+000  0.000000000000000E+000  0.000000000000000E+000
  0.000000000000000E+000  0.000000000000000E+000  0.000000000000000E+000
  0.000000000000000E+000  0.000000000000000E+000  0.000000000000000E+000
  0.000000000000000E+000  0.000000000000000E+000  0.000000000000000E+000
  0.000000000000000E+000  0.000000000000000E+000  0.000000000000000E+000
  0.000000000000000E+000  0.000000000000000E+000  0.000000000000000E+000
  0.000000000000000E+000  0.000000000000000E+000  0.000000000000000E+000
  0.000000000000000E+000  0.000000000000000E+000  0.000000000000000E+000
  0.000000000000000E+000  0.000000000000000E+000  0.000000000000000E+000
  0.000000000000000E+000  0.000000000000000E+000  0.000000000000000E+000
  0.000000000000000E+000  0.000000000000000E+000  0.000000000000000E+000
  0.000000000000000E+000  0.000000000000000E+000  0.000000000000000E+000
  0.000000000000000E+000  0.000000000000000E+000  0.000000000000000E+000
  0.000000000000000E+000  0.000000000000000E+000  0.000000000000000E+000
  0.000000000000000E+000  0.000000000000000E+000  0.000000000000000E+000
  0.000000000000000E+000  0.000000000000000E+000  0.000000000000000E+000
  0.000000000000000E+000  0.000000000000000E+000  0.000000000000000E+000
  0.000000000000000E+000  0.000000000000000E+000  0.000000000000000E+000
  0.000000000000000E+000  0.000000000000000E+000  0.000000000000000E+000
  0.000000000000000E+000  0.000000000000000E+000  0.000000000000000E+000
  0.000000000000000E+000  0.000000000000000E+000  0.000000000000000E+000
  0.000000000000000E+000  0.000000000000000E+000  0.000000000000000E+000
  0.000000000000000E+000  0.000000000000000E+000  0.000000000000000E+000
  0.000000000000000E+000  0.000000000000000E+000  0.000000000000000E+000
  0.000000000000000E+000  0.000000000000000E+000  0.000000000000000E+000
  0.000000000000000E+000  0.000000000000000E+000  0.000000000000000E+000
  0.000000000000000E+000  0.000000000000000E+000  0.000000000000000E+000
  0.000000000000000E+000  0.000000000000000E+000  0.000000000000000E+000
  0.000000000000000E+000  0.000000000000000E+000  0.000000000000000E+000
  0.000000000000000E+000  0.000000000000000E+000  0.000000000000000E+000
  0.000000000000000E+000  0.000000000000000E+000  0.000000000000000E+000
  -100.526399488441       -85.3234549671196        294.965694844277     
  -124.602146365815        54.9343206778340        452.507926821874     
  -88.5250785499966       -49.3151234455322        729.891359592983     
  -63.1630417486759       -710.784207976119        1119.38418086377     
  -121.352917192451       -1005.92891341888        1283.78238427280     
  -72.7048808890224       -568.284132676880        1012.52087892879     
  -94.8026987594367       -162.146997841514        796.350390985450     
  -458.731860470484       -350.025225098317        1017.50576381524     
  -805.276722170066       -604.950642989462        1285.13658219319     
  -574.495381686650       -405.696652953795        1118.02429700798     
   9.72118175820254       -98.1943707366964        728.631263542566     
   120.498521664904       -76.3165461666405        450.041137376412     
  -20.6013039484895       -127.456017261839        295.077930510187     
  0.000000000000000E+000  0.000000000000000E+000  0.000000000000000E+000
  0.000000000000000E+000  0.000000000000000E+000  0.000000000000000E+000
  0.000000000000000E+000  0.000000000000000E+000  0.000000000000000E+000
  0.000000000000000E+000  0.000000000000000E+000  0.000000000000000E+000
  -86.5739755352560       -71.2000058889583        262.995087160744     
  -106.893047203741        40.3136605426255        441.779157608237     
  -61.3049308191951       -90.9407554345678        713.097503913343     
  -25.5682813156474       -678.428969393267        1098.54552657538     
  -90.1843245057157       -879.683806110840        1253.90754320605     
  -84.4666217628740       -425.241747428723        981.479992855074     
  -53.9606670200631       -92.9516886995620        756.767074751658     
  -329.497011772879       -289.407656616081        987.068498778354     
  -714.023509345684       -516.399722488160        1256.01638096540     
  -567.153113986453       -358.080241321517        1097.74838381657     
  -41.3188951055760       -96.0432408674737        712.095030030349     
   97.5533145630918       -68.8520473385106        439.702904521124     
  -15.6746149954289       -108.406664217200        263.064291320659     
  0.000000000000000E+000  0.000000000000000E+000  0.000000000000000E+000
  0.000000000000000E+000  0.000000000000000E+000  0.000000000000000E+000
  0.000000000000000E+000  0.000000000000000E+000  0.000000000000000E+000
  0.000000000000000E+000  0.000000000000000E+000  0.000000000000000E+000
  -68.2970838953383       -43.5822284699406        214.525021880721     
  -77.2361520018609        8.22220003016055        411.742192412682     
  -15.8845032704502       -138.339905215708        680.769258618037     
   16.6817131364494       -605.121011111143        1050.73504143879     
  -53.2627046215422       -680.777641923906        1166.64779827440     
  -27.5836573600836       -201.449644645314        878.392292879664     
   62.3371770060406        107.831935949939        666.835023453975     
  -165.612927463610       -130.817133710133        885.177511664707     
  -563.753654290690       -387.744115051814        1170.55415176598     
  -528.725814419461       -287.079957047790        1051.29934447008     
  -108.045743735567       -81.8883724738109        680.527734548731     
   52.4312452475665       -60.0929937424064        410.273960107070     
  -1.65285865385791       -79.1949585548629        214.633047423146     
  0.000000000000000E+000  0.000000000000000E+000  0.000000000000000E+000
  0.000000000000000E+000  0.000000000000000E+000  0.000000000000000E+000
  0.000000000000000E+000  0.000000000000000E+000  0.000000000000000E+000
  0.000000000000000E+000  0.000000000000000E+000  0.000000000000000E+000
  -63.5330241632094        3.55097292127647        164.758026755997     
  -32.1523903030046       -51.4105166586624        361.869914080328     
   19.5508247228155       -210.388126551744        641.304675805892     
   55.1665736775858       -523.461716553250        965.417837505981     
   1.00564132911497       -510.010207932130        1042.34294439738     
   45.7208682279517       -29.2172487335883        735.575492907813     
   154.747375885043        268.027965675631        501.269327252657     
  -54.4205202977324        17.6605599058260        743.899883592479     
  -445.941067488573       -257.690810509090        1048.05610958176     
  -481.132141208844       -215.121933686331        967.640165387314     
  -191.883869447403       -88.8318268936544        642.019290211424     
  -24.4037775789486       -52.1493102898864        361.015522559966     
   35.3995170458780       -52.1037161817109        165.068488202106     
  0.000000000000000E+000  0.000000000000000E+000  0.000000000000000E+000
  0.000000000000000E+000  0.000000000000000E+000  0.000000000000000E+000
  0.000000000000000E+000  0.000000000000000E+000  0.000000000000000E+000
  0.000000000000000E+000  0.000000000000000E+000  0.000000000000000E+000
  -39.4895226959597        38.2402959790848        118.466826978509     
  -24.1607005398640       -120.647700272824        326.464773411107     
   56.8454177538291       -288.735013906209        604.391829973583     
   77.9590970797704       -470.760113347765        876.495395420629     
   44.4457565341014       -420.777541397358        942.468123839551     
   55.5602284742808       -43.6516138620187        680.526899805495     
   112.644050841068        195.160754125443        467.321760936995     
  -69.6815036142501        22.0275869975182        687.088480464422     
  -389.577430927489       -174.421162991770        947.394515940087     
  -447.424196034126       -168.923912823606        878.558106815436     
  -279.717132170294       -96.3976497634851        605.291868843837     
  -90.1644612707448       -80.2530231740896        325.775621683287     
   52.8538852928575       -14.9039755194902        118.937716403571     
  0.000000000000000E+000  0.000000000000000E+000  0.000000000000000E+000
  0.000000000000000E+000  0.000000000000000E+000  0.000000000000000E+000
  0.000000000000000E+000  0.000000000000000E+000  0.000000000000000E+000
  0.000000000000000E+000  0.000000000000000E+000  0.000000000000000E+000
  -46.9411736159011        51.8013708175238        99.6426148957321     
  -6.67789073765600       -168.036843563183        282.785447385753     
   72.1687837424303       -310.603373453317        547.072311598469     
   95.1935320928917       -370.322122874324        746.385904816605     
   72.3459283979372       -315.036309809389        808.844644615656     
   44.6314238259459       -86.9551443336650        645.898304210567     
   39.7094407453528        68.2956380511849        496.491869613666     
  -97.9906696701192       -5.10995710144147        648.203332641653     
  -308.642426626324       -94.5770305619454        810.411342585198     
  -367.965113735453       -102.585739785638        746.999337357842     
  -305.970774818095       -93.7152784718106        547.350421079556     
  -140.694083372566       -89.0917848405016        282.066819109806     
   68.1023465336431       -14.7427903253908        99.9341779542036     
  0.000000000000000E+000  0.000000000000000E+000  0.000000000000000E+000
  0.000000000000000E+000  0.000000000000000E+000  0.000000000000000E+000
  0.000000000000000E+000  0.000000000000000E+000  0.000000000000000E+000
  0.000000000000000E+000  0.000000000000000E+000  0.000000000000000E+000
  -35.7987473909202        37.5818053644056        68.2741451744464     
  -6.56688835266783       -154.530101948924        232.884163287096     
   69.4648735565146       -236.270523019106        432.314814198414     
   92.4135176222590       -185.694197053936        533.756075238270     
   76.9655868244319       -160.817152472906        594.725630155002     
   37.6805899215858       -68.4647158260801        539.326011421867     
  -3.54150802403531       -7.51712114485088        481.801750293930     
  -75.8714093489483       0.155584989969439        537.916161062290     
  -174.449808589042       -11.2359489240673        592.530751571427     
  -206.408976905172       -12.0081038049344        533.432289222340     
  -239.931551666874       -58.2991909139402        431.939756696624     
  -129.291682326573       -82.3660916346240        232.041844402513     
   50.1866603299929       -12.1921672396170        68.4519920326305     
  0.000000000000000E+000  0.000000000000000E+000  0.000000000000000E+000
  0.000000000000000E+000  0.000000000000000E+000  0.000000000000000E+000
  0.000000000000000E+000  0.000000000000000E+000  0.000000000000000E+000
  0.000000000000000E+000  0.000000000000000E+000  0.000000000000000E+000
  -25.1275020451118        30.9192748040547        51.6980205529178     
  -9.95716756058416       -104.869096593162        164.449714101475     
   53.6527206704842       -89.5050712626953        264.485723377899     
   63.1912770733598        4.19215906640500        275.991089200657     
   58.3507560916026       -5.47056980086585        337.666097494805     
   26.7744684888159       -16.5986523136416        373.157277836305     
  -16.8418659819553       -31.1048485656195        412.450978361837     
  -24.6524960326477        16.4467322164651        370.515609551587     
  -29.3409188327836        50.9807694440064        333.005690344232     
  -28.0320873661901        57.8277335790967        275.718496370838     
  -105.281390560308        1.58516557231967        264.153328353777     
  -85.0254549709929       -60.4238675807448        163.416016530653     
   39.3255474562917       -6.34741465559929        51.9884675369707     
  0.000000000000000E+000  0.000000000000000E+000  0.000000000000000E+000
  0.000000000000000E+000  0.000000000000000E+000  0.000000000000000E+000
  0.000000000000000E+000  0.000000000000000E+000  0.000000000000000E+000
  0.000000000000000E+000  0.000000000000000E+000  0.000000000000000E+000
  -14.3606468526567        23.7882081226850        38.4717560490785     
  -4.37628451520203       -42.3062890295687        81.0572647211505     
   27.8196069816220        25.2352786785012        100.709594218536     
   28.8980807076741        95.5606619910134        70.4669156495483     
   24.7900866872035        68.9911178750063        122.134856899049     
   11.8719021530061        19.1925050809408        191.834986863340     
  -13.2183615402343       -24.5181484105840        282.053832823022     
   13.0584087878152        20.3837080848245        190.230177010728     
   51.2541917447196        58.4775050996977        117.118415173164     
   68.0165463156323        73.8145624296801        70.1626679965002     
   6.84593818331861        36.5740449445937        100.742616551112     
  -34.1848798064905       -24.4848495809309        80.3179108024577     
   27.8123211269251      -0.545620167949474        38.5786795101886     
  0.000000000000000E+000  0.000000000000000E+000  0.000000000000000E+000
  0.000000000000000E+000  0.000000000000000E+000  0.000000000000000E+000
  0.000000000000000E+000  0.000000000000000E+000  0.000000000000000E+000
  0.000000000000000E+000  0.000000000000000E+000  0.000000000000000E+000
 -0.481810712979969        11.4382317150527        18.2811468018615     
  0.819952335552698       -1.92751255211044        26.9982604030556     
   21.0536514412883        39.1076386328393        25.0154905426050     
   14.4246797708086        66.5577997480681        14.9651813944693     
   6.45730954477061        64.8550690076584        25.4226870458036     
 -0.796239115808542        38.5315386323601        47.9180084860695     
   5.51254010969819        8.62389717253956        88.5128251879215     
   35.4121832268070        18.1235608705847        47.6829816537098     
   54.6383729362059        39.0991737945741        23.3440202906888     
   50.2206493731088        46.3963205828429        14.6862109995250     
   22.7525471805563        37.8213280699603        24.8576284136013     
  -2.25832735773545      -0.130619730938479        26.7847628120430     
   10.1553108394187        5.29591577563467        18.1881233124801     
  0.000000000000000E+000  0.000000000000000E+000  0.000000000000000E+000
  0.000000000000000E+000  0.000000000000000E+000  0.000000000000000E+000
  0.000000000000000E+000  0.000000000000000E+000  0.000000000000000E+000
  0.000000000000000E+000  0.000000000000000E+000  0.000000000000000E+000
  0.000000000000000E+000  0.000000000000000E+000  0.000000000000000E+000
  0.000000000000000E+000  0.000000000000000E+000  0.000000000000000E+000
  0.000000000000000E+000  0.000000000000000E+000  0.000000000000000E+000
  0.000000000000000E+000  0.000000000000000E+000  0.000000000000000E+000
  0.000000000000000E+000  0.000000000000000E+000  0.000000000000000E+000
  0.000000000000000E+000  0.000000000000000E+000  0.000000000000000E+000
  0.000000000000000E+000  0.000000000000000E+000  0.000000000000000E+000
  0.000000000000000E+000  0.000000000000000E+000  0.000000000000000E+000
  0.000000000000000E+000  0.000000000000000E+000  0.000000000000000E+000
  0.000000000000000E+000  0.000000000000000E+000  0.000000000000000E+000
  0.000000000000000E+000  0.000000000000000E+000  0.000000000000000E+000
  0.000000000000000E+000  0.000000000000000E+000  0.000000000000000E+000
  0.000000000000000E+000  0.000000000000000E+000  0.000000000000000E+000
  0.000000000000000E+000  0.000000000000000E+000  0.000000000000000E+000
  0.000000000000000E+000  0.000000000000000E+000  0.000000000000000E+000
  0.000000000000000E+000  0.000000000000000E+000  0.000000000000000E+000
  0.000000000000000E+000  0.000000000000000E+000  0.000000000000000E+000
  0.000000000000000E+000  0.000000000000000E+000  0.000000000000000E+000
  0.000000000000000E+000  0.000000000000000E+000  0.000000000000000E+000
  0.000000000000000E+000  0.000000000000000E+000  0.000000000000000E+000
  0.000000000000000E+000  0.000000000000000E+000  0.000000000000000E+000
  0.000000000000000E+000  0.000000000000000E+000  0.000000000000000E+000
  0.000000000000000E+000  0.000000000000000E+000  0.000000000000000E+000
  0.000000000000000E+000  0.000000000000000E+000  0.000000000000000E+000
  0.000000000000000E+000  0.000000000000000E+000  0.000000000000000E+000
  0.000000000000000E+000  0.000000000000000E+000  0.000000000000000E+000
  0.000000000000000E+000  0.000000000000000E+000  0.000000000000000E+000
  0.000000000000000E+000  0.000000000000000E+000  0.000000000000000E+000
  0.000000000000000E+000  0.000000000000000E+000  0.000000000000000E+000
  0.000000000000000E+000  0.000000000000000E+000  0.000000000000000E+000
  0.000000000000000E+000  0.000000000000000E+000  0.000000000000000E+000
  0.000000000000000E+000  0.000000000000000E+000  0.000000000000000E+000
