         140  1.399999999999997E-002  1.399999999999997E-002
  0.000000000000000E+000  0.000000000000000E+000  0.000000000000000E+000
  0.000000000000000E+000  0.000000000000000E+000  0.000000000000000E+000
  2.388307886497490E-002  2.704106185231719E-002 -8.137314923507627E-002
  1.982270933162280E-002  2.084590233842065E-002 -0.139051891357014     
  2.921487364731685E-002  1.616221740237028E-002 -0.205013232419903     
  2.707623846117956E-002  2.645176728356646E-002 -0.240286915811888     
  3.368969978869808E-002  1.396368911224405E-002 -0.266801888915183     
  3.480133892934772E-002  5.299726856406332E-002 -0.287606853046174     
  5.759326051753018E-002  9.980366332936476E-002 -0.317343884576600     
  2.850856936353235E-002  5.667380026643973E-002 -0.287633453217712     
 -4.726511961088389E-003  3.623101948709542E-002 -0.266816657709260     
  9.461566922445475E-003  3.679492109966413E-002 -0.240303740979238     
 -5.386900562690458E-004  3.347399024297207E-002 -0.205040196245441     
  8.172037067022124E-003  2.761211860634463E-002 -0.139053498996793     
  1.149521514838179E-002  3.420615655919533E-002 -8.144693600350961E-002
  0.000000000000000E+000  0.000000000000000E+000  0.000000000000000E+000
  0.000000000000000E+000  0.000000000000000E+000  0.000000000000000E+000
  0.000000000000000E+000  0.000000000000000E+000  0.000000000000000E+000
  0.000000000000000E+000  0.000000000000000E+000  0.000000000000000E+000
  1.613422472569757E-002  3.291517873081687E-002 -7.191161090198567E-002
  1.567931586688029E-002  2.913887875147831E-002 -0.135569325636636     
  2.118570873107329E-002  2.839858696398274E-002 -0.196692948506154     
  2.339163105518204E-002  2.998410261457110E-002 -0.238838359749943     
  3.064652134331883E-002  2.635119343906509E-002 -0.261924258325877     
  3.050172620671052E-002  6.837940253869748E-002 -0.282984999839215     
  5.270370368028023E-002  9.133383254699630E-002 -0.319287959988768     
  4.394840479195237E-002  6.063851150318613E-002 -0.283018303352257     
  7.519127612090980E-003  3.977989793350595E-002 -0.261945709889195     
  1.429553672853492E-002  3.532780681270493E-002 -0.238852691091450     
  1.401988690102291E-002  3.260025209562458E-002 -0.196706893521186     
  1.740428337101445E-002  2.816118193121472E-002 -0.135561431127164     
  2.045211988089682E-002  3.041911040577384E-002 -7.196873605580055E-002
  0.000000000000000E+000  0.000000000000000E+000  0.000000000000000E+000
  0.000000000000000E+000  0.000000000000000E+000  0.000000000000000E+000
  0.000000000000000E+000  0.000000000000000E+000  0.000000000000000E+000
  0.000000000000000E+000  0.000000000000000E+000  0.000000000000000E+000
  9.849488199077419E-003  4.277702458311269E-002 -6.173332731226875E-002
  6.685316099221675E-003  4.870403378587636E-002 -0.126596439708424     
  9.551846323393913E-003  5.465447268816583E-002 -0.188814384855957     
  1.331454052346302E-002  6.802021725179919E-002 -0.235081814123699     
  2.110093929153180E-002  8.878080158293465E-002 -0.267400625634112     
  3.509059596587111E-002  9.307363259610045E-002 -0.298692677268789     
  4.715361196333619E-002  8.171082503547202E-002 -0.305565298960510     
  6.303471072126851E-002  7.696049829220392E-002 -0.298712665921013     
  6.621126584272705E-002  6.264950063856209E-002 -0.267420180945325     
  5.221230844445842E-002  4.558699635957304E-002 -0.235081179249420     
  4.249234579185026E-002  3.561777754342425E-002 -0.188794455703212     
  3.879436480490436E-002  3.011954342935399E-002 -0.126560593538351     
  3.212338486056081E-002  2.989277535647812E-002 -6.176901048819042E-002
  0.000000000000000E+000  0.000000000000000E+000  0.000000000000000E+000
  0.000000000000000E+000  0.000000000000000E+000  0.000000000000000E+000
  0.000000000000000E+000  0.000000000000000E+000  0.000000000000000E+000
  0.000000000000000E+000  0.000000000000000E+000  0.000000000000000E+000
  6.879890795453618E-003  5.779605201177329E-002 -5.405813017397269E-002
 -4.338440078471634E-004  7.718401897866807E-002 -0.118118587637372     
 -2.526343231821648E-003  0.113403145494118      -0.182800772972685     
 -9.144200011853551E-004  0.144151044718986      -0.242985771039076     
  1.246660755314414E-002  0.134309911488992      -0.286132080305559     
  3.081428110557282E-002  0.107103878378931      -0.300967134227410     
  5.244143332429840E-002  9.086595194717477E-002 -0.306386341233982     
  7.740845615066136E-002  8.034267201713442E-002 -0.301149033569802     
  0.110000525447795       7.797000086928618E-002 -0.286156377866662     
  0.125140397786463       7.129289760214712E-002 -0.242965763642703     
  9.942551618526715E-002  5.454683655454973E-002 -0.182746671894795     
  6.701285051982799E-002  3.820402736344712E-002 -0.118040813202759     
  4.659714330301390E-002  3.481337291798846E-002 -5.407885473697040E-002
  0.000000000000000E+000  0.000000000000000E+000  0.000000000000000E+000
  0.000000000000000E+000  0.000000000000000E+000  0.000000000000000E+000
  0.000000000000000E+000  0.000000000000000E+000  0.000000000000000E+000
  0.000000000000000E+000  0.000000000000000E+000  0.000000000000000E+000
  5.621976434741199E-003  6.253771438176303E-002 -4.906782535972998E-002
 -7.519568913205336E-003  0.117131991659354      -0.112918506143662     
 -1.172764019472431E-002  0.149471495192406      -0.181061176475930     
 -7.625514389207342E-003  0.155659469764089      -0.239159842578153     
  7.549070437060400E-003  0.136309596445320      -0.273172958466215     
  2.827689354180892E-002  0.109040531160337      -0.287997170858570     
  5.124549680871614E-002  8.879016807701297E-002 -0.291706624382851     
  8.042121626675540E-002  7.916752672318018E-002 -0.288307818368332     
  0.114273657808342       7.476386636315586E-002 -0.273303585817907     
  0.138414336592573       7.122564539118859E-002 -0.239080391305128     
  0.135123684970132       6.457535955675411E-002 -0.180955125052782     
  0.105115747836971       5.202220750096907E-002 -0.112810535662695     
  5.128442091204392E-002  3.606812965559052E-002 -4.907211002658540E-002
  0.000000000000000E+000  0.000000000000000E+000  0.000000000000000E+000
  0.000000000000000E+000  0.000000000000000E+000  0.000000000000000E+000
  0.000000000000000E+000  0.000000000000000E+000  0.000000000000000E+000
  0.000000000000000E+000  0.000000000000000E+000  0.000000000000000E+000
  1.103061801142901E-002  4.381737929806447E-002 -4.262891136241462E-002
 -1.215090329118532E-002  0.125181841992819      -0.108915979079553     
 -1.454723537256240E-002  0.154737890674159      -0.174554100737570     
 -1.097060753925278E-002  0.161385768390251      -0.230772793473340     
  4.915908307967462E-003  0.141027688233733      -0.265198931782390     
  2.649402509353234E-002  0.112155416869086      -0.278453977059167     
  5.258299910909765E-002  9.108294503492165E-002 -0.282881484632477     
  8.410467498291899E-002  7.924809431820183E-002 -0.278954950850608     
  0.119728681091707       7.488473462732782E-002 -0.265418162912648     
  0.145058561831566       7.122118815941005E-002 -0.230701720610774     
  0.141097678062266       6.478461108629156E-002 -0.174409409013581     
  0.114195074907236       5.198449194716877E-002 -0.108726678784834     
  3.235711825908217E-002  3.137732965249409E-002 -4.262809659622012E-002
  0.000000000000000E+000  0.000000000000000E+000  0.000000000000000E+000
  0.000000000000000E+000  0.000000000000000E+000  0.000000000000000E+000
  0.000000000000000E+000  0.000000000000000E+000  0.000000000000000E+000
  0.000000000000000E+000  0.000000000000000E+000  0.000000000000000E+000
  1.765174643413395E-002  1.419998433897105E-002 -3.114607361332026E-002
 -1.333958916252672E-002  0.123005043891732      -9.912647448284527E-002
 -1.619961776958349E-002  0.148921345915728      -0.164863746829172     
 -1.383289293106639E-002  0.153274268232329      -0.215745517014413     
  2.829486767540302E-003  0.134445803662239      -0.248037701694548     
  2.376193792865251E-002  0.107791840086075      -0.261001799513633     
  5.073965695879670E-002  8.786127318825228E-002 -0.266274069727904     
  8.175838708886542E-002  7.474399150533827E-002 -0.261652011214587     
  0.115117716805208       6.981914719829417E-002 -0.248371152802729     
  0.139516118937402       6.472088295500383E-002 -0.215716804768373     
  0.136921847600242       6.048309180171681E-002 -0.164740635943079     
  0.112937658498978       4.989658025386571E-002 -9.889576012682776E-002
  3.360806924327421E-003  2.225124171840438E-002 -3.113283923546081E-002
  0.000000000000000E+000  0.000000000000000E+000  0.000000000000000E+000
  0.000000000000000E+000  0.000000000000000E+000  0.000000000000000E+000
  0.000000000000000E+000  0.000000000000000E+000  0.000000000000000E+000
  0.000000000000000E+000  0.000000000000000E+000  0.000000000000000E+000
  1.491139038707525E-002 -4.716316430772322E-003 -2.080684192774405E-002
 -1.047248246678389E-002  0.119120642911896      -9.037042641089026E-002
 -2.005246993080244E-002  0.127365594822470      -0.145742136765139     
 -1.301366660034433E-002  0.136095777650555      -0.191290280324098     
 -2.488437027257792E-004  0.118848897673232      -0.222916223386170     
  2.028770834496791E-002  9.736284461765368E-002 -0.236275636486414     
  4.544515815670185E-002  7.862111525961607E-002 -0.242132630624230     
  7.455528611155973E-002  6.657246370310335E-002 -0.237218567532495     
  0.103161481670249       5.938010166928073E-002 -0.223354385031680     
  0.124297892435841       5.688276769984431E-002 -0.191352273409134     
  0.120321664446391       4.640000493583984E-002 -0.145691985052585     
  0.108242698033832       5.051120627827959E-002 -9.016626474528552E-002
 -1.163233739883296E-002  1.038663930014945E-002 -2.079041254030218E-002
  0.000000000000000E+000  0.000000000000000E+000  0.000000000000000E+000
  0.000000000000000E+000  0.000000000000000E+000  0.000000000000000E+000
  0.000000000000000E+000  0.000000000000000E+000  0.000000000000000E+000
  0.000000000000000E+000  0.000000000000000E+000  0.000000000000000E+000
  1.477919032071959E-002 -3.375696965640757E-003 -1.409272263371430E-002
 -1.494808747355171E-002  9.140097307091638E-002 -7.013591002489430E-002
 -1.639071790483075E-002  8.538589330657097E-002 -0.103950704988789     
 -1.389270197697854E-002  9.782256281703464E-002 -0.144384785551131     
 -3.735124846667168E-003  8.239531406366074E-002 -0.166693878192337     
  1.170162963557972E-002  6.813050809353460E-002 -0.178899191079834     
  3.118241402736725E-002  5.383097648557070E-002 -0.183945363387325     
  5.343674702648931E-002  4.439264301195922E-002 -0.179626388552289     
  7.324090506824678E-002  3.807984972008922E-002 -0.167077440704638     
  9.162820819022431E-002  3.697589843320306E-002 -0.144532197916424     
  8.223776141107546E-002  2.857542004049519E-002 -0.104033139439732     
  8.656916872016646E-002  3.279624367470625E-002 -6.996770137217591E-002
 -1.037207541548181E-002  1.100071757190164E-002 -1.409163116991448E-002
  0.000000000000000E+000  0.000000000000000E+000  0.000000000000000E+000
  0.000000000000000E+000  0.000000000000000E+000  0.000000000000000E+000
  0.000000000000000E+000  0.000000000000000E+000  0.000000000000000E+000
  0.000000000000000E+000  0.000000000000000E+000  0.000000000000000E+000
  3.652495560455826E-003 -5.037038935479905E-003 -8.031956014086334E-003
  9.374254923619724E-003  2.702284147712034E-002 -2.308715993271764E-002
  5.243009809064630E-004  3.715065274690584E-002 -4.443385396989406E-002
 -8.806498191523315E-004  4.814527875862176E-002 -7.382254903566189E-002
 -1.090315067103149E-003  4.432145604349876E-002 -9.079484824585793E-002
  6.727117811401140E-003  3.784375070965015E-002 -0.106183197976636     
  1.737945172839955E-002  2.965175400384001E-002 -0.108977019924801     
  2.958776705401154E-002  2.483760179713651E-002 -0.106832813406395     
  3.883240427546395E-002  2.136964026847521E-002 -9.108735396338700E-002
  4.211677977192579E-002  2.335145094029465E-002 -7.387606362951783E-002
  3.199181672935465E-002  1.905476106675459E-002 -4.449061323953787E-002
  1.872708263358262E-002  2.161522307053619E-002 -2.305349136516160E-002
 -6.190463896634207E-003  6.084476223651718E-004 -8.032301276455586E-003
  0.000000000000000E+000  0.000000000000000E+000  0.000000000000000E+000
  0.000000000000000E+000  0.000000000000000E+000  0.000000000000000E+000
  0.000000000000000E+000  0.000000000000000E+000  0.000000000000000E+000
  0.000000000000000E+000  0.000000000000000E+000  0.000000000000000E+000
  0.000000000000000E+000  0.000000000000000E+000  0.000000000000000E+000
  0.000000000000000E+000  0.000000000000000E+000  0.000000000000000E+000
  0.000000000000000E+000  0.000000000000000E+000  0.000000000000000E+000
  0.000000000000000E+000  0.000000000000000E+000  0.000000000000000E+000
  0.000000000000000E+000  0.000000000000000E+000  0.000000000000000E+000
  0.000000000000000E+000  0.000000000000000E+000  0.000000000000000E+000
  0.000000000000000E+000  0.000000000000000E+000  0.000000000000000E+000
  0.000000000000000E+000  0.000000000000000E+000  0.000000000000000E+000
  0.000000000000000E+000  0.000000000000000E+000  0.000000000000000E+000
  0.000000000000000E+000  0.000000000000000E+000  0.000000000000000E+000
  0.000000000000000E+000  0.000000000000000E+000  0.000000000000000E+000
  0.000000000000000E+000  0.000000000000000E+000  0.000000000000000E+000
  0.000000000000000E+000  0.000000000000000E+000  0.000000000000000E+000
  0.000000000000000E+000  0.000000000000000E+000  0.000000000000000E+000
  0.000000000000000E+000  0.000000000000000E+000  0.000000000000000E+000
  0.000000000000000E+000  0.000000000000000E+000  0.000000000000000E+000
  0.000000000000000E+000  0.000000000000000E+000  0.000000000000000E+000
  0.000000000000000E+000  0.000000000000000E+000  0.000000000000000E+000
  0.000000000000000E+000  0.000000000000000E+000  0.000000000000000E+000
  0.000000000000000E+000  0.000000000000000E+000  0.000000000000000E+000
  0.000000000000000E+000  0.000000000000000E+000  0.000000000000000E+000
  0.000000000000000E+000  0.000000000000000E+000  0.000000000000000E+000
  0.000000000000000E+000  0.000000000000000E+000  0.000000000000000E+000
  0.000000000000000E+000  0.000000000000000E+000  0.000000000000000E+000
  0.000000000000000E+000  0.000000000000000E+000  0.000000000000000E+000
  0.000000000000000E+000  0.000000000000000E+000  0.000000000000000E+000
  0.000000000000000E+000  0.000000000000000E+000  0.000000000000000E+000
  0.000000000000000E+000  0.000000000000000E+000  0.000000000000000E+000
  0.000000000000000E+000  0.000000000000000E+000  0.000000000000000E+000
  0.000000000000000E+000  0.000000000000000E+000  0.000000000000000E+000
  0.000000000000000E+000  0.000000000000000E+000  0.000000000000000E+000
  0.000000000000000E+000  0.000000000000000E+000  0.000000000000000E+000
  0.000000000000000E+000  0.000000000000000E+000  0.000000000000000E+000
  0.000000000000000E+000  0.000000000000000E+000  0.000000000000000E+000
  3.939622129674340E-007 -5.290725110802235E-007 -3.490091745793165E-006
 -1.421394929634728E-005  5.783994933305649E-007 -1.550486527275387E-005
 -2.041253264442358E-005 -1.055782008320083E-006 -6.186127131889043E-006
 -1.162294643643119E-005  5.757842636052249E-006  1.721410320198136E-005
  2.272355876671124E-006 -2.998360858934449E-005  1.287735829423575E-005
  6.968598251488987E-006  3.809756566130122E-005 -6.727752043432595E-006
  3.496483180524571E-005  5.998798718500349E-005 -6.694837593842347E-005
  2.762713666740741E-005  2.308137675471633E-005 -5.608925607721309E-006
 -2.687335111538856E-005 -1.323089031358919E-005  1.280928415457502E-005
  1.138119985014477E-005 -6.346418986100797E-006  1.734868585766626E-005
  9.958095033827777E-006 -1.707355472151640E-005 -5.649585556685456E-006
  6.052906218303567E-006 -1.261992426078382E-005 -1.506272992271659E-005
 -3.297377968369792E-009  3.423901127848202E-007 -3.550469210978886E-006
  0.000000000000000E+000  0.000000000000000E+000  0.000000000000000E+000
  0.000000000000000E+000  0.000000000000000E+000  0.000000000000000E+000
  0.000000000000000E+000  0.000000000000000E+000  0.000000000000000E+000
  0.000000000000000E+000  0.000000000000000E+000  0.000000000000000E+000
 -3.422995823211757E-007 -1.230515643290493E-007 -2.565660314813530E-006
 -1.546485555141565E-005 -4.479942672849456E-007 -1.498785556164976E-005
 -1.882372354960405E-005  1.492920531454107E-006 -8.770114140827602E-006
 -6.570265971972295E-006 -7.822448595549566E-006  1.482667552602975E-005
  2.530788633287364E-006  1.754305179240077E-005  2.136962932063051E-005
 -5.499412614213382E-006 -6.807350391110061E-006 -1.290918585267527E-005
  1.832833439128723E-005  3.110050330580744E-005 -5.870981703513044E-005
 -3.034652150345679E-006 -8.753733225971898E-006 -1.134888474307139E-005
  1.289380699337516E-005  1.009303779937617E-005  2.092237195008124E-005
 -3.832575016596361E-006 -9.649374759797752E-006  1.492179933567315E-005
  1.043129294039556E-005 -1.498353132256080E-005 -8.246214495793913E-006
  6.158400563017854E-006 -1.393131769599783E-005 -1.457638710736600E-005
  6.564132055523858E-007 -1.233951780557876E-007 -2.641450904494245E-006
  0.000000000000000E+000  0.000000000000000E+000  0.000000000000000E+000
  0.000000000000000E+000  0.000000000000000E+000  0.000000000000000E+000
  0.000000000000000E+000  0.000000000000000E+000  0.000000000000000E+000
  0.000000000000000E+000  0.000000000000000E+000  0.000000000000000E+000
 -1.547094863805230E-006 -4.095446519155165E-007 -2.077367716392006E-006
 -1.585030265445670E-005  1.345143386037502E-006 -1.401549238568991E-005
 -1.605727838336936E-005 -3.603528326468510E-006 -1.185216179129854E-005
  8.058674966039584E-007  1.588806599382107E-005  1.293232687229049E-005
 -1.828297240769946E-006 -1.862813244850637E-005  1.041882225425942E-005
 -1.451401396839413E-005 -4.716348371209950E-005  2.897731903847109E-005
 -1.822250667786332E-005 -3.243189979104970E-005  4.909305948602774E-006
 -3.150630661107317E-005 -3.502410600510215E-005  2.801470383745786E-005
 -1.400548057609819E-005 -1.054739931647901E-005  1.080773306078241E-005
  1.055042515353780E-005  7.258185638315709E-006  1.310318312364992E-005
  3.925596575131807E-006 -1.556370861482604E-005 -1.125039848713860E-005
  8.138533768054007E-006 -1.317728328625569E-005 -1.368093990433404E-005
  1.047480461695672E-006 -1.284972951165601E-006 -2.143279266036354E-006
  0.000000000000000E+000  0.000000000000000E+000  0.000000000000000E+000
  0.000000000000000E+000  0.000000000000000E+000  0.000000000000000E+000
  0.000000000000000E+000  0.000000000000000E+000  0.000000000000000E+000
  0.000000000000000E+000  0.000000000000000E+000  0.000000000000000E+000
 -2.272575553632198E-006  4.749856356134812E-006 -2.078498294246635E-006
 -1.545730235794572E-005 -6.339995081747079E-006 -1.227098192392763E-005
 -1.345061219598900E-005  1.046302875210267E-005 -1.099663252358806E-005
  6.729791697419512E-006 -3.304254568134087E-005  7.248133453182318E-006
  3.615076282348181E-006 -3.182326602507086E-006  1.617487324858681E-005
  3.251571315032861E-006  2.296555619213447E-005 -2.762636532913282E-005
 -1.898830234576241E-005 -3.364403324737181E-005  1.790877336497155E-005
  1.769086970337404E-005  1.350078835914736E-005 -2.625426487642415E-005
 -2.696778652211143E-006  2.352374647584055E-006  1.494017334152418E-005
 -3.002138016557492E-005 -9.819517979438532E-006  7.315836241476270E-006
  1.572064222892671E-005 -5.789357110966826E-006 -1.058332847868895E-005
  2.794319088225195E-006 -1.577347678866798E-005 -1.189666176228963E-005
  5.510387027208397E-006  4.523945588877640E-007 -2.169417202791663E-006
  0.000000000000000E+000  0.000000000000000E+000  0.000000000000000E+000
  0.000000000000000E+000  0.000000000000000E+000  0.000000000000000E+000
  0.000000000000000E+000  0.000000000000000E+000  0.000000000000000E+000
  0.000000000000000E+000  0.000000000000000E+000  0.000000000000000E+000
 -4.085262004972181E-006  3.916633601520414E-006 -2.612739776981462E-006
 -1.577482556894595E-005  6.019138384771954E-006 -1.047456571289893E-005
 -6.896045309269143E-006 -6.026903552936037E-006 -1.106457411103803E-005
  1.049083312063401E-005 -4.584835163968469E-005  2.532886975732542E-005
  4.431872043718609E-006  2.813116560912076E-005 -1.170980005699052E-005
  4.070524087296840E-006  3.527860020958112E-005 -4.508313496487265E-005
  1.149098519476969E-005  1.992387265307728E-005 -3.677750201877587E-005
  2.775864204612098E-005  2.053304450710802E-005 -4.321589760297793E-005
  2.048804130639107E-005  1.713529625774223E-005 -9.961004151040143E-006
 -4.424194073206560E-005 -1.347215464672617E-005  2.489253324433136E-005
 -3.432028724104278E-006 -9.207524030547517E-006 -1.037799336729609E-005
  1.265972656187401E-005 -1.038906506517774E-005 -1.030590459966296E-005
  5.577607435686684E-006 -1.540979429370015E-006 -2.639075096450246E-006
  0.000000000000000E+000  0.000000000000000E+000  0.000000000000000E+000
  0.000000000000000E+000  0.000000000000000E+000  0.000000000000000E+000
  0.000000000000000E+000  0.000000000000000E+000  0.000000000000000E+000
  0.000000000000000E+000  0.000000000000000E+000  0.000000000000000E+000
 -2.268872399224722E-006 -2.795570891765057E-007 -9.267589559780209E-007
 -1.360764420663716E-005 -5.346125881955146E-006 -9.319231104415984E-006
  5.712370620234964E-007 -1.573622559656498E-005  6.400960070886118E-007
  3.443428688219402E-007  2.251008729671600E-005 -1.261299508442332E-005
  3.847476273482871E-006  2.072279338950533E-007  2.355466749955964E-006
 -7.356563536695311E-006 -3.773082349225363E-005  5.621783398559619E-005
 -1.804412053364929E-005 -3.079561152567182E-005  5.763724486576026E-005
 -2.849430303815443E-005 -2.438764847971405E-005  5.501594086464995E-005
 -1.477410438342709E-007  4.498510957413857E-006  1.010029716560309E-006
  1.990847288088360E-005  1.213607900568465E-005 -1.309914648229210E-005
 -1.562243111110853E-005 -7.471302701581265E-006  1.239501577002153E-006
  9.432039646787075E-007 -1.426491571255351E-005 -9.017129056736674E-006
  9.743321417559618E-007 -2.061845061713139E-006 -9.409863789482812E-007
  0.000000000000000E+000  0.000000000000000E+000  0.000000000000000E+000
  0.000000000000000E+000  0.000000000000000E+000  0.000000000000000E+000
  0.000000000000000E+000  0.000000000000000E+000  0.000000000000000E+000
  0.000000000000000E+000  0.000000000000000E+000  0.000000000000000E+000
 -2.520717310204231E-006  1.544064855993859E-006  9.912114800561704E-008
  3.024259290987891E-006 -3.889933907911190E-005  2.084738102471712E-006
  5.326574631868116E-006 -2.534182206550487E-005  1.262699504372024E-005
  1.408412049319972E-006  1.406598092406019E-005 -8.292902429087564E-006
 -2.725266079103828E-006  7.312846493776111E-006 -2.361256419104384E-007
 -1.930097661454256E-006  1.731106331096169E-005 -8.744780406983788E-006
  1.954265773436010E-005  3.394404418818448E-005 -5.656886763816354E-005
  1.264972952217881E-005  4.951856439960121E-006 -2.347139371934129E-006
  7.114047574195442E-006  1.632264091493558E-006 -3.813292213555126E-007
  1.484617037067641E-005  9.675134069035319E-006 -1.166580123492479E-005
 -2.458647372760885E-005 -7.631654865835350E-006  1.235210121219350E-005
 -3.550277073432073E-005 -1.650503102091339E-005  2.081228664335592E-006
  2.615688388985630E-006 -1.443535466020705E-006  9.555797116143518E-008
  0.000000000000000E+000  0.000000000000000E+000  0.000000000000000E+000
  0.000000000000000E+000  0.000000000000000E+000  0.000000000000000E+000
  0.000000000000000E+000  0.000000000000000E+000  0.000000000000000E+000
  0.000000000000000E+000  0.000000000000000E+000  0.000000000000000E+000
 -6.437591984750038E-007  1.656226945722930E-007 -1.194128295207370E-006
 -7.367721683840634E-007 -2.612806991995311E-005  5.152307641457366E-006
 -4.402341513660304E-006  1.569729284759814E-005 -7.987412147992729E-006
 -3.322490769842414E-007 -2.432868985417751E-006  1.062717526170269E-005
 -3.310361438197130E-006  8.468495553144831E-006 -2.831919074205577E-006
  3.143781104302483E-006 -3.495849847312502E-006  2.594359318953217E-005
 -1.791358974438495E-006 -2.082611738324664E-006  3.461709883262444E-005
 -2.863643952577392E-006  2.932476881540772E-006  2.140824775109392E-005
  7.454096372236389E-006  1.127104172811717E-006 -5.642520578363055E-007
 -1.852180834410750E-006 -1.097882564441711E-006  9.642110205999769E-006
  1.598547360075083E-005  4.531462474018208E-006 -8.380346114330509E-006
 -2.323147907561344E-005 -1.343220751024673E-005  5.395028317606091E-006
  5.356164559464642E-007 -5.142843996879226E-007 -1.293013472541640E-006
  0.000000000000000E+000  0.000000000000000E+000  0.000000000000000E+000
  0.000000000000000E+000  0.000000000000000E+000  0.000000000000000E+000
  0.000000000000000E+000  0.000000000000000E+000  0.000000000000000E+000
  0.000000000000000E+000  0.000000000000000E+000  0.000000000000000E+000
 -1.705184777963797E-006 -1.506181891279040E-007  1.032698823884296E-006
 -2.695894174611889E-006 -8.795009409334414E-006  7.783436505264745E-007
 -1.916169134423229E-005  2.777290381140307E-005 -2.655061822853318E-005
  9.343073192087940E-006 -1.478374158664777E-005  3.857389869998945E-005
 -7.698966466851334E-006  1.133377500526855E-005 -7.135353712086349E-006
  3.963526497696178E-006  6.819367610976052E-006  6.258298159515567E-006
  9.273658416936763E-006  1.607680003138694E-005 -3.929959437473941E-005
  4.913772676208753E-006  7.475388254161012E-006  2.586723970116076E-006
  1.249826958112343E-005 -5.921352491149940E-007 -5.582629377062631E-006
 -1.733054132097163E-005  7.106234630296899E-007  3.787825722247721E-005
  3.402463177776398E-005 -2.250485212006462E-006 -2.692753735371798E-005
 -7.150491015559381E-006 -6.496698441058789E-006  1.182152133007196E-006
  8.089099138916926E-007 -1.550902246970061E-006  8.800900902856165E-007
  0.000000000000000E+000  0.000000000000000E+000  0.000000000000000E+000
  0.000000000000000E+000  0.000000000000000E+000  0.000000000000000E+000
  0.000000000000000E+000  0.000000000000000E+000  0.000000000000000E+000
  0.000000000000000E+000  0.000000000000000E+000  0.000000000000000E+000
 -1.294536521362670E-006  1.636066173150543E-007  8.388716015309471E-009
 -1.402398451721804E-007 -4.119078572487031E-006 -2.233229217393106E-006
 -2.938156394886954E-006  5.525463072486329E-006  1.749248893773840E-006
 -4.076909332767129E-007  7.358416496099230E-008  1.628020937491622E-005
  1.053345353581067E-006  1.700129383663544E-006 -9.079019389611650E-006
  8.764684848240796E-006  2.349749248661412E-006  2.764060340605463E-005
  2.554183546987305E-006  3.216547334060482E-006 -7.709287477606583E-005
 -2.720276340656627E-006  9.072872528635249E-006  2.928418625569456E-005
  6.044253542908585E-007  2.060350123121877E-006 -9.143458895508062E-006
  8.285428466982006E-009 -3.733577519528791E-007  1.663850740468704E-005
  6.720218733327084E-006  4.029643942253738E-007  1.176736883279250E-006
 -3.502016473956582E-006 -2.158249556012235E-006 -2.229712759712411E-006
  7.636002130166760E-007 -1.009009153792916E-006 -2.264638587393634E-008
  0.000000000000000E+000  0.000000000000000E+000  0.000000000000000E+000
  0.000000000000000E+000  0.000000000000000E+000  0.000000000000000E+000
  0.000000000000000E+000  0.000000000000000E+000  0.000000000000000E+000
  0.000000000000000E+000  0.000000000000000E+000  0.000000000000000E+000
  0.000000000000000E+000  0.000000000000000E+000  0.000000000000000E+000
  0.000000000000000E+000  0.000000000000000E+000  0.000000000000000E+000
  0.000000000000000E+000  0.000000000000000E+000  0.000000000000000E+000
  0.000000000000000E+000  0.000000000000000E+000  0.000000000000000E+000
  0.000000000000000E+000  0.000000000000000E+000  0.000000000000000E+000
  0.000000000000000E+000  0.000000000000000E+000  0.000000000000000E+000
  0.000000000000000E+000  0.000000000000000E+000  0.000000000000000E+000
  0.000000000000000E+000  0.000000000000000E+000  0.000000000000000E+000
  0.000000000000000E+000  0.000000000000000E+000  0.000000000000000E+000
  0.000000000000000E+000  0.000000000000000E+000  0.000000000000000E+000
  0.000000000000000E+000  0.000000000000000E+000  0.000000000000000E+000
  0.000000000000000E+000  0.000000000000000E+000  0.000000000000000E+000
  0.000000000000000E+000  0.000000000000000E+000  0.000000000000000E+000
  0.000000000000000E+000  0.000000000000000E+000  0.000000000000000E+000
  0.000000000000000E+000  0.000000000000000E+000  0.000000000000000E+000
  0.000000000000000E+000  0.000000000000000E+000  0.000000000000000E+000
  0.000000000000000E+000  0.000000000000000E+000  0.000000000000000E+000
  0.000000000000000E+000  0.000000000000000E+000  0.000000000000000E+000
  0.000000000000000E+000  0.000000000000000E+000  0.000000000000000E+000
  0.000000000000000E+000  0.000000000000000E+000  0.000000000000000E+000
  0.000000000000000E+000  0.000000000000000E+000  0.000000000000000E+000
  0.000000000000000E+000  0.000000000000000E+000  0.000000000000000E+000
  0.000000000000000E+000  0.000000000000000E+000  0.000000000000000E+000
  0.000000000000000E+000  0.000000000000000E+000  0.000000000000000E+000
  0.000000000000000E+000  0.000000000000000E+000  0.000000000000000E+000
  0.000000000000000E+000  0.000000000000000E+000  0.000000000000000E+000
  0.000000000000000E+000  0.000000000000000E+000  0.000000000000000E+000
  0.000000000000000E+000  0.000000000000000E+000  0.000000000000000E+000
  0.000000000000000E+000  0.000000000000000E+000  0.000000000000000E+000
  0.000000000000000E+000  0.000000000000000E+000  0.000000000000000E+000
  0.000000000000000E+000  0.000000000000000E+000  0.000000000000000E+000
  0.000000000000000E+000  0.000000000000000E+000  0.000000000000000E+000
  0.000000000000000E+000  0.000000000000000E+000  0.000000000000000E+000
  0.000000000000000E+000  0.000000000000000E+000  0.000000000000000E+000
 -4.067431141426441E-002  1.850974128840178E-004 -9.666890970046248E-002
 -0.129612139517392       1.818290967569939E-004 -1.943429606216273E-002
  7.592874517607556E-002  7.557820425576554E-003  0.166736136525140     
  2.335615170606172E-002  8.883922049310843E-002 -0.256851120885953     
 -0.184556177770059      -0.685480674749144      -0.298964872533174     
 -2.728923944528806E-002  5.719281643400818E-002 -3.194328374161895E-002
 -0.375917528099009      -0.642496870685476       0.371759843120893     
  0.100576080745244       2.789666097030232E-002 -7.657954514787593E-003
 -0.489536219104216      -0.508188141264240      -0.293506591121341     
  8.765019216177287E-002  9.012387511623780E-002 -0.261744481067752     
 -5.024217584509323E-002  7.003878587316709E-002  0.181615452778981     
  6.072944226152664E-002 -0.114852243499141      -1.551295582010278E-002
  3.289120608586831E-002 -3.041389427319412E-002 -9.937186901394304E-002
  0.000000000000000E+000  0.000000000000000E+000  0.000000000000000E+000
  0.000000000000000E+000  0.000000000000000E+000  0.000000000000000E+000
  0.000000000000000E+000  0.000000000000000E+000  0.000000000000000E+000
  0.000000000000000E+000  0.000000000000000E+000  0.000000000000000E+000
 -5.148015049278101E-002  4.614470831451003E-003 -8.389617149139812E-002
 -0.119553883474929      -2.524795755760480E-002 -4.713234941020337E-002
  8.923652294209751E-002 -4.385999273643109E-003  0.190717573160130     
 -8.173146714792123E-002 -0.111237467730174      -0.258328759005850     
 -9.797503143444011E-002  9.370314054520820E-002 -0.214066862156116     
 -1.469850964723288E-003  0.129898533177222      -5.061907016819177E-002
 -8.389593307948395E-002 -0.162193037481967       0.332656302065805     
  9.710283140403236E-002  5.450518193065438E-002 -2.932775353781009E-002
  0.129108018686735      -4.889518164203287E-002 -0.215897914360413     
 -5.956839107076690E-002 -0.123231914725860      -0.262839026836692     
 -6.161167426032529E-002  8.008618522873641E-002  0.206867473672599     
  2.984834084801727E-002 -0.119950768674562      -4.495306039296257E-002
  4.021204027636055E-002 -3.875463370519434E-002 -8.619495474074522E-002
  0.000000000000000E+000  0.000000000000000E+000  0.000000000000000E+000
  0.000000000000000E+000  0.000000000000000E+000  0.000000000000000E+000
  0.000000000000000E+000  0.000000000000000E+000  0.000000000000000E+000
  0.000000000000000E+000  0.000000000000000E+000  0.000000000000000E+000
 -8.246620476252990E-002 -2.980049455118215E-002 -6.018192299952826E-002
 -9.181151587882963E-002  0.114167139322960      -8.816925939634847E-002
  6.818325663144978E-002 -1.632059749772753E-002  0.251195381679658     
 -5.545845034036501E-002  0.249378275815291      -0.182898952678215     
  2.472731140082017E-002 -3.141250802868315E-002 -0.289934625651755     
  9.101668035266200E-002 -6.804384873815283E-003 -3.932505592562652E-002
  0.178147290070432       0.293831830780486      -0.253701927401038     
 -0.104908428983838       3.702557431877308E-002  2.040349564029032E-002
 -1.643571467631576E-002  2.320275944863105E-002 -0.316605996394902     
  0.235280527523617       7.604564718704943E-002 -0.175948419519329     
 -4.066658681985681E-002  7.145039739738362E-002  0.263466800919270     
  0.133985004582945      -2.612400780181261E-002 -8.660283332857953E-002
  2.198517874485555E-002 -8.590035683406669E-002 -6.226579380769148E-002
  0.000000000000000E+000  0.000000000000000E+000  0.000000000000000E+000
  0.000000000000000E+000  0.000000000000000E+000  0.000000000000000E+000
  0.000000000000000E+000  0.000000000000000E+000  0.000000000000000E+000
  0.000000000000000E+000  0.000000000000000E+000  0.000000000000000E+000
 -6.395837258629931E-002  0.130136430611002      -7.152585084264307E-002
 -0.161498578387234      -0.340547458023415      -4.092094365153755E-002
  5.471874377034922E-002  0.267307956563931       0.115100091714371     
 -2.413180590052637E-002 -0.799894966860560       0.122125793131760     
  6.974576174670820E-002  0.746665724461614      -0.377691851578765     
  0.147289887328453      -0.249351396199666      -2.195401371384071E-002
 -0.267821348828608      -0.459706347312748       0.633288646224407     
 -0.247096947919621       3.224188723863573E-002 -6.823018920174651E-002
  0.584925045346846       0.420029193157834      -0.373758207760646     
 -0.691932289566722      -0.421290018940437       0.119127526458979     
  0.222294987756637       0.208066172333926       0.124264729563742     
 -0.227259641056865      -0.315862358982759      -3.788385612634319E-002
  0.152386972740595       1.148481322602929E-002 -7.402675278504559E-002
  0.000000000000000E+000  0.000000000000000E+000  0.000000000000000E+000
  0.000000000000000E+000  0.000000000000000E+000  0.000000000000000E+000
  0.000000000000000E+000  0.000000000000000E+000  0.000000000000000E+000
  0.000000000000000E+000  0.000000000000000E+000  0.000000000000000E+000
 -0.154462478179231       0.296246608479802      -6.537441341890593E-002
 -8.414865276414055E-002  0.572494487740719      -8.416037267383657E-002
  0.130511569456770      -0.819700231888791       0.235212343903000     
  0.132700226076967      -0.725732911139339       0.421376437370921     
  0.172829316943522       0.199676644134443      -0.139685620894260     
  1.722388761670616E-003 -0.177092715416352       0.263920856549227     
 -1.578251323677344E-002 -3.691001183643443E-002 -0.187593791062293     
 -0.160790902526268      -9.317735977196050E-002  0.257485920703998     
  7.332415648917859E-002  0.241106556408270      -0.139779580762027     
 -0.716100896568654      -0.248875415214495       0.428065808176224     
 -0.830592083211831      -0.304626801166063       0.253893598165529     
  0.560646535502708       0.231597837084358      -8.357697504466752E-002
  0.346600834149977       1.514258814433361E-002 -6.637695301196821E-002
  0.000000000000000E+000  0.000000000000000E+000  0.000000000000000E+000
  0.000000000000000E+000  0.000000000000000E+000  0.000000000000000E+000
  0.000000000000000E+000  0.000000000000000E+000  0.000000000000000E+000
  0.000000000000000E+000  0.000000000000000E+000  0.000000000000000E+000
 -7.350926497780150E-002  0.102575478307488      -5.291632137801905E-002
 -0.458651043591156        1.51722143909687      -0.321897917382079     
  9.841415814001943E-002 -1.360967672621994E-003  5.838834271881062E-002
  2.027178693734715E-003  0.317254006816547      -0.142307562060731     
  0.123135841969603       0.442055721473387      -0.290669268657302     
  0.117087519801562       0.151608148503733      -0.149845188094235     
 -1.351813968813694E-002 -1.837812845957643E-002 -8.468792424069681E-002
  4.043111404013818E-002  0.148145019228719      -0.117827065932758     
  0.394226712834619       0.355933871526064      -0.389420897419535     
  0.322988895987778       0.176509648082329      -0.170578005211325     
 -9.963827800752592E-002  8.180191309927899E-002  8.638501403906600E-002
   1.60611204259033       0.386055946561634      -0.329991157326775     
  0.131164361105813      -1.240512003843273E-002 -5.267212697141033E-002
  0.000000000000000E+000  0.000000000000000E+000  0.000000000000000E+000
  0.000000000000000E+000  0.000000000000000E+000  0.000000000000000E+000
  0.000000000000000E+000  0.000000000000000E+000  0.000000000000000E+000
  0.000000000000000E+000  0.000000000000000E+000  0.000000000000000E+000
 -1.347751212683635E-002  0.101111293055383      -5.172148218142099E-003
  0.169763426380546      -0.204227822766727       5.516416524889765E-002
  0.286035787644002      -0.748512128582575       0.505985163857640     
 -3.306961949001441E-002  0.607384611574423      -0.376335139140883     
  0.125573927242321      -0.661604578680764       0.921786435433567     
 -9.132704042919709E-002  4.138850772145668E-002  0.353473152349408     
  0.101683603108699       0.182312738072150      -0.652887029922580     
  6.177074443051039E-002 -6.932977972178958E-002  0.385671371304157     
 -0.731256754857511      -0.275060855471209        1.02636741500795     
  0.569343940102131       0.277766106384687      -0.398011362419206     
 -0.818432851551774      -0.128303397020777       0.533463087193546     
 -0.252341124613122       5.843539289918782E-002  6.116056872008120E-002
  9.776871594168757E-002  3.998095362912180E-002 -3.649964014035458E-003
  0.000000000000000E+000  0.000000000000000E+000  0.000000000000000E+000
  0.000000000000000E+000  0.000000000000000E+000  0.000000000000000E+000
  0.000000000000000E+000  0.000000000000000E+000  0.000000000000000E+000
  0.000000000000000E+000  0.000000000000000E+000  0.000000000000000E+000
  1.792077891416626E-002 -2.172442780176535E-002 -6.893965302797750E-002
  0.390016485181534      -0.688624604584143       0.400955378931051     
 -0.113654817163113       0.523253984144022      -0.150158284933056     
 -8.505413410344577E-002  0.114324759955534      -7.440417602902166E-002
 -5.035612600922245E-002  0.451390717994634      -5.769109208172690E-002
  2.073479337828135E-002  0.153519023044515      -0.305866590347942     
 -0.276835484510890      -0.444195565687850        1.64179411983961     
  0.180374671656841       0.140437366754394      -0.482966552695011     
  0.402524902978637       0.169599841158076      -1.947921369975572E-002
  0.200554218217454      -1.570986753194590E-002 -0.138628087289498     
  0.537262521663112       0.168665807537691      -0.142781559997070     
 -0.813085403095891      -9.686950938933829E-004  0.421692110408649     
 -2.807956939527283E-002  4.681668083573936E-003 -6.898154889348491E-002
  0.000000000000000E+000  0.000000000000000E+000  0.000000000000000E+000
  0.000000000000000E+000  0.000000000000000E+000  0.000000000000000E+000
  0.000000000000000E+000  0.000000000000000E+000  0.000000000000000E+000
  0.000000000000000E+000  0.000000000000000E+000  0.000000000000000E+000
  3.682349437788755E-002 -4.275725555208205E-002  1.066941766169936E-002
 -2.975318547108590E-002  9.539356837924098E-002  7.886497325444826E-002
 -0.509587777924201       0.767093144199485      -0.804093382769703     
  0.373343500826844      -0.550310639959300        1.26325520819322     
 -0.380223627107877       0.787405103412001       -1.27241997999583     
 -6.076600937831821E-002  6.721483309884198E-002  0.340505273897594     
  0.275723688710621       0.457477367835152       -2.21813232675158     
  4.231911259202455E-002 -2.808911654911373E-002  0.489714314307180     
  0.870223916960176       7.150628059441261E-002  -1.29187054706733     
 -0.648449559988090       3.519301164922110E-002   1.26540978378690     
  0.918523279639226      -4.991821794592954E-002 -0.791029907185390     
  8.685915711430786E-002  2.752435795124953E-002  9.574895974220744E-002
 -5.533789752235722E-002  1.047552269706932E-002  1.132124057696890E-002
  0.000000000000000E+000  0.000000000000000E+000  0.000000000000000E+000
  0.000000000000000E+000  0.000000000000000E+000  0.000000000000000E+000
  0.000000000000000E+000  0.000000000000000E+000  0.000000000000000E+000
  0.000000000000000E+000  0.000000000000000E+000  0.000000000000000E+000
  6.809351613379679E-003 -1.093322712377355E-002  2.720992934911283E-002
  1.526578361406899E-002  6.104229916181453E-002 -5.735939200704610E-002
 -0.125809537672600       0.147895922451329       3.758489797127506E-002
  0.224956906651532      -0.153197294441593       0.620981464976187     
  3.746217921787109E-003  1.848388157805771E-002 -2.299253844293984E-002
  0.254417876279291       2.365147636563134E-002   1.30135553454221     
 -5.891603077570113E-002 -9.171839323497050E-002 -0.369948862969542     
 -9.037913551039212E-002  0.238196173462273        1.23842567807591     
  4.496144096894005E-002  5.014344509665676E-003 -7.065024808601887E-002
 -0.290181867231784       0.131168190086238       0.703518435951072     
  0.177175754906632      -3.646202854957326E-002  5.908886782059104E-002
  5.133133914879508E-002  4.418841088176048E-002 -5.523034185941131E-002
 -1.405464718580957E-002  1.274509627715380E-003  2.978015455497275E-002
  0.000000000000000E+000  0.000000000000000E+000  0.000000000000000E+000
  0.000000000000000E+000  0.000000000000000E+000  0.000000000000000E+000
  0.000000000000000E+000  0.000000000000000E+000  0.000000000000000E+000
  0.000000000000000E+000  0.000000000000000E+000  0.000000000000000E+000
  0.000000000000000E+000  0.000000000000000E+000  0.000000000000000E+000
  0.000000000000000E+000  0.000000000000000E+000  0.000000000000000E+000
  0.000000000000000E+000  0.000000000000000E+000  0.000000000000000E+000
  0.000000000000000E+000  0.000000000000000E+000  0.000000000000000E+000
  0.000000000000000E+000  0.000000000000000E+000  0.000000000000000E+000
  0.000000000000000E+000  0.000000000000000E+000  0.000000000000000E+000
  0.000000000000000E+000  0.000000000000000E+000  0.000000000000000E+000
  0.000000000000000E+000  0.000000000000000E+000  0.000000000000000E+000
  0.000000000000000E+000  0.000000000000000E+000  0.000000000000000E+000
  0.000000000000000E+000  0.000000000000000E+000  0.000000000000000E+000
  0.000000000000000E+000  0.000000000000000E+000  0.000000000000000E+000
  0.000000000000000E+000  0.000000000000000E+000  0.000000000000000E+000
  0.000000000000000E+000  0.000000000000000E+000  0.000000000000000E+000
  0.000000000000000E+000  0.000000000000000E+000  0.000000000000000E+000
  0.000000000000000E+000  0.000000000000000E+000  0.000000000000000E+000
  0.000000000000000E+000  0.000000000000000E+000  0.000000000000000E+000
  0.000000000000000E+000  0.000000000000000E+000  0.000000000000000E+000
  0.000000000000000E+000  0.000000000000000E+000  0.000000000000000E+000
  0.000000000000000E+000  0.000000000000000E+000  0.000000000000000E+000
  0.000000000000000E+000  0.000000000000000E+000  0.000000000000000E+000
  0.000000000000000E+000  0.000000000000000E+000  0.000000000000000E+000
  0.000000000000000E+000  0.000000000000000E+000  0.000000000000000E+000
  0.000000000000000E+000  0.000000000000000E+000  0.000000000000000E+000
  0.000000000000000E+000  0.000000000000000E+000  0.000000000000000E+000
  0.000000000000000E+000  0.000000000000000E+000  0.000000000000000E+000
  0.000000000000000E+000  0.000000000000000E+000  0.000000000000000E+000
  0.000000000000000E+000  0.000000000000000E+000  0.000000000000000E+000
  0.000000000000000E+000  0.000000000000000E+000  0.000000000000000E+000
  0.000000000000000E+000  0.000000000000000E+000  0.000000000000000E+000
  0.000000000000000E+000  0.000000000000000E+000  0.000000000000000E+000
  0.000000000000000E+000  0.000000000000000E+000  0.000000000000000E+000
  0.000000000000000E+000  0.000000000000000E+000  0.000000000000000E+000
