         140  1.399999999999997E-002  1.399999999999997E-002
  0.000000000000000E+000  0.000000000000000E+000  0.000000000000000E+000
  0.000000000000000E+000  0.000000000000000E+000  0.000000000000000E+000
  2.176875618277433E-002  3.027937892947677E-002 -4.249374781822696E-002
  1.674367233125199E-002  8.494482805710685E-002 -7.348133301615747E-002
  2.148446245250108E-002  0.106078023984395      -0.105299856903626     
  2.285112526974877E-002  0.125530790960854      -0.124512646575185     
  2.653896325285255E-002  0.108131051414722      -0.130569762401887     
  3.053959720520490E-002  8.165072023565725E-002 -0.126661851110491     
  3.782679663818878E-002  6.555625940768471E-002 -0.124091950774348     
  5.540094773480277E-002  6.727452093432243E-002 -0.126671002270483     
  8.031771503292479E-002  7.706011541692664E-002 -0.130582851432901     
  9.721173785552407E-002  8.256790578697706E-002 -0.124513991436234     
  8.106600496133895E-002  7.166703873651618E-002 -0.105323861786169     
  6.511125384884313E-002  5.697300111424333E-002 -7.347876304522191E-002
  1.539795863942445E-002  3.404219027733153E-002 -4.254322882444104E-002
  0.000000000000000E+000  0.000000000000000E+000  0.000000000000000E+000
  0.000000000000000E+000  0.000000000000000E+000  0.000000000000000E+000
  0.000000000000000E+000  0.000000000000000E+000  0.000000000000000E+000
  0.000000000000000E+000  0.000000000000000E+000  0.000000000000000E+000
  1.965218287306823E-002  2.760748921998488E-002 -3.788546326723180E-002
  1.514887619559839E-002  8.189213871966167E-002 -7.143400740857611E-002
  1.823365420205446E-002  0.106022037965957      -0.101830398525987     
  2.047614282344568E-002  0.119939540677117      -0.122953244562902     
  2.620779465208851E-002  0.102065621233782      -0.128852708766655     
  3.116899471687776E-002  7.668034490663357E-002 -0.125238100417307     
  3.648536727176913E-002  6.323390048746891E-002 -0.121900067143434     
  5.078675262503057E-002  6.534357434563688E-002 -0.125255730913026     
  7.524012757978919E-002  7.374276097910570E-002 -0.128870335986411     
  9.355600886736155E-002  7.771274868871779E-002 -0.122955286046092     
  8.263904230489459E-002  6.881632849383441E-002 -0.101845692639433     
  6.327398227078716E-002  5.406295670429647E-002 -7.142967094943713E-002
  1.413897865968077E-002  3.086505089571261E-002 -3.792596126304128E-002
  0.000000000000000E+000  0.000000000000000E+000  0.000000000000000E+000
  0.000000000000000E+000  0.000000000000000E+000  0.000000000000000E+000
  0.000000000000000E+000  0.000000000000000E+000  0.000000000000000E+000
  0.000000000000000E+000  0.000000000000000E+000  0.000000000000000E+000
  1.609796126374998E-002  2.081194063201449E-002 -3.010392088021050E-002
  1.304049590270919E-002  7.794593206231695E-002 -6.645554394500935E-002
  1.310427438214153E-002  0.104955386503556      -9.650523706968327E-002
  1.773412438535545E-002  0.111782973241597      -0.117988546315790     
  2.389438683477407E-002  9.264625701884426E-002 -0.123958943723160     
  2.911458758000419E-002  6.888966295008657E-002 -0.120839333025571     
  3.301694603126606E-002  5.722397747605859E-002 -0.118309050309601     
  4.507663623248782E-002  5.968937275002537E-002 -0.120871383047482     
  6.824923119135287E-002  6.703759140573352E-002 -0.123988110934457     
  8.786684218941224E-002  7.125372717578213E-002 -0.117988599053017     
  8.427112260584201E-002  6.383196426585740E-002 -9.650780950215120E-002
  6.092585712128161E-002  5.025497947192040E-002 -6.644179680030143E-002
  1.002379357516936E-002  2.438185546760868E-002 -3.013295539187576E-002
  0.000000000000000E+000  0.000000000000000E+000  0.000000000000000E+000
  0.000000000000000E+000  0.000000000000000E+000  0.000000000000000E+000
  0.000000000000000E+000  0.000000000000000E+000  0.000000000000000E+000
  0.000000000000000E+000  0.000000000000000E+000  0.000000000000000E+000
  1.663696100939773E-002  7.798078849256746E-003 -2.249172032468239E-002
  8.209304384840738E-003  7.364692700512732E-002 -5.768416841695898E-002
  1.148320078086528E-002  0.101234566300875      -8.989726306837144E-002
  1.298060692974326E-002  0.102775735049196      -0.109848565433204     
  2.020170121866338E-002  8.349615289866877E-002 -0.115679842965230     
  2.426474488354267E-002  5.990103564398525E-002 -0.112547463453628     
  2.840726160816942E-002  4.923309382069345E-002 -0.110244447822861     
  3.975280839344934E-002  5.103017610451144E-002 -0.112613690079902     
  6.218876714377712E-002  5.927902529116743E-002 -0.115727511545131     
  8.244327101735224E-002  6.263425730765050E-002 -0.109846433644748     
  8.185240895914409E-002  6.055470091690286E-002 -8.988109688010869E-002
  5.961906878193306E-002  4.390947223556479E-002 -5.765480491405137E-002
 -1.519809630724736E-003  1.833631511905242E-002 -2.251241345808125E-002
  0.000000000000000E+000  0.000000000000000E+000  0.000000000000000E+000
  0.000000000000000E+000  0.000000000000000E+000  0.000000000000000E+000
  0.000000000000000E+000  0.000000000000000E+000  0.000000000000000E+000
  0.000000000000000E+000  0.000000000000000E+000  0.000000000000000E+000
  9.582257640545154E-003 -5.075608567200223E-003 -1.415565260089052E-002
  1.216775606823577E-002  7.198447006069009E-002 -5.176907227213524E-002
  7.354487578658988E-003  9.206368078567148E-002 -8.186807194666405E-002
  1.092194361526286E-002  9.570420561579600E-002 -0.101571577296727     
  1.585840665910284E-002  7.587859020854716E-002 -0.107208638523774     
  2.041228681083982E-002  5.413147407567152E-002 -0.103857160235545     
  2.504429065969144E-002  4.340156222435910E-002 -0.101565426255996     
  3.673892542813719E-002  4.485152045815418E-002 -0.103984994756193     
  5.779413112818078E-002  5.172937089557424E-002 -0.107285325827504     
  7.734794482770660E-002  5.732340374507480E-002 -0.101570331986871     
  7.597291182419623E-002  5.238996452092706E-002 -8.183450372378547E-002
  5.620007833195201E-002  4.649069623342899E-002 -5.172795266019634E-002
 -9.152622673281076E-003  5.797204037953513E-003 -1.417340431436656E-002
  0.000000000000000E+000  0.000000000000000E+000  0.000000000000000E+000
  0.000000000000000E+000  0.000000000000000E+000  0.000000000000000E+000
  0.000000000000000E+000  0.000000000000000E+000  0.000000000000000E+000
  0.000000000000000E+000  0.000000000000000E+000  0.000000000000000E+000
  1.153736099340135E-002 -6.674362687310843E-003 -1.251063049455169E-002
  1.111714259673113E-002  6.325484250007185E-002 -4.367823162502475E-002
  6.826483180237607E-003  8.086659604081445E-002 -7.272797066093929E-002
  8.699167914065343E-003  8.635819159104642E-002 -9.190975964117526E-002
  1.225586067595488E-002  6.877733680514397E-002 -9.775280200844105E-002
  1.724634639744942E-002  4.986779963324716E-002 -9.513074676133530E-002
  2.272708018525147E-002  3.937393152117642E-002 -9.296439613629276E-002
  3.469341778866423E-002  4.001712967067878E-002 -9.534625614954102E-002
  5.348300867100946E-002  4.508905694718069E-002 -9.787516680562700E-002
  7.036884275106334E-002  5.073263284933680E-002 -9.191322617800247E-002
  6.655527763037360E-002  4.634638632315111E-002 -7.268741666682166E-002
  4.916023524872550E-002  4.119493401577816E-002 -4.362862784944056E-002
 -1.151655523144508E-002  6.695335286298710E-003 -1.251806346903116E-002
  0.000000000000000E+000  0.000000000000000E+000  0.000000000000000E+000
  0.000000000000000E+000  0.000000000000000E+000  0.000000000000000E+000
  0.000000000000000E+000  0.000000000000000E+000  0.000000000000000E+000
  0.000000000000000E+000  0.000000000000000E+000  0.000000000000000E+000
  8.738124366424486E-003 -4.101157388598253E-003 -7.735501625997636E-003
  1.218226591248747E-002  4.814094581722591E-002 -3.614791047653661E-002
  5.960158456141518E-003  6.709254414752652E-002 -6.027621134674516E-002
  6.920609473957081E-003  7.247519630803816E-002 -7.901552204785540E-002
  9.396114832221011E-003  5.986265515894643E-002 -8.556537151700498E-002
  1.406824118606307E-002  4.448642764971696E-002 -8.469875292038143E-002
  2.043985246887455E-002  3.539461727561519E-002 -8.327739397537506E-002
  3.167634132299763E-002  3.460477491295447E-002 -8.501027891362317E-002
  4.721960915705740E-002  3.817026651671132E-002 -8.573237119293205E-002
  5.925298103102945E-002  4.226703831054542E-002 -7.903484310201635E-002
  5.508009113031392E-002  3.871332367527869E-002 -6.023612354257894E-002
  3.554203344261371E-002  3.455978590494593E-002 -3.609900265457174E-002
 -7.898002770128462E-003  5.544616479523783E-003 -7.728848736454305E-003
  0.000000000000000E+000  0.000000000000000E+000  0.000000000000000E+000
  0.000000000000000E+000  0.000000000000000E+000  0.000000000000000E+000
  0.000000000000000E+000  0.000000000000000E+000  0.000000000000000E+000
  0.000000000000000E+000  0.000000000000000E+000  0.000000000000000E+000
  8.211271120810413E-003 -5.090919049741838E-003 -7.676088826899775E-003
  1.046714286915975E-002  3.315858295899825E-002 -2.469593370701822E-002
  5.629398630503854E-003  4.730172264051639E-002 -4.486248312047445E-002
  6.141210867080828E-003  5.454344145924350E-002 -6.061681189883120E-002
  6.691910470991177E-003  4.645834404413676E-002 -6.816897621064576E-002
  1.091367939602400E-002  3.634762165617964E-002 -6.933366818125232E-002
  1.676283640686322E-002  2.899189747697566E-002 -6.921899439308689E-002
  2.622736976038114E-002  2.781482925829828E-002 -6.970929545797028E-002
  3.696459693136780E-002  2.913290069212054E-002 -6.835829540082958E-002
  4.413023026727991E-002  3.262310522201144E-002 -6.064812657693790E-002
  3.814242934838111E-002  2.854832869074420E-002 -4.483680422866253E-002
  2.342759440608478E-002  2.556757154254695E-002 -2.464987015207242E-002
 -8.497836711470802E-003  4.600075721733032E-003 -7.655972996369278E-003
  0.000000000000000E+000  0.000000000000000E+000  0.000000000000000E+000
  0.000000000000000E+000  0.000000000000000E+000  0.000000000000000E+000
  0.000000000000000E+000  0.000000000000000E+000  0.000000000000000E+000
  0.000000000000000E+000  0.000000000000000E+000  0.000000000000000E+000
  5.435451478262236E-003 -3.910899893642108E-003 -3.693377838432365E-003
  6.596311789782495E-003  1.663043707207369E-002 -1.373431432827428E-002
  5.704123671849786E-003  2.591172806564170E-002 -2.539733807187153E-002
  4.603731311785753E-003  3.195772173550337E-002 -3.676773733356782E-002
  4.576238068137181E-003  2.891021053195165E-002 -4.328224303951748E-002
  6.837969099676936E-003  2.352212270501295E-002 -4.593603106331907E-002
  1.110760628326696E-002  1.917763739600710E-002 -4.682401537860618E-002
  1.712564549257019E-002  1.783566958382108E-002 -4.628422263944180E-002
  2.279877280487654E-002  1.850263472551245E-002 -4.344296547927005E-002
  2.535723439880749E-002  1.998401952039595E-002 -3.678446201517142E-002
  1.959495900325579E-002  1.791724104001563E-002 -2.540289537985651E-002
  1.108731287600246E-002  1.397584251534029E-002 -1.368907532588346E-002
 -6.118121225589203E-003  2.758205579498980E-003 -3.690607672500216E-003
  0.000000000000000E+000  0.000000000000000E+000  0.000000000000000E+000
  0.000000000000000E+000  0.000000000000000E+000  0.000000000000000E+000
  0.000000000000000E+000  0.000000000000000E+000  0.000000000000000E+000
  0.000000000000000E+000  0.000000000000000E+000  0.000000000000000E+000
  1.403969916266521E-003 -3.032191176259835E-003 -1.624316381980084E-003
  3.453816071015380E-003  3.855899270646957E-003 -3.992909906533641E-003
  3.624275063203516E-003  4.868615885492667E-003 -6.454240771919266E-003
  3.867650138473302E-003  9.350847943254869E-003 -1.056398333170890E-002
  3.029566572524279E-003  8.873434963153751E-003 -1.271330056134488E-002
  3.310446709265894E-003  8.518666387406518E-003 -1.483268552771381E-002
  4.201197315946250E-003  7.214774266814063E-003 -1.543027212594261E-002
  5.804845995019350E-003  7.244159344750415E-003 -1.499644456231967E-002
  6.176927809370785E-003  7.110334264294286E-003 -1.276599157868357E-002
  6.167745385622959E-003  8.018025320729960E-003 -1.056443303894736E-002
  2.416299741918003E-003  5.574163181583247E-003 -6.453704222195801E-003
  1.620994741923356E-003  4.904908826676163E-003 -3.988692465053013E-003
 -3.329722835236377E-003 -3.025688993567290E-004 -1.609681058883496E-003
  0.000000000000000E+000  0.000000000000000E+000  0.000000000000000E+000
  0.000000000000000E+000  0.000000000000000E+000  0.000000000000000E+000
  0.000000000000000E+000  0.000000000000000E+000  0.000000000000000E+000
  0.000000000000000E+000  0.000000000000000E+000  0.000000000000000E+000
  0.000000000000000E+000  0.000000000000000E+000  0.000000000000000E+000
  0.000000000000000E+000  0.000000000000000E+000  0.000000000000000E+000
  0.000000000000000E+000  0.000000000000000E+000  0.000000000000000E+000
  0.000000000000000E+000  0.000000000000000E+000  0.000000000000000E+000
  0.000000000000000E+000  0.000000000000000E+000  0.000000000000000E+000
  0.000000000000000E+000  0.000000000000000E+000  0.000000000000000E+000
  0.000000000000000E+000  0.000000000000000E+000  0.000000000000000E+000
  0.000000000000000E+000  0.000000000000000E+000  0.000000000000000E+000
  0.000000000000000E+000  0.000000000000000E+000  0.000000000000000E+000
  0.000000000000000E+000  0.000000000000000E+000  0.000000000000000E+000
  0.000000000000000E+000  0.000000000000000E+000  0.000000000000000E+000
  0.000000000000000E+000  0.000000000000000E+000  0.000000000000000E+000
  0.000000000000000E+000  0.000000000000000E+000  0.000000000000000E+000
  0.000000000000000E+000  0.000000000000000E+000  0.000000000000000E+000
  0.000000000000000E+000  0.000000000000000E+000  0.000000000000000E+000
  0.000000000000000E+000  0.000000000000000E+000  0.000000000000000E+000
  0.000000000000000E+000  0.000000000000000E+000  0.000000000000000E+000
  0.000000000000000E+000  0.000000000000000E+000  0.000000000000000E+000
  0.000000000000000E+000  0.000000000000000E+000  0.000000000000000E+000
  0.000000000000000E+000  0.000000000000000E+000  0.000000000000000E+000
  0.000000000000000E+000  0.000000000000000E+000  0.000000000000000E+000
  0.000000000000000E+000  0.000000000000000E+000  0.000000000000000E+000
  0.000000000000000E+000  0.000000000000000E+000  0.000000000000000E+000
  0.000000000000000E+000  0.000000000000000E+000  0.000000000000000E+000
  0.000000000000000E+000  0.000000000000000E+000  0.000000000000000E+000
  0.000000000000000E+000  0.000000000000000E+000  0.000000000000000E+000
  0.000000000000000E+000  0.000000000000000E+000  0.000000000000000E+000
  0.000000000000000E+000  0.000000000000000E+000  0.000000000000000E+000
  0.000000000000000E+000  0.000000000000000E+000  0.000000000000000E+000
  0.000000000000000E+000  0.000000000000000E+000  0.000000000000000E+000
  0.000000000000000E+000  0.000000000000000E+000  0.000000000000000E+000
  0.000000000000000E+000  0.000000000000000E+000  0.000000000000000E+000
  0.000000000000000E+000  0.000000000000000E+000  0.000000000000000E+000
  0.000000000000000E+000  0.000000000000000E+000  0.000000000000000E+000
  2.260693138910130E-002  1.279070430406961E-002 -7.165516745642884E-002
  1.423260017316741E-002  5.550066604155799E-003 -0.114449822582868     
  5.529923262214541E-003 -8.932279417196976E-003 -0.160603497420535     
 -1.338375038464925E-002  4.711174899133306E-002 -0.186422631660920     
 -6.482003393250440E-003  0.125519882184099      -0.204424495819919     
  2.491494912848438E-002  0.144173698718701      -0.180427674248017     
  6.482054652418813E-002  0.112635584368635      -0.154547260983651     
  0.111477375975933       9.248000061751840E-002 -0.179196662376205     
  0.112337245264299       5.681175469972193E-002 -0.203838348994338     
  4.991304828337141E-002  1.272668147812882E-002 -0.186988935244042     
 -9.262576281790693E-003  5.051369847304928E-004 -0.161157424309892     
 -2.287501544268473E-003  1.509410241686441E-002 -0.114585160645220     
 -1.748635371464524E-004  2.602288150498138E-002 -7.167596810107153E-002
  0.000000000000000E+000  0.000000000000000E+000  0.000000000000000E+000
  0.000000000000000E+000  0.000000000000000E+000  0.000000000000000E+000
  0.000000000000000E+000  0.000000000000000E+000  0.000000000000000E+000
  0.000000000000000E+000  0.000000000000000E+000  0.000000000000000E+000
  1.808273464786041E-002  1.092342972008955E-002 -6.359867198688834E-002
  9.388707118339574E-003  7.454233298158663E-003 -0.112058561012514     
 -1.837550059903372E-003  4.987643334809994E-003 -0.157900233301376     
 -1.622219126551287E-002  6.110066655484424E-002 -0.190130891802727     
 -1.074304044070742E-003  0.129217286612122      -0.205352443585550     
  3.440290085026784E-002  0.131046531427878      -0.175922790544475     
  5.910161597443155E-002  0.102352316068718      -0.146488301202140     
  9.556368099070026E-002  9.435322122547644E-002 -0.174673329273680     
  0.112621774720861       6.344695081753463E-002 -0.204746836305766     
  6.323872058466477E-002  1.722897972742322E-002 -0.190723381652446     
  6.870919920901867E-003  1.254183471644558E-003 -0.158500216638606     
  2.056628321047254E-003  1.190104821112156E-002 -0.112218660340165     
  4.492884131579103E-004  2.116361376705019E-002 -6.360619809384307E-002
  0.000000000000000E+000  0.000000000000000E+000  0.000000000000000E+000
  0.000000000000000E+000  0.000000000000000E+000  0.000000000000000E+000
  0.000000000000000E+000  0.000000000000000E+000  0.000000000000000E+000
  0.000000000000000E+000  0.000000000000000E+000  0.000000000000000E+000
  1.289124472449327E-002  6.754867858031727E-003 -5.195396362762940E-002
  1.550809145094972E-003  1.295758089092513E-002 -0.105514787609858     
 -1.229943182224891E-002  2.909829344273244E-002 -0.155832772411355     
 -1.627367848375579E-002  8.663540440881955E-002 -0.196284832628679     
  9.752674736738035E-003  0.137709374880781      -0.205727995777038     
  3.850901806410317E-002  0.115382708406378      -0.166064251029541     
  4.807973194226955E-002  8.293975523994525E-002 -0.135712643480158     
  8.022946579114575E-002  9.018383285442742E-002 -0.164890525928390     
  0.114441548304793       7.707001844356345E-002 -0.205031674786881     
  8.518528413431134E-002  2.997397645340459E-002 -0.196893758886507     
  3.369731910513771E-002  4.576835101808062E-003 -0.156580961402233     
  1.123348512168684E-002  7.987536232115589E-003 -0.105727545885613     
 -6.077897737449858E-004  1.456756355146831E-002 -5.194491597766609E-002
  0.000000000000000E+000  0.000000000000000E+000  0.000000000000000E+000
  0.000000000000000E+000  0.000000000000000E+000  0.000000000000000E+000
  0.000000000000000E+000  0.000000000000000E+000  0.000000000000000E+000
  0.000000000000000E+000  0.000000000000000E+000  0.000000000000000E+000
  1.165043291115008E-002 -7.855188129860997E-004 -4.165916597880491E-002
 -6.235732048989305E-003  2.191063338159012E-002 -9.520431953565880E-002
 -1.740615874469333E-002  5.407168841556331E-002 -0.153761072265300     
 -1.411941141868819E-002  0.109254452698574      -0.200159328330132     
  1.462659458393557E-002  0.129065517131638      -0.200647972635630     
  3.137259611809159E-002  7.665780292895610E-002 -0.142174270220957     
  2.564894012140688E-002  4.374444352936624E-002 -0.103222062141193     
  5.098964636530636E-002  6.496395325869535E-002 -0.141325573505354     
  0.104933197012579       7.703319035055746E-002 -0.200090787781304     
  0.103521264826411       4.299352392508807E-002 -0.200738313350014     
  5.799495969963438E-002  1.270849417050143E-002 -0.154578324844502     
  2.317030606084913E-002  5.801852261380342E-003 -9.539656236845434E-002
 -6.543123013947954E-003  9.715577797707743E-003 -4.167590933771412E-002
  0.000000000000000E+000  0.000000000000000E+000  0.000000000000000E+000
  0.000000000000000E+000  0.000000000000000E+000  0.000000000000000E+000
  0.000000000000000E+000  0.000000000000000E+000  0.000000000000000E+000
  0.000000000000000E+000  0.000000000000000E+000  0.000000000000000E+000
  8.014526269327341E-003 -7.359491411358614E-003 -3.226654689535954E-002
 -5.913349622867359E-003  3.232636956710026E-002 -8.770160463007062E-002
 -1.979416328358033E-002  7.281126953463039E-002 -0.150993384501810     
 -8.202588951178327E-003  0.100885770076655      -0.190961285190529     
  1.484305108889219E-002  9.109033884695222E-002 -0.178265069958867     
  2.685383263587814E-002  5.342322589217194E-002 -0.121251977992206     
  2.034287889138552E-002  3.431144247288637E-002 -8.805401886817354E-002
  3.356491033151712E-002  4.950833719234974E-002 -0.120670844821890     
  7.289068608487891E-002  5.859774843822085E-002 -0.178400100720512     
  9.317809098862530E-002  4.372565508225494E-002 -0.191514593973803     
  7.456161825640760E-002  1.967496521781230E-002 -0.151500838798908     
  3.182165925345500E-002  1.125731628387020E-002 -8.780843870853718E-002
 -1.039797228415544E-002  3.245838226174077E-003 -3.226911922491930E-002
  0.000000000000000E+000  0.000000000000000E+000  0.000000000000000E+000
  0.000000000000000E+000  0.000000000000000E+000  0.000000000000000E+000
  0.000000000000000E+000  0.000000000000000E+000  0.000000000000000E+000
  0.000000000000000E+000  0.000000000000000E+000  0.000000000000000E+000
  9.665413437030651E-003 -1.021118966952546E-002 -2.832228220984733E-002
 -5.791385263913447E-003  3.981652433550487E-002 -7.863993529638127E-002
 -1.704056062353957E-002  8.563116569154457E-002 -0.148179054201946     
 -9.320251093504876E-004  8.005478535836164E-002 -0.172010664584805     
  1.614831750661094E-002  7.739676487188710E-002 -0.167459458442417     
  3.309223028294520E-002  7.800381664873453E-002 -0.146655420212834     
  3.570321560845150E-002  6.083733202902795E-002 -0.122009586073901     
  5.118086921019024E-002  6.671843869791133E-002 -0.145327857613264     
  6.075546841748011E-002  5.303246291658652E-002 -0.168263225490312     
  7.153553657508431E-002  3.954339360819809E-002 -0.172716832107887     
  8.310277007081389E-002  2.804912231617303E-002 -0.148126158574933     
  3.773604799010593E-002  1.496645487895843E-002 -7.855327193773440E-002
 -1.364675519009347E-002  3.210387609386592E-003 -2.839194931273537E-002
  0.000000000000000E+000  0.000000000000000E+000  0.000000000000000E+000
  0.000000000000000E+000  0.000000000000000E+000  0.000000000000000E+000
  0.000000000000000E+000  0.000000000000000E+000  0.000000000000000E+000
  0.000000000000000E+000  0.000000000000000E+000  0.000000000000000E+000
  7.672941992379987E-003 -8.651315823669218E-003 -2.029847782421666E-002
 -9.725018763278545E-004  3.861830854278553E-002 -6.920252950390576E-002
 -1.258285877832847E-002  8.778103348538142E-002 -0.137803999146215     
  3.700401411547020E-003  7.038761518481328E-002 -0.155207504939422     
  1.470234260847017E-002  0.106388478782752      -0.194571594055900     
  3.889039686647084E-002  0.108994990692396      -0.193059714297047     
  3.872302511741877E-002  6.638938702355526E-002 -0.132418736444273     
  7.457377535512742E-002  8.719367698895333E-002 -0.191175799695433     
  8.590975744914657E-002  6.607520941927532E-002 -0.195305019425662     
  6.076324140172917E-002  3.874706193906119E-002 -0.156179388679794     
  8.208556128806566E-002  3.277623247544609E-002 -0.137310728071959     
  3.372795644261638E-002  1.835246326211936E-002 -6.897409761947901E-002
 -1.124798680103549E-002  2.259214069095399E-003 -2.034586661351187E-002
  0.000000000000000E+000  0.000000000000000E+000  0.000000000000000E+000
  0.000000000000000E+000  0.000000000000000E+000  0.000000000000000E+000
  0.000000000000000E+000  0.000000000000000E+000  0.000000000000000E+000
  0.000000000000000E+000  0.000000000000000E+000  0.000000000000000E+000
  6.274074409658631E-003 -8.700893484686625E-003 -1.651706322092719E-002
  4.587247297848865E-003  2.969698452473042E-002 -5.288562910201479E-002
 -4.594237972784178E-003  7.067451029885737E-002 -0.113828479681755     
  6.069576537774493E-003  6.778211694739904E-002 -0.136685311335275     
  8.756255744869740E-003  0.131308284935327      -0.224574029149139     
  3.345352156239211E-002  9.443176736026190E-002 -0.184040004971086     
  1.285403374206818E-002  2.222018671465513E-002 -4.079131940370893E-002
  6.518548923660719E-002  7.609400904122794E-002 -0.183654463507290     
  0.109575949441067       7.329088230271009E-002 -0.225027859463933     
  5.681533188808911E-002  3.946721489670030E-002 -0.137578465495341     
  6.321016500538830E-002  3.117109283386833E-002 -0.113452189289513     
  2.316435845794705E-002  1.858535756898316E-002 -5.232002381734929E-002
 -1.076908244833196E-002  9.901345928136187E-004 -1.693884975395539E-002
  0.000000000000000E+000  0.000000000000000E+000  0.000000000000000E+000
  0.000000000000000E+000  0.000000000000000E+000  0.000000000000000E+000
  0.000000000000000E+000  0.000000000000000E+000  0.000000000000000E+000
  0.000000000000000E+000  0.000000000000000E+000  0.000000000000000E+000
  3.821227105683999E-003 -8.823136710570828E-003 -1.151460234348631E-002
  6.860956452173534E-003  1.621891115452090E-002 -3.090952696167319E-002
  5.252215059594554E-003  3.806474082176890E-002 -6.989686847251619E-002
  7.154832510665390E-003  5.217612167328082E-002 -9.690214399224736E-002
  4.540645922035597E-003  0.104264735781577      -0.187270515410339     
  2.116959775126320E-002  4.471381104326733E-002 -0.103073170528245     
 -9.754225410322146E-003 -1.622593497671056E-002  7.709374796788956E-002
  2.900577836541313E-002  4.125686983545029E-002 -0.104819269085143     
  8.799457777684563E-002  5.624989726820428E-002 -0.187853142629938     
  4.201446308046010E-002  3.242891389034183E-002 -9.736651101686597E-002
  3.028074158930644E-002  2.354732049780849E-002 -6.967662434618127E-002
  1.040581880457605E-002  1.379024401344050E-002 -3.069465422971656E-002
 -9.472791132335083E-003 -1.120545898495085E-003 -1.145048296215331E-002
  0.000000000000000E+000  0.000000000000000E+000  0.000000000000000E+000
  0.000000000000000E+000  0.000000000000000E+000  0.000000000000000E+000
  0.000000000000000E+000  0.000000000000000E+000  0.000000000000000E+000
  0.000000000000000E+000  0.000000000000000E+000  0.000000000000000E+000
 -4.331021482316646E-004 -4.202959090581410E-003 -5.707191971714909E-003
  5.846989556459693E-003 -3.293173072282371E-004 -1.152619861660621E-002
  9.075339738815701E-003  2.781433127150481E-003 -2.049306247938445E-002
  1.399791467039710E-002  1.288616141972073E-002 -3.089510115782671E-002
  1.229439131877264E-002  3.473798071421898E-002 -6.121032382353498E-002
  5.801500206490613E-003  1.039908209642406E-002 -1.593575917898465E-002
 -8.117453137542772E-003 -1.371850413557628E-002  6.446071961415037E-002
  6.786996509040893E-003  1.064770224709260E-002 -1.704105315509217E-002
  2.387306070474656E-002  2.836527231910541E-002 -6.168626703109908E-002
  4.170047531923325E-003  1.854435324047958E-002 -3.082469724495923E-002
 -2.079114276443919E-003  9.233143682741803E-003 -2.052438542699993E-002
 -3.185419938330878E-003  4.822477479348432E-003 -1.142204258297361E-002
 -3.415463174374344E-003 -2.496763240309356E-003 -5.758658256447270E-003
  0.000000000000000E+000  0.000000000000000E+000  0.000000000000000E+000
  0.000000000000000E+000  0.000000000000000E+000  0.000000000000000E+000
  0.000000000000000E+000  0.000000000000000E+000  0.000000000000000E+000
  0.000000000000000E+000  0.000000000000000E+000  0.000000000000000E+000
  0.000000000000000E+000  0.000000000000000E+000  0.000000000000000E+000
  0.000000000000000E+000  0.000000000000000E+000  0.000000000000000E+000
  0.000000000000000E+000  0.000000000000000E+000  0.000000000000000E+000
  0.000000000000000E+000  0.000000000000000E+000  0.000000000000000E+000
  0.000000000000000E+000  0.000000000000000E+000  0.000000000000000E+000
  0.000000000000000E+000  0.000000000000000E+000  0.000000000000000E+000
  0.000000000000000E+000  0.000000000000000E+000  0.000000000000000E+000
  0.000000000000000E+000  0.000000000000000E+000  0.000000000000000E+000
  0.000000000000000E+000  0.000000000000000E+000  0.000000000000000E+000
  0.000000000000000E+000  0.000000000000000E+000  0.000000000000000E+000
  0.000000000000000E+000  0.000000000000000E+000  0.000000000000000E+000
  0.000000000000000E+000  0.000000000000000E+000  0.000000000000000E+000
  0.000000000000000E+000  0.000000000000000E+000  0.000000000000000E+000
  0.000000000000000E+000  0.000000000000000E+000  0.000000000000000E+000
  0.000000000000000E+000  0.000000000000000E+000  0.000000000000000E+000
  0.000000000000000E+000  0.000000000000000E+000  0.000000000000000E+000
  0.000000000000000E+000  0.000000000000000E+000  0.000000000000000E+000
  0.000000000000000E+000  0.000000000000000E+000  0.000000000000000E+000
  0.000000000000000E+000  0.000000000000000E+000  0.000000000000000E+000
  0.000000000000000E+000  0.000000000000000E+000  0.000000000000000E+000
  0.000000000000000E+000  0.000000000000000E+000  0.000000000000000E+000
  0.000000000000000E+000  0.000000000000000E+000  0.000000000000000E+000
  0.000000000000000E+000  0.000000000000000E+000  0.000000000000000E+000
  0.000000000000000E+000  0.000000000000000E+000  0.000000000000000E+000
  0.000000000000000E+000  0.000000000000000E+000  0.000000000000000E+000
  0.000000000000000E+000  0.000000000000000E+000  0.000000000000000E+000
  0.000000000000000E+000  0.000000000000000E+000  0.000000000000000E+000
  0.000000000000000E+000  0.000000000000000E+000  0.000000000000000E+000
  0.000000000000000E+000  0.000000000000000E+000  0.000000000000000E+000
  0.000000000000000E+000  0.000000000000000E+000  0.000000000000000E+000
  0.000000000000000E+000  0.000000000000000E+000  0.000000000000000E+000
  0.000000000000000E+000  0.000000000000000E+000  0.000000000000000E+000
  0.000000000000000E+000  0.000000000000000E+000  0.000000000000000E+000
  0.000000000000000E+000  0.000000000000000E+000  0.000000000000000E+000
  -48.6794507378573       -658.839708802188        316.863773963486     
  -103.836243874155       -376.164239307598        364.670935723048     
  -206.005666505848        51.6543773577692        334.684253324994     
  -259.961468552336       -1344.96918025165        709.426287708836     
  -377.466682301524       -1038.47917503288        733.007402591468     
  -109.721082497802       -43.6496196812424        363.360448645134     
   262.608338073020        448.523741667470        210.669810386730     
   8.89873551258774       -141.712304437555        374.846682329670     
  -712.660854619977       -859.921708509600        737.883349441047     
  -1050.38234364015       -911.762692989406        718.042882463927     
   147.169566518644       -152.015309522908        343.347380512092     
  -259.959983142733       -273.427916588623        368.520785702355     
  -535.677330241967       -367.584883834858        318.834400997703     
  0.000000000000000E+000  0.000000000000000E+000  0.000000000000000E+000
  0.000000000000000E+000  0.000000000000000E+000  0.000000000000000E+000
  0.000000000000000E+000  0.000000000000000E+000  0.000000000000000E+000
  0.000000000000000E+000  0.000000000000000E+000  0.000000000000000E+000
  -62.7338508237835       -567.621204433004        275.683954999077     
  -61.4462011339751       -501.591776971419        387.898408835373     
  -217.014557693830       -226.084263786522        363.127275265854     
  -249.896595577045       -1095.22727564346        650.706906401564     
  -315.964644579031       -729.272286524716        667.250187122186     
  -120.926209426189      -0.163109764094269        378.758278037001     
   152.165206485715        253.861313702167        232.550893105086     
   55.3862104113969       -124.514629919722        389.971998134787     
  -472.218439341316       -649.318182598194        670.563568686811     
  -830.050940702158       -774.464572733634        657.737366087866     
  -86.9542931585094       -300.434494070115        371.574446136139     
  -391.883514851468       -299.970020783510        391.871453120981     
  -451.221920368389       -334.264826306776        277.517057916522     
  0.000000000000000E+000  0.000000000000000E+000  0.000000000000000E+000
  0.000000000000000E+000  0.000000000000000E+000  0.000000000000000E+000
  0.000000000000000E+000  0.000000000000000E+000  0.000000000000000E+000
  0.000000000000000E+000  0.000000000000000E+000  0.000000000000000E+000
  -73.2920129801220       -375.333568584937        204.345852745753     
  -11.1461806052186       -794.964865180136        429.920531842206     
  -170.579881106480       -655.993997651101        416.060855023926     
  -249.138075892547       -596.581862047402        512.117214587728     
  -226.320819510029       -238.694331648453        506.896042978619     
  -146.593565034143        5.63651060158420        405.505994050710     
   6.57145519220514        1.12400235084476        341.541889168059     
   78.0959848540536       -138.357547251284        413.803277712056     
  -83.1067925289287       -319.396985749200        506.038281904061     
  -382.659397184522       -516.586738297240        513.791118115106     
  -479.705134498870       -474.654583767992        423.332696066453     
  -675.128492450725       -403.975729803386        433.880477714201     
  -282.263933459107       -248.020382624713        206.217022356634     
  0.000000000000000E+000  0.000000000000000E+000  0.000000000000000E+000
  0.000000000000000E+000  0.000000000000000E+000  0.000000000000000E+000
  0.000000000000000E+000  0.000000000000000E+000  0.000000000000000E+000
  0.000000000000000E+000  0.000000000000000E+000  0.000000000000000E+000
  -153.981665897523       -121.990857491755        145.537415378894     
   91.4886350899111       -1040.71862468318        418.935383926779     
  -173.437628018716       -651.379445740484        402.367716842154     
  -224.196068993718        167.981940062995        160.781265768332     
  -187.665534923423        245.466542728303        228.641055833554     
  -179.779396963866       -160.601363953718        535.771165539146     
  -209.069975119095       -368.912662074614        675.229511180910     
  -54.7404223631611       -251.552910490273        546.138719424884     
   315.266545186033       -43.5264294207244        225.875570145771     
   279.564852248679       -105.308204482682        153.828159818781     
  -467.427329136965       -471.660136042830        406.147417535546     
  -943.909471609162       -439.246090109757        422.936262758566     
  -26.3174188553699       -192.163070114596        147.582988912953     
  0.000000000000000E+000  0.000000000000000E+000  0.000000000000000E+000
  0.000000000000000E+000  0.000000000000000E+000  0.000000000000000E+000
  0.000000000000000E+000  0.000000000000000E+000  0.000000000000000E+000
  0.000000000000000E+000  0.000000000000000E+000  0.000000000000000E+000
  -74.3995837197087        48.6856691246628        60.0648611912107     
   10.3134297607665       -1054.53198410199        404.057857341210     
  -151.928361332966       -222.715946899757        226.807015087072     
  -237.044162034248        465.595302065096       -89.2749515512771     
  -178.751095942702        178.469328108921        191.249271793793     
  -180.663960189191       -228.016250579829        636.847152107172     
  -206.275420246737       -358.945405174845        787.808544781148     
  -122.805020891282       -289.761913849503        656.277549351910     
   243.307559000800       -71.9393766700470        192.111763217848     
   536.184076310045        30.2534854779132       -96.2601793454240     
  -105.526480992288       -237.309096468076        227.781891200132     
  -915.981666973406       -515.714024030156        407.475128041494     
   79.3854603341386       -39.5247892535378        62.0420288310479     
  0.000000000000000E+000  0.000000000000000E+000  0.000000000000000E+000
  0.000000000000000E+000  0.000000000000000E+000  0.000000000000000E+000
  0.000000000000000E+000  0.000000000000000E+000  0.000000000000000E+000
  0.000000000000000E+000  0.000000000000000E+000  0.000000000000000E+000
  -112.803773814154        53.9308061867678        77.7285735423407     
  -11.3795959617474       -814.386594689898        318.773654897418     
  -192.516818768811        234.578936339261       -24.2085498116736     
  -179.935116092698        184.037402176032       -20.2536208735770     
  -149.957378668783       -260.350334869626        493.598652117785     
  -123.458009776360       -133.013280922510        572.358941842787     
  -80.7529460359059       -136.622654252625        553.838447437129     
  -69.1297301384755       -186.163836788004        589.682291684831     
  -146.295601157513       -260.867081647964        486.608161127901     
   251.142192798710       -65.0359523561104       -21.0489270275645     
   303.444129502168       -45.8232472815445       -21.9612023900514     
  -695.042163188273       -413.325215840338        320.716584523421     
   101.906561398324       -70.4156637866484        79.2127740607263     
  0.000000000000000E+000  0.000000000000000E+000  0.000000000000000E+000
  0.000000000000000E+000  0.000000000000000E+000  0.000000000000000E+000
  0.000000000000000E+000  0.000000000000000E+000  0.000000000000000E+000
  0.000000000000000E+000  0.000000000000000E+000  0.000000000000000E+000
  -74.4372618920282       -6.46798228094608        36.9161423954425     
  -64.6046232589221       -440.158325718928        224.595336450810     
  -196.944230416653        461.977635134748       -245.957459071440     
  -81.5045657306635       -249.663602205992        243.936753047796     
  -90.5803886429701       -532.533509026994        737.793756718083     
  -46.9127842075264       -64.8530255635338        446.253447729151     
  -124.290081594637       -209.198100797611        670.792485655288     
  -41.5192273142785       -75.2264603105824        450.786662411296     
  -403.790526689927       -339.758714226988        718.888328410570     
  -180.200510959677       -198.511478945897        248.299171373112     
   493.218241219266        61.1832126016994       -239.703472131806     
  -343.690610305655       -272.278438593915        225.126921058706     
   30.6427504343895       -67.1712813431717        38.2539544038615     
  0.000000000000000E+000  0.000000000000000E+000  0.000000000000000E+000
  0.000000000000000E+000  0.000000000000000E+000  0.000000000000000E+000
  0.000000000000000E+000  0.000000000000000E+000  0.000000000000000E+000
  0.000000000000000E+000  0.000000000000000E+000  0.000000000000000E+000
  -80.2521503176181      -0.418335460498392        57.1176597333041     
  -56.1803901421819       -173.309466892841        94.0236016258769     
  -160.472908435292        452.016349037516       -316.460297436870     
  -8.65633872577746       -488.322022117587        433.578569273729     
  -45.2077608359424       -346.822699038993        523.184923168553     
   6.01778679963606       -34.1002195567349        247.178822484096     
  -299.503766057550       -510.560204536511        1327.25495995925     
  -36.6310537647029       -8.55008086476114        243.872410933145     
  -270.522329324744       -208.633919733779        508.225008583945     
  -425.733854566316       -254.793178147349        441.207721909038     
   462.057728761851        85.2496250183148       -307.393461211362     
  -118.217543065256       -131.850055929233        93.7691285026950     
   39.2340138300148       -69.4586382855944        58.4422924501270     
  0.000000000000000E+000  0.000000000000000E+000  0.000000000000000E+000
  0.000000000000000E+000  0.000000000000000E+000  0.000000000000000E+000
  0.000000000000000E+000  0.000000000000000E+000  0.000000000000000E+000
  0.000000000000000E+000  0.000000000000000E+000  0.000000000000000E+000
  -54.3392293141263       0.371503667506934        22.6477651912488     
  -20.7522751113148       -17.9848374804292        17.6590137161003     
  -88.8453440385138        236.203558511846       -212.948900835457     
   9.04845593173077       -408.511508656493        405.366778416707     
  -47.2449937416621       -20.1909948698227        38.3200017439475     
   26.8232961817687       -23.7061601861148        9.36246252882564     
  -325.489535918454       -553.794229983679        1686.07143207354     
  -34.3672008171681        15.0198563383863        3.94145311883462     
   4.81196030150202       -49.2583479964971        35.1263972331845     
  -365.376496775978       -199.068424252392        414.279753476622     
   242.021296799817        38.7039249065688       -205.963514319606     
  -3.67262148940443       -25.1270023180531        18.0291601264664     
   27.3151409768089       -46.4096268235877        23.0614528672654     
  0.000000000000000E+000  0.000000000000000E+000  0.000000000000000E+000
  0.000000000000000E+000  0.000000000000000E+000  0.000000000000000E+000
  0.000000000000000E+000  0.000000000000000E+000  0.000000000000000E+000
  0.000000000000000E+000  0.000000000000000E+000  0.000000000000000E+000
  -13.4904013888447        19.5146803473965        8.45272968058843     
  -15.5313649920830       -2.08601107508485       -7.89636358607939     
  -17.0594293116751        42.8149042917698       -44.5592086737975     
  -29.4587787565909       -151.061404915829        133.203095302913     
  -3.98377036516595        65.7778346349411       -132.918983293245     
  -34.2812910905570       -14.8276716033249       -55.3793460792925     
  -159.578561252581       -270.432816910098        811.977965446010     
   5.15604617766959       -36.2207667632447       -57.2602948278406     
   55.9054515643331        30.6903436519291       -133.271520863563     
  -118.750132121688       -102.327310872160        136.927031407480     
   44.2316736582417        5.32492184446334       -42.6607136570046     
   6.20549702560956       -13.7525486076527       -7.22607220617598     
   23.4442084314714       -1.79415956014744        8.64685365711762     
  0.000000000000000E+000  0.000000000000000E+000  0.000000000000000E+000
  0.000000000000000E+000  0.000000000000000E+000  0.000000000000000E+000
  0.000000000000000E+000  0.000000000000000E+000  0.000000000000000E+000
  0.000000000000000E+000  0.000000000000000E+000  0.000000000000000E+000
  0.000000000000000E+000  0.000000000000000E+000  0.000000000000000E+000
  0.000000000000000E+000  0.000000000000000E+000  0.000000000000000E+000
  0.000000000000000E+000  0.000000000000000E+000  0.000000000000000E+000
  0.000000000000000E+000  0.000000000000000E+000  0.000000000000000E+000
  0.000000000000000E+000  0.000000000000000E+000  0.000000000000000E+000
  0.000000000000000E+000  0.000000000000000E+000  0.000000000000000E+000
  0.000000000000000E+000  0.000000000000000E+000  0.000000000000000E+000
  0.000000000000000E+000  0.000000000000000E+000  0.000000000000000E+000
  0.000000000000000E+000  0.000000000000000E+000  0.000000000000000E+000
  0.000000000000000E+000  0.000000000000000E+000  0.000000000000000E+000
  0.000000000000000E+000  0.000000000000000E+000  0.000000000000000E+000
  0.000000000000000E+000  0.000000000000000E+000  0.000000000000000E+000
  0.000000000000000E+000  0.000000000000000E+000  0.000000000000000E+000
  0.000000000000000E+000  0.000000000000000E+000  0.000000000000000E+000
  0.000000000000000E+000  0.000000000000000E+000  0.000000000000000E+000
  0.000000000000000E+000  0.000000000000000E+000  0.000000000000000E+000
  0.000000000000000E+000  0.000000000000000E+000  0.000000000000000E+000
  0.000000000000000E+000  0.000000000000000E+000  0.000000000000000E+000
  0.000000000000000E+000  0.000000000000000E+000  0.000000000000000E+000
  0.000000000000000E+000  0.000000000000000E+000  0.000000000000000E+000
  0.000000000000000E+000  0.000000000000000E+000  0.000000000000000E+000
  0.000000000000000E+000  0.000000000000000E+000  0.000000000000000E+000
  0.000000000000000E+000  0.000000000000000E+000  0.000000000000000E+000
  0.000000000000000E+000  0.000000000000000E+000  0.000000000000000E+000
  0.000000000000000E+000  0.000000000000000E+000  0.000000000000000E+000
  0.000000000000000E+000  0.000000000000000E+000  0.000000000000000E+000
  0.000000000000000E+000  0.000000000000000E+000  0.000000000000000E+000
  0.000000000000000E+000  0.000000000000000E+000  0.000000000000000E+000
  0.000000000000000E+000  0.000000000000000E+000  0.000000000000000E+000
  0.000000000000000E+000  0.000000000000000E+000  0.000000000000000E+000
  0.000000000000000E+000  0.000000000000000E+000  0.000000000000000E+000
  0.000000000000000E+000  0.000000000000000E+000  0.000000000000000E+000
