          80  8.000000000000007E-003  8.000000000000007E-003
  0.000000000000000E+000  0.000000000000000E+000  0.000000000000000E+000
  0.000000000000000E+000  0.000000000000000E+000  0.000000000000000E+000
  5.279009137582252E-002  6.741770146959424E-002 -6.627012330618932E-002
  6.833801029230853E-002  0.146325988513020      -0.111653648255669     
  9.852988310664675E-002  0.200812807190398      -0.156834392388791     
  0.115742876366264       0.241067494949340      -0.186402930897492     
  0.132742767726377       0.261301376736284      -0.209338183305377     
  0.145627037584853       0.269976618324825      -0.222117881432815     
  0.155527418894742       0.269440003832892      -0.226402903115602     
  0.160926383832381       0.261091159981600      -0.222087414361875     
  0.159852471591236       0.245588451623768      -0.209293648198087     
  0.150879021719366       0.220815059560129      -0.186416822944061     
  0.124681767596306       0.185815590082869      -0.156871904139749     
  9.260411820346738E-002  0.132424789418399      -0.111709595657526     
  3.204305721516671E-002  7.950067686918033E-002 -6.632396014192629E-002
  0.000000000000000E+000  0.000000000000000E+000  0.000000000000000E+000
  0.000000000000000E+000  0.000000000000000E+000  0.000000000000000E+000
  0.000000000000000E+000  0.000000000000000E+000  0.000000000000000E+000
  0.000000000000000E+000  0.000000000000000E+000  0.000000000000000E+000
  4.216469675344369E-002  6.139354851787630E-002 -5.605388581947095E-002
  6.542498811078180E-002  0.138102423681840      -0.108574379994591     
  8.734898640232629E-002  0.191962189388335      -0.147754861618254     
  0.107161994429221       0.227590812928112      -0.181544898103588     
  0.121791572448397       0.247187533688675      -0.203028602479651     
  0.135499581058554       0.253675468126326      -0.217754837037700     
  0.145705944682537       0.252422401316683      -0.221467123476393     
  0.151891455340091       0.244191885677066      -0.217744390944859     
  0.153113740394365       0.229059721073758      -0.202995403258811     
  0.143496129377238       0.206640329091919      -0.181558412118355     
  0.122588921879780       0.171681665713434      -0.147776674135692     
  8.692337141709926E-002  0.125773467089448      -0.108622286099049     
  3.213207744250744E-002  6.726825797761209E-002 -5.609364964778035E-002
  0.000000000000000E+000  0.000000000000000E+000  0.000000000000000E+000
  0.000000000000000E+000  0.000000000000000E+000  0.000000000000000E+000
  0.000000000000000E+000  0.000000000000000E+000  0.000000000000000E+000
  0.000000000000000E+000  0.000000000000000E+000  0.000000000000000E+000
  3.300861245479641E-002  4.818102492466203E-002 -4.149904449876372E-002
  5.268479052942114E-002  0.124909449623503      -9.629482998352598E-002
  7.349551680727583E-002  0.174402626878032      -0.135265979090431     
  8.793070281697883E-002  0.205695937326549      -0.167908521514836     
  0.103449646571392       0.219893847370784      -0.192023613310628     
  0.115543556091733       0.223006167167647      -0.206011866824539     
  0.126829041328834       0.219718587948866      -0.211326376533930     
  0.135332448397452       0.211605551006268      -0.206036509834665     
  0.138660885023247       0.199546037866439      -0.192012609396563     
  0.134142567040890       0.179020929968921      -0.167911697063275     
  0.114275553709660       0.150868998313317      -0.135270348028960     
  8.184388367266641E-002  0.108097867950676      -9.631166946424242E-002
  2.525489482519071E-002  5.270750248621892E-002 -4.151666497358521E-002
  0.000000000000000E+000  0.000000000000000E+000  0.000000000000000E+000
  0.000000000000000E+000  0.000000000000000E+000  0.000000000000000E+000
  0.000000000000000E+000  0.000000000000000E+000  0.000000000000000E+000
  0.000000000000000E+000  0.000000000000000E+000  0.000000000000000E+000
  2.839196638036906E-002  2.572779322046976E-002 -2.772176650418454E-002
  4.050157437687605E-002  0.106412475143205      -7.809556347988764E-002
  5.545066130799514E-002  0.152513887495876      -0.117273082874767     
  6.828424299886734E-002  0.178250086606009      -0.149867987764273     
  7.975180055597217E-002  0.185452308482737      -0.173232673130183     
  9.134125983408889E-002  0.182875807517104      -0.187324734857756     
  0.101990732300905       0.176686151294242      -0.191931282848398     
  0.112695786138096       0.170607832275032      -0.187387052466716     
  0.120695425686192       0.161815765318400      -0.173245409732998     
  0.120188894187493       0.148268268206410      -0.149862358556628     
  0.104312772656052       0.124253165168073      -0.117249730884552     
  7.187325355880402E-002  8.824664070619109E-002 -7.806694236030505E-002
  8.094916530433087E-003  3.746403925015163E-002 -2.772474869762601E-002
  0.000000000000000E+000  0.000000000000000E+000  0.000000000000000E+000
  0.000000000000000E+000  0.000000000000000E+000  0.000000000000000E+000
  0.000000000000000E+000  0.000000000000000E+000  0.000000000000000E+000
  0.000000000000000E+000  0.000000000000000E+000  0.000000000000000E+000
  2.143324505805748E-002  1.266020423386476E-003 -1.631119268994650E-002
  3.227187836228326E-002  9.144187050966973E-002 -6.274554783331723E-002
  4.494126935632956E-002  0.134419582006778      -0.101693181372637     
  5.192243803180428E-002  0.154824901944530      -0.133512308716211     
  6.271231124649870E-002  0.157345519981544      -0.155383078941014     
  7.169883709633292E-002  0.150038109339879      -0.167993128199417     
  8.225987311624293E-002  0.142504880637827      -0.172186412655472     
  9.410214482982333E-002  0.137205432777145      -0.168086012873354     
  0.104891074595816       0.133025540559092      -0.155419217262076     
  0.108088455822109       0.122378669821662      -0.133503390957617     
  9.388038308777082E-002  0.106086610626162      -0.101647839095873     
  6.299173716213638E-002  7.359836083869956E-002 -6.268476950417659E-002
 -9.634742522584366E-003  1.917694303574462E-002 -1.629537873674533E-002
  0.000000000000000E+000  0.000000000000000E+000  0.000000000000000E+000
  0.000000000000000E+000  0.000000000000000E+000  0.000000000000000E+000
  0.000000000000000E+000  0.000000000000000E+000  0.000000000000000E+000
  0.000000000000000E+000  0.000000000000000E+000  0.000000000000000E+000
  1.102594746304306E-002 -1.298283865983267E-002 -9.337096850041287E-003
  3.462634949172743E-002  8.322543277805505E-002 -5.242939763476120E-002
  3.268587758391860E-002  0.114215107518649      -8.825324842762458E-002
  4.200396005670833E-002  0.135353174876951      -0.118218160577811     
  4.806070366273543E-002  0.132108453252150      -0.138003503230164     
  5.676338256357279E-002  0.123610444524440      -0.148799101281439     
  6.613825985305502E-002  0.114570794558278      -0.152054071220493     
  7.872734782915496E-002  0.111111431395022      -0.148937545305008     
  9.039908059082805E-002  0.107752931597066      -0.138075930438447     
  9.619519020698342E-002  0.104072530456611      -0.118214511372674     
  8.252016690665863E-002  8.536088584790055E-002 -8.819984397431403E-002
  5.470085096236667E-002  7.154014006031487E-002 -5.236114620911050E-002
 -1.678086792825865E-002  3.031179339018995E-003 -9.320539458776141E-003
  0.000000000000000E+000  0.000000000000000E+000  0.000000000000000E+000
  0.000000000000000E+000  0.000000000000000E+000  0.000000000000000E+000
  0.000000000000000E+000  0.000000000000000E+000  0.000000000000000E+000
  0.000000000000000E+000  0.000000000000000E+000  0.000000000000000E+000
  1.438274909864720E-002 -9.814678160750089E-003 -8.337628890618398E-003
  2.617157795892017E-002  6.440302300182271E-002 -4.092459326865149E-002
  2.690069832721149E-002  9.659806438446389E-002 -7.510394424897804E-002
  3.128312542662929E-002  0.111732737392446      -0.101780014647847     
  3.599759018480606E-002  0.108146151332812      -0.119315454112762     
  4.349220350535984E-002  9.913311220770503E-002 -0.128293478474966     
  5.222862218089590E-002  9.047410281752362E-002 -0.131012321027659     
  6.423090234768922E-002  8.744475303863586E-002 -0.128503497852588     
  7.572661786346760E-002  8.537879326748998E-002 -0.119444044531322     
  8.112251734052041E-002  8.299197354856094E-002 -0.101796409175342     
  7.018233807895584E-002  7.157819499505183E-002 -7.505667654500442E-002
  4.264604887061824E-002  5.478373372758429E-002 -4.086525168683238E-002
 -1.570217177746376E-002  7.552145209441590E-003 -8.298067479587928E-003
  0.000000000000000E+000  0.000000000000000E+000  0.000000000000000E+000
  0.000000000000000E+000  0.000000000000000E+000  0.000000000000000E+000
  0.000000000000000E+000  0.000000000000000E+000  0.000000000000000E+000
  0.000000000000000E+000  0.000000000000000E+000  0.000000000000000E+000
  8.113082935831979E-003 -1.086474618618252E-002 -3.791599438851958E-003
  2.279566019348814E-002  4.637421031273263E-002 -3.067908403862837E-002
  1.985766283866923E-002  7.167236569386638E-002 -5.833487160848726E-002
  2.157161352321196E-002  8.325842720153052E-002 -8.045336482656493E-002
  2.496338102799672E-002  8.161296217204243E-002 -9.598673759620309E-002
  3.104938202012114E-002  7.434950472783060E-002 -0.103940704457787     
  3.879569637278629E-002  6.717737528901245E-002 -0.106360742848059     
  4.905197084085657E-002  6.434133090579792E-002 -0.104244980405093     
  5.829496116690557E-002  6.259084869896019E-002 -9.617634372445528E-002
  6.132904058429189E-002  6.037548266057284E-002 -8.049510940357514E-002
  5.215850479176220E-002  5.302710320102522E-002 -5.830996590040639E-002
  2.873867425098483E-002  4.286906393127062E-002 -3.062794006851422E-002
 -1.345260081153494E-002  1.599699360331545E-003 -3.748962120950054E-003
  0.000000000000000E+000  0.000000000000000E+000  0.000000000000000E+000
  0.000000000000000E+000  0.000000000000000E+000  0.000000000000000E+000
  0.000000000000000E+000  0.000000000000000E+000  0.000000000000000E+000
  0.000000000000000E+000  0.000000000000000E+000  0.000000000000000E+000
  3.867917911939608E-003 -9.068788006265031E-003 -2.589265385805101E-003
  1.639732527209414E-002  2.759226216670060E-002 -1.837774767482049E-002
  1.183306137765159E-002  3.898752755619996E-002 -3.469623188344399E-002
  1.277250881966709E-002  5.051360293095745E-002 -5.127969403477373E-002
  1.421007513439480E-002  4.987448240505123E-002 -6.391800109988077E-002
  1.806052896876341E-002  4.612511667038494E-002 -7.068843004214721E-002
  2.396945168204493E-002  4.147463095874390E-002 -7.329323069705695E-002
  3.111450797886451E-002  3.895841301519076E-002 -7.104066455801536E-002
  3.616805802615911E-002  3.738051114897802E-002 -6.410428812846956E-002
  3.737605806836949E-002  3.636632056557244E-002 -5.135107458712602E-002
  2.786766238215701E-002  2.976941844798499E-002 -3.465759164425620E-002
  1.569219141257427E-002  2.791665234251377E-002 -1.840381524099005E-002
 -9.756125099786853E-003 -1.120513236102458E-003 -2.459958167238257E-003
  0.000000000000000E+000  0.000000000000000E+000  0.000000000000000E+000
  0.000000000000000E+000  0.000000000000000E+000  0.000000000000000E+000
  0.000000000000000E+000  0.000000000000000E+000  0.000000000000000E+000
  0.000000000000000E+000  0.000000000000000E+000  0.000000000000000E+000
  3.679885469771901E-004 -3.857869085693615E-003 -2.477559111525973E-003
  7.798438999243646E-003  5.795055302404930E-003 -4.199138735380865E-003
  4.966279418534242E-003  8.439096089842540E-003 -9.073245994055425E-003
  7.556860133476547E-003  1.525916016404506E-002 -1.607218362399277E-002
  5.570320709031432E-003  1.575956385168623E-002 -2.100475102774629E-002
  7.209099977448211E-003  1.616542660940759E-002 -2.543504626883236E-002
  8.410244232624544E-003  1.448165721890489E-002 -2.674769297612197E-002
  1.051829080317251E-002  1.451206782459962E-002 -2.566517636281417E-002
  1.087092171766411E-002  1.280590004935591E-002 -2.110061948328784E-002
  9.448617866353877E-003  1.417010271407190E-002 -1.608013738589675E-002
  4.849747136692115E-003  8.540208497305029E-003 -9.081510603987238E-003
  1.130247763778657E-003  9.615078598095654E-003 -4.191114823730543E-003
 -3.516810509966940E-003 -1.587203537680367E-003 -2.448475513680285E-003
  0.000000000000000E+000  0.000000000000000E+000  0.000000000000000E+000
  0.000000000000000E+000  0.000000000000000E+000  0.000000000000000E+000
  0.000000000000000E+000  0.000000000000000E+000  0.000000000000000E+000
  0.000000000000000E+000  0.000000000000000E+000  0.000000000000000E+000
  0.000000000000000E+000  0.000000000000000E+000  0.000000000000000E+000
  0.000000000000000E+000  0.000000000000000E+000  0.000000000000000E+000
  0.000000000000000E+000  0.000000000000000E+000  0.000000000000000E+000
  0.000000000000000E+000  0.000000000000000E+000  0.000000000000000E+000
  0.000000000000000E+000  0.000000000000000E+000  0.000000000000000E+000
  0.000000000000000E+000  0.000000000000000E+000  0.000000000000000E+000
  0.000000000000000E+000  0.000000000000000E+000  0.000000000000000E+000
  0.000000000000000E+000  0.000000000000000E+000  0.000000000000000E+000
  0.000000000000000E+000  0.000000000000000E+000  0.000000000000000E+000
  0.000000000000000E+000  0.000000000000000E+000  0.000000000000000E+000
  0.000000000000000E+000  0.000000000000000E+000  0.000000000000000E+000
  0.000000000000000E+000  0.000000000000000E+000  0.000000000000000E+000
  0.000000000000000E+000  0.000000000000000E+000  0.000000000000000E+000
  0.000000000000000E+000  0.000000000000000E+000  0.000000000000000E+000
  0.000000000000000E+000  0.000000000000000E+000  0.000000000000000E+000
  0.000000000000000E+000  0.000000000000000E+000  0.000000000000000E+000
  0.000000000000000E+000  0.000000000000000E+000  0.000000000000000E+000
  0.000000000000000E+000  0.000000000000000E+000  0.000000000000000E+000
  0.000000000000000E+000  0.000000000000000E+000  0.000000000000000E+000
  0.000000000000000E+000  0.000000000000000E+000  0.000000000000000E+000
  0.000000000000000E+000  0.000000000000000E+000  0.000000000000000E+000
  0.000000000000000E+000  0.000000000000000E+000  0.000000000000000E+000
  0.000000000000000E+000  0.000000000000000E+000  0.000000000000000E+000
  0.000000000000000E+000  0.000000000000000E+000  0.000000000000000E+000
  0.000000000000000E+000  0.000000000000000E+000  0.000000000000000E+000
  0.000000000000000E+000  0.000000000000000E+000  0.000000000000000E+000
  0.000000000000000E+000  0.000000000000000E+000  0.000000000000000E+000
  0.000000000000000E+000  0.000000000000000E+000  0.000000000000000E+000
  0.000000000000000E+000  0.000000000000000E+000  0.000000000000000E+000
  0.000000000000000E+000  0.000000000000000E+000  0.000000000000000E+000
  0.000000000000000E+000  0.000000000000000E+000  0.000000000000000E+000
  0.000000000000000E+000  0.000000000000000E+000  0.000000000000000E+000
  0.000000000000000E+000  0.000000000000000E+000  0.000000000000000E+000
  0.000000000000000E+000  0.000000000000000E+000  0.000000000000000E+000
 -6.327004101166503E-002  0.713277497563256      -1.957111736035997E-002
 -9.743195116852281E-002  0.412205184521255       0.152338617277474     
 -6.685567435620031E-002 -3.599494621949702E-002  0.478918712030329     
  4.365524039790249E-002  0.381427209817905       0.467578626140029     
  0.295201486330090       0.886183839557513       0.297015689552146     
  0.777410219568211        1.75255861571887      -9.850950721297137E-002
   1.24106647635111        2.15402297740265      -0.349579657262927     
   1.14720789004901        1.58125290615975      -0.113243083737012     
  0.641338383408131       0.726731225295340       0.281196041307519     
  0.297687079597680       0.227010186548810       0.466858718269866     
 -1.191412175598186E-002 -8.185801355258129E-002  0.482530873447747     
  0.400413827835819       0.117773458905079       0.152269390763894     
  0.644705199825493       0.298882858492736      -2.222554005657204E-002
  0.000000000000000E+000  0.000000000000000E+000  0.000000000000000E+000
  0.000000000000000E+000  0.000000000000000E+000  0.000000000000000E+000
  0.000000000000000E+000  0.000000000000000E+000  0.000000000000000E+000
  0.000000000000000E+000  0.000000000000000E+000  0.000000000000000E+000
 -1.639124905112549E-002  0.582025997729581      -7.835489073307979E-003
 -9.341386934199455E-002  0.456184087605272       0.135868751613792     
 -2.005206822945425E-002 -2.342782302092648E-003  0.444720452553985     
  4.434095308665024E-002  0.203166567778643       0.541049237559247     
  0.221935744264310       0.656265076421996       0.415731333999316     
  0.570312570808545        1.31146411378741       0.100872892079219     
  0.924082103670239        1.60629953879468      -0.115781057256461     
  0.861829051719324        1.17239861959653       8.953051633739900E-002
  0.466395382607437       0.536659140633297       0.405677550864468     
  0.139327091995018       0.135220923464874       0.542820093645054     
 -8.165433188174620E-003 -2.607083233714864E-002  0.449521281699023     
  0.435554551771600       0.143453748161764       0.135506281253271     
  0.508734471876368       0.273796266453932      -1.042698832858773E-002
  0.000000000000000E+000  0.000000000000000E+000  0.000000000000000E+000
  0.000000000000000E+000  0.000000000000000E+000  0.000000000000000E+000
  0.000000000000000E+000  0.000000000000000E+000  0.000000000000000E+000
  0.000000000000000E+000  0.000000000000000E+000  0.000000000000000E+000
  1.767978567084447E-002  0.370333946615302       2.768483692894787E-002
 -6.653825101946603E-002  0.463006938440738       0.104368430532439     
  1.364446450630448E-003  7.625478274332055E-002  0.408549153736163     
  1.730697891215579E-002 -0.123259086085751       0.633785307946150     
  6.451719378220928E-002  0.144409475472886       0.636024787510369     
  0.211521087390464       0.530143675331527       0.458545959921384     
  0.359263862450493       0.628777073375335       0.331423245068168     
  0.350342498298123       0.453876856121415       0.454673566021256     
  8.238795286209483E-002  0.124858414217414       0.635679816702723     
 -0.140116669868454      -6.033874386625404E-002  0.641130146058091     
  4.544235022579327E-002  2.907320693519312E-002  0.414360893698120     
  0.428485459160392       0.170088758686053       0.103371126368858     
  0.309811358868609       0.197696000006328       2.516974149688967E-002
  0.000000000000000E+000  0.000000000000000E+000  0.000000000000000E+000
  0.000000000000000E+000  0.000000000000000E+000  0.000000000000000E+000
  0.000000000000000E+000  0.000000000000000E+000  0.000000000000000E+000
  0.000000000000000E+000  0.000000000000000E+000  0.000000000000000E+000
  3.261426855956734E-002  0.159498455268671       7.031254204397071E-002
 -4.118330766589021E-002  0.222780832125991       0.148073722147534     
  1.095977422089850E-002 -0.162852259934873       0.429988212273621     
 -3.739949553591829E-002 -0.479020079011737       0.718693317893886     
 -0.101628709952010      -0.357645514434739       0.804744343411521     
 -0.198655270293349      -0.431128818321258       0.885061756653218     
 -0.403619420743415      -0.694771664774488        1.00693130832971     
 -0.279094528659190      -0.387538799890046       0.883845626653547     
 -0.270950739929420      -0.274657855449812       0.806849428786211     
 -0.410868404973996      -0.281487280830865       0.722991700804061     
 -0.154054413387678      -7.703086317201960E-002  0.431084575948941     
  0.210611705930328       7.228554130083485E-002  0.145562661940319     
  0.120869506549334       0.105702903155317       6.780447489220265E-002
  0.000000000000000E+000  0.000000000000000E+000  0.000000000000000E+000
  0.000000000000000E+000  0.000000000000000E+000  0.000000000000000E+000
  0.000000000000000E+000  0.000000000000000E+000  0.000000000000000E+000
  0.000000000000000E+000  0.000000000000000E+000  0.000000000000000E+000
  1.099005897297813E-002  5.608148323723133E-002  8.423537872675374E-002
 -1.551186377140096E-002 -3.928133602487693E-002  0.187369892418689     
  1.627281056320803E-002 -0.217197503052065       0.399354367611859     
 -3.787182801771759E-002 -0.307102995582228       0.593741197691182     
 -0.164706031724164      -0.583865858293080       0.832378625517308     
 -0.490966067903904       -1.20212326675211        1.20565431737688     
 -0.902830013228435       -1.56146420546810        1.48813486615788     
 -0.797916378133691       -1.02630809022355        1.20348529471763     
 -0.426787563192823      -0.437458611176531       0.831421311516370     
 -0.248745080116368      -0.188358522039750       0.592419938461826     
 -0.195872119839426      -9.593739068009677E-002  0.396443185015231     
 -2.938903570469448E-002 -3.666355319883103E-002  0.184209857032054     
  4.329449251221149E-002  3.602888196149694E-002  8.148805773380254E-002
  0.000000000000000E+000  0.000000000000000E+000  0.000000000000000E+000
  0.000000000000000E+000  0.000000000000000E+000  0.000000000000000E+000
  0.000000000000000E+000  0.000000000000000E+000  0.000000000000000E+000
  0.000000000000000E+000  0.000000000000000E+000  0.000000000000000E+000
 -3.587983556106499E-003  8.556671715204632E-003  6.828692036578705E-002
  8.084834403077367E-003 -5.915134055412624E-002  0.153268430114937     
  6.519152761235624E-003  0.227348602267026       0.204023216086646     
  1.327453498505116E-003  0.118265283022544       0.318405503096078     
 -0.158387948882692      -0.691537870124139       0.795157906637625     
 -0.548888749107713       -1.43126664207358        1.27302644862526     
 -0.889922266750389       -1.54054612505280        1.44697488047804     
 -0.979179186328478       -1.20662565833044        1.28221442762132     
 -0.525481339051128      -0.487709222952067       0.794592596418184     
  9.893092946253584E-002  5.807811199816277E-002  0.316105083445613     
  0.188134157339323       0.116094852671504       0.201375264517220     
 -6.231961501616422E-002 -2.773701894985739E-002  0.150799617112234     
  1.061186361415148E-002  2.137439144538201E-004  6.530633446505997E-002
  0.000000000000000E+000  0.000000000000000E+000  0.000000000000000E+000
  0.000000000000000E+000  0.000000000000000E+000  0.000000000000000E+000
  0.000000000000000E+000  0.000000000000000E+000  0.000000000000000E+000
  0.000000000000000E+000  0.000000000000000E+000  0.000000000000000E+000
  2.040010389687229E-002 -2.080031966488985E-002  4.643066405816534E-002
  2.808552859437072E-003  0.124286625487376       6.701176150329684E-002
  1.216388646946357E-002  0.591602417795892      -4.094398615074483E-002
  1.722655824588629E-002  7.102968354601637E-003  0.250837957432892     
 -0.132059505020173      -0.659615548883487       0.710778908380776     
 -0.338129442490874      -0.827778438272421       0.785660551326236     
 -0.355823570881520      -0.616397731936878       0.594637153077909     
 -0.551851364382526      -0.709338139179909       0.785031827392652     
 -0.510862348942597      -0.446016421230045       0.708058596549931     
 -8.189109433384840E-003  1.669219696263807E-002  0.248178567929195     
  0.496710564123379       0.301988539003749      -4.275199332567269E-002
  9.521782376725001E-002  5.844872202608421E-002  6.593962567124034E-002
 -2.627272568015460E-002  5.978226583468103E-003  4.354275958961985E-002
  0.000000000000000E+000  0.000000000000000E+000  0.000000000000000E+000
  0.000000000000000E+000  0.000000000000000E+000  0.000000000000000E+000
  0.000000000000000E+000  0.000000000000000E+000  0.000000000000000E+000
  0.000000000000000E+000  0.000000000000000E+000  0.000000000000000E+000
  1.685583847366950E-002 -2.777374096272280E-002  4.599730377737831E-002
  2.550939163926843E-002  0.248029263599264      -3.000864357432989E-002
  4.875994608433597E-002  0.390033221215770      -7.192768722691213E-002
  3.400621471653666E-002 -0.112535686498524       0.273440479610032     
 -3.824447536687485E-002 -3.095633271935353E-002  0.176714029875639     
 -0.153709518497063      -0.231903981331598       0.198708269323353     
 -0.138066470018025      -0.232228331576573       0.113857746783424     
 -0.109799057107588      -0.227595737274498       0.163768781501391     
 -6.522777731698145E-003 -4.383097317731142E-002  0.166708457991994     
 -0.117524783646348      -2.530086098311369E-002  0.267590789940014     
  0.306808941788704       0.234727690640261      -7.466410372550972E-002
  0.192038636322615       0.140012203535618      -2.996816613363232E-002
 -3.119581272023259E-002  1.993115845642816E-004  4.300620697319574E-002
  0.000000000000000E+000  0.000000000000000E+000  0.000000000000000E+000
  0.000000000000000E+000  0.000000000000000E+000  0.000000000000000E+000
  0.000000000000000E+000  0.000000000000000E+000  0.000000000000000E+000
  0.000000000000000E+000  0.000000000000000E+000  0.000000000000000E+000
  3.747990408658071E-004 -4.854269456014440E-003  3.893560876123769E-002
  5.949651637759810E-002  0.159824736407505      -5.886972429089804E-002
  4.302372182912165E-002  9.802263799838161E-002  3.952159200202680E-002
 -7.301461944175734E-003  0.316008269379120      -0.133087543882955     
 -8.053091926746168E-003  0.728455477421524      -0.830948093500546     
 -2.151076861429195E-002  8.201617110773289E-002 -0.261911288983780     
 -0.110357570142057      -0.184970454462241       0.130956698326127     
  7.423273775535072E-002  2.152568313769896E-002 -0.262611630597602     
  0.623022289585715       0.356828301629559      -0.826244507603261     
  0.274654633313964       0.153874362438539      -0.137858135887444     
  6.043196886729434E-002  8.623426977179874E-002  3.594659569559862E-002
  0.103453913970767       0.126940484123028      -5.854974630524620E-002
 -4.248854972987800E-003 -2.339169286479211E-003  3.664271885032976E-002
  0.000000000000000E+000  0.000000000000000E+000  0.000000000000000E+000
  0.000000000000000E+000  0.000000000000000E+000  0.000000000000000E+000
  0.000000000000000E+000  0.000000000000000E+000  0.000000000000000E+000
  0.000000000000000E+000  0.000000000000000E+000  0.000000000000000E+000
  5.522590543613720E-004  8.347644900099691E-003  1.620785880341959E-002
  3.410627555799436E-002  1.558422300344741E-002 -3.601271356629694E-003
  2.836408609774096E-002  3.142094413901414E-002  4.373045792775793E-002
  3.767308864682815E-002  0.325367784703132      -0.240896431793878     
 -1.749312829548252E-002  0.488617725843056      -0.607756900384490     
 -4.194910371486171E-002  0.191045169494939      -0.316218383767386     
  6.061062817491785E-003  1.887430848181799E-002 -0.136422232093151     
  0.170283565835594       4.835518895481215E-002 -0.285269373378954     
  0.417805831724228       0.222935886796083      -0.591404580785967     
  0.259962151730937       0.194877145643813      -0.241130342529760     
  1.176187354679040E-002  4.089782141354636E-002  4.120529172047072E-002
 -4.684623861965281E-003  3.622208720105807E-002 -4.608154542839474E-003
  6.576717796649088E-003  4.258601959202168E-003  1.515131834038975E-002
  0.000000000000000E+000  0.000000000000000E+000  0.000000000000000E+000
  0.000000000000000E+000  0.000000000000000E+000  0.000000000000000E+000
  0.000000000000000E+000  0.000000000000000E+000  0.000000000000000E+000
  0.000000000000000E+000  0.000000000000000E+000  0.000000000000000E+000
  0.000000000000000E+000  0.000000000000000E+000  0.000000000000000E+000
  0.000000000000000E+000  0.000000000000000E+000  0.000000000000000E+000
  0.000000000000000E+000  0.000000000000000E+000  0.000000000000000E+000
  0.000000000000000E+000  0.000000000000000E+000  0.000000000000000E+000
  0.000000000000000E+000  0.000000000000000E+000  0.000000000000000E+000
  0.000000000000000E+000  0.000000000000000E+000  0.000000000000000E+000
  0.000000000000000E+000  0.000000000000000E+000  0.000000000000000E+000
  0.000000000000000E+000  0.000000000000000E+000  0.000000000000000E+000
  0.000000000000000E+000  0.000000000000000E+000  0.000000000000000E+000
  0.000000000000000E+000  0.000000000000000E+000  0.000000000000000E+000
  0.000000000000000E+000  0.000000000000000E+000  0.000000000000000E+000
  0.000000000000000E+000  0.000000000000000E+000  0.000000000000000E+000
  0.000000000000000E+000  0.000000000000000E+000  0.000000000000000E+000
  0.000000000000000E+000  0.000000000000000E+000  0.000000000000000E+000
  0.000000000000000E+000  0.000000000000000E+000  0.000000000000000E+000
  0.000000000000000E+000  0.000000000000000E+000  0.000000000000000E+000
  0.000000000000000E+000  0.000000000000000E+000  0.000000000000000E+000
  0.000000000000000E+000  0.000000000000000E+000  0.000000000000000E+000
  0.000000000000000E+000  0.000000000000000E+000  0.000000000000000E+000
  0.000000000000000E+000  0.000000000000000E+000  0.000000000000000E+000
  0.000000000000000E+000  0.000000000000000E+000  0.000000000000000E+000
  0.000000000000000E+000  0.000000000000000E+000  0.000000000000000E+000
  0.000000000000000E+000  0.000000000000000E+000  0.000000000000000E+000
  0.000000000000000E+000  0.000000000000000E+000  0.000000000000000E+000
  0.000000000000000E+000  0.000000000000000E+000  0.000000000000000E+000
  0.000000000000000E+000  0.000000000000000E+000  0.000000000000000E+000
  0.000000000000000E+000  0.000000000000000E+000  0.000000000000000E+000
  0.000000000000000E+000  0.000000000000000E+000  0.000000000000000E+000
  0.000000000000000E+000  0.000000000000000E+000  0.000000000000000E+000
  0.000000000000000E+000  0.000000000000000E+000  0.000000000000000E+000
  0.000000000000000E+000  0.000000000000000E+000  0.000000000000000E+000
  0.000000000000000E+000  0.000000000000000E+000  0.000000000000000E+000
  0.000000000000000E+000  0.000000000000000E+000  0.000000000000000E+000
  0.000000000000000E+000  0.000000000000000E+000  0.000000000000000E+000
  -334.516757116617        15840.0226214251       -4386.00788951127     
  -352.045459375891        10308.0494087660       -5822.84700756118     
   392.887695588441        4071.97854131198       -3042.32277041211     
   494.710472640300        6636.13712574040       -483.026991852696     
  -399.015785756588       -4244.77077859746        5760.41585062799     
   172.938538990361       -1636.87202661094        5535.33242611082     
   875.628980804504        1571.22234576758        3086.70418909832     
  -1213.64429442150       -229.469182318774        5374.82073679093     
  -3150.23719805007       -2146.87349747398        5625.25424786760     
   5685.91941253838        3892.61241477613       -527.169466949730     
   3289.76764395258        2336.61441907150       -2939.55262989465     
   8944.90975606156        4736.26622346990       -5671.92194076346     
   13881.7415146696        7607.64461742740       -4376.90367272674     
  0.000000000000000E+000  0.000000000000000E+000  0.000000000000000E+000
  0.000000000000000E+000  0.000000000000000E+000  0.000000000000000E+000
  0.000000000000000E+000  0.000000000000000E+000  0.000000000000000E+000
  0.000000000000000E+000  0.000000000000000E+000  0.000000000000000E+000
  -122.268923974752        12700.4039507266       -3315.65190228871     
  -725.673949220296        11059.1929527334       -5736.29357365260     
   906.170390138229        6256.33572100941       -3985.92101135439     
   1381.83897415693        6314.12239962651       -928.968325616940     
   1308.57247746991        1414.96489603132        3965.37932217967     
   1841.98078039238        2939.70743797254        3886.37622610257     
   3045.07671897488        5315.64629005708        1604.10261122686     
   1787.79520731695        3314.52597569236        3815.22692872217     
   710.398385655319        1991.27896158842        3927.62929892489     
   4848.43852956453        4399.21201333172       -913.629415403334     
   4829.61329051838        3814.06096489904       -3840.17316780259     
   9795.99162201912        4804.77924680987       -5599.68373490783     
   11062.1801409258        6229.76900895959       -3315.06333003133     
  0.000000000000000E+000  0.000000000000000E+000  0.000000000000000E+000
  0.000000000000000E+000  0.000000000000000E+000  0.000000000000000E+000
  0.000000000000000E+000  0.000000000000000E+000  0.000000000000000E+000
  0.000000000000000E+000  0.000000000000000E+000  0.000000000000000E+000
   412.185479903421        7622.19288292200       -1768.94111991310     
  -846.276022395332        10479.2142252349       -4829.89736442012     
   1212.39445531008        10846.6198525096       -4937.95427513170     
   3114.71176208146        7674.15174241669       -2124.52498910864     
   4679.55884213680        9554.64410086574        543.032622876527     
   6609.19647292296        13837.9415677243       -130.906358956225     
   7764.30248171130        13488.5590699112       -1776.09105313750     
   8545.46573367399        12520.2284376929       -15.6350782801994     
   5691.82621340808        8618.64535093810        703.816195468522     
   4931.60561662897        6399.62594198166       -2006.46671820679     
   8498.68199547317        6275.19936811975       -4739.01147481295     
   9394.64339513443        4434.85773103075       -4728.21184541823     
   6412.00319572991        4157.63288481778       -1776.89164213708     
  0.000000000000000E+000  0.000000000000000E+000  0.000000000000000E+000
  0.000000000000000E+000  0.000000000000000E+000  0.000000000000000E+000
  0.000000000000000E+000  0.000000000000000E+000  0.000000000000000E+000
  0.000000000000000E+000  0.000000000000000E+000  0.000000000000000E+000
   580.991333769958        2923.62541255464       -410.685912935353     
  -150.312954029611        2169.83067057293       -1186.98680541811     
   1909.86613571913       -1633.55854083760       -242.546354401829     
   3675.20324216606       -4980.10478640565        2407.61224499923     
   6585.73436265492        9902.72606598429       -899.524242574191     
   10643.6878453060        21012.1997722193       -4759.11471410394     
   8800.65978092178        15234.7053621786       -2645.45652251117     
   12858.8316626148        19703.8234632564       -4689.58475780305     
   5204.35764187589        10595.6660647378       -816.319566287321     
  -6227.87651533517        624.595377325473        2494.46332413932     
  -2516.41227885156        727.721412965156       -108.697232206319     
   1956.22475635089        926.093255419050       -1157.26573764929     
   2253.60414261159        1956.10545168071       -419.791312433030     
  0.000000000000000E+000  0.000000000000000E+000  0.000000000000000E+000
  0.000000000000000E+000  0.000000000000000E+000  0.000000000000000E+000
  0.000000000000000E+000  0.000000000000000E+000  0.000000000000000E+000
  0.000000000000000E+000  0.000000000000000E+000  0.000000000000000E+000
  -366.556676612279        1237.53556204906        292.253047135803     
   412.065419645454       -6977.11163357763        2188.67197930732     
   2857.69017658515       -18977.3705395892        6233.74961786177     
   3435.52798918991       -19774.8652724642        8545.33166545306     
   4552.68500881649       -3072.40508147191        3422.78085613604     
   6751.25456734064        9519.92982078397       -2114.81371500753     
   5529.79543892620        9558.67857907840       -740.725954505314     
   5163.04582979917        10933.3756026577       -2288.53113317154     
  -4908.21207475868        2452.45504895151        3427.34374032964     
  -18911.6519293685       -6926.99050411061        8614.23369921859     
  -17804.6650215682       -6977.95121319935        6255.13504200625     
  -6212.35949799951       -3131.32935664045        2170.56809931157     
   1258.29838674046        296.219314766229        280.544554114642     
  0.000000000000000E+000  0.000000000000000E+000  0.000000000000000E+000
  0.000000000000000E+000  0.000000000000000E+000  0.000000000000000E+000
  0.000000000000000E+000  0.000000000000000E+000  0.000000000000000E+000
  0.000000000000000E+000  0.000000000000000E+000  0.000000000000000E+000
  -1083.31718744651        740.336801148441        232.331974480708     
   496.414480213475       -10861.8327964531        3317.57747655067     
   3377.86704110636       -23925.9837311182        9804.13402793158     
   3104.36212018797       -12965.2904630695        6819.21610831658     
   4271.40153999791        963.762769807281        566.706369180583     
   3689.30059454144        2400.19177780721       -14.2794233104435     
   4013.97986072059        6942.19966439802       -1603.83772441643     
   397.919317791025        4571.12132828394       -133.099466596310     
  -1368.28726587526        4138.28774796516        621.695238396163     
  -12868.9242726184       -3816.41873591173        6895.21336840893     
  -22301.5165035452       -8959.20349295364        9762.08410231180     
  -9638.40827196165       -4983.23699825818        3284.92774975118     
   1187.90040220972       -572.727138451972        217.212440296725     
  0.000000000000000E+000  0.000000000000000E+000  0.000000000000000E+000
  0.000000000000000E+000  0.000000000000000E+000  0.000000000000000E+000
  0.000000000000000E+000  0.000000000000000E+000  0.000000000000000E+000
  0.000000000000000E+000  0.000000000000000E+000  0.000000000000000E+000
  -926.116689575443        789.322598337370        55.3747070780967     
   248.948523585023       -9607.77249700234        3018.72287693141     
   2904.29666352782       -15840.4756525618        8177.49560542814     
   1943.28363352861       -3702.88742057512        2289.22239519112     
   3157.82953464938        5016.65462398550       -2823.27957769357     
   3667.41195600335        4960.11513689776       -2548.29183366244     
   6375.60479067724        10967.5003848065       -8414.48345874408     
   2444.76355485382        5605.92339083147       -2467.71681963668     
   2755.34908428706        5237.59747151855       -2807.85537704557     
  -4193.62641989135       -179.633130242640        2347.77086339713     
  -15104.2091617123       -5370.90501434360        8146.05688038601     
  -8460.51388750250       -4578.91179560111        2999.31132177307     
   1149.70610589063       -409.045292054619        37.6516813285857     
  0.000000000000000E+000  0.000000000000000E+000  0.000000000000000E+000
  0.000000000000000E+000  0.000000000000000E+000  0.000000000000000E+000
  0.000000000000000E+000  0.000000000000000E+000  0.000000000000000E+000
  0.000000000000000E+000  0.000000000000000E+000  0.000000000000000E+000
  -334.910826424861        567.320850567293       -178.170168198409     
  -245.462792609529       -5298.78820758730        1860.89924236439     
   1927.57779658468       -7927.90798444344        4683.30948779581     
   1633.62586658991       -4503.70242753133        2435.98142612804     
   2447.51379134869        765.402318391666       -85.6795744467011     
   3442.14041171516        7118.79393485902       -4705.79219794808     
   6473.56788856058        11155.5256690932       -12334.1283081799     
   4613.84062760122        6654.50712132635       -4892.05525433822     
  -473.219505541095        2524.63094865815       -132.149138788607     
  -4649.64919788748       -808.846763130542        2434.34472358786     
  -7804.16307944792       -2302.04786809187        4688.22227491279     
  -4493.07936634128       -2875.69843415664        1870.42697429105     
   657.922586199518       -7.92832507919944       -193.707378879895     
  0.000000000000000E+000  0.000000000000000E+000  0.000000000000000E+000
  0.000000000000000E+000  0.000000000000000E+000  0.000000000000000E+000
  0.000000000000000E+000  0.000000000000000E+000  0.000000000000000E+000
  0.000000000000000E+000  0.000000000000000E+000  0.000000000000000E+000
  -45.4548238870974        249.053713842867        108.403319432733     
  -364.457698795793       -1949.39285752813        618.028097018332     
   886.841439247400       -3925.64710042840        2331.35914160047     
   1186.46177648725       -3885.34832118518        2863.30919097711     
   2137.85420598958        5182.40155239189       -5740.15057383474     
   4282.23215107990        9068.00824277250       -11025.2526859862     
   2490.86315744857        4232.21050765293       -4301.92306920491     
   5661.72603888446        8126.23841740866       -10866.6310958081     
   3448.24199080495        4445.18201007288       -5755.24180374866     
  -3817.67417591989       -851.840320736115        2768.05678517962     
  -3832.40774158672       -1197.88551206291        2351.79244717232     
  -1528.33790244575       -1315.34686746241        637.324500206887     
   241.310802017837        82.9261548205803        101.750102121556     
  0.000000000000000E+000  0.000000000000000E+000  0.000000000000000E+000
  0.000000000000000E+000  0.000000000000000E+000  0.000000000000000E+000
  0.000000000000000E+000  0.000000000000000E+000  0.000000000000000E+000
  0.000000000000000E+000  0.000000000000000E+000  0.000000000000000E+000
   13.7961599178700       -81.7484921797584        118.973380153530     
   39.6120628209851       -211.814321516389       -160.650670147759     
   124.666025903311       -1241.14721698583        405.840965911472     
   1217.15353225508       -1011.53641331193        194.414546315838     
   2393.42544117668        5379.23649958844       -7526.21233921365     
   2811.29391756754        6366.74693209605       -10559.7697204534     
   807.199698234727        1410.70990922849        1438.08145470351     
   3890.44277076741        5377.67933961658       -9956.78705937599     
   3408.21629895859        4692.30696345186       -7447.20396839645     
  -1354.76325385324        592.841570372129        125.216704246538     
  -1132.48113457476       -503.434302964257        411.343574419610     
  -199.162064483452       -82.1564102453806       -150.592601787660     
  -79.9996021059179       -30.7255258209135        111.660586302097     
  0.000000000000000E+000  0.000000000000000E+000  0.000000000000000E+000
  0.000000000000000E+000  0.000000000000000E+000  0.000000000000000E+000
  0.000000000000000E+000  0.000000000000000E+000  0.000000000000000E+000
  0.000000000000000E+000  0.000000000000000E+000  0.000000000000000E+000
  0.000000000000000E+000  0.000000000000000E+000  0.000000000000000E+000
  0.000000000000000E+000  0.000000000000000E+000  0.000000000000000E+000
  0.000000000000000E+000  0.000000000000000E+000  0.000000000000000E+000
  0.000000000000000E+000  0.000000000000000E+000  0.000000000000000E+000
  0.000000000000000E+000  0.000000000000000E+000  0.000000000000000E+000
  0.000000000000000E+000  0.000000000000000E+000  0.000000000000000E+000
  0.000000000000000E+000  0.000000000000000E+000  0.000000000000000E+000
  0.000000000000000E+000  0.000000000000000E+000  0.000000000000000E+000
  0.000000000000000E+000  0.000000000000000E+000  0.000000000000000E+000
  0.000000000000000E+000  0.000000000000000E+000  0.000000000000000E+000
  0.000000000000000E+000  0.000000000000000E+000  0.000000000000000E+000
  0.000000000000000E+000  0.000000000000000E+000  0.000000000000000E+000
  0.000000000000000E+000  0.000000000000000E+000  0.000000000000000E+000
  0.000000000000000E+000  0.000000000000000E+000  0.000000000000000E+000
  0.000000000000000E+000  0.000000000000000E+000  0.000000000000000E+000
  0.000000000000000E+000  0.000000000000000E+000  0.000000000000000E+000
  0.000000000000000E+000  0.000000000000000E+000  0.000000000000000E+000
  0.000000000000000E+000  0.000000000000000E+000  0.000000000000000E+000
  0.000000000000000E+000  0.000000000000000E+000  0.000000000000000E+000
  0.000000000000000E+000  0.000000000000000E+000  0.000000000000000E+000
  0.000000000000000E+000  0.000000000000000E+000  0.000000000000000E+000
  0.000000000000000E+000  0.000000000000000E+000  0.000000000000000E+000
  0.000000000000000E+000  0.000000000000000E+000  0.000000000000000E+000
  0.000000000000000E+000  0.000000000000000E+000  0.000000000000000E+000
  0.000000000000000E+000  0.000000000000000E+000  0.000000000000000E+000
  0.000000000000000E+000  0.000000000000000E+000  0.000000000000000E+000
  0.000000000000000E+000  0.000000000000000E+000  0.000000000000000E+000
  0.000000000000000E+000  0.000000000000000E+000  0.000000000000000E+000
  0.000000000000000E+000  0.000000000000000E+000  0.000000000000000E+000
  0.000000000000000E+000  0.000000000000000E+000  0.000000000000000E+000
  0.000000000000000E+000  0.000000000000000E+000  0.000000000000000E+000
  0.000000000000000E+000  0.000000000000000E+000  0.000000000000000E+000
