         140  1.399999999999997E-002  1.399999999999997E-002
  0.000000000000000E+000  0.000000000000000E+000  0.000000000000000E+000
  0.000000000000000E+000  0.000000000000000E+000  0.000000000000000E+000
  2.297749468277071E-002  3.044271181429487E-002 -4.778779907585259E-002
  2.032406717090451E-002  2.320634451378920E-002 -6.345125894323188E-002
  2.170571617568895E-002  1.872337834156917E-002 -8.833021929424711E-002
  1.990398859050300E-002  2.208564539921026E-002 -9.882121918230109E-002
  1.979635944131345E-002  2.511383992044178E-002 -0.108242248534266     
  2.265342195515860E-002  4.668371352461201E-002 -0.113801718497368     
  3.122155119389329E-002  5.411592317887526E-002 -0.118775798058002     
  2.905656156398208E-002  4.295926930191947E-002 -0.113800918118027     
  1.180867275567784E-002  2.970180203883301E-002 -0.108250094428192     
  9.121423268197242E-003  2.827549060592574E-002 -9.883061304512067E-002
  5.304131295697255E-003  2.814690890566947E-002 -8.835193124536898E-002
  9.882100671591331E-003  2.919925876079129E-002 -6.345501739015301E-002
  1.488498816233923E-002  3.516010080917533E-002 -4.778424264953030E-002
  0.000000000000000E+000  0.000000000000000E+000  0.000000000000000E+000
  0.000000000000000E+000  0.000000000000000E+000  0.000000000000000E+000
  0.000000000000000E+000  0.000000000000000E+000  0.000000000000000E+000
  0.000000000000000E+000  0.000000000000000E+000  0.000000000000000E+000
  1.870035413541287E-002  2.759451218424456E-002 -4.199297857185111E-002
  1.742044503099012E-002  2.981585824372242E-002 -6.382911843472906E-002
  1.723842653751703E-002  2.582469344417250E-002 -8.512481362822566E-002
  1.727456463106835E-002  2.721950262020046E-002 -9.903268306553673E-002
  1.771018291745087E-002  2.954236622239775E-002 -0.106968723148311     
  2.151665735743788E-002  4.654311387543528E-002 -0.113601365542083     
  2.878002614971225E-002  4.988766863784652E-002 -0.117671292099836     
  2.950646246180291E-002  4.190654308983540E-002 -0.113603326822205     
  1.668234804087589E-002  3.011209083878003E-002 -0.106976209904846     
  1.488734485110718E-002  2.856479261896105E-002 -9.904135981051744E-002
  1.368671781321676E-002  2.783337601942719E-002 -8.514085081174486E-002
  1.707311026397821E-002  2.998659691955439E-002 -6.382516578237331E-002
  1.455291568104965E-002  3.002796873177649E-002 -4.198348770229769E-002
  0.000000000000000E+000  0.000000000000000E+000  0.000000000000000E+000
  0.000000000000000E+000  0.000000000000000E+000  0.000000000000000E+000
  0.000000000000000E+000  0.000000000000000E+000  0.000000000000000E+000
  0.000000000000000E+000  0.000000000000000E+000  0.000000000000000E+000
  1.260010834765547E-002  2.144338560187732E-002 -3.273698082489611E-002
  1.151968313940331E-002  4.316731051413206E-002 -6.186372683238868E-002
  1.045360946573658E-002  3.993617178798856E-002 -8.168227603077614E-002
  1.202654126564099E-002  3.579886978891395E-002 -9.669183161409287E-002
  1.372305918020890E-002  3.609267300826439E-002 -0.105158104419792     
  1.898576751132396E-002  4.755389984877607E-002 -0.111929017112798     
  2.511184750952231E-002  4.352815779607638E-002 -0.115776855033017     
  3.163956681103468E-002  4.022242726315808E-002 -0.111935847847476     
  2.434373513472407E-002  2.993111051467066E-002 -0.105168525579645     
  2.495237191712501E-002  2.832394173615390E-002 -9.669588772178830E-002
  2.930759914325092E-002  2.900387073734426E-002 -8.168606617159357E-002
  3.159430762521429E-002  3.156503070665281E-002 -6.184676961563240E-002
  1.227798062739967E-002  2.164563355487128E-002 -3.271123834536962E-002
  0.000000000000000E+000  0.000000000000000E+000  0.000000000000000E+000
  0.000000000000000E+000  0.000000000000000E+000  0.000000000000000E+000
  0.000000000000000E+000  0.000000000000000E+000  0.000000000000000E+000
  0.000000000000000E+000  0.000000000000000E+000  0.000000000000000E+000
  1.403882579965283E-002  9.982422665127035E-003 -2.461344412096597E-002
  3.766756012186748E-004  5.744778404702115E-002 -5.648818704903422E-002
  4.387623694596105E-003  6.682000449898573E-002 -7.856836262213003E-002
  3.714454432569532E-003  6.160229803597148E-002 -9.462479087218460E-002
  9.340021747847097E-003  5.769010694536673E-002 -0.103517854425508     
  1.461506934183272E-002  4.273951172881260E-002 -0.108743776963597     
  1.894714333282117E-002  3.283840231622250E-002 -0.109387547861922     
  2.965209495272507E-002  3.403538131010938E-002 -0.108763989433401     
  4.522210831137661E-002  3.693727969592615E-002 -0.103529108977862     
  5.146833630809294E-002  3.402448002353903E-002 -9.462496209206436E-002
  5.563058596135598E-002  3.722268875819734E-002 -7.855320828811539E-002
  4.953649970415500E-002  2.901338807354747E-002 -5.644153232732833E-002
  1.608671604822219E-003  1.718537635388811E-002 -2.458442560956650E-002
  0.000000000000000E+000  0.000000000000000E+000  0.000000000000000E+000
  0.000000000000000E+000  0.000000000000000E+000  0.000000000000000E+000
  0.000000000000000E+000  0.000000000000000E+000  0.000000000000000E+000
  0.000000000000000E+000  0.000000000000000E+000  0.000000000000000E+000
  8.603806952357617E-003 -5.781593068330607E-003 -1.527675149938100E-002
 -2.561554291205196E-004  7.139824553864633E-002 -5.314455854556292E-002
 -5.026975137435693E-003  7.896976400354920E-002 -7.672095440403080E-002
 -2.668221565659783E-003  7.907693711965127E-002 -9.449858752615288E-002
  3.734719743470672E-003  5.913270141789208E-002 -0.101987030313725     
  9.244338004021612E-003  3.437206833483817E-002 -0.101772135755795     
  1.239124772509560E-002  2.147274829865911E-002 -0.100645782026448     
  2.513363124683932E-002  2.523958244657696E-002 -0.101825457395997     
  4.928926014664348E-002  3.280671321500971E-002 -0.102008341239876     
  6.975888454018928E-002  3.724617763038343E-002 -9.449622691825878E-002
  7.082621629905776E-002  3.510089558345345E-002 -7.667552530522917E-002
  6.193876870771731E-002  3.549642807928955E-002 -5.310594577411409E-002
 -9.316200218220095E-003  4.529996223991974E-003 -1.520558212309466E-002
  0.000000000000000E+000  0.000000000000000E+000  0.000000000000000E+000
  0.000000000000000E+000  0.000000000000000E+000  0.000000000000000E+000
  0.000000000000000E+000  0.000000000000000E+000  0.000000000000000E+000
  0.000000000000000E+000  0.000000000000000E+000  0.000000000000000E+000
  1.365090320833468E-002 -5.198283204504659E-003 -1.385965592275939E-002
 -3.819856214514560E-003  6.958014476978777E-002 -4.716650911188163E-002
 -8.962135588177161E-003  7.924895214326577E-002 -7.375419488172721E-002
 -8.107975393255269E-003  7.535997987462102E-002 -9.027342321884275E-002
 -2.112728623630474E-003  5.082888005417674E-002 -9.481420152971275E-002
  3.815830979649425E-003  2.478352553881809E-002 -9.147390170498039E-002
  6.778328767124248E-003  1.174677531168999E-002 -8.862161970706567E-002
  1.961892150549398E-002  1.578002884552826E-002 -9.159410598131952E-002
  4.505811125013286E-002  2.361941752141780E-002 -9.486575793064751E-002
  6.921341890529245E-002  3.065792379303113E-002 -9.025725486810317E-002
  7.302527795064878E-002  3.187290620128146E-002 -7.368953670851179E-002
  6.210695563066685E-002  3.141562735908171E-002 -4.711569476188081E-002
 -1.127672033455217E-002  9.305651865269658E-003 -1.378965080525290E-002
  0.000000000000000E+000  0.000000000000000E+000  0.000000000000000E+000
  0.000000000000000E+000  0.000000000000000E+000  0.000000000000000E+000
  0.000000000000000E+000  0.000000000000000E+000  0.000000000000000E+000
  0.000000000000000E+000  0.000000000000000E+000  0.000000000000000E+000
  1.064103942216380E-002 -2.522718948345319E-003 -8.975188901966382E-003
 -9.657156796600883E-004  5.733301598723498E-002 -4.100839789587335E-002
 -1.088993193863365E-002  6.875786446144837E-002 -6.535368331645545E-002
 -1.102704493672748E-002  6.112623521458731E-002 -7.964406483209231E-002
 -6.296622504522086E-003  3.898923778232753E-002 -8.265048075935098E-002
 -9.587478706532280E-004  1.613514447588466E-002 -7.843195479710582E-002
  2.935306653510258E-003  5.088337638499988E-003 -7.536447259065394E-002
  1.460251400837372E-002  7.349095181775205E-003 -7.865146551640916E-002
  3.692297695208131E-002  1.408025136365305E-002 -8.273476035931053E-002
  5.831561006021592E-002  2.102961768577046E-002 -7.961285027598258E-002
  6.490057891021417E-002  2.495073355632974E-002 -6.528622439664915E-002
  5.006987309191416E-002  2.778259083720552E-002 -4.094466193213930E-002
 -7.454257800801660E-003  7.993826367301792E-003 -8.918215603310804E-003
  0.000000000000000E+000  0.000000000000000E+000  0.000000000000000E+000
  0.000000000000000E+000  0.000000000000000E+000  0.000000000000000E+000
  0.000000000000000E+000  0.000000000000000E+000  0.000000000000000E+000
  0.000000000000000E+000  0.000000000000000E+000  0.000000000000000E+000
  1.014662240720933E-002 -3.744332077792788E-003 -7.123011984417111E-003
  1.554158267818480E-003  4.175440430561506E-002 -3.111993785247360E-002
 -9.374114115154618E-003  4.845176331535108E-002 -5.071868147807775E-002
 -1.072860476289151E-002  4.387807816751445E-002 -6.291379055887701E-002
 -8.814436965883840E-003  2.666824305356861E-002 -6.608354231936919E-002
 -4.067174220036393E-003  1.066534692077905E-002 -6.413160203378589E-002
  7.993307983136310E-004  1.370454736270270E-003 -6.229481321889136E-002
  1.148463645113181E-002  1.922707641929723E-003 -6.447969831652081E-002
  2.751826102214985E-002  5.744545590451552E-003 -6.618101872401924E-002
  4.323068814905226E-002  1.266223880975257E-002 -6.289041417532482E-002
  4.656609495161856E-002  1.614065078286140E-002 -5.063257420345489E-002
  3.533818397715292E-002  2.212816950618258E-002 -3.109534931382129E-002
 -8.276970037632541E-003  7.004676011852280E-003 -7.022637135729543E-003
  0.000000000000000E+000  0.000000000000000E+000  0.000000000000000E+000
  0.000000000000000E+000  0.000000000000000E+000  0.000000000000000E+000
  0.000000000000000E+000  0.000000000000000E+000  0.000000000000000E+000
  0.000000000000000E+000  0.000000000000000E+000  0.000000000000000E+000
  6.867304577133328E-003 -3.377943438523478E-003 -5.149514282837616E-003
  2.800723372528859E-003  2.151421037475433E-002 -1.703452143044713E-002
 -4.344732302768751E-003  2.677778636640951E-002 -3.074951417912422E-002
 -7.785805047393528E-003  2.498751568528894E-002 -3.949167266852983E-002
 -8.311150175958841E-003  1.605836053020500E-002 -4.442989543146523E-002
 -5.663658051238408E-003  6.507669561131011E-003 -4.652533622462627E-002
 -2.044105682023766E-004 -4.044659483876417E-004 -4.735518415455271E-002
  8.663996191267370E-003 -1.594266931799184E-003 -4.691313091043167E-002
  1.806449152325522E-002  8.644749188182549E-004 -4.451864456813082E-002
  2.541912343122436E-002  5.760163231504324E-003 -3.944687357972851E-002
  2.533675064045839E-002  9.661184025530952E-003 -3.073650105699243E-002
  1.719221609109860E-002  1.310863109312019E-002 -1.696522808535364E-002
 -6.348064912501122E-003  4.295512685709048E-003 -5.131711171039761E-003
  0.000000000000000E+000  0.000000000000000E+000  0.000000000000000E+000
  0.000000000000000E+000  0.000000000000000E+000  0.000000000000000E+000
  0.000000000000000E+000  0.000000000000000E+000  0.000000000000000E+000
  0.000000000000000E+000  0.000000000000000E+000  0.000000000000000E+000
  2.038098824315915E-003 -3.036142876388619E-003 -1.835059238767401E-003
  3.377445528616754E-003  4.970103891133582E-003 -5.277791445963743E-003
  1.289939898629220E-003  6.006535246538866E-003 -8.516179361078277E-003
 -8.123535608327989E-004  8.050829825941862E-003 -1.317204338802826E-002
 -2.977215660200106E-003  5.741193598431893E-003 -1.621562487194394E-002
 -3.110329608486728E-003  2.832041496453359E-003 -2.040101822446520E-002
 -4.401692198145200E-004 -8.793078858645644E-004 -2.252328354881513E-002
  4.105671541061819E-003 -1.238000727522399E-003 -2.065559820851797E-002
  6.430765163859515E-003  3.254221474817581E-004 -1.624519663641383E-002
  7.344101260729069E-003  3.308040399986895E-003 -1.314690796399816E-002
  4.553548662502853E-003  4.122168420558739E-003 -8.506371469014588E-003
  2.630863731591411E-003  5.383497518105610E-003 -5.275664901925181E-003
 -3.657299663099135E-003  2.559329730119192E-004 -1.803251774345058E-003
  0.000000000000000E+000  0.000000000000000E+000  0.000000000000000E+000
  0.000000000000000E+000  0.000000000000000E+000  0.000000000000000E+000
  0.000000000000000E+000  0.000000000000000E+000  0.000000000000000E+000
  0.000000000000000E+000  0.000000000000000E+000  0.000000000000000E+000
  0.000000000000000E+000  0.000000000000000E+000  0.000000000000000E+000
  0.000000000000000E+000  0.000000000000000E+000  0.000000000000000E+000
  0.000000000000000E+000  0.000000000000000E+000  0.000000000000000E+000
  0.000000000000000E+000  0.000000000000000E+000  0.000000000000000E+000
  0.000000000000000E+000  0.000000000000000E+000  0.000000000000000E+000
  0.000000000000000E+000  0.000000000000000E+000  0.000000000000000E+000
  0.000000000000000E+000  0.000000000000000E+000  0.000000000000000E+000
  0.000000000000000E+000  0.000000000000000E+000  0.000000000000000E+000
  0.000000000000000E+000  0.000000000000000E+000  0.000000000000000E+000
  0.000000000000000E+000  0.000000000000000E+000  0.000000000000000E+000
  0.000000000000000E+000  0.000000000000000E+000  0.000000000000000E+000
  0.000000000000000E+000  0.000000000000000E+000  0.000000000000000E+000
  0.000000000000000E+000  0.000000000000000E+000  0.000000000000000E+000
  0.000000000000000E+000  0.000000000000000E+000  0.000000000000000E+000
  0.000000000000000E+000  0.000000000000000E+000  0.000000000000000E+000
  0.000000000000000E+000  0.000000000000000E+000  0.000000000000000E+000
  0.000000000000000E+000  0.000000000000000E+000  0.000000000000000E+000
  0.000000000000000E+000  0.000000000000000E+000  0.000000000000000E+000
  0.000000000000000E+000  0.000000000000000E+000  0.000000000000000E+000
  0.000000000000000E+000  0.000000000000000E+000  0.000000000000000E+000
  0.000000000000000E+000  0.000000000000000E+000  0.000000000000000E+000
  0.000000000000000E+000  0.000000000000000E+000  0.000000000000000E+000
  0.000000000000000E+000  0.000000000000000E+000  0.000000000000000E+000
  0.000000000000000E+000  0.000000000000000E+000  0.000000000000000E+000
  0.000000000000000E+000  0.000000000000000E+000  0.000000000000000E+000
  0.000000000000000E+000  0.000000000000000E+000  0.000000000000000E+000
  0.000000000000000E+000  0.000000000000000E+000  0.000000000000000E+000
  0.000000000000000E+000  0.000000000000000E+000  0.000000000000000E+000
  0.000000000000000E+000  0.000000000000000E+000  0.000000000000000E+000
  0.000000000000000E+000  0.000000000000000E+000  0.000000000000000E+000
  0.000000000000000E+000  0.000000000000000E+000  0.000000000000000E+000
  0.000000000000000E+000  0.000000000000000E+000  0.000000000000000E+000
  0.000000000000000E+000  0.000000000000000E+000  0.000000000000000E+000
  0.000000000000000E+000  0.000000000000000E+000  0.000000000000000E+000
 -4.318288300707977E-002  9.996113141831265E-003  0.102550049340893     
 -2.326827003489388E-002 -7.582671717900626E-003  0.147428929876507     
 -1.363965014172918E-002 -2.989107040064495E-004  0.190261196899265     
 -2.728804213723261E-004 -8.929186604490581E-003  0.190149330550690     
 -3.124012976081826E-003  1.854166640130523E-002  0.186485104090130     
 -1.484395236925892E-002 -7.081799710404615E-002  0.184227796569284     
 -6.677168005077162E-002 -0.119029940078328       0.198683935404207     
 -4.643786040681228E-002 -4.537928734951085E-002  0.183092796988312     
  1.930288572379475E-002  6.261421167641569E-003  0.186198769642584     
 -6.189816558148641E-003 -4.622265114987385E-003  0.190647705508309     
  8.299450369151549E-003 -1.201567808201496E-002  0.190888177344101     
  9.414210533881424E-003 -2.250773229127326E-002  0.147706016469238     
  3.453946498818929E-002 -3.101173522753544E-002  0.102015613585307     
  0.000000000000000E+000  0.000000000000000E+000  0.000000000000000E+000
  0.000000000000000E+000  0.000000000000000E+000  0.000000000000000E+000
  0.000000000000000E+000  0.000000000000000E+000  0.000000000000000E+000
  0.000000000000000E+000  0.000000000000000E+000  0.000000000000000E+000
 -3.257772926665088E-002  9.990490557260784E-003  8.905682220258951E-002
 -1.803298905059053E-002 -1.104591061791616E-003  0.146204583923005     
 -6.280139138554769E-003 -1.962611603489793E-003  0.186404315181090     
 -1.649941236332123E-003 -4.870958438207200E-003  0.193209723778605     
 -4.949249948175176E-003  9.579711727698118E-003  0.184816921486613     
 -1.577772526187852E-002 -5.784829895434892E-002  0.181486509324951     
 -4.854303418360668E-002 -8.731339950523992E-002  0.192730074283115     
 -3.597368978436773E-002 -4.072083535814858E-002  0.180206168439843     
  1.297060992877867E-002  6.718200882125268E-005  0.184571447679023     
 -1.800266949223279E-003 -3.827839368546305E-003  0.193755405330842     
  3.317440903656424E-003 -6.309903785524362E-003  0.187041216358943     
  1.214104439317638E-002 -1.480904042155884E-002  0.146385622245539     
  2.868594920881248E-002 -2.197711950644253E-002  8.856057943875945E-002
  0.000000000000000E+000  0.000000000000000E+000  0.000000000000000E+000
  0.000000000000000E+000  0.000000000000000E+000  0.000000000000000E+000
  0.000000000000000E+000  0.000000000000000E+000  0.000000000000000E+000
  0.000000000000000E+000  0.000000000000000E+000  0.000000000000000E+000
 -2.062202693726440E-002  9.805764455629669E-003  6.949081049969695E-002
 -6.283142130350073E-003  1.213698413240995E-002  0.136509769692079     
  2.264976716076040E-003 -6.061383346360686E-003  0.181192332993695     
  1.925404386329034E-003  1.904313819565348E-003  0.191696561157143     
 -6.298738053618845E-004  1.365853239114519E-002  0.181816829004571     
 -7.728718241362145E-003 -4.173645240206780E-002  0.175079130689613     
 -1.759279641574375E-002 -3.347541942971969E-002  0.183877078102953     
 -2.657738614788147E-002 -2.632856893225595E-002  0.173692359456600     
  1.427568640508940E-002  5.508851738760662E-003  0.181566216017644     
  2.851089493306817E-003  2.722058187911494E-003  0.192235574494891     
 -4.444361780962525E-003 -7.884450083897312E-004  0.181796325121530     
  1.745469801922975E-002  1.868823017717648E-003  0.136513664624953     
  2.149679419461618E-002 -1.202071035629023E-002  6.906149896978284E-002
  0.000000000000000E+000  0.000000000000000E+000  0.000000000000000E+000
  0.000000000000000E+000  0.000000000000000E+000  0.000000000000000E+000
  0.000000000000000E+000  0.000000000000000E+000  0.000000000000000E+000
  0.000000000000000E+000  0.000000000000000E+000  0.000000000000000E+000
 -1.217262561644466E-002  8.282568988588269E-003  5.275563919919449E-002
  2.630304787562815E-003  2.541774954679340E-002  0.117272182316132     
  1.226333362984036E-002  4.393294866972026E-003  0.170231740301805     
  1.103008553327214E-002  6.446841067635115E-004  0.183230303347742     
  7.377199742358609E-003 -4.220657460702085E-002  0.177758941675764     
 -1.461230590335651E-003 -2.801549315193490E-002  0.170681770416651     
  1.347529351047886E-002  2.062199154807196E-002  0.152048499014564     
 -2.009403610390687E-002 -1.568741807204424E-002  0.169324289977132     
 -3.874830247288470E-002 -1.608887717388284E-002  0.177250360486277     
 -4.232722184751420E-003  8.955612742784093E-003  0.183586705065206     
 -4.879046782496185E-004  1.302607303525657E-002  0.170586459077039     
  2.380051896452818E-002  1.588607717057174E-002  0.117101256510563     
  1.451860812094328E-002 -5.940273560269546E-003  5.250561034633835E-002
  0.000000000000000E+000  0.000000000000000E+000  0.000000000000000E+000
  0.000000000000000E+000  0.000000000000000E+000  0.000000000000000E+000
  0.000000000000000E+000  0.000000000000000E+000  0.000000000000000E+000
  0.000000000000000E+000  0.000000000000000E+000  0.000000000000000E+000
 -6.504062835302219E-003  8.717601883265869E-003  4.044121803710093E-002
  6.597333567832631E-003  1.528510371582730E-002  0.102953165311737     
  2.207552694293459E-002 -6.044634299311513E-003  0.155441740832604     
  2.042721654525116E-002 -3.894330975842102E-002  0.177183530216864     
  8.253907309245830E-003 -6.301034398964285E-002  0.182499307573390     
 -7.101913197036142E-004 -1.742666078045650E-002  0.159582610547840     
  9.420596949096496E-003  1.457089908274973E-002  0.134398818281815     
 -1.294105223695468E-002 -1.020073065689477E-002  0.158393072434258     
 -5.981206744541108E-002 -2.681646911897156E-002  0.182472972456611     
 -4.588749968060091E-002 -3.949702728028166E-003  0.177810516696131     
 -1.567185149209478E-002  1.585123813004356E-002  0.155506990018048     
  1.210237874008572E-002  1.377118743965753E-002  0.102919930732021     
  1.082307887666122E-002 -1.107697797281075E-003  4.012961095066007E-002
  0.000000000000000E+000  0.000000000000000E+000  0.000000000000000E+000
  0.000000000000000E+000  0.000000000000000E+000  0.000000000000000E+000
  0.000000000000000E+000  0.000000000000000E+000  0.000000000000000E+000
  0.000000000000000E+000  0.000000000000000E+000  0.000000000000000E+000
 -8.321004345931615E-003  7.739992002931750E-003  3.312249697333062E-002
  1.518485537558642E-002 -5.149779659047862E-003  9.092084300735108E-002
  3.613491242568380E-002 -6.302605090672107E-002  0.155159658828302     
  2.524017223034127E-002 -5.349406089871817E-002  0.174097835090024     
  7.559001606684622E-003 -3.354822025812641E-002  0.161582985835103     
 -4.342194295497467E-003 -2.960889878840247E-002  0.157434685029939     
 -1.471937817319985E-002 -2.563715859867244E-002  0.153813288350236     
 -2.154976948331967E-002 -1.770613240850782E-002  0.154745112014928     
 -3.413030051537284E-002 -1.187507160742197E-002  0.161492657742446     
 -6.152260307183458E-002 -6.766335207627275E-003  0.175025372068336     
 -7.279010301064910E-002 -9.656368902862578E-004  0.155090846392693     
 -1.053709842122477E-002  1.122348890132790E-002  9.098852011701454E-002
  1.022840061095971E-002 -3.905141081435119E-003  3.263320519236684E-002
  0.000000000000000E+000  0.000000000000000E+000  0.000000000000000E+000
  0.000000000000000E+000  0.000000000000000E+000  0.000000000000000E+000
  0.000000000000000E+000  0.000000000000000E+000  0.000000000000000E+000
  0.000000000000000E+000  0.000000000000000E+000  0.000000000000000E+000
 -8.091306356167215E-003  9.059251127743077E-003  2.514882378663728E-002
  1.826441667125984E-002 -2.944651934421960E-002  8.110564174184627E-002
  5.155169698493005E-002 -0.105072492985075       0.161830631371566     
  2.551962249381956E-002 -4.236938405257993E-002  0.154212609315126     
  5.087572309141900E-003  1.017334983124069E-003  0.118160164022309     
  1.552346521420949E-003 -1.347400319469168E-002  0.130790804063604     
 -1.298196212516972E-002 -2.117200446144176E-002  0.150202838032157     
 -1.215598155361324E-002 -4.543321973151283E-003  0.128219098841939     
 -2.646663850432963E-003  4.420351682259792E-003  0.117587850000121     
 -5.047521209301014E-002 -5.205384072300406E-005  0.154104503249395     
 -0.115680755631588      -8.340734384069307E-003  0.161195334821799     
 -3.406270662861369E-002  1.394759388448889E-003  8.103028594543990E-002
  1.170836134966215E-002 -2.725044032161095E-003  2.493183277434299E-002
  0.000000000000000E+000  0.000000000000000E+000  0.000000000000000E+000
  0.000000000000000E+000  0.000000000000000E+000  0.000000000000000E+000
  0.000000000000000E+000  0.000000000000000E+000  0.000000000000000E+000
  0.000000000000000E+000  0.000000000000000E+000  0.000000000000000E+000
 -7.365577102123603E-003  8.824086012563705E-003  1.664875870539356E-002
  1.256884310573547E-002 -3.562285841044387E-002  6.824031744290979E-002
  4.903650325137603E-002 -9.385762243565159E-002  0.142324763717772     
  2.272899256204948E-002 -2.733320880989570E-002  0.122900939130248     
  1.084510080228270E-002 -4.415623419443872E-003  0.102619399888731     
  4.323121945977237E-003  1.764891225579084E-002  6.924651988266362E-002
  1.394108895434791E-002  2.594798359267438E-002  4.907482538981391E-002
  1.085585162573007E-002  1.272790399992285E-002  7.013653347076707E-002
 -1.114012203354560E-002  7.085081101328020E-003  0.102985979318175     
 -3.512790581293318E-002  5.601277405199237E-003  0.122154482998064     
 -0.103562887093642      -4.780847431931282E-003  0.140618332573804     
 -3.677021096215165E-002 -6.548914707256356E-003  6.840771195518328E-002
  1.114267823261748E-002 -2.295920550336576E-003  1.610885004584526E-002
  0.000000000000000E+000  0.000000000000000E+000  0.000000000000000E+000
  0.000000000000000E+000  0.000000000000000E+000  0.000000000000000E+000
  0.000000000000000E+000  0.000000000000000E+000  0.000000000000000E+000
  0.000000000000000E+000  0.000000000000000E+000  0.000000000000000E+000
 -4.135048513930748E-003  9.689739286558838E-003  1.454746483905264E-002
  5.536792469990419E-004 -2.270028764121203E-002  3.992753436479747E-002
  2.536027249394121E-002 -4.773465278684637E-002  8.876430373328043E-002
  1.951858826075376E-002 -2.004419659826432E-002  8.092254493525390E-002
  2.978608661445172E-002 -2.389678819528436E-002  0.116310550222477     
  7.578833158919889E-003  1.239052526991698E-002  5.816410600064280E-002
  1.277103719388915E-002  2.376320462818900E-002 -7.743590842681459E-003
  5.125943504091243E-003  1.339986542570841E-002  5.920324692002302E-002
 -3.718706096069759E-002  1.398899066524899E-002  0.117503459941851     
 -2.750047518855894E-002  6.674710028644620E-003  8.061320048233352E-002
 -5.230759300049491E-002 -2.088737296109493E-003  8.734912899647342E-002
 -1.967745636898136E-002 -1.052172726845753E-002  3.972267618931530E-002
  1.042610967733852E-002  1.087764538318535E-003  1.453495920636274E-002
  0.000000000000000E+000  0.000000000000000E+000  0.000000000000000E+000
  0.000000000000000E+000  0.000000000000000E+000  0.000000000000000E+000
  0.000000000000000E+000  0.000000000000000E+000  0.000000000000000E+000
  0.000000000000000E+000  0.000000000000000E+000  0.000000000000000E+000
  5.438056939200948E-004  4.431976653441378E-003  7.091780239415281E-003
 -4.988369175704124E-003 -6.558149072109388E-004  1.411788732020414E-002
 -1.103174538884195E-003 -4.861086434982164E-003  2.435867226347021E-002
  1.989826961673103E-003 -5.045896381142170E-003  2.805006309030067E-002
  1.735285809664432E-002 -9.650362981975170E-003  6.159206493108285E-002
  1.500373819750028E-002  3.369360623835515E-003  4.245668394648440E-002
  5.583365556996510E-003  1.078416515387681E-002  1.430341945412077E-002
 -5.395852289963293E-003  1.505219203979654E-002  4.139736614625730E-002
 -1.754891303412243E-002  1.038333019460627E-002  6.202276317327823E-002
 -5.779190587356110E-003 -7.765064227391029E-004  2.814565197859928E-002
 -3.289822490039299E-003 -3.321269185763481E-003  2.388695962879591E-002
  1.917769079699229E-003 -4.504857449780388E-003  1.415148821435087E-002
  3.588185666006373E-003  2.625010235714935E-003  6.968753232060555E-003
  0.000000000000000E+000  0.000000000000000E+000  0.000000000000000E+000
  0.000000000000000E+000  0.000000000000000E+000  0.000000000000000E+000
  0.000000000000000E+000  0.000000000000000E+000  0.000000000000000E+000
  0.000000000000000E+000  0.000000000000000E+000  0.000000000000000E+000
  0.000000000000000E+000  0.000000000000000E+000  0.000000000000000E+000
  0.000000000000000E+000  0.000000000000000E+000  0.000000000000000E+000
  0.000000000000000E+000  0.000000000000000E+000  0.000000000000000E+000
  0.000000000000000E+000  0.000000000000000E+000  0.000000000000000E+000
  0.000000000000000E+000  0.000000000000000E+000  0.000000000000000E+000
  0.000000000000000E+000  0.000000000000000E+000  0.000000000000000E+000
  0.000000000000000E+000  0.000000000000000E+000  0.000000000000000E+000
  0.000000000000000E+000  0.000000000000000E+000  0.000000000000000E+000
  0.000000000000000E+000  0.000000000000000E+000  0.000000000000000E+000
  0.000000000000000E+000  0.000000000000000E+000  0.000000000000000E+000
  0.000000000000000E+000  0.000000000000000E+000  0.000000000000000E+000
  0.000000000000000E+000  0.000000000000000E+000  0.000000000000000E+000
  0.000000000000000E+000  0.000000000000000E+000  0.000000000000000E+000
  0.000000000000000E+000  0.000000000000000E+000  0.000000000000000E+000
  0.000000000000000E+000  0.000000000000000E+000  0.000000000000000E+000
  0.000000000000000E+000  0.000000000000000E+000  0.000000000000000E+000
  0.000000000000000E+000  0.000000000000000E+000  0.000000000000000E+000
  0.000000000000000E+000  0.000000000000000E+000  0.000000000000000E+000
  0.000000000000000E+000  0.000000000000000E+000  0.000000000000000E+000
  0.000000000000000E+000  0.000000000000000E+000  0.000000000000000E+000
  0.000000000000000E+000  0.000000000000000E+000  0.000000000000000E+000
  0.000000000000000E+000  0.000000000000000E+000  0.000000000000000E+000
  0.000000000000000E+000  0.000000000000000E+000  0.000000000000000E+000
  0.000000000000000E+000  0.000000000000000E+000  0.000000000000000E+000
  0.000000000000000E+000  0.000000000000000E+000  0.000000000000000E+000
  0.000000000000000E+000  0.000000000000000E+000  0.000000000000000E+000
  0.000000000000000E+000  0.000000000000000E+000  0.000000000000000E+000
  0.000000000000000E+000  0.000000000000000E+000  0.000000000000000E+000
  0.000000000000000E+000  0.000000000000000E+000  0.000000000000000E+000
  0.000000000000000E+000  0.000000000000000E+000  0.000000000000000E+000
  0.000000000000000E+000  0.000000000000000E+000  0.000000000000000E+000
  0.000000000000000E+000  0.000000000000000E+000  0.000000000000000E+000
  0.000000000000000E+000  0.000000000000000E+000  0.000000000000000E+000
  0.000000000000000E+000  0.000000000000000E+000  0.000000000000000E+000
  -72.3372126101543        144.892530833125        199.082438016712     
   94.6516130344598       -35.7242521516760        166.638207097832     
   173.605190868201        14.2631875716955       -63.7034756235335     
   131.847520538193       -82.7803755181667       -381.141883525736     
   25.2315715926804        43.9090057162875       -520.038288226454     
  -63.3887901371787       -296.661020344853       -505.955682572003     
  -197.906080796687       -350.501923659838       -422.955329909842     
  -214.784403768969       -202.022813441136       -503.435656474584     
   43.7827863138968        49.9752599145010       -516.026611927673     
  -126.058877302381        76.0939009135684       -377.021236416527     
  -86.6867481418656        146.397351328690       -62.3208983297006     
  -98.9309193484083        52.2388985873771        167.223733638014     
   152.074260789392        6.15585411151849        201.211600350964     
  0.000000000000000E+000  0.000000000000000E+000  0.000000000000000E+000
  0.000000000000000E+000  0.000000000000000E+000  0.000000000000000E+000
  0.000000000000000E+000  0.000000000000000E+000  0.000000000000000E+000
  0.000000000000000E+000  0.000000000000000E+000  0.000000000000000E+000
  -47.6388436208417        123.683185228183        177.628023625890     
   80.8246606338735       -7.64229522304984        196.747423755773     
   114.372988952773        4.35250962028291       -22.5403296059062     
   50.2798247366704       -41.9675808001647       -359.557255497920     
  -4.98845538729751        24.6588300897594       -535.408261166174     
  -46.3513507012414       -216.892853372922       -518.409956915160     
  -112.045647946773       -203.188909799733       -450.343715955669     
  -155.355519974677       -149.100768095992       -515.667662033710     
   36.6643019755142        10.5781654515298       -531.814479232840     
  -49.6060436150453        26.1339482213686       -355.520483948113     
  -61.4546541183252        93.2716609041283       -21.3208117950936     
  -59.3107361521599        58.6074881130746        196.811560437902     
   124.042126945874        17.6826939117476        178.896402978945     
  0.000000000000000E+000  0.000000000000000E+000  0.000000000000000E+000
  0.000000000000000E+000  0.000000000000000E+000  0.000000000000000E+000
  0.000000000000000E+000  0.000000000000000E+000  0.000000000000000E+000
  0.000000000000000E+000  0.000000000000000E+000  0.000000000000000E+000
  -20.8967473147998        87.7903090392211        148.743197768814     
   52.9661002877794        31.6023794216254        225.554875511248     
   40.1291067790065        23.7345102346746        43.2148042957292     
  -30.0703114199398       -46.2226587490309       -323.225758500673     
  -11.8404938767583       -62.4259188305017       -521.064013956081     
   20.4192517745942       -48.5978553570538       -515.486051061352     
   48.2242210214105        71.7328547661074       -502.552371648697     
  -40.6091631901181       -9.74572515281575       -512.618304258353     
  -46.6408968084963       -47.1740754039740       -517.223124421926     
  -11.2587097557438       -45.0451731898150       -319.461718650050     
   1.26680116595606        43.7066104931080        44.6535848706148     
   5.69339132254961        63.3416410905147        224.540360507250     
   83.9971746060045        23.8742769627291        148.442566550884     
  0.000000000000000E+000  0.000000000000000E+000  0.000000000000000E+000
  0.000000000000000E+000  0.000000000000000E+000  0.000000000000000E+000
  0.000000000000000E+000  0.000000000000000E+000  0.000000000000000E+000
  0.000000000000000E+000  0.000000000000000E+000  0.000000000000000E+000
  -17.6641597381902        46.8583641714946        135.544703677321     
   32.1469477950443       -78.0721895543251        248.006578855323     
   4.90440015738221       -3.22790235382902        97.2391221453319     
  -30.0994991107683        112.970816986272       -244.432163524519     
   47.4216522302441        237.546607425670       -445.944012547726     
   151.147809381402        320.218709016094       -562.846962665674     
   250.311986101203        421.103576477538       -637.807661812282     
   214.450614614508        286.998943071959       -562.593572871759     
   189.965715273480        155.320204649171       -443.410231143928     
   122.870367942561        30.6792150120360       -241.672317776531     
   12.3872817190373        9.38777487600119        98.0946937361502     
  -56.5631666684856       -1.17580196229060        244.539160598248     
   48.7726996629619        8.11650442207970        133.104430973323     
  0.000000000000000E+000  0.000000000000000E+000  0.000000000000000E+000
  0.000000000000000E+000  0.000000000000000E+000  0.000000000000000E+000
  0.000000000000000E+000  0.000000000000000E+000  0.000000000000000E+000
  0.000000000000000E+000  0.000000000000000E+000  0.000000000000000E+000
  -44.9726325970467        31.9284179669382        126.725650176917     
   76.9979606408890       -398.451510653651        293.744612886202     
   44.2986834684233       -354.072743542166        180.321583264239     
  -33.8363018168964        252.872257490515       -186.409483626170     
   101.109236552610        216.890777810715       -379.736929268670     
   146.305706614278        125.517105082735       -514.466400161274     
   182.144613684580        310.675435025632       -666.907504812779     
   33.2938461759414        179.554876434901       -510.913493434290     
   132.195866723331        186.267645045744       -376.288230004205     
   230.218450778118        89.6758008190286       -182.658198824239     
  -316.076493370857       -134.960885086612        179.010868091277     
  -349.673101669840       -120.904844947907        288.309014497724     
   48.4565073470135       -22.4358679509481        124.422595623142     
  0.000000000000000E+000  0.000000000000000E+000  0.000000000000000E+000
  0.000000000000000E+000  0.000000000000000E+000  0.000000000000000E+000
  0.000000000000000E+000  0.000000000000000E+000  0.000000000000000E+000
  0.000000000000000E+000  0.000000000000000E+000  0.000000000000000E+000
  -111.701515228425        35.0049718429106        116.071833217632     
   187.401442463729       -752.363010905321        359.595259839014     
   181.280234415409       -771.621270001978        384.975721293353     
   55.8331719589847        75.6707872430242       -74.6139002143318     
   198.177619006138       -514.033477100030        72.3820938706651     
   21.0282392216502       -434.801701485125       -141.457070251952     
   75.3673869911909        134.575630131479       -729.557082443664     
  -393.073667093260       -201.197629068370       -138.398240190291     
  -554.159179751274       -91.8031823575284        76.7388282452666     
   16.6224195627403        76.0894342521043       -64.6832613707662     
  -763.880228663060       -232.117148159765        386.761554233513     
  -719.191056933237       -205.026016310169        354.619287797962     
   84.0580185438851       -77.8697083430493        113.532518179384     
  0.000000000000000E+000  0.000000000000000E+000  0.000000000000000E+000
  0.000000000000000E+000  0.000000000000000E+000  0.000000000000000E+000
  0.000000000000000E+000  0.000000000000000E+000  0.000000000000000E+000
  0.000000000000000E+000  0.000000000000000E+000  0.000000000000000E+000
  -141.451623431426        56.7121844757259        76.4287859412813     
   235.426482513624       -921.767664255426        422.259543412650     
   266.716428842141       -764.534382997152        508.085791134213     
   95.1220956452122        109.590154477685       -34.6899724126721     
   256.587849469080       -700.883335906974        377.838241568395     
  -26.0139029055519       -605.309507946516        109.769948909795     
  -90.8351617155251       -153.014359831627       -739.991499075475     
  -512.895696797008       -319.651652751460        105.154385781672     
  -724.084597997947       -122.464851727350        364.712383381778     
   35.0404454694048        133.556538134074       -28.0086530129153     
  -807.107701192257       -156.345043307708        513.789044325390     
  -903.836954646988       -252.268241587542        419.117419246554     
   119.229285368199       -92.6928513946479        75.4371542249347     
  0.000000000000000E+000  0.000000000000000E+000  0.000000000000000E+000
  0.000000000000000E+000  0.000000000000000E+000  0.000000000000000E+000
  0.000000000000000E+000  0.000000000000000E+000  0.000000000000000E+000
  0.000000000000000E+000  0.000000000000000E+000  0.000000000000000E+000
  -120.968920489933        51.7031745684111        32.9600815896733     
   150.061679716238       -749.708054723085        395.312679316058     
   182.557451527479       -355.517908064291        342.169258647576     
   129.730695533220       -86.7349425898968        167.073259177086     
   149.351065239862       -515.453965965241        431.226558306159     
  -95.9380005750983       -288.808834890336       -166.159391144725     
  -238.591641717104       -416.833999045430       -502.756616450833     
  -208.617099430040       -226.887559793424       -157.909006469428     
  -504.323911135876       -123.406041101871        410.273043294327     
  -132.810287326304        70.4411701911477        162.113804650995     
  -404.741266085398       -23.3103712078181        345.406811381229     
  -719.931721873583       -242.668526466710        395.389720463410     
   104.555390238346       -77.8078263542030        31.1603670345711     
  0.000000000000000E+000  0.000000000000000E+000  0.000000000000000E+000
  0.000000000000000E+000  0.000000000000000E+000  0.000000000000000E+000
  0.000000000000000E+000  0.000000000000000E+000  0.000000000000000E+000
  0.000000000000000E+000  0.000000000000000E+000  0.000000000000000E+000
  -75.9891515016664        38.4597083177155        21.5612462144327     
   22.8060424457467       -361.435133358275        226.573325840479     
   50.6268895322114       -74.4841758307209        89.2914368223892     
   300.156331946737       -427.478781598274        624.865038019917     
   102.956096279871       -343.968948059280        647.518390898979     
  -233.765151123432       -17.8674748560237       -663.358513676008     
  -230.778469810781       -403.097621838881       -57.5105637769882     
   101.214805163514       -212.644438610477       -654.566208164074     
  -346.048730007082       -81.6388232058633        649.717261378838     
  -509.550206360345        46.0792133784885        616.648992464482     
  -87.9066337662613        5.31167902454254        88.2223954495833     
  -323.651941597347       -160.513647731997        227.561971042869     
   71.4826639114822       -45.5741818312120        20.9048384195724     
  0.000000000000000E+000  0.000000000000000E+000  0.000000000000000E+000
  0.000000000000000E+000  0.000000000000000E+000  0.000000000000000E+000
  0.000000000000000E+000  0.000000000000000E+000  0.000000000000000E+000
  0.000000000000000E+000  0.000000000000000E+000  0.000000000000000E+000
  -10.9305537847343        19.8253431436606        10.9437003208999     
  -36.3251398090626       -60.2561266104731        41.3386515073631     
  -7.48729661572512       0.223823100477527       -7.40929647797304     
   92.1716228222385       -260.401219109784        460.008720232228     
   43.4408008380470       -77.3159989764680        380.730517482495     
  -232.239256185984       -71.0946717669231       -540.336011404889     
  -73.5345456746868       -126.387491193183        384.637856877175     
   58.6737436682020       -238.805572683416       -544.154474663153     
  -90.0225851210581       0.215413928300029        395.676721504104     
  -267.705000258355       -51.0294874497545        457.486995487993     
   5.32305433586240       -6.03858754506146       -8.97733656832368     
  -33.6041480790210       -61.5633330937214        42.4285199886976     
   22.3524056406658       0.708950530561178        10.6427504136843     
  0.000000000000000E+000  0.000000000000000E+000  0.000000000000000E+000
  0.000000000000000E+000  0.000000000000000E+000  0.000000000000000E+000
  0.000000000000000E+000  0.000000000000000E+000  0.000000000000000E+000
  0.000000000000000E+000  0.000000000000000E+000  0.000000000000000E+000
  0.000000000000000E+000  0.000000000000000E+000  0.000000000000000E+000
  0.000000000000000E+000  0.000000000000000E+000  0.000000000000000E+000
  0.000000000000000E+000  0.000000000000000E+000  0.000000000000000E+000
  0.000000000000000E+000  0.000000000000000E+000  0.000000000000000E+000
  0.000000000000000E+000  0.000000000000000E+000  0.000000000000000E+000
  0.000000000000000E+000  0.000000000000000E+000  0.000000000000000E+000
  0.000000000000000E+000  0.000000000000000E+000  0.000000000000000E+000
  0.000000000000000E+000  0.000000000000000E+000  0.000000000000000E+000
  0.000000000000000E+000  0.000000000000000E+000  0.000000000000000E+000
  0.000000000000000E+000  0.000000000000000E+000  0.000000000000000E+000
  0.000000000000000E+000  0.000000000000000E+000  0.000000000000000E+000
  0.000000000000000E+000  0.000000000000000E+000  0.000000000000000E+000
  0.000000000000000E+000  0.000000000000000E+000  0.000000000000000E+000
  0.000000000000000E+000  0.000000000000000E+000  0.000000000000000E+000
  0.000000000000000E+000  0.000000000000000E+000  0.000000000000000E+000
  0.000000000000000E+000  0.000000000000000E+000  0.000000000000000E+000
  0.000000000000000E+000  0.000000000000000E+000  0.000000000000000E+000
  0.000000000000000E+000  0.000000000000000E+000  0.000000000000000E+000
  0.000000000000000E+000  0.000000000000000E+000  0.000000000000000E+000
  0.000000000000000E+000  0.000000000000000E+000  0.000000000000000E+000
  0.000000000000000E+000  0.000000000000000E+000  0.000000000000000E+000
  0.000000000000000E+000  0.000000000000000E+000  0.000000000000000E+000
  0.000000000000000E+000  0.000000000000000E+000  0.000000000000000E+000
  0.000000000000000E+000  0.000000000000000E+000  0.000000000000000E+000
  0.000000000000000E+000  0.000000000000000E+000  0.000000000000000E+000
  0.000000000000000E+000  0.000000000000000E+000  0.000000000000000E+000
  0.000000000000000E+000  0.000000000000000E+000  0.000000000000000E+000
  0.000000000000000E+000  0.000000000000000E+000  0.000000000000000E+000
  0.000000000000000E+000  0.000000000000000E+000  0.000000000000000E+000
  0.000000000000000E+000  0.000000000000000E+000  0.000000000000000E+000
  0.000000000000000E+000  0.000000000000000E+000  0.000000000000000E+000
  0.000000000000000E+000  0.000000000000000E+000  0.000000000000000E+000
