         140  1.399999999999997E-002  1.399999999999997E-002
  0.000000000000000E+000  0.000000000000000E+000  0.000000000000000E+000
  0.000000000000000E+000  0.000000000000000E+000  0.000000000000000E+000
  2.011852811085148E-002  2.056944175573394E-002 -4.189303399498691E-002
  2.343689079838925E-002  2.441341760227683E-002 -6.270732077571950E-002
  3.204347844530055E-002  3.311974891512931E-002 -8.437860178773762E-002
  3.475719526292066E-002  4.877638395364008E-002 -9.963556719910995E-002
  3.714326338979765E-002  6.175629756133486E-002 -0.110779018252579     
  3.755173311097222E-002  7.876078136374434E-002 -0.130055134581289     
  4.529480294248216E-002  7.850625032010095E-002 -0.141135902357959     
  4.944833143471703E-002  7.195340279466031E-002 -0.130100599854304     
  3.496925630592077E-002  6.308252157324344E-002 -0.110816636978247     
  2.482026406368252E-002  5.449016166553038E-002 -9.964786092822529E-002
  1.260668736502256E-002  4.430861822556459E-002 -8.440563671341521E-002
  9.391343087456854E-003  3.249851457683121E-002 -6.273310896190251E-002
  7.765378192151472E-003  2.773107689236481E-002 -4.192705887827355E-002
  0.000000000000000E+000  0.000000000000000E+000  0.000000000000000E+000
  0.000000000000000E+000  0.000000000000000E+000  0.000000000000000E+000
  0.000000000000000E+000  0.000000000000000E+000  0.000000000000000E+000
  0.000000000000000E+000  0.000000000000000E+000  0.000000000000000E+000
  1.602862646160945E-002  1.704646670887938E-002 -3.489614388221381E-002
  2.107011482541369E-002  3.182355462470021E-002 -6.177793931882111E-002
  2.865199745845938E-002  3.885180253823735E-002 -8.416585915013818E-002
  3.427777017724139E-002  4.876729098460831E-002 -0.103438497748987     
  3.755825017799033E-002  5.653945006939023E-002 -0.114456626147048     
  3.976318240202943E-002  7.406896309307125E-002 -0.132622130056669     
  4.469636697744796E-002  7.743636359776364E-002 -0.143279766650880     
  4.428628739241790E-002  7.150534178458552E-002 -0.132668490370736     
  3.020545486487332E-002  6.083844179490886E-002 -0.114502053918639     
  2.504336417663230E-002  5.406793831071453E-002 -0.103446989857139     
  1.927169994881366E-002  4.423749189145888E-002 -8.418485812214574E-002
  1.699647057847280E-002  3.415449929687905E-002 -6.179544616946751E-002
  6.760304387215469E-003  2.241822839892579E-002 -3.492075887321152E-002
  0.000000000000000E+000  0.000000000000000E+000  0.000000000000000E+000
  0.000000000000000E+000  0.000000000000000E+000  0.000000000000000E+000
  0.000000000000000E+000  0.000000000000000E+000  0.000000000000000E+000
  0.000000000000000E+000  0.000000000000000E+000  0.000000000000000E+000
  1.367693234974635E-002  1.346235506455810E-002 -2.966502341951379E-002
  1.845157171369733E-002  3.852919440168653E-002 -5.944869705886205E-002
  2.441636683983548E-002  5.387021078270589E-002 -8.632852236900877E-002
  2.883585430845531E-002  6.590635629418495E-002 -0.111084029109715     
  3.405317467080506E-002  6.918270643858393E-002 -0.124426869340263     
  4.030309467214896E-002  7.904127010023211E-002 -0.138871093046972     
  4.660276776663765E-002  8.071727751256300E-002 -0.146473177649541     
  4.831366708239582E-002  7.446730800730485E-002 -0.138926651129080     
  4.288168206883630E-002  6.410899823783352E-002 -0.124470245947843     
  4.261630473999154E-002  5.793638928372126E-002 -0.111098372609931     
  3.440378857111376E-002  4.808089180392992E-002 -8.634188714655865E-002
  2.411836593512279E-002  3.523572732829574E-002 -5.945343775670264E-002
  4.829820378778550E-003  1.858521226031042E-002 -2.968340441398816E-002
  0.000000000000000E+000  0.000000000000000E+000  0.000000000000000E+000
  0.000000000000000E+000  0.000000000000000E+000  0.000000000000000E+000
  0.000000000000000E+000  0.000000000000000E+000  0.000000000000000E+000
  0.000000000000000E+000  0.000000000000000E+000  0.000000000000000E+000
  1.210891080988913E-002  5.918846044468144E-003 -2.119227932464198E-002
  1.374111053591901E-002  4.748662981869105E-002 -5.350771907322638E-002
  2.003008822564712E-002  7.331862169082266E-002 -8.565384777895943E-002
  2.520449421100102E-002  8.860749524282227E-002 -0.114261131136129     
  3.304443137222157E-002  9.188835366566796E-002 -0.132216425231894     
  4.078381483898263E-002  8.966673363462316E-002 -0.143294348080572     
  4.992574464881902E-002  8.649129441810945E-002 -0.148395768942439     
  5.729627895862822E-002  8.021553348997916E-002 -0.143400149808863     
  6.306866686759471E-002  7.460604710008503E-002 -0.132287708430583     
  6.409889884292799E-002  6.614806685499562E-002 -0.114271434680569     
  5.343678128661901E-002  5.400305024591618E-002 -8.564248326811309E-002
  3.422631292875246E-002  3.562620693638081E-002 -5.348718031293662E-002
 -9.222061179306033E-004  1.344812154048554E-002 -2.120152894239385E-002
  0.000000000000000E+000  0.000000000000000E+000  0.000000000000000E+000
  0.000000000000000E+000  0.000000000000000E+000  0.000000000000000E+000
  0.000000000000000E+000  0.000000000000000E+000  0.000000000000000E+000
  0.000000000000000E+000  0.000000000000000E+000  0.000000000000000E+000
  9.428052051847128E-003 -1.676282006662692E-003 -1.504651080735451E-002
  1.406047022940912E-002  5.301228001318430E-002 -4.871391005800611E-002
  1.710524102256653E-002  8.005892953215633E-002 -8.311006753959603E-002
  2.458063790175971E-002  0.101919882090414      -0.115381366891917     
  3.282156376260100E-002  0.103790735028880      -0.135543224768763     
  4.280592262914145E-002  9.901739911197185E-002 -0.145760168036811     
  5.350737814427332E-002  9.268652868727707E-002 -0.149451157235962     
  6.442511087010402E-002  8.668626489734918E-002 -0.145934519303278     
  7.353209924187024E-002  8.040530294930741E-002 -0.135670191267904     
  7.594858345686402E-002  7.227350351057191E-002 -0.115393814016379     
  6.072917479263050E-002  5.483725965836864E-002 -8.307711943341062E-002
  3.884887502878532E-002  3.865739302283679E-002 -4.867472581873302E-002
 -6.167690849456959E-003  7.328419194734705E-003 -1.505284528327490E-002
  0.000000000000000E+000  0.000000000000000E+000  0.000000000000000E+000
  0.000000000000000E+000  0.000000000000000E+000  0.000000000000000E+000
  0.000000000000000E+000  0.000000000000000E+000  0.000000000000000E+000
  0.000000000000000E+000  0.000000000000000E+000  0.000000000000000E+000
  1.051196494892102E-002 -9.403861698023347E-004 -1.149222793910668E-002
  1.243806543099425E-002  4.824440218098760E-002 -4.218244122614075E-002
  1.622317016951686E-002  8.053002777442266E-002 -7.711947601610203E-002
  2.387277017069030E-002  0.103462818630193      -0.110451000053176     
  3.297194153810439E-002  0.107717058279497      -0.132068742971250     
  4.362600434318784E-002  0.102551070200893      -0.142860718825815     
  5.538491826488817E-002  9.592869852765903E-002 -0.146541940255669     
  6.713165982364050E-002  8.922822590645732E-002 -0.143125767010929     
  7.691294136905426E-002  8.255675574896622E-002 -0.132272377835970     
  7.765744595187918E-002  7.244823758240244E-002 -0.110478225306279     
  6.158914112142511E-002  5.431316596454418E-002 -7.707108146299065E-002
  3.551098529409684E-002  3.485269556737388E-002 -4.212902169657118E-002
 -6.058147144198498E-003  8.639772831159886E-003 -1.149298208403477E-002
  0.000000000000000E+000  0.000000000000000E+000  0.000000000000000E+000
  0.000000000000000E+000  0.000000000000000E+000  0.000000000000000E+000
  0.000000000000000E+000  0.000000000000000E+000  0.000000000000000E+000
  0.000000000000000E+000  0.000000000000000E+000  0.000000000000000E+000
  9.089612356315750E-003 -1.566004675917022E-003 -8.011764515284805E-003
  1.205280674802820E-002  3.953145515782312E-002 -3.452087779201570E-002
  1.471422892219670E-002  7.071694162977360E-002 -6.626883839537651E-002
  2.242486859730097E-002  9.496385352947784E-002 -9.889885416015866E-002
  3.114598007411760E-002  0.100729936572786      -0.120709744937063     
  4.159083815987107E-002  9.782317671160158E-002 -0.132291435807889     
  5.311224069612893E-002  9.198454633106899E-002 -0.136219763401177     
  6.411736693684611E-002  8.517721209726750E-002 -0.132663469502053     
  7.182087201707646E-002  7.752827927673432E-002 -0.120990180266409     
  7.105211191243346E-002  6.695907602044204E-002 -9.895201083829319E-002
  5.385933823498091E-002  4.811466953995253E-002 -6.622008613612500E-002
  2.815625236938600E-002  3.014393446612988E-002 -3.445686590609625E-002
 -5.894871233927407E-003  7.101450404845135E-003 -8.005672054879754E-003
  0.000000000000000E+000  0.000000000000000E+000  0.000000000000000E+000
  0.000000000000000E+000  0.000000000000000E+000  0.000000000000000E+000
  0.000000000000000E+000  0.000000000000000E+000  0.000000000000000E+000
  0.000000000000000E+000  0.000000000000000E+000  0.000000000000000E+000
  8.583056841821675E-003 -2.380766218647308E-003 -6.288185751080253E-003
  9.466503949393506E-003  2.628418361914337E-002 -2.374036267961027E-002
  1.299122658938999E-002  5.394513605319213E-002 -5.043882743653967E-002
  1.972423929730183E-002  7.460955548971200E-002 -7.784232692702599E-002
  2.653047463119684E-002  8.222345892944619E-002 -9.795565471811360E-002
  3.549021380594598E-002  8.174244460130156E-002 -0.109499921430445     
  4.491283058415397E-002  7.775228862616602E-002 -0.113442001924797     
  5.327771354620627E-002  7.190761661610209E-002 -0.109946906131673     
  5.810356511792202E-002  6.430190232558411E-002 -9.827589442606130E-002
  5.478566964568325E-002  5.444145537237867E-002 -7.790826194816849E-002
  4.023898489298663E-002  3.824893652511682E-002 -5.041138594128897E-002
  1.797066486543346E-002  2.127780677583401E-002 -2.367517982956544E-002
 -6.344461353899353E-003  6.244915022828233E-003 -6.273173463613077E-003
  0.000000000000000E+000  0.000000000000000E+000  0.000000000000000E+000
  0.000000000000000E+000  0.000000000000000E+000  0.000000000000000E+000
  0.000000000000000E+000  0.000000000000000E+000  0.000000000000000E+000
  0.000000000000000E+000  0.000000000000000E+000  0.000000000000000E+000
  5.979402866379725E-003 -4.207393376654714E-003 -2.831345572729719E-003
  5.301002395879091E-003  1.445187003087123E-002 -1.310977274255326E-002
  1.063269520270694E-002  3.046821700627450E-002 -2.933823926727462E-002
  1.399607442943135E-002  4.523455218653630E-002 -4.702374232378639E-002
  1.877102986954380E-002  5.242384508809923E-002 -6.218294804070367E-002
  2.409060950202064E-002  5.358265472705526E-002 -7.098561426145715E-002
  3.001267278937009E-002  5.193537174122387E-002 -7.466206171368837E-002
  3.457851539345665E-002  4.793683724092860E-002 -7.142968974151431E-002
  3.612940318821466E-002  4.263914450925500E-002 -6.244823410350972E-002
  3.220631693334457E-002  3.477281497208675E-002 -4.706456060999667E-002
  2.109036860076927E-002  2.446471172547608E-002 -2.933913317182151E-002
  9.855888885740996E-003  1.177792926295039E-002 -1.305706424320328E-002
 -6.652854323245161E-003  3.065080871819252E-003 -2.832071128585840E-003
  0.000000000000000E+000  0.000000000000000E+000  0.000000000000000E+000
  0.000000000000000E+000  0.000000000000000E+000  0.000000000000000E+000
  0.000000000000000E+000  0.000000000000000E+000  0.000000000000000E+000
  0.000000000000000E+000  0.000000000000000E+000  0.000000000000000E+000
  1.497072357911593E-003 -2.891935748367192E-003 -6.152188172343773E-004
  2.797627582831424E-003  3.705278162536367E-003 -4.419255787857136E-003
  5.343486993679271E-003  5.787060587030155E-003 -7.156339913878238E-003
  7.315134078563630E-003  1.284846646743224E-002 -1.267555950511526E-002
  8.974324225093743E-003  1.570591801962043E-002 -1.637152386504474E-002
  9.964528076295666E-003  1.810472390866561E-002 -1.976921581812265E-002
  1.073297405448795E-002  1.854179415914011E-002 -2.087241649829541E-002
  1.080337581166096E-002  1.789945655758569E-002 -1.995498814683153E-002
  9.136149722174096E-003  1.572511873604311E-002 -1.644431285711694E-002
  7.489732556109026E-003  1.275476203602959E-002 -1.268038662804911E-002
  2.363414208899891E-003  7.523924542101210E-003 -7.151944178159688E-003
  1.817529230601920E-003  4.264537708224690E-003 -4.409456688487689E-003
 -3.248542998108333E-003 -1.530182656790333E-004 -6.022380393698424E-004
  0.000000000000000E+000  0.000000000000000E+000  0.000000000000000E+000
  0.000000000000000E+000  0.000000000000000E+000  0.000000000000000E+000
  0.000000000000000E+000  0.000000000000000E+000  0.000000000000000E+000
  0.000000000000000E+000  0.000000000000000E+000  0.000000000000000E+000
  0.000000000000000E+000  0.000000000000000E+000  0.000000000000000E+000
  0.000000000000000E+000  0.000000000000000E+000  0.000000000000000E+000
  0.000000000000000E+000  0.000000000000000E+000  0.000000000000000E+000
  0.000000000000000E+000  0.000000000000000E+000  0.000000000000000E+000
  0.000000000000000E+000  0.000000000000000E+000  0.000000000000000E+000
  0.000000000000000E+000  0.000000000000000E+000  0.000000000000000E+000
  0.000000000000000E+000  0.000000000000000E+000  0.000000000000000E+000
  0.000000000000000E+000  0.000000000000000E+000  0.000000000000000E+000
  0.000000000000000E+000  0.000000000000000E+000  0.000000000000000E+000
  0.000000000000000E+000  0.000000000000000E+000  0.000000000000000E+000
  0.000000000000000E+000  0.000000000000000E+000  0.000000000000000E+000
  0.000000000000000E+000  0.000000000000000E+000  0.000000000000000E+000
  0.000000000000000E+000  0.000000000000000E+000  0.000000000000000E+000
  0.000000000000000E+000  0.000000000000000E+000  0.000000000000000E+000
  0.000000000000000E+000  0.000000000000000E+000  0.000000000000000E+000
  0.000000000000000E+000  0.000000000000000E+000  0.000000000000000E+000
  0.000000000000000E+000  0.000000000000000E+000  0.000000000000000E+000
  0.000000000000000E+000  0.000000000000000E+000  0.000000000000000E+000
  0.000000000000000E+000  0.000000000000000E+000  0.000000000000000E+000
  0.000000000000000E+000  0.000000000000000E+000  0.000000000000000E+000
  0.000000000000000E+000  0.000000000000000E+000  0.000000000000000E+000
  0.000000000000000E+000  0.000000000000000E+000  0.000000000000000E+000
  0.000000000000000E+000  0.000000000000000E+000  0.000000000000000E+000
  0.000000000000000E+000  0.000000000000000E+000  0.000000000000000E+000
  0.000000000000000E+000  0.000000000000000E+000  0.000000000000000E+000
  0.000000000000000E+000  0.000000000000000E+000  0.000000000000000E+000
  0.000000000000000E+000  0.000000000000000E+000  0.000000000000000E+000
  0.000000000000000E+000  0.000000000000000E+000  0.000000000000000E+000
  0.000000000000000E+000  0.000000000000000E+000  0.000000000000000E+000
  0.000000000000000E+000  0.000000000000000E+000  0.000000000000000E+000
  0.000000000000000E+000  0.000000000000000E+000  0.000000000000000E+000
  0.000000000000000E+000  0.000000000000000E+000  0.000000000000000E+000
  0.000000000000000E+000  0.000000000000000E+000  0.000000000000000E+000
  0.000000000000000E+000  0.000000000000000E+000  0.000000000000000E+000
 -1.242899232795456E-002  2.944276732653871E-002 -1.530200605836043E-002
 -4.427926959025839E-002 -8.797693523178747E-003 -1.930422093690998E-002
 -2.380840946662278E-002 -0.100113897972367       3.441630797301619E-003
 -3.247132207571531E-004 -2.800528500822588E-002 -5.787419936392105E-002
  2.499737102236281E-002  0.119854510274278      -0.223428638167115     
  3.730816822661644E-002  0.257091938727684      -0.462480290400350     
  0.183331875365189       0.251170862736409      -0.645291505467750     
  0.197121063879753       0.139081967459562      -0.377613620528690     
  0.102808439823975       8.698585052500273E-002 -0.234783394612467     
  4.837301323819939E-002  4.707855313626783E-002 -0.121414715322418     
 -8.260972206130374E-002  6.003369167243229E-003  4.039593763439046E-002
 -0.186027078482410      -6.066509776743462E-002  0.126564408591423     
 -0.164800725383516      -0.107243612483575       7.102647775110503E-002
  0.000000000000000E+000  0.000000000000000E+000  0.000000000000000E+000
  0.000000000000000E+000  0.000000000000000E+000  0.000000000000000E+000
  0.000000000000000E+000  0.000000000000000E+000  0.000000000000000E+000
  0.000000000000000E+000  0.000000000000000E+000  0.000000000000000E+000
 -1.619604558311472E-002  2.141145109468028E-002 -1.215510548205239E-002
 -4.144795437670297E-002 -2.686886267850959E-002 -1.853013282903042E-002
 -2.525598214612468E-002 -9.702129072908160E-002  8.892569203813899E-003
  1.288062655797058E-003 -3.718362822587529E-002 -4.200917200680604E-002
  4.086843702261392E-002  0.107437347557373      -0.206476773648110     
  0.106823361550984       0.258361215485435      -0.443125993108790     
  0.205565041805224       0.317406944512515      -0.598901911352376     
  0.150283627559288       0.169952363594598      -0.380779356020560     
  9.194475483574899E-002  8.394561465174769E-002 -0.247801616496760     
  4.344695671071343E-002  5.045381659980640E-002 -0.107473676147976     
 -9.490797766711252E-002 -6.854777897137539E-003  6.504140788716960E-002
 -0.192391540532870      -6.260678243713004E-002  0.126241642931458     
 -0.126209067787277      -8.163822826726266E-002  5.417700025731050E-002
  0.000000000000000E+000  0.000000000000000E+000  0.000000000000000E+000
  0.000000000000000E+000  0.000000000000000E+000  0.000000000000000E+000
  0.000000000000000E+000  0.000000000000000E+000  0.000000000000000E+000
  0.000000000000000E+000  0.000000000000000E+000  0.000000000000000E+000
 -1.787292557763822E-002  1.477958797979844E-002 -1.224602150054860E-002
 -3.705025199770737E-002 -4.444621070375816E-002 -1.452664300450945E-002
 -2.401476419857315E-002 -0.120787867584454       1.478052899924169E-002
 -1.072194051514008E-002 -5.984844784093298E-002 -2.015868696816103E-002
  2.775770495563160E-002  7.896652916338856E-002 -0.130223276960572     
  8.776039286194325E-002  0.229805388769718      -0.307503138765173     
  0.183597191136521       0.262810734390134      -0.422549127289631     
  0.188336632810932       0.159092722367164      -0.341352236065941     
  0.153579481644042       8.799760927231316E-002 -0.241594108189080     
  4.964022361665942E-002  3.443805585568652E-002 -7.512988726333189E-002
 -0.129162690986502      -3.588243070405264E-002  8.720468669577980E-002
 -0.186472010493589      -5.765363501592190E-002  0.117705050874514     
 -9.360826076234056E-002 -5.991849334441463E-002  4.275291022373632E-002
  0.000000000000000E+000  0.000000000000000E+000  0.000000000000000E+000
  0.000000000000000E+000  0.000000000000000E+000  0.000000000000000E+000
  0.000000000000000E+000  0.000000000000000E+000  0.000000000000000E+000
  0.000000000000000E+000  0.000000000000000E+000  0.000000000000000E+000
 -1.934005630207420E-002  3.028302553595479E-003 -1.063707646895364E-002
 -2.290409750348678E-002 -6.956647285152695E-002 -1.521947706786805E-002
 -1.212431932599051E-002 -7.843309540004732E-002 -2.714958877587020E-003
 -4.750472483641339E-003  7.176077660743186E-003 -4.775191149441472E-002
  4.140847652845944E-003  9.939025183942761E-002 -0.125590606445990     
  4.357465221217949E-002  0.117094601771315      -0.179067626510688     
  7.459437393284496E-002  9.867467386908080E-002 -0.199292195764681     
  0.120262987214030       9.707663266340275E-002 -0.242539321078109     
  0.185384345752329       8.884535603941524E-002 -0.232756125884521     
  9.644858961585229E-002  4.403110746071151E-002 -8.278445529031477E-002
 -7.450431714344341E-002 -1.454052254953390E-002  7.304056654726186E-002
 -0.146294385155568      -2.911316264955403E-002  9.106124592211927E-002
 -3.091931692493971E-002 -2.812513214270344E-002  2.191589307780115E-002
  0.000000000000000E+000  0.000000000000000E+000  0.000000000000000E+000
  0.000000000000000E+000  0.000000000000000E+000  0.000000000000000E+000
  0.000000000000000E+000  0.000000000000000E+000  0.000000000000000E+000
  0.000000000000000E+000  0.000000000000000E+000  0.000000000000000E+000
 -1.459372121463906E-002 -5.326728731659856E-005 -1.454335055945512E-002
 -1.489590329081892E-002 -7.597016137130540E-002 -1.103710024850254E-002
 -2.587246801075056E-003  4.115277842227179E-002 -5.295854944645682E-002
  6.840496010443409E-003  0.164422674645141      -0.146670379697711     
  2.573925501131893E-002  0.168253378909725      -0.189410042460233     
  3.560865369353310E-002  0.114784467274944      -0.162466613687377     
  2.533575555385858E-002  4.487477184240845E-002 -0.108575251180724     
  3.186620784894054E-002  2.824448492890609E-002 -0.131896051534430     
  0.111354180573554       6.741631259436788E-002 -0.190894214412264     
  0.156443140618903       8.728930863778896E-002 -0.135090608511989     
  6.587630153685424E-002  6.290484954035054E-002  2.023317012093871E-004
 -8.424172647340497E-002 -1.013482106360294E-002  6.264106371865705E-002
  2.480748338136102E-004  5.275248914210123E-003  8.117323576081539E-003
  0.000000000000000E+000  0.000000000000000E+000  0.000000000000000E+000
  0.000000000000000E+000  0.000000000000000E+000  0.000000000000000E+000
  0.000000000000000E+000  0.000000000000000E+000  0.000000000000000E+000
  0.000000000000000E+000  0.000000000000000E+000  0.000000000000000E+000
 -1.703378008749587E-002 -1.175272403961291E-002 -1.354389770487257E-002
 -3.567835176679079E-003 -5.160672490313992E-002 -1.229108794329281E-002
 -1.606147640487849E-003  0.130746242303143      -9.987243891773595E-002
  1.757706782398863E-002  0.182614877669717      -0.173266208523750     
  2.670302603236459E-002  0.117871002649479      -0.166079486453474     
  5.326492561953937E-002  0.175140186257809      -0.236474107512188     
  6.887945683075701E-002  0.152709323619347      -0.241803923766794     
  2.175003137820463E-002  4.892804801927378E-002 -0.143058357517427     
  9.118106496355128E-003  1.312876175891906E-002 -0.100720039069617     
  0.136477902463025       8.648624968846941E-002 -0.135386482541897     
  0.178115046296211       0.115156287716180      -7.893853237323178E-002
 -8.349510917687942E-003  2.860865444645720E-002  2.903957749484864E-002
 -3.334625116752302E-003  2.168772152277927E-003  7.448201902710874E-003
  0.000000000000000E+000  0.000000000000000E+000  0.000000000000000E+000
  0.000000000000000E+000  0.000000000000000E+000  0.000000000000000E+000
  0.000000000000000E+000  0.000000000000000E+000  0.000000000000000E+000
  0.000000000000000E+000  0.000000000000000E+000  0.000000000000000E+000
 -1.122199429307249E-002 -1.419332673705663E-002 -1.269675242517177E-002
 -8.278078830901289E-004 -1.993844743008525E-002 -1.499990453229090E-002
  2.350812736745053E-003  0.135785896622295      -0.102912907094074     
  1.645323168593606E-002  3.206347195667021E-002 -6.128006114375716E-002
  6.672734904313333E-003 -2.890610356145321E-002 -2.608034422716885E-002
  3.768922780498345E-002  0.133117345145799      -0.212591207139193     
  7.100553831082082E-002  0.159814045252037      -0.273925699737005     
  3.424176693118909E-002  6.521645496953983E-002 -0.169282305897466     
 -5.202241685660039E-002 -2.834060692572949E-002 -1.486465106611735E-002
  4.710725758904287E-002  3.975351108302086E-002 -6.110508516473021E-002
  0.214614318713851       0.128868243658059      -0.120438354020752     
  4.350664315310648E-002  5.098422445298478E-002  8.419338624006597E-004
 -1.230275593972577E-002  3.864540641835704E-003  7.169409903945412E-003
  0.000000000000000E+000  0.000000000000000E+000  0.000000000000000E+000
  0.000000000000000E+000  0.000000000000000E+000  0.000000000000000E+000
  0.000000000000000E+000  0.000000000000000E+000  0.000000000000000E+000
  0.000000000000000E+000  0.000000000000000E+000  0.000000000000000E+000
 -1.074931686923530E-002 -1.296839746897048E-002 -1.091994120217064E-002
  3.842634345697560E-003  4.475280757427943E-003 -1.639979017217474E-002
  5.213176837763863E-003  7.163743873695574E-002 -6.095042712554814E-002
  1.081433032660115E-002 -0.111713076897437       8.799562500780064E-002
 -9.290852624561982E-003 -7.875469263634825E-002  5.365398030076854E-002
  1.359486363807036E-002  5.566137938971586E-002 -0.131629996588056     
  3.912918010103167E-003  3.533815061098924E-002 -0.100776502559453     
  1.807750247668406E-002  4.047878236458687E-002 -0.136605164017536     
 -3.224612517484907E-002 -2.755851167342739E-002 -1.325604614960841E-003
 -1.504196819309459E-002 -2.145876727266783E-003  2.090704495114973E-002
  0.176113552096565       0.104526608532616      -0.110491538678427     
  5.901113114716708E-002  5.906457210843542E-002 -1.325161569733174E-002
 -1.595742799773150E-002  1.128108033859707E-003  7.988626754974474E-003
  0.000000000000000E+000  0.000000000000000E+000  0.000000000000000E+000
  0.000000000000000E+000  0.000000000000000E+000  0.000000000000000E+000
  0.000000000000000E+000  0.000000000000000E+000  0.000000000000000E+000
  0.000000000000000E+000  0.000000000000000E+000  0.000000000000000E+000
 -6.509884527815178E-003 -5.998329847135211E-003 -7.037913891279152E-003
  5.491452781919899E-003  8.493788164288823E-003 -1.296245133699986E-002
  3.060316676825418E-003  8.259560052737223E-003 -8.380384101646550E-003
 -2.098873448240678E-003 -0.124814895710984       0.130529457518800     
 -1.324696122116712E-002 -2.917267921610360E-002  1.349926682653932E-002
  7.976775481663855E-003  2.261781806395963E-002 -8.711350768301580E-002
 -2.826995017757935E-002 -3.636545998799429E-002  5.222026270100248E-002
 -5.084632619508819E-003  9.271649393446100E-003 -6.309813251065328E-002
  2.303251483277737E-003 -1.059416497391894E-002 -2.258302057433898E-002
 -2.388375548522102E-002 -1.909934197509208E-002  5.261406450195493E-002
  9.529015418382167E-002  6.273946577980606E-002 -5.941309068626174E-002
  4.078469291151987E-002  4.484299218301645E-002 -1.212729260954281E-002
 -1.203105826228391E-002  8.500448385257591E-004  6.034311190605885E-003
  0.000000000000000E+000  0.000000000000000E+000  0.000000000000000E+000
  0.000000000000000E+000  0.000000000000000E+000  0.000000000000000E+000
  0.000000000000000E+000  0.000000000000000E+000  0.000000000000000E+000
  0.000000000000000E+000  0.000000000000000E+000  0.000000000000000E+000
 -2.517372483246715E-003 -1.123848553067297E-003 -4.860216951362138E-003
  3.274974928055284E-003  4.280974169751256E-004 -3.750279493761661E-003
 -3.770108245352270E-003 -5.297926118670108E-003  7.850734180641989E-003
 -1.664259688442993E-002 -3.937030778237047E-002  3.913034963014744E-002
 -4.645542738131822E-003  2.255922402761110E-003 -1.895126319043089E-002
  7.194444448601094E-004  1.673979572069118E-003 -2.704658050584005E-002
 -2.104344852290754E-002 -3.032711912095206E-002  3.781801416451782E-002
 -1.019558292567854E-002 -8.370743347416637E-003 -4.462743916776217E-003
  7.726204876742083E-003 -3.065609233752577E-003 -1.281160651387129E-002
  1.012727543853150E-003 -1.378701728483809E-002  2.565362085731654E-002
  2.104592868626897E-002  1.710639119055576E-002  1.909142684197674E-003
  9.184278371706154E-003  1.782334209570599E-002  1.607064004085614E-003
 -3.571135105505067E-003  4.974023695233119E-005  3.743660191580978E-003
  0.000000000000000E+000  0.000000000000000E+000  0.000000000000000E+000
  0.000000000000000E+000  0.000000000000000E+000  0.000000000000000E+000
  0.000000000000000E+000  0.000000000000000E+000  0.000000000000000E+000
  0.000000000000000E+000  0.000000000000000E+000  0.000000000000000E+000
  0.000000000000000E+000  0.000000000000000E+000  0.000000000000000E+000
  0.000000000000000E+000  0.000000000000000E+000  0.000000000000000E+000
  0.000000000000000E+000  0.000000000000000E+000  0.000000000000000E+000
  0.000000000000000E+000  0.000000000000000E+000  0.000000000000000E+000
  0.000000000000000E+000  0.000000000000000E+000  0.000000000000000E+000
  0.000000000000000E+000  0.000000000000000E+000  0.000000000000000E+000
  0.000000000000000E+000  0.000000000000000E+000  0.000000000000000E+000
  0.000000000000000E+000  0.000000000000000E+000  0.000000000000000E+000
  0.000000000000000E+000  0.000000000000000E+000  0.000000000000000E+000
  0.000000000000000E+000  0.000000000000000E+000  0.000000000000000E+000
  0.000000000000000E+000  0.000000000000000E+000  0.000000000000000E+000
  0.000000000000000E+000  0.000000000000000E+000  0.000000000000000E+000
  0.000000000000000E+000  0.000000000000000E+000  0.000000000000000E+000
  0.000000000000000E+000  0.000000000000000E+000  0.000000000000000E+000
  0.000000000000000E+000  0.000000000000000E+000  0.000000000000000E+000
  0.000000000000000E+000  0.000000000000000E+000  0.000000000000000E+000
  0.000000000000000E+000  0.000000000000000E+000  0.000000000000000E+000
  0.000000000000000E+000  0.000000000000000E+000  0.000000000000000E+000
  0.000000000000000E+000  0.000000000000000E+000  0.000000000000000E+000
  0.000000000000000E+000  0.000000000000000E+000  0.000000000000000E+000
  0.000000000000000E+000  0.000000000000000E+000  0.000000000000000E+000
  0.000000000000000E+000  0.000000000000000E+000  0.000000000000000E+000
  0.000000000000000E+000  0.000000000000000E+000  0.000000000000000E+000
  0.000000000000000E+000  0.000000000000000E+000  0.000000000000000E+000
  0.000000000000000E+000  0.000000000000000E+000  0.000000000000000E+000
  0.000000000000000E+000  0.000000000000000E+000  0.000000000000000E+000
  0.000000000000000E+000  0.000000000000000E+000  0.000000000000000E+000
  0.000000000000000E+000  0.000000000000000E+000  0.000000000000000E+000
  0.000000000000000E+000  0.000000000000000E+000  0.000000000000000E+000
  0.000000000000000E+000  0.000000000000000E+000  0.000000000000000E+000
  0.000000000000000E+000  0.000000000000000E+000  0.000000000000000E+000
  0.000000000000000E+000  0.000000000000000E+000  0.000000000000000E+000
  0.000000000000000E+000  0.000000000000000E+000  0.000000000000000E+000
  0.000000000000000E+000  0.000000000000000E+000  0.000000000000000E+000
  -381.310222039191        2767.18776620080       -106.519460046901     
  -741.422391163110        3076.88268384671        497.331789176173     
   757.149996856770       -1032.09720728244        2167.12316750253     
   916.357433786240       -1926.82231312494        1578.41457309146     
  -758.202391864016        2611.00021247828       -2795.08496787738     
   761.620369890201        1134.82276657124       -4199.26224527005     
  -458.612157299339       -492.341200069803       -2066.07537594490     
   339.466632260519        1220.81676771897       -5185.12002786933     
   2728.21071626855        1316.33648846639       -3104.86687014146     
  -1181.21271375117        379.272620244546        1105.46843622240     
  -986.749909613420        201.462280749102        1146.47350115643     
   2453.23164796895        1014.51951685993       -208.119327927751     
   2128.90335274931        1107.77268352586       -300.151181075957     
  0.000000000000000E+000  0.000000000000000E+000  0.000000000000000E+000
  0.000000000000000E+000  0.000000000000000E+000  0.000000000000000E+000
  0.000000000000000E+000  0.000000000000000E+000  0.000000000000000E+000
  0.000000000000000E+000  0.000000000000000E+000  0.000000000000000E+000
  -302.524294634211        2173.90050335537       -72.5383874227855     
  -516.230132217196        2905.17957075426        402.561805415355     
   505.210694415408       -355.877593909095        2040.01621432908     
   833.477791280957       -2083.15305578380        1779.22112944429     
   75.7225050701983        1999.86932971115       -2646.51892011323     
   68.8976190544925        2191.46417430817       -3648.17785074144     
  -123.722399242227        2.92085051633183       -1703.11296625322     
   1798.05739378247        1503.59114235345       -4351.75100005511     
   2113.15560066410        1636.43402348535       -2533.18743313264     
  -1444.52259328652        304.718260204611        1351.21813129591     
  -636.508407059627        275.635725419762        1049.72886933075     
   2140.54763745706        1002.79329484168       -230.526937152572     
   1625.91963122948        878.296404834563       -196.276389917991     
  0.000000000000000E+000  0.000000000000000E+000  0.000000000000000E+000
  0.000000000000000E+000  0.000000000000000E+000  0.000000000000000E+000
  0.000000000000000E+000  0.000000000000000E+000  0.000000000000000E+000
  0.000000000000000E+000  0.000000000000000E+000  0.000000000000000E+000
  -267.454946829488        1635.25226277417       -31.9002036492940     
  -291.982642356516        2708.32549526804        329.782863636984     
   404.808994566267        69.5852027226011        1910.48807735552     
   247.943126910323       -1352.00559293431        1832.38455274849     
  -656.798853874212        2064.36158001765       -1980.81563773099     
  -35.3564518093496        1275.07875183199       -2222.18158336074     
  -550.728300646288       -363.709984040698       0.539059047304088     
   529.065112280253        392.226101236852       -1652.91528854583     
   1934.50534576202        857.483029996010       -1473.99969158128     
  -1489.33914109400       -36.1627781832267        1571.41134818055     
  -625.546068028075        248.028187300013        1034.92503854567     
   1783.21774932421        958.630428964284       -165.316678944616     
   1195.89297013971        653.382947924592       -121.329121755222     
  0.000000000000000E+000  0.000000000000000E+000  0.000000000000000E+000
  0.000000000000000E+000  0.000000000000000E+000  0.000000000000000E+000
  0.000000000000000E+000  0.000000000000000E+000  0.000000000000000E+000
  0.000000000000000E+000  0.000000000000000E+000  0.000000000000000E+000
  -31.4526962380032        645.717199219675        61.8203390073097     
  -113.768909111068        2005.99937324093        291.462441850076     
   494.621071938772       -16.3291405849954        1649.52424900498     
  -308.964319578326       -1190.04586056564        1887.49880187923     
  -1008.92961708324        2778.51978273454       -1879.46713892468     
  -451.145584434930        743.129975011222       -1331.32122796448     
  -1466.77097128887       -2513.45699902243        2521.08527436719     
   816.252053437351        8.07380693663842       -1071.68545973097     
   2209.73742581697        374.991955411083       -1349.28962636036     
  -1904.51206668895       -1098.81598008775        1966.29787245976     
  -792.778711838255        96.5004498746828        1016.41426440226     
   955.743153544799        559.410126641200        34.2455629254360     
   395.030769585533        354.310302230291        48.9335225021067     
  0.000000000000000E+000  0.000000000000000E+000  0.000000000000000E+000
  0.000000000000000E+000  0.000000000000000E+000  0.000000000000000E+000
  0.000000000000000E+000  0.000000000000000E+000  0.000000000000000E+000
  0.000000000000000E+000  0.000000000000000E+000  0.000000000000000E+000
  -96.0677496599549        6.64516197346209        137.319412475513     
   205.764702944951        1417.09279531577        295.337330835352     
   374.618126472945       -478.734084819602        1501.17654066891     
  -499.068358631875       -1171.46234016432        1569.69366767826     
  -1139.95395371435        1039.91973712788       -849.054174533351     
  -1067.49012958518       -1105.79355668108        1097.46050952202     
  -1729.71848760588       -3121.20756927245        3911.88502851259     
   643.191860910639       -580.985453914525       -58.2249477025433     
   1083.12672906387       -715.483901178012       -371.895794210921     
  -1511.46581826133       -1505.14532254968        1807.00039018500     
  -274.486155543567       -48.7657483589921        841.615995325288     
   373.407634566435        384.275126533326        270.654507506568     
  -23.1946419696137        19.0872749267246        142.040072901393     
  0.000000000000000E+000  0.000000000000000E+000  0.000000000000000E+000
  0.000000000000000E+000  0.000000000000000E+000  0.000000000000000E+000
  0.000000000000000E+000  0.000000000000000E+000  0.000000000000000E+000
  0.000000000000000E+000  0.000000000000000E+000  0.000000000000000E+000
   61.1533968624093       -2.70052914766719        68.6397580401788     
   241.921848951706        815.652834951103        323.424842130882     
   275.185739783991       -484.602891864813        1247.50400239669     
  -582.635694156250       -1119.20911651427        1113.24715292581     
  -1028.98544914496        620.264182083527       -855.948348620488     
  -930.363292353471       -942.677220465865        1187.06837213216     
  -1307.54852667081       -2359.12910189853        3565.41809913433     
   456.994060892716       -656.647367450182        302.210044906444     
   356.714893316236       -1391.21711479167        282.132381030655     
  -649.366475743267       -1470.02972464439        1191.70997748210     
   995.321988457607        216.096367377813        192.494499820737     
   172.408078232830        175.793957182059        419.531452008457     
  -124.482501193183        34.6222444889757        123.970476587263     
  0.000000000000000E+000  0.000000000000000E+000  0.000000000000000E+000
  0.000000000000000E+000  0.000000000000000E+000  0.000000000000000E+000
  0.000000000000000E+000  0.000000000000000E+000  0.000000000000000E+000
  0.000000000000000E+000  0.000000000000000E+000  0.000000000000000E+000
   61.2911574926655       -14.5529290741585        65.6129705293100     
   227.689753396934        604.931119476247        276.581264214445     
   96.8393195435390       -429.381607500243        962.650725798149     
  -627.653170002903       -992.042567845026        778.590867266061     
  -728.215038215696        1605.09717324817       -2192.79577688216     
  -143.370272474346        1078.92033283851       -1090.37901782502     
  -450.222481829659       -644.731417166696        1941.43448306877     
   750.945504568740        103.780133582655       -383.741335774231     
   484.074182041197       -1063.39132707517        16.0939165562909     
  -157.655885189154       -1377.91088872287        752.846853812444     
   1921.90473827782        377.106139403605       -528.581351455043     
   393.169717214546        207.153549501648        364.795148593810     
  -144.277233502339       -22.5324110500102        153.231159728044     
  0.000000000000000E+000  0.000000000000000E+000  0.000000000000000E+000
  0.000000000000000E+000  0.000000000000000E+000  0.000000000000000E+000
  0.000000000000000E+000  0.000000000000000E+000  0.000000000000000E+000
  0.000000000000000E+000  0.000000000000000E+000  0.000000000000000E+000
   76.6386239366036       -23.6641368190342        80.7597522190761     
   152.841718100518        510.531733808034        190.916199965994     
  -104.206705378011       -550.898032780159        874.881526106876     
  -559.358152737496       -1356.54709074266        1059.96522044328     
  -500.585536465304        1102.37434385585       -2086.15981863645     
   145.355336803588        855.855776181857       -1352.86453941180     
  -321.646228186063       -527.369033703932        1952.15985172602     
   666.233806748889        530.427613047438       -768.524788199625     
   772.408039903172       -320.362313357688       -731.658155616861     
  -468.681870003283       -1347.75814820930        941.615438285372     
   1626.98362046390        135.494286456183       -603.711384205928     
   633.495010590419        302.550369607619        178.794001275712     
  -133.632664962079       -60.4175508273994        181.791343100653     
  0.000000000000000E+000  0.000000000000000E+000  0.000000000000000E+000
  0.000000000000000E+000  0.000000000000000E+000  0.000000000000000E+000
  0.000000000000000E+000  0.000000000000000E+000  0.000000000000000E+000
  0.000000000000000E+000  0.000000000000000E+000  0.000000000000000E+000
   64.4022385305229       -32.5105980329000        53.4900031022436     
   68.5504817911021        332.866961604467        144.215877455025     
  -216.088062076621       -647.554281053176        791.949109738425     
  -336.905819437393       -1646.33874010002        1506.18482212048     
  -172.122919435213       -464.445989124546       -61.2043662596450     
   81.2345935506781       -663.375749785797        751.992058279132     
  -480.651417468501       -1045.48741036270        2896.55173739088     
   219.714670102213        416.686472139909       -434.707014285551     
   747.159609667198        235.476008459429       -1221.13639878380     
  -744.416439229530       -1036.61430385751        1154.25159021115     
   604.981593839973       -202.826926395151       -70.2113483143436     
   477.576598937830        239.082177620515        69.4448454366358     
  -44.0122925734159       -26.8351832438006        124.661231901145     
  0.000000000000000E+000  0.000000000000000E+000  0.000000000000000E+000
  0.000000000000000E+000  0.000000000000000E+000  0.000000000000000E+000
  0.000000000000000E+000  0.000000000000000E+000  0.000000000000000E+000
  0.000000000000000E+000  0.000000000000000E+000  0.000000000000000E+000
   25.4174475668995       -8.85384682914738        44.4458564987517     
   9.67549647025443        138.956501993472        123.757320381279     
  -256.342241977807       -225.150873634860        326.286102184471     
  -271.908639880106       -718.794690808984        495.523873868697     
   10.1225061426344       -641.590496685564        325.028189521273     
   101.489778467181       -738.094761436861        664.857274044439     
  -137.270171696953       -733.432422161879        1213.07886161027     
   35.8387659590773        89.3538506228030       -32.7007050079914     
   194.200038729264        337.224448096889       -624.344381870562     
  -310.027824224597       -405.254698653990        316.357616379956     
   85.5943851294310       -256.098878928010        141.058274184268     
   201.776746479452        45.1129445782696        94.4973969486653     
   9.29345867042921        16.2255379059658        60.1153585693833     
  0.000000000000000E+000  0.000000000000000E+000  0.000000000000000E+000
  0.000000000000000E+000  0.000000000000000E+000  0.000000000000000E+000
  0.000000000000000E+000  0.000000000000000E+000  0.000000000000000E+000
  0.000000000000000E+000  0.000000000000000E+000  0.000000000000000E+000
  0.000000000000000E+000  0.000000000000000E+000  0.000000000000000E+000
  0.000000000000000E+000  0.000000000000000E+000  0.000000000000000E+000
  0.000000000000000E+000  0.000000000000000E+000  0.000000000000000E+000
  0.000000000000000E+000  0.000000000000000E+000  0.000000000000000E+000
  0.000000000000000E+000  0.000000000000000E+000  0.000000000000000E+000
  0.000000000000000E+000  0.000000000000000E+000  0.000000000000000E+000
  0.000000000000000E+000  0.000000000000000E+000  0.000000000000000E+000
  0.000000000000000E+000  0.000000000000000E+000  0.000000000000000E+000
  0.000000000000000E+000  0.000000000000000E+000  0.000000000000000E+000
  0.000000000000000E+000  0.000000000000000E+000  0.000000000000000E+000
  0.000000000000000E+000  0.000000000000000E+000  0.000000000000000E+000
  0.000000000000000E+000  0.000000000000000E+000  0.000000000000000E+000
  0.000000000000000E+000  0.000000000000000E+000  0.000000000000000E+000
  0.000000000000000E+000  0.000000000000000E+000  0.000000000000000E+000
  0.000000000000000E+000  0.000000000000000E+000  0.000000000000000E+000
  0.000000000000000E+000  0.000000000000000E+000  0.000000000000000E+000
  0.000000000000000E+000  0.000000000000000E+000  0.000000000000000E+000
  0.000000000000000E+000  0.000000000000000E+000  0.000000000000000E+000
  0.000000000000000E+000  0.000000000000000E+000  0.000000000000000E+000
  0.000000000000000E+000  0.000000000000000E+000  0.000000000000000E+000
  0.000000000000000E+000  0.000000000000000E+000  0.000000000000000E+000
  0.000000000000000E+000  0.000000000000000E+000  0.000000000000000E+000
  0.000000000000000E+000  0.000000000000000E+000  0.000000000000000E+000
  0.000000000000000E+000  0.000000000000000E+000  0.000000000000000E+000
  0.000000000000000E+000  0.000000000000000E+000  0.000000000000000E+000
  0.000000000000000E+000  0.000000000000000E+000  0.000000000000000E+000
  0.000000000000000E+000  0.000000000000000E+000  0.000000000000000E+000
  0.000000000000000E+000  0.000000000000000E+000  0.000000000000000E+000
  0.000000000000000E+000  0.000000000000000E+000  0.000000000000000E+000
  0.000000000000000E+000  0.000000000000000E+000  0.000000000000000E+000
  0.000000000000000E+000  0.000000000000000E+000  0.000000000000000E+000
  0.000000000000000E+000  0.000000000000000E+000  0.000000000000000E+000
