          80  8.000000000000007E-003  8.000000000000007E-003
  0.000000000000000E+000  0.000000000000000E+000  0.000000000000000E+000
  0.000000000000000E+000  0.000000000000000E+000  0.000000000000000E+000
  2.029730275492313E-002  3.415973839284370E-002 -4.148219403685328E-002
  1.357609639658307E-002  8.624629222863106E-002 -6.801053950646545E-002
  1.726250192804952E-002  0.106760587858022      -9.457477245454150E-002
  1.906159114261390E-002  0.128255619189089      -0.109577264780657     
  2.321150626118689E-002  0.112780857763340      -0.115509633793729     
  2.779847092452043E-002  8.399801832060556E-002 -0.113263428591094     
  3.729779213801927E-002  6.466010295219855E-002 -0.111700450443073     
  5.878237762253424E-002  6.607237019266776E-002 -0.113261499399976     
  8.601528332850093E-002  7.651845653755050E-002 -0.115514329537185     
  0.101508427618627       8.067660039796447E-002 -0.109579503646706     
  8.380399905367449E-002  6.837606634142475E-002 -9.459382780478577E-002
  6.785754290343216E-002  5.490523090805847E-002 -6.799996761036808E-002
  1.948340004490209E-002  3.470974116467735E-002 -4.151092075732506E-002
  0.000000000000000E+000  0.000000000000000E+000  0.000000000000000E+000
  0.000000000000000E+000  0.000000000000000E+000  0.000000000000000E+000
  0.000000000000000E+000  0.000000000000000E+000  0.000000000000000E+000
  0.000000000000000E+000  0.000000000000000E+000  0.000000000000000E+000
  1.845457014767756E-002  3.122485414379575E-002 -3.712080034646573E-002
  1.192158223944739E-002  8.358248196295839E-002 -6.644231983795042E-002
  1.444886171849181E-002  0.107329840401321      -9.170763649658338E-002
  1.699079499964322E-002  0.122388477802738      -0.108170814050177     
  2.268518210586635E-002  0.105614940080363      -0.113480933922389     
  2.814686151216727E-002  7.785194423253007E-002 -0.111353454421050     
  3.539132904277783E-002  6.135383392183191E-002 -0.108769037619094     
  5.328888737556557E-002  6.330645934805974E-002 -0.111359074224337     
  8.007852222057639E-002  7.248131390446608E-002 -0.113488673594429     
  9.745850379779149E-002  7.594577407008177E-002 -0.108173172488723     
  8.570165311554107E-002  6.621767459247324E-002 -9.171965628074284E-002
  6.638319811415251E-002  5.213689945446141E-002 -6.642867489727412E-002
  1.785807851429729E-002  3.163895748848839E-002 -3.714132928673041E-002
  0.000000000000000E+000  0.000000000000000E+000  0.000000000000000E+000
  0.000000000000000E+000  0.000000000000000E+000  0.000000000000000E+000
  0.000000000000000E+000  0.000000000000000E+000  0.000000000000000E+000
  0.000000000000000E+000  0.000000000000000E+000  0.000000000000000E+000
  1.534648785275739E-002  2.396761084725522E-002 -2.966946575212985E-002
  9.637328878044513E-003  8.063485128429558E-002 -6.264402124120762E-002
  9.325318183794628E-003  0.107305276224461      -8.740499919133952E-002
  1.413275970502290E-002  0.113839336731398      -0.104250116082199     
  1.989953356917715E-002  9.359159968664657E-002 -0.109105567899827     
  2.512727619268925E-002  6.674062431966611E-002 -0.106987947709280     
  3.001973376738314E-002  5.204207747574784E-002 -0.105090411042067     
  4.517654822147341E-002  5.514751782052189E-002 -0.107007721823505     
  7.106436262945627E-002  6.406015379346820E-002 -0.109120534900172     
  9.148589003052200E-002  6.919073245246585E-002 -0.104251086707416     
  8.823580733733392E-002  6.176030714758916E-002 -8.740583207188560E-002
  6.498190335480858E-002  4.867477059649326E-002 -6.262071823497532E-002
  1.311459682919924E-002  2.531333406867004E-002 -2.968065261499976E-002
  0.000000000000000E+000  0.000000000000000E+000  0.000000000000000E+000
  0.000000000000000E+000  0.000000000000000E+000  0.000000000000000E+000
  0.000000000000000E+000  0.000000000000000E+000  0.000000000000000E+000
  0.000000000000000E+000  0.000000000000000E+000  0.000000000000000E+000
  1.686842826484033E-002  9.919631095416168E-003 -2.214998545659929E-002
  3.700908768051415E-003  7.767195076083284E-002 -5.524558988545234E-002
  6.625624191519615E-003  0.103457656354901      -8.202888077334987E-002
  7.951821038645224E-003  0.100842561394246      -9.759780923622467E-002
  1.468291140194085E-002  7.828551673958434E-002 -0.101857448922758     
  1.799596088266458E-002  5.058850408476442E-002 -9.992126862895809E-002
  2.168254127187312E-002  3.758923521501462E-002 -9.830690296644271E-002
  3.476442142103151E-002  4.090986544755412E-002 -9.995942492317629E-002
  6.042585072401831E-002  5.189898765468186E-002 -0.101885514138111     
  8.332643929572296E-002  5.733462523067789E-002 -9.759709435645689E-002
  8.624613193478638E-002  5.748543038067730E-002 -8.201652942280405E-002
  6.538606235062959E-002  4.204461022904949E-002 -5.520961025133174E-002
  1.760804723842341E-004  1.959470609193605E-002 -2.214516831057592E-002
  0.000000000000000E+000  0.000000000000000E+000  0.000000000000000E+000
  0.000000000000000E+000  0.000000000000000E+000  0.000000000000000E+000
  0.000000000000000E+000  0.000000000000000E+000  0.000000000000000E+000
  0.000000000000000E+000  0.000000000000000E+000  0.000000000000000E+000
  1.071303084167065E-002 -3.914198965257977E-003 -1.387126774184183E-002
  6.645486206506125E-003  7.735227674880617E-002 -5.042366784264526E-002
  7.406684560346118E-004  9.177383992585111E-002 -7.512730499233496E-002
  3.772589376086920E-003  8.819126053707892E-002 -9.003104956109055E-002
  8.103841205293144E-003  6.280307504013403E-002 -9.356288446266967E-002
  1.136637555055259E-002  3.676151068798410E-002 -9.125677003665382E-002
  1.416691098368207E-002  2.455890729287781E-002 -8.961164507142427E-002
  2.614245740086346E-002  2.828856004136181E-002 -9.132316276235465E-002
  5.031530935895812E-002  3.845588458545222E-002 -9.360296540276769E-002
  7.446103209903181E-002  4.740264355144439E-002 -9.003545514002936E-002
  7.905615483892223E-002  4.652286011275487E-002 -7.509516184024399E-002
  6.364715137213027E-002  4.443047179659133E-002 -5.038479745862106E-002
 -8.734265556958857E-003  7.361149207803826E-003 -1.386732404862700E-002
  0.000000000000000E+000  0.000000000000000E+000  0.000000000000000E+000
  0.000000000000000E+000  0.000000000000000E+000  0.000000000000000E+000
  0.000000000000000E+000  0.000000000000000E+000  0.000000000000000E+000
  0.000000000000000E+000  0.000000000000000E+000  0.000000000000000E+000
  1.379316063381781E-002 -5.357770888765271E-003 -1.233454169006722E-002
  4.595560751541852E-003  6.817166778341184E-002 -4.296094928125575E-002
 -1.158791056567104E-003  7.824233171603671E-002 -6.717752251651385E-002
 -8.059436244744482E-004  7.315847553649855E-002 -8.027281913251187E-002
  2.061365887941073E-003  4.870608330404203E-002 -8.319609854277095E-002
  5.519017748150323E-003  2.569367597520885E-002 -8.070620796178642E-002
  8.282038436975222E-003  1.435853014487236E-002 -7.885747426882853E-002
  1.953820234959893E-002  1.771586588471678E-002 -8.082094343498740E-002
  4.114119409252585E-002  2.618914095087423E-002 -8.325193945509116E-002
  6.370505817213937E-002  3.589921326873790E-002 -8.027306735169530E-002
  6.830474712391782E-002  3.814872610075115E-002 -6.714168907742020E-002
  5.669635799869568E-002  3.799595638690500E-002 -4.290989844888727E-002
 -1.149717625492950E-002  9.358318000920502E-003 -1.231731620429843E-002
  0.000000000000000E+000  0.000000000000000E+000  0.000000000000000E+000
  0.000000000000000E+000  0.000000000000000E+000  0.000000000000000E+000
  0.000000000000000E+000  0.000000000000000E+000  0.000000000000000E+000
  0.000000000000000E+000  0.000000000000000E+000  0.000000000000000E+000
  1.052175239404101E-002 -4.307001329784982E-003 -7.503318604528513E-003
  6.336755661358397E-003  5.330789380989303E-002 -3.598133153627921E-002
 -2.970947274745068E-003  6.215829004839703E-002 -5.599433368835691E-002
 -4.169094718517180E-003  5.566801676499541E-002 -6.744128379117854E-002
 -2.490116250964461E-003  3.579048831624617E-002 -7.030380029244308E-002
  6.029266225838699E-004  1.667562775177690E-002 -6.847122752518929E-002
  4.174030311204243E-003  7.235743022059399E-003 -6.700177757324009E-002
  1.424673429773216E-002  8.967559956512161E-003 -6.865334587328566E-002
  3.223372105520529E-002  1.578134341902062E-002 -7.036767229291403E-002
  5.021456721284646E-002  2.424980815403199E-002 -6.743381802861124E-002
  5.528691288021784E-002  2.852162132667456E-002 -5.595597736752173E-002
  4.296295277315900E-002  3.209982369698071E-002 -3.593992997655973E-002
 -8.959697353082911E-003  6.996152369048565E-003 -7.460962407086847E-003
  0.000000000000000E+000  0.000000000000000E+000  0.000000000000000E+000
  0.000000000000000E+000  0.000000000000000E+000  0.000000000000000E+000
  0.000000000000000E+000  0.000000000000000E+000  0.000000000000000E+000
  0.000000000000000E+000  0.000000000000000E+000  0.000000000000000E+000
  9.174588545355645E-003 -4.932541607890546E-003 -5.865617333345286E-003
  6.720870477345603E-003  3.711705676623057E-002 -2.622847137783373E-002
 -3.075703079321594E-003  4.152896278737049E-002 -4.098525904870536E-002
 -4.907833769850402E-003  3.828646281661725E-002 -5.086506837700491E-002
 -5.465629643224501E-003  2.353005746315323E-002 -5.411369828698898E-002
 -2.708267460755219E-003  1.043221495080228E-002 -5.447890238902240E-002
  1.410307601211880E-003  2.429394417492339E-003 -5.421287933711949E-002
  1.053564533079882E-002  2.971819319037730E-003 -5.473539015891102E-002
  2.308715953951627E-002  7.069250642116446E-003 -5.415933933308735E-002
  3.552808002941539E-002  1.490723162538857E-002 -5.086470063497433E-002
  3.747442347850882E-002  1.813606382446015E-002 -4.092656617214468E-002
  2.876109671265406E-002  2.429732564893067E-002 -2.623043707094754E-002
 -8.829634592257151E-003  5.560034051766170E-003 -5.764783612068677E-003
  0.000000000000000E+000  0.000000000000000E+000  0.000000000000000E+000
  0.000000000000000E+000  0.000000000000000E+000  0.000000000000000E+000
  0.000000000000000E+000  0.000000000000000E+000  0.000000000000000E+000
  0.000000000000000E+000  0.000000000000000E+000  0.000000000000000E+000
  6.044429380428864E-003 -4.071533377542702E-003 -4.379020086429684E-003
  5.142386801953080E-003  1.880413128978769E-002 -1.376800792876614E-002
 -5.604177773433177E-004  2.163323345704919E-002 -2.346308555483211E-002
 -3.625861268819216E-003  2.098560347340137E-002 -3.015370975830690E-002
 -5.271582200812551E-003  1.323706701448280E-002 -3.407720088435252E-002
 -4.146343886564305E-003  5.616935453113161E-003 -3.686955808448922E-002
 -9.142208894255911E-005 -2.082514178831103E-004 -3.841149462671985E-002
  7.060885779856105E-003 -7.253675431417067E-004 -3.711938814385509E-002
  1.406475326413954E-002  2.083116219987171E-003 -3.410509303173365E-002
  1.991368869504507E-002  7.353834879647497E-003 -3.012237002653301E-002
  1.901467177606726E-002  1.036422010247539E-002 -2.346687699945434E-002
  1.369300434799619E-002  1.379265361837508E-002 -1.371642407780854E-002
 -6.544196199258136E-003  3.233868894175413E-003 -4.368573996961772E-003
  0.000000000000000E+000  0.000000000000000E+000  0.000000000000000E+000
  0.000000000000000E+000  0.000000000000000E+000  0.000000000000000E+000
  0.000000000000000E+000  0.000000000000000E+000  0.000000000000000E+000
  0.000000000000000E+000  0.000000000000000E+000  0.000000000000000E+000
  1.671740584494855E-003 -2.939957588576666E-003 -1.569104256612540E-003
  3.601429789010371E-003  4.236438830197699E-003 -4.008473462164716E-003
  1.739642522472605E-003  4.392223643892745E-003 -5.915750957730862E-003
  4.655922212561453E-004  6.445242836021384E-003 -9.302199212993630E-003
 -1.640801399339166E-003  4.311780826390198E-003 -1.087861387058828E-002
 -1.952009931315334E-003  2.164134481613943E-003 -1.408542578188175E-002
 -3.625606315362372E-004 -7.060145529614210E-004 -1.559072152078927E-002
  2.906099262505964E-003 -5.594058508837002E-004 -1.422949188347036E-002
  4.521619261695592E-003  7.572735489050259E-004 -1.087781468256098E-002
  5.331227776167258E-003  3.611722700232696E-003 -9.284083723872785E-003
  2.936215071310957E-003  3.706064477509396E-003 -5.910303604341467E-003
  1.881620864448749E-003  5.217445788385735E-003 -4.010109725391447E-003
 -3.390207590050322E-003 -1.516465011405391E-005 -1.540870159887378E-003
  0.000000000000000E+000  0.000000000000000E+000  0.000000000000000E+000
  0.000000000000000E+000  0.000000000000000E+000  0.000000000000000E+000
  0.000000000000000E+000  0.000000000000000E+000  0.000000000000000E+000
  0.000000000000000E+000  0.000000000000000E+000  0.000000000000000E+000
  0.000000000000000E+000  0.000000000000000E+000  0.000000000000000E+000
  0.000000000000000E+000  0.000000000000000E+000  0.000000000000000E+000
  0.000000000000000E+000  0.000000000000000E+000  0.000000000000000E+000
  0.000000000000000E+000  0.000000000000000E+000  0.000000000000000E+000
  0.000000000000000E+000  0.000000000000000E+000  0.000000000000000E+000
  0.000000000000000E+000  0.000000000000000E+000  0.000000000000000E+000
  0.000000000000000E+000  0.000000000000000E+000  0.000000000000000E+000
  0.000000000000000E+000  0.000000000000000E+000  0.000000000000000E+000
  0.000000000000000E+000  0.000000000000000E+000  0.000000000000000E+000
  0.000000000000000E+000  0.000000000000000E+000  0.000000000000000E+000
  0.000000000000000E+000  0.000000000000000E+000  0.000000000000000E+000
  0.000000000000000E+000  0.000000000000000E+000  0.000000000000000E+000
  0.000000000000000E+000  0.000000000000000E+000  0.000000000000000E+000
  0.000000000000000E+000  0.000000000000000E+000  0.000000000000000E+000
  0.000000000000000E+000  0.000000000000000E+000  0.000000000000000E+000
  0.000000000000000E+000  0.000000000000000E+000  0.000000000000000E+000
  0.000000000000000E+000  0.000000000000000E+000  0.000000000000000E+000
  0.000000000000000E+000  0.000000000000000E+000  0.000000000000000E+000
  0.000000000000000E+000  0.000000000000000E+000  0.000000000000000E+000
  0.000000000000000E+000  0.000000000000000E+000  0.000000000000000E+000
  0.000000000000000E+000  0.000000000000000E+000  0.000000000000000E+000
  0.000000000000000E+000  0.000000000000000E+000  0.000000000000000E+000
  0.000000000000000E+000  0.000000000000000E+000  0.000000000000000E+000
  0.000000000000000E+000  0.000000000000000E+000  0.000000000000000E+000
  0.000000000000000E+000  0.000000000000000E+000  0.000000000000000E+000
  0.000000000000000E+000  0.000000000000000E+000  0.000000000000000E+000
  0.000000000000000E+000  0.000000000000000E+000  0.000000000000000E+000
  0.000000000000000E+000  0.000000000000000E+000  0.000000000000000E+000
  0.000000000000000E+000  0.000000000000000E+000  0.000000000000000E+000
  0.000000000000000E+000  0.000000000000000E+000  0.000000000000000E+000
  0.000000000000000E+000  0.000000000000000E+000  0.000000000000000E+000
  0.000000000000000E+000  0.000000000000000E+000  0.000000000000000E+000
  0.000000000000000E+000  0.000000000000000E+000  0.000000000000000E+000
  0.000000000000000E+000  0.000000000000000E+000  0.000000000000000E+000
 -0.318756670218860      -0.114886014446065        1.03020370022219     
 -0.101869267257656      -2.074132391451567E-002   1.48935713882851     
 -2.584209087620442E-002  0.132215106654741        1.92947279039320     
  7.312739900407519E-002  0.811931023456656        1.93235352157066     
 -3.961274675479564E-002 -0.165620388792795        2.35231796845241     
 -2.541507414571374E-002  0.115939960289748        2.58974689504950     
  0.702905567287791        1.22247457085647        2.58354620316642     
  0.116132223032967       4.176118274140693E-002   2.59240934548578     
 -0.118950268129596      -0.116477677363523        2.35264408379430     
  0.666033091261951       0.465942207625992        1.93353677580652     
  0.137599616535716       4.675669204820133E-002   1.92977513898328     
  3.641232690837025E-002 -9.951729216262349E-002   1.48929042003896     
  6.478727087371877E-002 -0.331846476998882        1.02988659559180     
  0.000000000000000E+000  0.000000000000000E+000  0.000000000000000E+000
  0.000000000000000E+000  0.000000000000000E+000  0.000000000000000E+000
  0.000000000000000E+000  0.000000000000000E+000  0.000000000000000E+000
  0.000000000000000E+000  0.000000000000000E+000  0.000000000000000E+000
 -0.247559380757381      -9.427949931990795E-002  0.921578509108603     
 -3.617360767747471E-002 -0.113926565216196        1.48501886748326     
  4.177447609612703E-002  0.128951438066924        1.88299955644002     
  8.171975440616161E-002  0.508634803166232        1.98685092299924     
 -2.110045857729689E-002 -0.312085724792994        2.35031502611040     
  1.854057296550320E-002  2.800549202010486E-003   2.61029573990400     
  0.427171442946638       0.742924997689380        2.63945156587471     
 -7.783405586410681E-003  1.848631379373071E-002   2.61415272306661     
 -0.257709916291840      -0.174486808505698        2.35126259281108     
  0.398782510818814       0.321177119568060        1.98815201537516     
  9.659493292040111E-002  0.101329429372882        1.88386598892171     
 -7.738893656016976E-002 -8.900178998879332E-002   1.48481228314205     
  4.623631039575482E-002 -0.260247781468143       0.921229893235003     
  0.000000000000000E+000  0.000000000000000E+000  0.000000000000000E+000
  0.000000000000000E+000  0.000000000000000E+000  0.000000000000000E+000
  0.000000000000000E+000  0.000000000000000E+000  0.000000000000000E+000
  0.000000000000000E+000  0.000000000000000E+000  0.000000000000000E+000
 -0.158999433855691      -5.594902552105670E-002  0.760984276016847     
  7.052650222489100E-002 -0.297035785417817        1.45144163193742     
  0.117885795957030       4.968953488401032E-002   1.84065776724638     
  0.103289282329881       4.462798582423445E-002   2.02926783017615     
  5.620065345315535E-003 -0.601368406651634        2.39210830057810     
 -7.796071766315170E-002 -0.369926551977193        2.65951920288002     
  3.986054214109579E-002  7.233732855395626E-002   2.72149225157233     
 -0.290029156446248      -0.260694930343700        2.66531983665191     
 -0.526744866324307      -0.300383225337755        2.39521666522006     
 -1.443520432294712E-002  0.107098718426744        2.03098633646055     
 -1.731292287240248E-002  0.123596624388751        1.84235113271815     
 -0.290300298120671      -8.838999547107404E-002   1.45115745712423     
  3.379329273207729E-002 -0.164946325570415       0.760592100125142     
  0.000000000000000E+000  0.000000000000000E+000  0.000000000000000E+000
  0.000000000000000E+000  0.000000000000000E+000  0.000000000000000E+000
  0.000000000000000E+000  0.000000000000000E+000  0.000000000000000E+000
  0.000000000000000E+000  0.000000000000000E+000  0.000000000000000E+000
 -0.167458627981558       3.279900488039419E-002  0.624314866406158     
  0.218133994370397      -0.616769677357777        1.40020852412465     
  0.187870850496977      -0.701284947453986        1.90744671629366     
  0.125361014862673      -0.968173446362624        2.22523682010927     
 -0.107829603086685       -1.20262296005246        2.48622936240684     
 -0.401205857617439       -1.25414013860086        2.84843670175410     
 -0.750966716245775       -1.30087520462058        3.06272022325201     
 -0.898925487959313      -0.988833077526575        2.85857026861335     
  -1.00010453630069      -0.707413735094296        2.49442071656669     
 -0.903480894476133      -0.381789848699071        2.22765948881067     
 -0.703827180283175      -0.192840687490131        1.90904737032066     
 -0.643001564643671      -0.121102100784284        1.39941118132094     
  0.113625488839856      -0.128571917986857       0.623916188609766     
  0.000000000000000E+000  0.000000000000000E+000  0.000000000000000E+000
  0.000000000000000E+000  0.000000000000000E+000  0.000000000000000E+000
  0.000000000000000E+000  0.000000000000000E+000  0.000000000000000E+000
  0.000000000000000E+000  0.000000000000000E+000  0.000000000000000E+000
 -0.132902717516926       0.131896392277401       0.492125397469314     
  0.235436412491241      -0.982332970803408        1.37888881931367     
  0.349971966339493       -1.61489089139959        2.09400022712878     
  0.151180868539022       -2.05846317291460        2.55884258587405     
 -0.228741052710856       -1.81030642133456        2.63549394524645     
 -0.641954168461179       -1.98871037765598        3.10794582920727     
  -1.30183371095226       -2.25885534708498        3.57806870926516     
  -1.39975092266834       -1.55318801344898        3.11292387646674     
  -1.45938541915704       -1.11181948871884        2.64332180908397     
  -1.86546691296079      -0.908499282526183        2.56374023359801     
  -1.57010751276116      -0.507264887157506        2.09269017182567     
 -0.966931571145302      -0.288935841232855        1.37730521315540     
  0.180714855878869      -4.922618156534705E-002  0.491269882087460     
  0.000000000000000E+000  0.000000000000000E+000  0.000000000000000E+000
  0.000000000000000E+000  0.000000000000000E+000  0.000000000000000E+000
  0.000000000000000E+000  0.000000000000000E+000  0.000000000000000E+000
  0.000000000000000E+000  0.000000000000000E+000  0.000000000000000E+000
 -0.201222399391437       0.159195157292496       0.440163923576969     
  0.251477606143190       -1.16132914913918        1.29540559491133     
  0.408442112857197       -2.00097011700880        2.19465583875745     
  0.198952231656266       -2.30165034827981        2.66091491939793     
 -0.258870762543120       -1.53132461712495        2.39568763938305     
 -0.492813506837370       -1.48570238874093        2.69576845629705     
  -1.09334038384226       -1.90064777725682        3.49393441739066     
  -1.03036529009734       -1.16863928033016        2.69435813164405     
  -1.18954103549046      -0.990138682000605        2.39566587203039     
  -2.10361945198313      -0.989378869953907        2.66922843659891     
  -1.92507586115528      -0.648635886951910        2.18792624964043     
  -1.12594074286165      -0.361564124534929        1.29216718512033     
  0.237589678951132      -9.614315716193461E-002  0.438587111704940     
  0.000000000000000E+000  0.000000000000000E+000  0.000000000000000E+000
  0.000000000000000E+000  0.000000000000000E+000  0.000000000000000E+000
  0.000000000000000E+000  0.000000000000000E+000  0.000000000000000E+000
  0.000000000000000E+000  0.000000000000000E+000  0.000000000000000E+000
 -0.162411130534015       0.139261057061824       0.311118083243278     
  0.127378887449119       -1.04768630084219        1.16238701439363     
  0.335331520110240       -1.63263897868082        1.92499255349688     
  6.859448642198999E-002  -1.35527082125318        2.03300708863092     
 -0.239255921231632      -0.655217851032158        1.59548259441051     
 -0.236196493648433      -0.440914556064906        1.52105235264899     
 -0.381824822366563      -0.670190484711124        2.22024193670508     
 -0.256119416437489      -0.429348130250296        1.52183550349348     
 -0.443655557997632      -0.535093270974952        1.59578148972788     
  -1.21994517364159      -0.626457528613004        2.04328353853216     
  -1.56409746449550      -0.526804008366231        1.91309180478914     
 -0.961971588427325      -0.410976718742007        1.15779676379599     
  0.199356397778393      -7.134437578962795E-002  0.308512507729362     
  0.000000000000000E+000  0.000000000000000E+000  0.000000000000000E+000
  0.000000000000000E+000  0.000000000000000E+000  0.000000000000000E+000
  0.000000000000000E+000  0.000000000000000E+000  0.000000000000000E+000
  0.000000000000000E+000  0.000000000000000E+000  0.000000000000000E+000
 -0.149270164163796       0.127337021150036       0.233460706713348     
 -1.013390306038053E-003 -0.726283792647736       0.896677617747523     
  0.115140296378550      -0.825711433958268        1.30007636994133     
 -0.176657506721275      -0.305881198368639        1.01188871816886     
 -0.136020707736567      -0.389757397665920        1.16379071675398     
 -0.149740827276660      -9.005261697526257E-002  0.887608173965913     
 -4.625069533968663E-002 -8.842422263132908E-002   1.05069111843081     
  4.792230355474741E-003 -0.179876029012671       0.884027527742018     
 -0.269234259820306      -0.315252946180373        1.16799315530826     
 -0.185651306017500      -0.309697460739511        1.02077787132205     
 -0.756544368019892      -0.315008058004948        1.28569862244508     
 -0.619963117320661      -0.359220076418271       0.894785927760194     
  0.182099591852088      -6.798778950914205E-002  0.226930199896132     
  0.000000000000000E+000  0.000000000000000E+000  0.000000000000000E+000
  0.000000000000000E+000  0.000000000000000E+000  0.000000000000000E+000
  0.000000000000000E+000  0.000000000000000E+000  0.000000000000000E+000
  0.000000000000000E+000  0.000000000000000E+000  0.000000000000000E+000
 -9.127029031963081E-002  0.125703921922594       0.205327610577840     
 -8.409585984236284E-002 -0.332605960796987       0.471181410435623     
 -5.984813072514649E-002 -0.207106013644295       0.621307402970353     
 -0.216256351140895      -8.842827693085521E-003  0.367763500422763     
  6.304071249704699E-002 -0.394015551482430        1.14942212251135     
 -5.374880164731640E-003 -9.287837362475235E-002  0.857170903502233     
 -4.344671410386466E-002 -7.821083571809219E-002   1.22886497936265     
 -7.274307066436124E-002 -5.537672871288508E-002  0.850663122312629     
 -0.371303152375854      -0.144911114618004        1.15483730019654     
  9.805307210857701E-002 -0.193730793111158       0.368840891812021     
 -0.140713272656795      -0.156437262833515       0.614651364105774     
 -0.242000418061662      -0.235652893595862       0.466621047082719     
  0.154099505630980      -1.697095914845477E-002  0.205471237022384     
  0.000000000000000E+000  0.000000000000000E+000  0.000000000000000E+000
  0.000000000000000E+000  0.000000000000000E+000  0.000000000000000E+000
  0.000000000000000E+000  0.000000000000000E+000  0.000000000000000E+000
  0.000000000000000E+000  0.000000000000000E+000  0.000000000000000E+000
 -5.192239797249051E-003  7.268097354125447E-002  9.571131605249668E-002
 -9.779794936171474E-002 -1.303388570240343E-002  0.153066586572854     
 -0.100304337351572       5.260413449393184E-002  0.156475201063310     
 -0.145488711135551      -6.274185625625176E-003  0.141289104262382     
  3.012958593136115E-003 -0.111193644935857       0.585837358427728     
 -5.822000745307059E-003 -5.648564386880202E-002  0.375375165934150     
  2.306520424308549E-002  4.218963307737441E-002  0.990139764923066     
 -4.441854514084875E-002 -3.601606223647949E-002  0.376955704676690     
 -9.626499390645986E-002 -5.506027978610063E-002  0.588476343455121     
  6.760269944426330E-002 -0.130151310120745       0.140107275347463     
  9.769841602643245E-002 -6.067230926385670E-002  0.154645272974119     
  3.756393207467036E-002 -9.021914935743250E-002  0.152918756760591     
  6.563154986131166E-002  3.145871675670255E-002  9.420571754164118E-002
  0.000000000000000E+000  0.000000000000000E+000  0.000000000000000E+000
  0.000000000000000E+000  0.000000000000000E+000  0.000000000000000E+000
  0.000000000000000E+000  0.000000000000000E+000  0.000000000000000E+000
  0.000000000000000E+000  0.000000000000000E+000  0.000000000000000E+000
  0.000000000000000E+000  0.000000000000000E+000  0.000000000000000E+000
  0.000000000000000E+000  0.000000000000000E+000  0.000000000000000E+000
  0.000000000000000E+000  0.000000000000000E+000  0.000000000000000E+000
  0.000000000000000E+000  0.000000000000000E+000  0.000000000000000E+000
  0.000000000000000E+000  0.000000000000000E+000  0.000000000000000E+000
  0.000000000000000E+000  0.000000000000000E+000  0.000000000000000E+000
  0.000000000000000E+000  0.000000000000000E+000  0.000000000000000E+000
  0.000000000000000E+000  0.000000000000000E+000  0.000000000000000E+000
  0.000000000000000E+000  0.000000000000000E+000  0.000000000000000E+000
  0.000000000000000E+000  0.000000000000000E+000  0.000000000000000E+000
  0.000000000000000E+000  0.000000000000000E+000  0.000000000000000E+000
  0.000000000000000E+000  0.000000000000000E+000  0.000000000000000E+000
  0.000000000000000E+000  0.000000000000000E+000  0.000000000000000E+000
  0.000000000000000E+000  0.000000000000000E+000  0.000000000000000E+000
  0.000000000000000E+000  0.000000000000000E+000  0.000000000000000E+000
  0.000000000000000E+000  0.000000000000000E+000  0.000000000000000E+000
  0.000000000000000E+000  0.000000000000000E+000  0.000000000000000E+000
  0.000000000000000E+000  0.000000000000000E+000  0.000000000000000E+000
  0.000000000000000E+000  0.000000000000000E+000  0.000000000000000E+000
  0.000000000000000E+000  0.000000000000000E+000  0.000000000000000E+000
  0.000000000000000E+000  0.000000000000000E+000  0.000000000000000E+000
  0.000000000000000E+000  0.000000000000000E+000  0.000000000000000E+000
  0.000000000000000E+000  0.000000000000000E+000  0.000000000000000E+000
  0.000000000000000E+000  0.000000000000000E+000  0.000000000000000E+000
  0.000000000000000E+000  0.000000000000000E+000  0.000000000000000E+000
  0.000000000000000E+000  0.000000000000000E+000  0.000000000000000E+000
  0.000000000000000E+000  0.000000000000000E+000  0.000000000000000E+000
  0.000000000000000E+000  0.000000000000000E+000  0.000000000000000E+000
  0.000000000000000E+000  0.000000000000000E+000  0.000000000000000E+000
  0.000000000000000E+000  0.000000000000000E+000  0.000000000000000E+000
  0.000000000000000E+000  0.000000000000000E+000  0.000000000000000E+000
  0.000000000000000E+000  0.000000000000000E+000  0.000000000000000E+000
  0.000000000000000E+000  0.000000000000000E+000  0.000000000000000E+000
  0.000000000000000E+000  0.000000000000000E+000  0.000000000000000E+000
   1143.81849487341        8838.14439978947       -5087.86091043166     
  -386.674078889603        2799.25136674518       -11019.2880140147     
  -2488.42415702615       -867.995694205004       -15007.0772642170     
  -4808.32365683761        4024.35322959062       -18349.5877710178     
  -7984.23696469100       -11200.8733807420       -14443.5884638926     
  -9605.38983438998       -12820.3679366096       -11888.7223404725     
   4588.24592105806        7975.80414562112       -15299.8856465795     
  -6270.71537750784       -14716.2289163776       -11852.7903540979     
  -5991.97348263121       -12894.0600148655       -14324.3789010568     
   5827.01867069864       -2343.27673726265       -18383.4151136830     
   667.193551365853       -2636.45925342208       -15153.5370405249     
   2469.32185398478        952.012452469237       -11085.3280473380     
   6826.80764923102        5299.48019013132       -5104.76482067228     
  0.000000000000000E+000  0.000000000000000E+000  0.000000000000000E+000
  0.000000000000000E+000  0.000000000000000E+000  0.000000000000000E+000
  0.000000000000000E+000  0.000000000000000E+000  0.000000000000000E+000
  0.000000000000000E+000  0.000000000000000E+000  0.000000000000000E+000
   1126.58021901232        7459.04256997572       -4255.69588729124     
  -1010.50988838920        1122.34856746186       -10118.2420188165     
  -3255.25425441325       -999.918863359653       -14718.6390725907     
  -5635.73663429956        1863.17586262040       -17969.5635867231     
  -7588.19747289052       -9926.41731242250       -15070.6536111719     
  -7044.35815163905       -8798.38532464033       -12128.0367247187     
   2804.86124097917        4874.91248660380       -14557.9570429545     
  -4060.00007143034       -10487.0265234693       -12084.2238480935     
  -4992.78646945240       -11782.1293592548       -14977.9605205871     
   4398.06654704873       -4117.25087812804       -18025.7603103162     
   938.761418673731       -3370.66860585585       -14864.3257310052     
   1391.44380782043       -413.037420417101       -10194.7628838578     
   5677.56872210556        4598.26660125108       -4272.82801861585     
  0.000000000000000E+000  0.000000000000000E+000  0.000000000000000E+000
  0.000000000000000E+000  0.000000000000000E+000  0.000000000000000E+000
  0.000000000000000E+000  0.000000000000000E+000  0.000000000000000E+000
  0.000000000000000E+000  0.000000000000000E+000  0.000000000000000E+000
   998.307938525434        4741.70699705650       -2873.69451006414     
  -1801.48945412793       -1947.69808714117       -8455.66757974251     
  -4247.50231917139       -2438.96439984392       -14069.0209191722     
  -6497.86451798292       -824.013917210085       -17538.1240262676     
  -6469.23655793344       -6683.65214474790       -15581.2342215438     
  -5201.54460195294       -4861.82978848342       -11947.5075741186     
   1875.06312304429        3229.02037654217       -13696.0755823927     
  -1544.15840430990       -6899.56139051141       -11907.6004701737     
  -2607.61983410968       -9027.49513560224       -15523.6397856673     
   2601.53959615023       -6105.33903350104       -17629.9957755463     
   216.979012117496       -4933.15511228994       -14222.9094237986     
  -762.290465149208       -2602.95520838429       -8549.84947799677     
   3454.20963721430        3146.68615889657       -2898.53667796990     
  0.000000000000000E+000  0.000000000000000E+000  0.000000000000000E+000
  0.000000000000000E+000  0.000000000000000E+000  0.000000000000000E+000
  0.000000000000000E+000  0.000000000000000E+000  0.000000000000000E+000
  0.000000000000000E+000  0.000000000000000E+000  0.000000000000000E+000
   325.914611981280        1688.07480495687       -1130.23806895663     
  -1529.79223064483       -7859.52333076424       -5851.07043337910     
  -4656.84147781746       -5227.29762978228       -12785.0443134326     
  -6207.41751211189        528.034937749958       -17688.2452176625     
  -4205.10227032050        6762.03609114199       -18574.3617221999     
  -804.430431900883        5863.88969613657       -12883.4277989783     
   6.87621933388640       -51.0882276802423       -10224.7449468879     
   5492.16637804083        2190.85257117775       -12833.3560741033     
   8036.21796934316       -202.485970149997       -18569.3485864071     
   3615.08701638244       -5134.47065492364       -17786.6489452914     
  -2038.70805575015       -6673.77914085090       -12943.5290423839     
  -5879.72373248329       -5264.09271564314       -5974.18955620237     
   1227.42765103573        1063.42926748709       -1168.06318008081     
  0.000000000000000E+000  0.000000000000000E+000  0.000000000000000E+000
  0.000000000000000E+000  0.000000000000000E+000  0.000000000000000E+000
  0.000000000000000E+000  0.000000000000000E+000  0.000000000000000E+000
  0.000000000000000E+000  0.000000000000000E+000  0.000000000000000E+000
  -541.075149313930        285.544387910955       -569.519901921628     
  -716.776951691201       -12749.7329561147       -3136.86131213254     
  -4615.32665746809       -3208.35280407225       -11950.2321836192     
  -5388.57373153523        9580.33492335533       -20491.6905938700     
  -2145.46897342121        22202.2846963359       -24616.2951550159     
   4075.13133663499        19403.3134297705       -17713.6179132628     
   3196.96661216632        5468.87865428547       -8523.44799141233     
   14661.4152765331        13086.0039433408       -17608.1374191158     
   20504.3434871747        9377.89920026942       -24695.2348587588     
   10870.6638424663        36.9704189779744       -20510.2392155904     
  -536.760250933590       -5683.80247226381       -12048.0404500371     
  -10470.3086616502       -6989.48104430026       -3275.16766648616     
   493.310207767554       -341.090786343479       -614.932217643980     
  0.000000000000000E+000  0.000000000000000E+000  0.000000000000000E+000
  0.000000000000000E+000  0.000000000000000E+000  0.000000000000000E+000
  0.000000000000000E+000  0.000000000000000E+000  0.000000000000000E+000
  0.000000000000000E+000  0.000000000000000E+000  0.000000000000000E+000
  -1475.03880952581       -86.8468311360121       -420.278966528694     
  -89.6074976854107       -13897.4584242621       -1015.50127154691     
  -4748.01094468536        3786.87357488357       -12615.1355707936     
  -4643.49924867600        14742.4086644266       -23011.2452573094     
  -1697.27308602014        20881.5838626740       -25052.0389553967     
   3749.89117743047        17873.5110206591       -17394.9475902152     
   1385.43637976193        2332.95652354121       -1535.54777724513     
   13456.5627424695        12008.7522053446       -17224.7190985779     
   19144.9059725107        9081.84083646585       -25178.2809092671     
   14900.4410463362        3252.16827427953       -22960.6787918304     
   5409.38759808700       -2342.17016542231       -12614.0178060168     
  -11849.2497166422       -7036.81203850045       -1136.10770914137     
   670.788375108471       -1320.44930864035       -451.664847113871     
  0.000000000000000E+000  0.000000000000000E+000  0.000000000000000E+000
  0.000000000000000E+000  0.000000000000000E+000  0.000000000000000E+000
  0.000000000000000E+000  0.000000000000000E+000  0.000000000000000E+000
  0.000000000000000E+000  0.000000000000000E+000  0.000000000000000E+000
  -1563.65796104671       -209.130528243572       -559.211054271016     
  -359.673178102518       -10679.2683788358        20.3430581646674     
  -4034.49076752954        7089.56137461385       -12149.5419876002     
  -3382.91407566879        9507.05649257212       -19166.7329096017     
  -622.868402085607        8781.95257328498       -16496.3687466523     
   2254.28405405408        6005.20353620751       -8057.58723239389     
  -1447.64295071391       -2569.39440501838        12001.2608772485     
   4052.15330137771        4817.07109044921       -7911.23198985917     
   8044.53129541877        3879.52072089799       -16576.7728784603     
   9784.08876351480        1763.03647116799       -19117.4575521659     
   7939.53163800453       -64.3125675691169       -12113.6673031677     
  -9012.02761984278       -5668.18176934040       -51.5216952302427     
   602.842241209964       -1472.05977697511       -585.983211900112     
  0.000000000000000E+000  0.000000000000000E+000  0.000000000000000E+000
  0.000000000000000E+000  0.000000000000000E+000  0.000000000000000E+000
  0.000000000000000E+000  0.000000000000000E+000  0.000000000000000E+000
  0.000000000000000E+000  0.000000000000000E+000  0.000000000000000E+000
  -1603.69009261632        42.5443126421888       -112.124977906542     
  -538.105763166263       -6512.62790610383       -348.088586526050     
  -1810.29158415373        3745.23606207660       -7725.93421322610     
  -1292.83548068052        1829.48485730965       -10444.4321253399     
   579.810464636320        3127.56686900706       -11233.6723869636     
   2223.83304210080        2847.10387657642       -6043.13014520591     
   2404.03065997481        4043.40600630236        3631.84298408997     
   1452.85157765744        3233.57336017005       -5978.33529435705     
   2556.26579702757        2044.94428226772       -11322.1950273636     
   2109.56857888717       -259.893048264883       -10366.1168098145     
   4048.17471876855        213.072791261775       -7701.62288280329     
  -5367.52596265494       -3749.33607500207       -383.531150876234     
   850.641331362086       -1373.34445330613       -123.096532517227     
  0.000000000000000E+000  0.000000000000000E+000  0.000000000000000E+000
  0.000000000000000E+000  0.000000000000000E+000  0.000000000000000E+000
  0.000000000000000E+000  0.000000000000000E+000  0.000000000000000E+000
  0.000000000000000E+000  0.000000000000000E+000  0.000000000000000E+000
  -1158.46814783123       -23.4296381391899       -328.024039924490     
  -414.503605188221       -2850.96489382356       -464.563601860761     
  0.825844082105483       -426.605317036524       -2669.66643396373     
   905.346417266481       -1387.10256188919       -2654.99255878001     
   25.9387823526348        1845.06383285168       -8804.57003293620     
   1689.94089092975        2375.66965214036       -9480.78915296669     
   1970.39564803888        3282.93851162421       -3465.55684364096     
   1313.68789469269        2555.06258998203       -9492.24220553720     
   1681.63952645561        898.066853007050       -8881.44643308030     
  -1771.32731637834        49.1248884069265       -2506.07075877556     
  -412.744927881938       -282.115006438470       -2666.79222528691     
  -2262.21100688276       -1808.20237129719       -453.850622651483     
   560.374340605949       -1017.17286248343       -363.064549115065     
  0.000000000000000E+000  0.000000000000000E+000  0.000000000000000E+000
  0.000000000000000E+000  0.000000000000000E+000  0.000000000000000E+000
  0.000000000000000E+000  0.000000000000000E+000  0.000000000000000E+000
  0.000000000000000E+000  0.000000000000000E+000  0.000000000000000E+000
  -354.483873927352        230.863230744926       -296.042707473066     
  -384.574753515700       -982.660940943923       -626.785766023442     
   362.787403992852       -942.428303389840       -733.533974621944     
   1372.97415688786       -1637.19227476705       -95.1664264327202     
   1212.79587157726        417.817583133570       -3920.84415259003     
   1311.85934999181       -68.6495927826590       -5957.97238323267     
   1032.84439900273        1780.79894625909        4984.42775335546     
  -654.063412781343        1052.30425362768       -6007.36706521886     
  -234.667815139019        1232.81145530919       -3920.43256358975     
  -2146.99795974406        333.892373037322      -0.910093501447012     
  -1010.94635603824       -195.737651528834       -734.338394106333     
  -649.599650190260       -840.089022606260       -620.108035755249     
   376.737886215119       -191.818184335322       -307.519652046789     
  0.000000000000000E+000  0.000000000000000E+000  0.000000000000000E+000
  0.000000000000000E+000  0.000000000000000E+000  0.000000000000000E+000
  0.000000000000000E+000  0.000000000000000E+000  0.000000000000000E+000
  0.000000000000000E+000  0.000000000000000E+000  0.000000000000000E+000
  0.000000000000000E+000  0.000000000000000E+000  0.000000000000000E+000
  0.000000000000000E+000  0.000000000000000E+000  0.000000000000000E+000
  0.000000000000000E+000  0.000000000000000E+000  0.000000000000000E+000
  0.000000000000000E+000  0.000000000000000E+000  0.000000000000000E+000
  0.000000000000000E+000  0.000000000000000E+000  0.000000000000000E+000
  0.000000000000000E+000  0.000000000000000E+000  0.000000000000000E+000
  0.000000000000000E+000  0.000000000000000E+000  0.000000000000000E+000
  0.000000000000000E+000  0.000000000000000E+000  0.000000000000000E+000
  0.000000000000000E+000  0.000000000000000E+000  0.000000000000000E+000
  0.000000000000000E+000  0.000000000000000E+000  0.000000000000000E+000
  0.000000000000000E+000  0.000000000000000E+000  0.000000000000000E+000
  0.000000000000000E+000  0.000000000000000E+000  0.000000000000000E+000
  0.000000000000000E+000  0.000000000000000E+000  0.000000000000000E+000
  0.000000000000000E+000  0.000000000000000E+000  0.000000000000000E+000
  0.000000000000000E+000  0.000000000000000E+000  0.000000000000000E+000
  0.000000000000000E+000  0.000000000000000E+000  0.000000000000000E+000
  0.000000000000000E+000  0.000000000000000E+000  0.000000000000000E+000
  0.000000000000000E+000  0.000000000000000E+000  0.000000000000000E+000
  0.000000000000000E+000  0.000000000000000E+000  0.000000000000000E+000
  0.000000000000000E+000  0.000000000000000E+000  0.000000000000000E+000
  0.000000000000000E+000  0.000000000000000E+000  0.000000000000000E+000
  0.000000000000000E+000  0.000000000000000E+000  0.000000000000000E+000
  0.000000000000000E+000  0.000000000000000E+000  0.000000000000000E+000
  0.000000000000000E+000  0.000000000000000E+000  0.000000000000000E+000
  0.000000000000000E+000  0.000000000000000E+000  0.000000000000000E+000
  0.000000000000000E+000  0.000000000000000E+000  0.000000000000000E+000
  0.000000000000000E+000  0.000000000000000E+000  0.000000000000000E+000
  0.000000000000000E+000  0.000000000000000E+000  0.000000000000000E+000
  0.000000000000000E+000  0.000000000000000E+000  0.000000000000000E+000
  0.000000000000000E+000  0.000000000000000E+000  0.000000000000000E+000
  0.000000000000000E+000  0.000000000000000E+000  0.000000000000000E+000
  0.000000000000000E+000  0.000000000000000E+000  0.000000000000000E+000
