          80  8.000000000000007E-003  8.000000000000007E-003
  0.000000000000000E+000  0.000000000000000E+000  0.000000000000000E+000
  0.000000000000000E+000  0.000000000000000E+000  0.000000000000000E+000
  3.038087074227487E-002  3.276891906547842E-002 -5.339279505908556E-002
  2.726146050011793E-002  2.144753373256978E-002 -6.888416073700591E-002
  3.166555543805783E-002  1.915322962166614E-002 -9.432895738074754E-002
  3.033545122149635E-002  2.276914565861994E-002 -0.105055771984401     
  3.106576298986194E-002  2.273429069336982E-002 -0.114869830786655     
  3.263503048142576E-002  5.709386266830824E-002 -0.122328767599641     
  4.357359295170800E-002  7.551940578126243E-002 -0.128700608791915     
  3.307709458917828E-002  5.681541780317096E-002 -0.122322174912356     
  4.126747437512203E-003  3.828866986737905E-002 -0.114868966875191     
  4.497550204885934E-003  3.765533800117993E-002 -0.105055659525395     
  6.919923312917514E-004  3.699282246125081E-002 -9.435050990117054E-002
  4.833359250672266E-003  3.428714635297830E-002 -6.888665315241019E-002
  1.315329242485158E-002  4.270886445595178E-002 -5.342465569133629E-002
  0.000000000000000E+000  0.000000000000000E+000  0.000000000000000E+000
  0.000000000000000E+000  0.000000000000000E+000  0.000000000000000E+000
  0.000000000000000E+000  0.000000000000000E+000  0.000000000000000E+000
  0.000000000000000E+000  0.000000000000000E+000  0.000000000000000E+000
  2.347760254757444E-002  3.036407687937530E-002 -4.657567726233601E-002
  2.498010247648111E-002  2.941056193339928E-002 -7.005386044728829E-002
  2.596395464435784E-002  2.549648760979626E-002 -9.059717788303102E-002
  2.780043860478032E-002  2.805258025479984E-002 -0.105593507966627     
  2.782212984722266E-002  2.836971011507168E-002 -0.113445700672225     
  3.051972974278759E-002  5.595199744096770E-002 -0.122420120761653     
  3.969853567602277E-002  6.880500227272413E-002 -0.128006128839964     
  3.314594669636186E-002  5.441138416991047E-002 -0.122415815906438     
  1.060700105426579E-002  3.828549014217371E-002 -0.113443671013315     
  1.033371127698068E-002  3.809941948686439E-002 -0.105594381359565     
  9.019045614085494E-003  3.521453778101022E-002 -9.061109073977631E-002
  1.287841160484691E-002  3.629986011717545E-002 -7.005316618721716E-002
  1.453939276386139E-002  3.552319004661435E-002 -4.660063017543042E-002
  0.000000000000000E+000  0.000000000000000E+000  0.000000000000000E+000
  0.000000000000000E+000  0.000000000000000E+000  0.000000000000000E+000
  0.000000000000000E+000  0.000000000000000E+000  0.000000000000000E+000
  0.000000000000000E+000  0.000000000000000E+000  0.000000000000000E+000
  1.498965339338962E-002  2.507178946025965E-002 -3.600596597117914E-002
  1.725734695195993E-002  4.451204115048058E-002 -6.756336056141533E-002
  1.882772285802927E-002  3.958897743579867E-002 -8.726084616205068E-002
  2.069183511729878E-002  3.660845299900368E-002 -0.102750516294732     
  2.281399167353609E-002  3.545330654463240E-002 -0.112132131057763     
  2.693099669071716E-002  5.700336367801515E-002 -0.120709946864256     
  3.528017594082192E-002  6.114946391416535E-002 -0.126964869146369     
  3.583527561091192E-002  5.181396032708006E-002 -0.120707887198517     
  1.920363550214414E-002  3.746985493377516E-002 -0.112133477900445     
  2.128301994041311E-002  3.621024566673600E-002 -0.102746346375229     
  2.475968663420115E-002  3.606265746184774E-002 -8.726707594925098E-002
  2.983693314006979E-002  3.716753987745927E-002 -6.754506749972648E-002
  1.422809931582292E-002  2.552483706690455E-002 -3.602108306660384E-002
  0.000000000000000E+000  0.000000000000000E+000  0.000000000000000E+000
  0.000000000000000E+000  0.000000000000000E+000  0.000000000000000E+000
  0.000000000000000E+000  0.000000000000000E+000  0.000000000000000E+000
  0.000000000000000E+000  0.000000000000000E+000  0.000000000000000E+000
  1.449514217330687E-002  1.364240630844761E-002 -2.668091016167113E-002
  5.148063080128424E-003  5.969974231784141E-002 -6.109236014206434E-002
  1.069646601726699E-002  6.882320447748798E-002 -8.321946614945688E-002
  1.180763198313482E-002  6.503074977795767E-002 -0.100249912824917     
  1.707719640864729E-002  6.290482755093477E-002 -0.110243226408377     
  2.286217285348596E-002  5.526099456250756E-002 -0.118216371836681     
  2.818163656650398E-002  4.884243961694692E-002 -0.120422034924761     
  3.636519576574090E-002  4.743412468326123E-002 -0.118227814508547     
  4.582570303543734E-002  4.621570504831661E-002 -0.110242825559538     
  5.031944007905273E-002  4.271912523554298E-002 -0.100240363276090     
  5.414299613912230E-002  4.364293526991556E-002 -8.320670164036691E-002
  4.905983625149233E-002  3.427494910582083E-002 -6.104907336822171E-002
  4.604582177905499E-003  1.939116243985104E-002 -2.669392418006549E-002
  0.000000000000000E+000  0.000000000000000E+000  0.000000000000000E+000
  0.000000000000000E+000  0.000000000000000E+000  0.000000000000000E+000
  0.000000000000000E+000  0.000000000000000E+000  0.000000000000000E+000
  0.000000000000000E+000  0.000000000000000E+000  0.000000000000000E+000
  9.743789071821482E-003 -4.188655980654235E-003 -1.698378253526165E-002
  2.655932764901470E-003  7.142084267309577E-002 -5.555303546811623E-002
  1.649529139430054E-003  8.435052981390016E-002 -8.092474796334150E-002
  4.502969669789470E-003  8.528333247382827E-002 -9.973833657140968E-002
  1.159958882193497E-002  6.846548822675991E-002 -0.109030626599712     
  1.687882201209869E-002  4.789073486861126E-002 -0.111130991761954     
  2.131550363565220E-002  3.693873380759481E-002 -0.111285791029888     
  3.301980662346655E-002  3.861340215096744E-002 -0.111181222004197     
  5.342494908365938E-002  4.428065397372537E-002 -0.109048894643169     
  7.150391065876022E-002  4.653044971742247E-002 -9.972511669909533E-002
  7.211330182729102E-002  4.357202974849142E-002 -8.089199016085018E-002
  6.044999063958097E-002  3.797690868517653E-002 -5.549822388487193E-002
 -8.450618122909089E-003  6.367520918593962E-003 -1.699368317281291E-002
  0.000000000000000E+000  0.000000000000000E+000  0.000000000000000E+000
  0.000000000000000E+000  0.000000000000000E+000  0.000000000000000E+000
  0.000000000000000E+000  0.000000000000000E+000  0.000000000000000E+000
  0.000000000000000E+000  0.000000000000000E+000  0.000000000000000E+000
  1.233875402301404E-002 -8.893329769376542E-003 -1.417706859212661E-002
  1.096110804738210E-003  7.280690131677303E-002 -4.925739816133471E-002
 -3.259029396467897E-003  8.356084090642460E-002 -7.724184322122703E-002
 -5.989536888968137E-004  8.365158321614116E-002 -9.535792647574590E-002
  5.277983968694247E-003  6.131411058938889E-002 -0.101749840944811     
  1.108558737387515E-002  3.847263927225783E-002 -0.100440937398533     
  1.509424743968089E-002  2.615685816657872E-002 -9.860572422032961E-002
  2.783973593022658E-002  2.893764141556973E-002 -0.100566188727074     
  5.045634937431496E-002  3.527497611665607E-002 -0.101814759843946     
  7.262914351576959E-002  4.129649894912717E-002 -9.534338530178925E-002
  7.387972668864713E-002  3.894698621127559E-002 -7.719208720413313E-002
  6.242152313497785E-002  3.728954301354170E-002 -4.919487700342305E-002
 -1.382082474010336E-002  6.287884486526669E-003 -1.417888563350130E-002
  0.000000000000000E+000  0.000000000000000E+000  0.000000000000000E+000
  0.000000000000000E+000  0.000000000000000E+000  0.000000000000000E+000
  0.000000000000000E+000  0.000000000000000E+000  0.000000000000000E+000
  0.000000000000000E+000  0.000000000000000E+000  0.000000000000000E+000
  1.095007581205424E-002 -3.174791105989572E-003 -9.835032017516260E-003
  2.689887661742648E-003  5.876057750234955E-002 -4.239055620747514E-002
 -5.131581435051909E-003  7.462763921125255E-002 -6.877600423045643E-002
 -4.168251433592672E-003  7.001779453287911E-002 -8.505517706237864E-002
  5.945724921326126E-004  5.033430129311485E-002 -8.979789070637584E-002
  5.858386160066537E-003  2.947086961765933E-002 -8.731430315926610E-002
  1.074510731797568E-002  1.861863820725493E-002 -8.499194080759137E-002
  2.274739692260411E-002  1.995365165709529E-002 -8.754528873281379E-002
  4.334069116966445E-002  2.575142660708391E-002 -8.991921331219042E-002
  6.260494326049125E-002  3.141164372486128E-002 -8.504181770629195E-002
  6.708580495746513E-002  3.285522430839997E-002 -6.871633143617781E-002
  4.946874116718991E-002  3.166127591024179E-002 -4.233345859639934E-002
 -8.184527721838397E-003  7.916458734244989E-003 -9.818147982117723E-003
  0.000000000000000E+000  0.000000000000000E+000  0.000000000000000E+000
  0.000000000000000E+000  0.000000000000000E+000  0.000000000000000E+000
  0.000000000000000E+000  0.000000000000000E+000  0.000000000000000E+000
  0.000000000000000E+000  0.000000000000000E+000  0.000000000000000E+000
  1.005020405998850E-002 -5.284577328223798E-003 -8.433934037304339E-003
  4.792817721097548E-003  4.396536902431105E-002 -3.197826831359749E-002
 -4.836692195330216E-003  5.427131869786235E-002 -5.482846676786718E-002
 -5.163137875185157E-003  5.277949923285404E-002 -6.859761725909279E-002
 -2.860591284773937E-003  3.764993173440578E-002 -7.394100797917169E-002
  2.194301372466417E-003  2.284292337100747E-002 -7.302736544309654E-002
  7.854825224937084E-003  1.358759062353613E-002 -7.168291740683524E-002
  1.891133935052436E-002  1.348959874137264E-002 -7.339439488069546E-002
  3.410928289567317E-002  1.643143474634616E-002 -7.410926338781029E-002
  4.818844122917961E-002  2.194184871947027E-002 -6.860026887396448E-002
  4.933654747642418E-002  2.295924097475360E-002 -5.476497163994561E-002
  3.562116250990678E-002  2.604635090644339E-002 -3.193311690541687E-002
 -9.567868121616087E-003  6.124158135802419E-003 -8.401351908160166E-003
  0.000000000000000E+000  0.000000000000000E+000  0.000000000000000E+000
  0.000000000000000E+000  0.000000000000000E+000  0.000000000000000E+000
  0.000000000000000E+000  0.000000000000000E+000  0.000000000000000E+000
  0.000000000000000E+000  0.000000000000000E+000  0.000000000000000E+000
  6.877246831157285E-003 -4.144088358767012E-003 -5.462219253926109E-003
  4.616996846637982E-003  2.340893419700030E-002 -1.824615832633583E-002
 -1.788863300157455E-003  3.101534843719877E-002 -3.390174741512911E-002
 -4.315755310052510E-003  3.159215145467333E-002 -4.484774414173229E-002
 -4.211140730634598E-003  2.412131512789701E-002 -5.157172606316317E-002
 -7.284227086717752E-004  1.543057957738606E-002 -5.424087555815325E-002
  5.154650941564282E-003  8.880506493782466E-003 -5.492855713433038E-002
  1.394684671607635E-002  7.205211915024438E-003 -5.466264742754952E-002
  2.305211003268598E-002  8.478311490695658E-003 -5.174109682393955E-002
  2.943409813028290E-002  1.207217302657455E-002 -4.484523858894051E-002
  2.773361152972772E-002  1.399222788810787E-002 -3.389153140671934E-002
  1.791469792828251E-002  1.561977200134637E-002 -1.818529616379560E-002
 -7.012271424306563E-003  3.920811101296932E-003 -5.447829616696095E-003
  0.000000000000000E+000  0.000000000000000E+000  0.000000000000000E+000
  0.000000000000000E+000  0.000000000000000E+000  0.000000000000000E+000
  0.000000000000000E+000  0.000000000000000E+000  0.000000000000000E+000
  0.000000000000000E+000  0.000000000000000E+000  0.000000000000000E+000
  1.994255971614520E-003 -3.298491012550543E-003 -2.044884525826299E-003
  4.036961233952674E-003  5.431333872491320E-003 -5.569318562701988E-003
  2.122989362851984E-003  7.218170203706312E-003 -9.710744426590914E-003
  5.762890583591305E-004  1.029048973278819E-002 -1.543537141055317E-002
 -1.229825093695384E-003  8.672921003694904E-003 -1.965695335261922E-002
 -6.360296564376790E-004  6.481108188507288E-003 -2.399252563171424E-002
  2.036253215702190E-003  3.412517386320800E-003 -2.574847971849101E-002
  6.053673527168115E-003  2.771018639626697E-003 -2.428156136498189E-002
  8.119922060680372E-003  3.324419873309512E-003 -1.973989433481474E-002
  8.597155972248478E-003  5.634062962535558E-003 -1.542293572165207E-002
  5.191538271301085E-003  5.450054551573850E-003 -9.711791686876445E-003
  2.698252925330605E-003  6.185486144898837E-003 -5.560316851171050E-003
 -3.864119022548684E-003  8.086646345120867E-005 -2.028276769803810E-003
  0.000000000000000E+000  0.000000000000000E+000  0.000000000000000E+000
  0.000000000000000E+000  0.000000000000000E+000  0.000000000000000E+000
  0.000000000000000E+000  0.000000000000000E+000  0.000000000000000E+000
  0.000000000000000E+000  0.000000000000000E+000  0.000000000000000E+000
  0.000000000000000E+000  0.000000000000000E+000  0.000000000000000E+000
  0.000000000000000E+000  0.000000000000000E+000  0.000000000000000E+000
  0.000000000000000E+000  0.000000000000000E+000  0.000000000000000E+000
  0.000000000000000E+000  0.000000000000000E+000  0.000000000000000E+000
  0.000000000000000E+000  0.000000000000000E+000  0.000000000000000E+000
  0.000000000000000E+000  0.000000000000000E+000  0.000000000000000E+000
  0.000000000000000E+000  0.000000000000000E+000  0.000000000000000E+000
  0.000000000000000E+000  0.000000000000000E+000  0.000000000000000E+000
  0.000000000000000E+000  0.000000000000000E+000  0.000000000000000E+000
  0.000000000000000E+000  0.000000000000000E+000  0.000000000000000E+000
  0.000000000000000E+000  0.000000000000000E+000  0.000000000000000E+000
  0.000000000000000E+000  0.000000000000000E+000  0.000000000000000E+000
  0.000000000000000E+000  0.000000000000000E+000  0.000000000000000E+000
  0.000000000000000E+000  0.000000000000000E+000  0.000000000000000E+000
  0.000000000000000E+000  0.000000000000000E+000  0.000000000000000E+000
  0.000000000000000E+000  0.000000000000000E+000  0.000000000000000E+000
  0.000000000000000E+000  0.000000000000000E+000  0.000000000000000E+000
  0.000000000000000E+000  0.000000000000000E+000  0.000000000000000E+000
  0.000000000000000E+000  0.000000000000000E+000  0.000000000000000E+000
  0.000000000000000E+000  0.000000000000000E+000  0.000000000000000E+000
  0.000000000000000E+000  0.000000000000000E+000  0.000000000000000E+000
  0.000000000000000E+000  0.000000000000000E+000  0.000000000000000E+000
  0.000000000000000E+000  0.000000000000000E+000  0.000000000000000E+000
  0.000000000000000E+000  0.000000000000000E+000  0.000000000000000E+000
  0.000000000000000E+000  0.000000000000000E+000  0.000000000000000E+000
  0.000000000000000E+000  0.000000000000000E+000  0.000000000000000E+000
  0.000000000000000E+000  0.000000000000000E+000  0.000000000000000E+000
  0.000000000000000E+000  0.000000000000000E+000  0.000000000000000E+000
  0.000000000000000E+000  0.000000000000000E+000  0.000000000000000E+000
  0.000000000000000E+000  0.000000000000000E+000  0.000000000000000E+000
  0.000000000000000E+000  0.000000000000000E+000  0.000000000000000E+000
  0.000000000000000E+000  0.000000000000000E+000  0.000000000000000E+000
  0.000000000000000E+000  0.000000000000000E+000  0.000000000000000E+000
  0.000000000000000E+000  0.000000000000000E+000  0.000000000000000E+000
 -0.856135708016048      -1.935624176105273E-002   1.13822406124477     
  -1.19989814133869      -4.590352291084855E-002   2.06123382482011     
  -1.60993306281747       7.735589588374227E-002   3.24757086421822     
  -1.61259250640570      -0.322524833086443        4.11853813095246     
  -1.76377213048900       0.913045712489709        4.79511385120454     
  -1.27506253486242       -1.07821079550126        5.43186036481503     
  -2.35799391501402       -4.08854589044840        5.91746916565482     
 -0.299228471968349       -1.64920850270571        5.42671706504426     
   1.66351628773780       -1.07564542509496        4.78739130381693     
  0.518393178443343       -1.56000799838949        4.11472086164949     
  0.867107496197523       -1.35587423292208        3.24679923414860     
  0.560417473368733       -1.05948861198387        2.06043731619567     
  0.416051996016753      -0.747319486526235        1.13713277841003     
  0.000000000000000E+000  0.000000000000000E+000  0.000000000000000E+000
  0.000000000000000E+000  0.000000000000000E+000  0.000000000000000E+000
  0.000000000000000E+000  0.000000000000000E+000  0.000000000000000E+000
  0.000000000000000E+000  0.000000000000000E+000  0.000000000000000E+000
 -0.683786700138760      -2.102396052193734E-002  0.943247855083867     
  -1.05578820836044      -5.329001748685006E-002   1.95621540253202     
  -1.30663056455303       4.812800033693228E-002   3.05966003588468     
  -1.41492415097525      -0.203195493508704        4.04515680370346     
  -1.46822521072396       0.516886749136268        4.76746562534485     
  -1.16076599346283       -1.17018403006564        5.40464383107367     
  -2.01849737453698       -3.49725525434532        6.00936461858591     
 -0.433735359520101       -1.59271010151356        5.39864130357763     
   1.17518084272516       -1.01736896824452        4.75943328936473     
  0.524877934930890       -1.32925495062267        4.04163025395237     
  0.691567277348187       -1.10719711828070        3.05894778410603     
  0.481427962029300      -0.938440998574253        1.95512785643409     
  0.327135655929572      -0.599369665105861       0.942442710439801     
  0.000000000000000E+000  0.000000000000000E+000  0.000000000000000E+000
  0.000000000000000E+000  0.000000000000000E+000  0.000000000000000E+000
  0.000000000000000E+000  0.000000000000000E+000  0.000000000000000E+000
  0.000000000000000E+000  0.000000000000000E+000  0.000000000000000E+000
 -0.484930982214030      -1.524778608298639E-002  0.671692811830524     
 -0.722030261621505      -8.420932518532824E-002   1.65782467824619     
 -0.933471922488074       9.116510725987514E-004   2.75593235615984     
  -1.04315695466804      -0.308445097070688        3.76979399190212     
  -1.11105712345941       0.460829046326297        4.70841304818487     
 -0.992110539649012       -1.62272564694671        5.32278562290488     
  -1.81855129712534       -3.14693695012353        6.15273246362208     
 -0.902086357794541       -1.66285977882546        5.31600090769810     
  0.948878592012703      -0.735990396259600        4.70180994286362     
  0.252357311932510       -1.05838297771804        3.76648715895261     
  0.466858236964419      -0.806688554739347        2.75533838054931     
  0.286315331781350      -0.665661865653945        1.65614027465204     
  0.230641923113645      -0.425176088942383       0.671491019128091     
  0.000000000000000E+000  0.000000000000000E+000  0.000000000000000E+000
  0.000000000000000E+000  0.000000000000000E+000  0.000000000000000E+000
  0.000000000000000E+000  0.000000000000000E+000  0.000000000000000E+000
  0.000000000000000E+000  0.000000000000000E+000  0.000000000000000E+000
 -0.324526282179116      -3.117962421325964E-002  0.440869406652318     
 -0.391388142644050       0.119036656126134        1.22818928835195     
 -0.522289398739873       0.100066447701896        2.27453159894913     
 -0.647866515467940       0.346101921413878        3.36117690210949     
 -0.605405254436212      -0.247565034303248        4.40505062159515     
 -0.824685723498876       -1.71503138835705        5.34904581385165     
 -0.990621896547988       -1.71233074217973        5.77963893401083     
  -1.06975362260238       -1.56697589662535        5.34395051333692     
  9.352276950910206E-002 -0.646840705833524        4.40148153092035     
  0.625601318829687      -0.388927341816725        3.35889365335270     
  0.348571409233006      -0.402623591759051        2.27324378864534     
  0.293405544869975      -0.280288951802634        1.22669563619004     
  0.135141435534405      -0.294932447972064       0.441668639118218     
  0.000000000000000E+000  0.000000000000000E+000  0.000000000000000E+000
  0.000000000000000E+000  0.000000000000000E+000  0.000000000000000E+000
  0.000000000000000E+000  0.000000000000000E+000  0.000000000000000E+000
  0.000000000000000E+000  0.000000000000000E+000  0.000000000000000E+000
 -0.143868081386600       5.787751685996365E-002  0.243031137786749     
 -0.276546691993565       0.471676277367568       0.837940372817777     
 -0.329874514352416        1.04689077538442        1.71811142151841     
 -0.279049738787635        1.25330826629238        2.64973066915376     
 -0.152725252174496      -0.431738305622708        4.07654470895516     
 -0.377963601483689       -1.15092016400275        5.06554216103910     
 -0.332410301787588      -0.571300716458307        5.03984618496707     
 -0.811965416599269      -0.905328244223014        5.06873911450721     
 -0.295268028601119      -0.348619734819606        4.07563304942140     
   1.21697225161074       0.378957744292965        2.65024273900297     
   1.06239210744873       0.232046934593395        1.71728746869880     
  0.541022362552990      -4.754805351321197E-003  0.836921843309935     
  0.121514792889524      -9.486243003648945E-002  0.244145105712534     
  0.000000000000000E+000  0.000000000000000E+000  0.000000000000000E+000
  0.000000000000000E+000  0.000000000000000E+000  0.000000000000000E+000
  0.000000000000000E+000  0.000000000000000E+000  0.000000000000000E+000
  0.000000000000000E+000  0.000000000000000E+000  0.000000000000000E+000
 -3.714863647276792E-002  6.110614028928123E-002  0.154487136391642     
 -0.254480698326983       0.944634188971378       0.460550252996546     
 -0.237209112693396        1.57027130880362        1.03550537608479     
  5.302760580837178E-002  0.959179143644073        2.08508448422511     
  0.273166268399707      -0.417928613311929        3.62257125494990     
  3.615000433531113E-002 -0.729342522122354        4.45297418761400     
 -9.760811733142608E-002 -0.162572980962384        4.23425179219443     
 -0.654251112872620      -0.331902040218166        4.45891213537458     
 -0.502246421548187       2.648942836284928E-002   3.62527739732817     
  0.793776311853035       0.521156699731160        2.08761562982847     
   1.47112726867603       0.576110485187287        1.03455315905269     
  0.942992351197829       0.251122838603487       0.458502257673692     
  7.098566826694039E-002 -4.458553494686919E-004  0.156169925287953     
  0.000000000000000E+000  0.000000000000000E+000  0.000000000000000E+000
  0.000000000000000E+000  0.000000000000000E+000  0.000000000000000E+000
  0.000000000000000E+000  0.000000000000000E+000  0.000000000000000E+000
  0.000000000000000E+000  0.000000000000000E+000  0.000000000000000E+000
  5.471357578579825E-002 -5.191818594610920E-002  0.112938893534659     
 -0.234639702677531        1.21464348172856       0.141074415729266     
 -9.502183932077658E-002   1.16612464896418       0.647331106754680     
  0.410253633038110       5.133232078535596E-003   2.09056568068421     
  0.524434396366306      -0.235907120211214        2.95843125266467     
  0.335895339223497      -0.327637187367199        3.45900274720071     
 -0.262541803077385      -0.450083317048678        3.88094331909910     
 -0.461745550950461       0.123469878966395        3.47310380043259     
 -0.482397013882575       0.329668648450937        2.97341167307112     
 -0.200656840575362       0.357256984050889        2.08755552553550     
   1.06941582842471       0.503101288272285       0.637866037484281     
   1.17400354102635       0.404722430334384       0.137977133374681     
 -7.368630448939792E-002  2.293837300778305E-002  0.113615292602089     
  0.000000000000000E+000  0.000000000000000E+000  0.000000000000000E+000
  0.000000000000000E+000  0.000000000000000E+000  0.000000000000000E+000
  0.000000000000000E+000  0.000000000000000E+000  0.000000000000000E+000
  0.000000000000000E+000  0.000000000000000E+000  0.000000000000000E+000
  5.288046565041626E-002 -2.790684013186578E-002  0.100490544905156     
 -0.108059692521668       0.972472308306430      -2.947980667004947E-002
  0.185479426592728       0.167283002679065       0.727957442987138     
  0.759361163045469      -0.805360489542021        2.28206875387863     
  0.573128738654239       4.291959045515599E-002   2.14336951555331     
  0.394047862925998       0.336234385172673        1.84310138665127     
  0.106922397830513       0.185849725195257        2.24657871113387     
  8.401691532750066E-002  0.501907603349783        1.86566072220598     
 -0.268782515310611       0.510079067416981        2.16870136009143     
  -1.07815764482058       0.250824288683446        2.28157479324452     
  7.069853966068566E-002  0.247014232365450       0.714586618534458     
  0.904433371678287       0.394536356186398      -3.603912112615637E-002
 -5.085227017089643E-002  3.356637586485012E-002  0.104683722595786     
  0.000000000000000E+000  0.000000000000000E+000  0.000000000000000E+000
  0.000000000000000E+000  0.000000000000000E+000  0.000000000000000E+000
  0.000000000000000E+000  0.000000000000000E+000  0.000000000000000E+000
  0.000000000000000E+000  0.000000000000000E+000  0.000000000000000E+000
  4.050321449231641E-002  4.990610305714753E-003  8.062672836427115E-002
  3.073272780674215E-003  0.466217030366322      -3.754846378432372E-002
  0.284051139502407      -0.388550719622682       0.818836481524433     
  0.568135083922444      -0.387198851536246        1.45683514261295     
  0.275728471528002       0.573221940103204       0.576596892298692     
  0.202756852674802       0.639619023716459       0.285793904225899     
  0.276083676008684       0.477549655775075       0.212211624746376     
  0.459283283492108       0.497701567330238       0.269223611322250     
  0.353721768092520       0.522675786733555       0.582761433495536     
 -0.625160193443881       0.294383164689006        1.46417719649074     
 -0.473186361970564       5.131674091779937E-002  0.813312239857128     
  0.408140450134090       0.238353597252637      -4.216072423340339E-002
 -1.718727059663805E-002  3.824604236180015E-002  8.222159720668615E-002
  0.000000000000000E+000  0.000000000000000E+000  0.000000000000000E+000
  0.000000000000000E+000  0.000000000000000E+000  0.000000000000000E+000
  0.000000000000000E+000  0.000000000000000E+000  0.000000000000000E+000
  0.000000000000000E+000  0.000000000000000E+000  0.000000000000000E+000
  3.642995784649432E-003  1.346723083432868E-002  3.252088379146381E-002
  5.345887122948430E-002  8.514673195272589E-002  4.430049330895056E-002
  8.916459409639846E-002 -0.117096559290614       0.325573643651067     
  0.140183319899810       0.232090104382941       9.198672736344443E-002
 -2.665695490724070E-002  0.541653875563796      -0.531199355049831     
  9.711928509342377E-002  0.341829229119018       6.103303361476342E-002
  0.121068280890859       0.215003566017114       0.628911711295443     
  0.262574838139124       0.255902776343478       2.441525556763361E-003
  0.484663669558332       0.248831014170072      -0.546990840495645     
  0.127324316717091       0.237097542378415       9.473905620439545E-002
 -0.147546747489274       1.782140774716780E-002  0.327130961655393     
  4.777209863087238E-002  8.982051242472082E-002  4.271646707850413E-002
  9.639586739025539E-003  9.884443112520371E-003  3.300221724076439E-002
  0.000000000000000E+000  0.000000000000000E+000  0.000000000000000E+000
  0.000000000000000E+000  0.000000000000000E+000  0.000000000000000E+000
  0.000000000000000E+000  0.000000000000000E+000  0.000000000000000E+000
  0.000000000000000E+000  0.000000000000000E+000  0.000000000000000E+000
  0.000000000000000E+000  0.000000000000000E+000  0.000000000000000E+000
  0.000000000000000E+000  0.000000000000000E+000  0.000000000000000E+000
  0.000000000000000E+000  0.000000000000000E+000  0.000000000000000E+000
  0.000000000000000E+000  0.000000000000000E+000  0.000000000000000E+000
  0.000000000000000E+000  0.000000000000000E+000  0.000000000000000E+000
  0.000000000000000E+000  0.000000000000000E+000  0.000000000000000E+000
  0.000000000000000E+000  0.000000000000000E+000  0.000000000000000E+000
  0.000000000000000E+000  0.000000000000000E+000  0.000000000000000E+000
  0.000000000000000E+000  0.000000000000000E+000  0.000000000000000E+000
  0.000000000000000E+000  0.000000000000000E+000  0.000000000000000E+000
  0.000000000000000E+000  0.000000000000000E+000  0.000000000000000E+000
  0.000000000000000E+000  0.000000000000000E+000  0.000000000000000E+000
  0.000000000000000E+000  0.000000000000000E+000  0.000000000000000E+000
  0.000000000000000E+000  0.000000000000000E+000  0.000000000000000E+000
  0.000000000000000E+000  0.000000000000000E+000  0.000000000000000E+000
  0.000000000000000E+000  0.000000000000000E+000  0.000000000000000E+000
  0.000000000000000E+000  0.000000000000000E+000  0.000000000000000E+000
  0.000000000000000E+000  0.000000000000000E+000  0.000000000000000E+000
  0.000000000000000E+000  0.000000000000000E+000  0.000000000000000E+000
  0.000000000000000E+000  0.000000000000000E+000  0.000000000000000E+000
  0.000000000000000E+000  0.000000000000000E+000  0.000000000000000E+000
  0.000000000000000E+000  0.000000000000000E+000  0.000000000000000E+000
  0.000000000000000E+000  0.000000000000000E+000  0.000000000000000E+000
  0.000000000000000E+000  0.000000000000000E+000  0.000000000000000E+000
  0.000000000000000E+000  0.000000000000000E+000  0.000000000000000E+000
  0.000000000000000E+000  0.000000000000000E+000  0.000000000000000E+000
  0.000000000000000E+000  0.000000000000000E+000  0.000000000000000E+000
  0.000000000000000E+000  0.000000000000000E+000  0.000000000000000E+000
  0.000000000000000E+000  0.000000000000000E+000  0.000000000000000E+000
  0.000000000000000E+000  0.000000000000000E+000  0.000000000000000E+000
  0.000000000000000E+000  0.000000000000000E+000  0.000000000000000E+000
  0.000000000000000E+000  0.000000000000000E+000  0.000000000000000E+000
  0.000000000000000E+000  0.000000000000000E+000  0.000000000000000E+000
  0.000000000000000E+000  0.000000000000000E+000  0.000000000000000E+000
  -941.264416197493       -301.997388319485       -1306.69979684969     
  -2678.12242384135       -101.945738763514       -811.341473254766     
  -3452.45378282246        296.300124411336       -761.957738201661     
  -3723.10329599570        2112.85794492525       -572.773479531092     
  -2722.00862478634       -2457.85131824436        249.698448971176     
  -991.125269715421        2047.42603065187        961.058768636075     
   4982.15209797640        8614.19871204629       -1832.07722618322     
   2446.23786075047        318.728948239462        864.516658531542     
  -787.275199327617       -3480.90857301504        153.708102644773     
   3742.31845103937       -1988.82488160130       -571.298847911716     
   2161.27153762547       -2628.67354026722       -702.925927273237     
   1371.86268665593       -2259.44509711539       -788.544553854640     
  -119.779308879718       -1097.14854867555       -1289.66431289526     
  0.000000000000000E+000  0.000000000000000E+000  0.000000000000000E+000
  0.000000000000000E+000  0.000000000000000E+000  0.000000000000000E+000
  0.000000000000000E+000  0.000000000000000E+000  0.000000000000000E+000
  0.000000000000000E+000  0.000000000000000E+000  0.000000000000000E+000
  -1085.87926258862       -273.494159710268       -1287.89448888921     
  -2493.38892448844        33.9518755284872       -1017.09953346033     
  -3554.24342412734        227.820119664567       -824.444989089665     
  -3555.09931945798        913.210321200152       -601.935599378926     
  -2337.63314938404       -840.147983087755        370.176327743217     
  -938.075472616224        992.449899107992        1643.54914045306     
   2453.71500466360        4255.15747763497       -1174.08040399530     
   1465.10179616915       -164.346097509367        1535.79994196992     
   418.418765624665       -2368.83570286503        265.225200087374     
   2590.70935978246       -2493.43227567047       -589.213119411949     
   2078.79455915396       -2795.69367006699       -760.229214245674     
   1329.92701770372       -2058.23913052045       -994.667734821447     
   25.6923433769837       -1186.58986554806       -1276.04712959857     
  0.000000000000000E+000  0.000000000000000E+000  0.000000000000000E+000
  0.000000000000000E+000  0.000000000000000E+000  0.000000000000000E+000
  0.000000000000000E+000  0.000000000000000E+000  0.000000000000000E+000
  0.000000000000000E+000  0.000000000000000E+000  0.000000000000000E+000
  -1084.40070636735       -265.895594669468       -1295.14481297274     
  -2461.28978231337        370.494240989066       -1293.66517154293     
  -3234.87833942157        332.913231805734       -996.554425431642     
  -2705.69062293087        385.988478933324       -406.959107122437     
  -2211.73144610620       -2145.95593746225        398.089660635047     
  -1578.70797885230        159.517793084034        2525.31991704753     
  -2858.41224817975       -4875.31831738879        479.440533657570     
   1137.59514586143       -1036.65078519220        2374.52341773810     
  -874.230353106552       -3005.61064991109        328.570958842813     
   1631.50138613863       -2105.25095938619       -392.034765008882     
   1838.14055258142       -2589.77838851476       -930.050372929702     
   1525.50680319320       -1891.14787853215       -1271.11913640576     
   106.627011394792       -1145.47481393120       -1290.33056686208     
  0.000000000000000E+000  0.000000000000000E+000  0.000000000000000E+000
  0.000000000000000E+000  0.000000000000000E+000  0.000000000000000E+000
  0.000000000000000E+000  0.000000000000000E+000  0.000000000000000E+000
  0.000000000000000E+000  0.000000000000000E+000  0.000000000000000E+000
  -974.975435622454       -366.110755461156       -1249.25124523395     
  -2330.16361126887        776.346178829953       -1732.51844041360     
  -2702.52329777309       -43.9685216239093       -986.180542782639     
  -2102.82888496378       -3360.76861481729       -553.186568703734     
  -2137.13131008544        9137.82478859531       -11.0582532491056     
   335.727383418480        8928.07506140699        33.1223091985684     
  -1992.72937812410       -3329.95111381636        4008.94461990404     
   7387.83577551138        4728.75468361658       -2.51501951918244     
   9007.49015861824        2767.84533628958       -44.8475101151969     
  -1925.77789105350       -3516.18521005233       -514.941462088567     
   1286.77615689648       -2319.69044978689       -934.987254055480     
   1879.27080022014       -1540.34662945945       -1719.82601563692     
   59.2578869214788       -1060.27735577014       -1264.23190894527     
  0.000000000000000E+000  0.000000000000000E+000  0.000000000000000E+000
  0.000000000000000E+000  0.000000000000000E+000  0.000000000000000E+000
  0.000000000000000E+000  0.000000000000000E+000  0.000000000000000E+000
  0.000000000000000E+000  0.000000000000000E+000  0.000000000000000E+000
  -578.977984813734       -165.521106499145       -1295.60302873870     
  -2022.55017280191        892.386155170480       -2059.64959775436     
  -1571.47676416033       -4281.77979588036       -771.932345265886     
  -2652.55107387873       -4726.80248518852        696.488124634518     
  -2015.11284498863        12114.1546396432       -2110.30043619294     
   472.298386904688        6092.17875599818        736.626286210090     
   1359.43946222219        2540.87624018055        4235.23185151428     
   4947.59799972856        3553.96851601290        761.493767977557     
   11480.2104004714        4389.17120706846       -2113.68726365166     
  -2791.61252977841       -4636.66814483521        725.232882500125     
  -2816.67863033324       -3419.48231865441       -768.732102643837     
   1942.86802255095       -1183.24494497205       -2078.62780962274     
   104.563816514799       -578.223763388334       -1323.79955688795     
  0.000000000000000E+000  0.000000000000000E+000  0.000000000000000E+000
  0.000000000000000E+000  0.000000000000000E+000  0.000000000000000E+000
  0.000000000000000E+000  0.000000000000000E+000  0.000000000000000E+000
  0.000000000000000E+000  0.000000000000000E+000  0.000000000000000E+000
  -557.603863831829       -23.9765713249617       -1163.44972036035     
  -1524.08579923176        562.873753434147       -2273.54192496914     
  -1719.82553655539       -2830.01320671236       -1033.11713671746     
  -3456.31029064102        5914.69314128775       -2879.00183296724     
  -479.962298018654        7085.85244719589       -958.769532149044     
   841.117413896461        1985.79253552473        4544.69174696688     
   2164.01482652693        3896.08942420515        2508.23590498965     
   1427.79818632194        1999.85453041033        4429.09315333867     
   6368.57038181214        3229.45147549417       -936.736469489673     
   6794.16553485423        12.0198499215670       -2842.34008440983     
  -1448.17782917712       -2812.92282318607       -1079.06184937457     
   1430.57175401520       -927.407328375193       -2313.12530070889     
   243.879539103242       -456.204215365676       -1189.61920634786     
  0.000000000000000E+000  0.000000000000000E+000  0.000000000000000E+000
  0.000000000000000E+000  0.000000000000000E+000  0.000000000000000E+000
  0.000000000000000E+000  0.000000000000000E+000  0.000000000000000E+000
  0.000000000000000E+000  0.000000000000000E+000  0.000000000000000E+000
  -184.115875786375       -460.828029305145       -889.686525594691     
  -1659.37958075281        1542.10607230879       -2472.65763291895     
  -2241.63856265243        484.423329223601       -2532.76758999004     
  -4463.41163542915        13752.7213805860       -9037.14556248780     
   414.278850795523        12761.6169487531       -4201.71667602487     
   1478.06815493800        3794.54042578510        2215.64671655947     
   2269.62213899345        3921.67846139329        1084.96890432090     
   2653.71045338353        3309.88178506708        2227.28031487498     
   10807.7803498803        6780.61162412510       -4099.72263117358     
   14192.5357404814        3085.04131766556       -9050.80503833556     
   1735.29237129818       -1607.64328656318       -2612.57777098245     
   2313.84946830885       -569.841121465514       -2517.49657680803     
  -322.763827937760       -350.329611400423       -905.067215200087     
  0.000000000000000E+000  0.000000000000000E+000  0.000000000000000E+000
  0.000000000000000E+000  0.000000000000000E+000  0.000000000000000E+000
  0.000000000000000E+000  0.000000000000000E+000  0.000000000000000E+000
  0.000000000000000E+000  0.000000000000000E+000  0.000000000000000E+000
  -94.3586995438885       -202.545546748057       -417.187837245791     
  -1547.31391940971        1684.19636079248       -2640.80693971777     
  -170.627642912022       -4053.97717869639        403.633129940151     
  -3527.38317925215        10989.6721543285       -7968.00461322617     
  -560.851841695581        16523.4829491631       -10355.8043419335     
   516.442950753783       -2776.43011541387        11176.4080021280     
   1017.21223605172        1703.69010532699        2212.19434978288     
  -2423.05441434630       -810.442950799727        11056.8167277204     
   14681.6126418507        7814.93509016605       -10320.5737429825     
   11354.6271634293        2466.82243364917       -7998.52964878799     
  -3296.59687672343       -2135.62345976395        356.109498242198     
   2363.15348734176       -418.981724084784       -2675.91224323987     
  -163.990043827676       -151.760742987419       -436.339650442777     
  0.000000000000000E+000  0.000000000000000E+000  0.000000000000000E+000
  0.000000000000000E+000  0.000000000000000E+000  0.000000000000000E+000
  0.000000000000000E+000  0.000000000000000E+000  0.000000000000000E+000
  0.000000000000000E+000  0.000000000000000E+000  0.000000000000000E+000
  -124.255693068441        41.4969303685430       -263.625015794576     
  -935.155667582188        28.1822847368223       -1551.25406560559     
   2173.45442103769       -8074.15671834028        5043.99837282467     
  -1394.62076974241        7551.16479534949       -5809.61833903438     
   231.240974116304        6311.86152913206       -2969.63165724327     
   116.963440449389       -2123.14571781568        17565.5653547943     
   994.263682660459        1544.38896942732       -4619.08203364468     
  -1896.90162620296       -947.949819720714        17815.6260936068     
   5565.61042086839        3437.08446788926       -3200.83616008934     
   7248.53017902451        2561.15323108464       -5776.94980805181     
  -8125.16301564229       -2169.81665368486        5120.55472315223     
   568.526422025800       -752.908356872705       -1580.55635417600     
   71.7517292986058       -65.5249669917397       -260.789513677305     
  0.000000000000000E+000  0.000000000000000E+000  0.000000000000000E+000
  0.000000000000000E+000  0.000000000000000E+000  0.000000000000000E+000
  0.000000000000000E+000  0.000000000000000E+000  0.000000000000000E+000
  0.000000000000000E+000  0.000000000000000E+000  0.000000000000000E+000
  -128.380472426613        141.256071390172       -265.358483075786     
  -456.505229351172       -689.009960004439       -593.323759026732     
   882.256700734868       -3432.74378023822        2028.89146606757     
   72.0363919852374        4073.27830394248       -5125.62408576413     
   283.286175991762        531.581573361350        3769.83623382439     
  -209.993365865323        2074.83453348522        7158.63404448959     
   377.141914200317        541.555175446328       -6837.77044471418     
   1861.72576595465        846.178738386548        7586.68302102839     
   434.985121435132        534.729566446375        3600.51166427646     
   3499.38165378739        2134.47497265236       -5181.66968764642     
  -3459.96016629798       -978.096792548600        2111.46000566753     
  -351.644116401145       -726.422495117710       -597.159576536407     
   177.319013891476       -36.1914115601407       -257.433190819720     
  0.000000000000000E+000  0.000000000000000E+000  0.000000000000000E+000
  0.000000000000000E+000  0.000000000000000E+000  0.000000000000000E+000
  0.000000000000000E+000  0.000000000000000E+000  0.000000000000000E+000
  0.000000000000000E+000  0.000000000000000E+000  0.000000000000000E+000
  0.000000000000000E+000  0.000000000000000E+000  0.000000000000000E+000
  0.000000000000000E+000  0.000000000000000E+000  0.000000000000000E+000
  0.000000000000000E+000  0.000000000000000E+000  0.000000000000000E+000
  0.000000000000000E+000  0.000000000000000E+000  0.000000000000000E+000
  0.000000000000000E+000  0.000000000000000E+000  0.000000000000000E+000
  0.000000000000000E+000  0.000000000000000E+000  0.000000000000000E+000
  0.000000000000000E+000  0.000000000000000E+000  0.000000000000000E+000
  0.000000000000000E+000  0.000000000000000E+000  0.000000000000000E+000
  0.000000000000000E+000  0.000000000000000E+000  0.000000000000000E+000
  0.000000000000000E+000  0.000000000000000E+000  0.000000000000000E+000
  0.000000000000000E+000  0.000000000000000E+000  0.000000000000000E+000
  0.000000000000000E+000  0.000000000000000E+000  0.000000000000000E+000
  0.000000000000000E+000  0.000000000000000E+000  0.000000000000000E+000
  0.000000000000000E+000  0.000000000000000E+000  0.000000000000000E+000
  0.000000000000000E+000  0.000000000000000E+000  0.000000000000000E+000
  0.000000000000000E+000  0.000000000000000E+000  0.000000000000000E+000
  0.000000000000000E+000  0.000000000000000E+000  0.000000000000000E+000
  0.000000000000000E+000  0.000000000000000E+000  0.000000000000000E+000
  0.000000000000000E+000  0.000000000000000E+000  0.000000000000000E+000
  0.000000000000000E+000  0.000000000000000E+000  0.000000000000000E+000
  0.000000000000000E+000  0.000000000000000E+000  0.000000000000000E+000
  0.000000000000000E+000  0.000000000000000E+000  0.000000000000000E+000
  0.000000000000000E+000  0.000000000000000E+000  0.000000000000000E+000
  0.000000000000000E+000  0.000000000000000E+000  0.000000000000000E+000
  0.000000000000000E+000  0.000000000000000E+000  0.000000000000000E+000
  0.000000000000000E+000  0.000000000000000E+000  0.000000000000000E+000
  0.000000000000000E+000  0.000000000000000E+000  0.000000000000000E+000
  0.000000000000000E+000  0.000000000000000E+000  0.000000000000000E+000
  0.000000000000000E+000  0.000000000000000E+000  0.000000000000000E+000
  0.000000000000000E+000  0.000000000000000E+000  0.000000000000000E+000
  0.000000000000000E+000  0.000000000000000E+000  0.000000000000000E+000
  0.000000000000000E+000  0.000000000000000E+000  0.000000000000000E+000
