         140  1.399999999999997E-002  1.399999999999997E-002
  0.000000000000000E+000  0.000000000000000E+000  0.000000000000000E+000
  0.000000000000000E+000  0.000000000000000E+000  0.000000000000000E+000
  2.377125425068651E-002  2.972215428250064E-002 -4.815478559926016E-002
  2.158269443073898E-002  2.366483755933573E-002 -6.517887622962827E-002
  2.336958592942943E-002  1.811586395606748E-002 -9.080653531783936E-002
  2.158313963443862E-002  2.084216046148659E-002 -0.101948789831115     
  2.153133936516812E-002  2.424416996116458E-002 -0.111384823537801     
  2.432468917923108E-002  4.830948850720333E-002 -0.117397147934638     
  3.264679599592948E-002  5.657284908099633E-002 -0.122808906001639     
  2.965668883467807E-002  4.523295164276417E-002 -0.117401036247595     
  1.023369339863818E-002  3.079667563953948E-002 -0.111394222195353     
  7.256006534675659E-003  2.913737484627616E-002 -0.101955087520565     
  3.993675815620178E-003  2.931169346813236E-002 -9.082746576829337E-002
  9.681038503860538E-003  3.052907078800410E-002 -6.518127088747082E-002
  1.388782755361197E-002  3.549112808691256E-002 -4.816721518029961E-002
  0.000000000000000E+000  0.000000000000000E+000  0.000000000000000E+000
  0.000000000000000E+000  0.000000000000000E+000  0.000000000000000E+000
  0.000000000000000E+000  0.000000000000000E+000  0.000000000000000E+000
  0.000000000000000E+000  0.000000000000000E+000  0.000000000000000E+000
  1.938052292561407E-002  2.692152159427170E-002 -4.223802455753711E-002
  1.867274175292873E-002  3.035069897172843E-002 -6.549107058487379E-002
  1.888111176562873E-002  2.593660838866703E-002 -8.752897315708529E-002
  1.904756962145536E-002  2.718068392035610E-002 -0.102129956242335     
  1.945126048211167E-002  2.994025070314538E-002 -0.110010708420657     
  2.314545361610733E-002  4.879811143820750E-002 -0.117303591263568     
  3.022546462665852E-002  5.237979646905335E-002 -0.121800956834923     
  3.066650076241619E-002  4.445403314239876E-002 -0.117310002955347     
  1.618996065650167E-002  3.183558222007636E-002 -0.110020077127987     
  1.400323829366470E-002  3.010323733095580E-002 -0.102136097143017     
  1.299913309359675E-002  2.932986523938609E-002 -8.754327382872741E-002
  1.692885960388244E-002  3.134798385728359E-002 -6.548697042806581E-002
  1.365205380262886E-002  3.028086977656518E-002 -4.224254602539107E-002
  0.000000000000000E+000  0.000000000000000E+000  0.000000000000000E+000
  0.000000000000000E+000  0.000000000000000E+000  0.000000000000000E+000
  0.000000000000000E+000  0.000000000000000E+000  0.000000000000000E+000
  0.000000000000000E+000  0.000000000000000E+000  0.000000000000000E+000
  1.330331911205378E-002  2.086246208377847E-002 -3.287010031553116E-002
  1.263483898208011E-002  4.376921565564192E-002 -6.338392938084167E-002
  1.221913199486545E-002  4.169601412657861E-002 -8.407859148810864E-002
  1.389468110821185E-002  3.894610222976216E-002 -9.976347941298806E-002
  1.580994826613817E-002  4.019921105381132E-002 -0.108368893541294     
  2.097554864943035E-002  5.018994209649968E-002 -0.115945030816652     
  2.695007205992637E-002  4.670320284364405E-002 -0.119766436225461     
  3.294258559468405E-002  4.326389632263276E-002 -0.115954577032090     
  2.686169586891508E-002  3.379211609984859E-002 -0.108380430620706     
  2.674980241596236E-002  3.151444903349700E-002 -9.976491656912297E-002
  2.996128402281273E-002  3.142438062388755E-002 -8.408142681208332E-002
  3.156313049008216E-002  3.282611075963388E-002 -6.336351710252441E-002
  1.143570552747523E-002  2.197099918855120E-002 -3.286052802269978E-002
  0.000000000000000E+000  0.000000000000000E+000  0.000000000000000E+000
  0.000000000000000E+000  0.000000000000000E+000  0.000000000000000E+000
  0.000000000000000E+000  0.000000000000000E+000  0.000000000000000E+000
  0.000000000000000E+000  0.000000000000000E+000  0.000000000000000E+000
  1.443004606571209E-002  9.699898729638234E-003 -2.458160111743258E-002
  1.894522581367297E-003  5.773797143416759E-002 -5.776191703143169E-002
  5.954166256077485E-003  6.951596853673332E-002 -8.136948042003338E-002
  5.621956283911884E-003  6.707686499576622E-002 -9.850601297795043E-002
  1.177610534194688E-002  6.093935730516888E-002 -0.107826653139622     
  1.692835053817324E-002  4.570714182830474E-002 -0.112628588700270     
  2.134567033451499E-002  3.698624439283821E-002 -0.113210688179363     
  3.108637611402241E-002  3.752745344313665E-002 -0.112652538738316     
  4.681145728165325E-002  4.065841413510697E-002 -0.107837130172819     
  5.522094368524566E-002  3.839815038994704E-002 -9.850111596759398E-002
  5.716483976942452E-002  3.990900929346768E-002 -8.135164035135117E-002
  4.901067963476134E-002  3.047754186812836E-002 -5.771336630335262E-002
  1.183046737108735E-003  1.736942358189253E-002 -2.456064798484672E-002
  0.000000000000000E+000  0.000000000000000E+000  0.000000000000000E+000
  0.000000000000000E+000  0.000000000000000E+000  0.000000000000000E+000
  0.000000000000000E+000  0.000000000000000E+000  0.000000000000000E+000
  0.000000000000000E+000  0.000000000000000E+000  0.000000000000000E+000
  9.010990122432026E-003 -5.546281803356183E-003 -1.532595528393020E-002
  1.620596483159691E-003  7.066468050472605E-002 -5.398308042299908E-002
 -2.905765882353088E-003  8.071985909814121E-002 -7.952752902031464E-002
 -1.160809887259660E-004  8.128613830430576E-002 -9.838765407597559E-002
  6.417737683899862E-003  6.121908220696997E-002 -0.105796215180687     
  1.191469213644669E-002  3.840025851537557E-002 -0.105211143434976     
  1.538537778653838E-002  2.665521908073225E-002 -0.104035089565117     
  2.731515766742773E-002  2.957617580810290E-002 -0.105278364930940     
  4.976216514750322E-002  3.617082084545287E-002 -0.105823195338764     
  7.035771098944478E-002  4.053640729334525E-002 -9.837179231621469E-002
  7.126123615300448E-002  3.780875073597473E-002 -7.948141173964303E-002
  6.032877975054540E-002  3.671830954261119E-002 -5.392121729227779E-002
 -9.325786686014867E-003  5.021624334139749E-003 -1.528568886303476E-002
  0.000000000000000E+000  0.000000000000000E+000  0.000000000000000E+000
  0.000000000000000E+000  0.000000000000000E+000  0.000000000000000E+000
  0.000000000000000E+000  0.000000000000000E+000  0.000000000000000E+000
  0.000000000000000E+000  0.000000000000000E+000  0.000000000000000E+000
  1.349188452090008E-002 -5.349831984346687E-003 -1.349849872079557E-002
 -1.258002014675416E-003  6.828957716633305E-002 -4.764115573400883E-002
 -5.986446124800979E-003  8.014974372569600E-002 -7.570244073890343E-002
 -4.774760622460656E-003  7.781994312043319E-002 -9.336093883100409E-002
  1.235281348037604E-003  5.468592011617565E-002 -9.817415403656929E-002
  7.086687889969480E-003  3.071502906376190E-002 -9.478845311813876E-002
  1.080256706938048E-002  1.871559284307448E-002 -9.196273644598256E-002
  2.315793278796884E-002  2.159639010555254E-002 -9.494305133697850E-002
  4.673970617921986E-002  2.845052780169258E-002 -9.824239588516115E-002
  6.966081282797086E-002  3.476460578336470E-002 -9.333385644010525E-002
  7.228158286563924E-002  3.487601199727058E-002 -7.562899236958688E-002
  5.971266720230613E-002  3.298959125147406E-002 -4.756998728810177E-002
 -1.138748057015457E-002  9.046914677043456E-003 -1.344319707167061E-002
  0.000000000000000E+000  0.000000000000000E+000  0.000000000000000E+000
  0.000000000000000E+000  0.000000000000000E+000  0.000000000000000E+000
  0.000000000000000E+000  0.000000000000000E+000  0.000000000000000E+000
  0.000000000000000E+000  0.000000000000000E+000  0.000000000000000E+000
  1.014115942923572E-002 -2.461334900905356E-003 -8.389013566814624E-003
  1.920627263395803E-003  5.569416689529613E-002 -4.111297777611804E-002
 -7.311793846624063E-003  6.996541977754950E-002 -6.646594287395932E-002
 -7.067703948938078E-003  6.565193962213564E-002 -8.274290931873586E-002
 -2.547390407236589E-003  4.571114325885900E-002 -8.655820439317467E-002
  3.003153474414804E-003  2.460187793442413E-002 -8.264289726372763E-002
  7.989348699551362E-003  1.383425263622931E-002 -7.966841833140706E-002
  1.998817476796296E-002  1.503925335440679E-002 -8.292053851933079E-002
  4.090662531630632E-002  2.070139919154717E-002 -8.667577466566526E-002
  6.025505388044326E-002  2.671881153384859E-002 -8.271650150550199E-002
  6.413617011605115E-002  2.863730776662374E-002 -6.637826468438594E-002
  4.720748998236816E-002  2.945267306730147E-002 -4.104491531974851E-002
 -7.159735135628225E-003  7.559137662701692E-003 -8.300247865240135E-003
  0.000000000000000E+000  0.000000000000000E+000  0.000000000000000E+000
  0.000000000000000E+000  0.000000000000000E+000  0.000000000000000E+000
  0.000000000000000E+000  0.000000000000000E+000  0.000000000000000E+000
  0.000000000000000E+000  0.000000000000000E+000  0.000000000000000E+000
  1.001047853531288E-002 -3.208976574106316E-003 -6.255217152924312E-003
  3.653158453508142E-003  4.022781497623989E-002 -3.122184465011832E-002
 -5.485018216059459E-003  5.059330776910395E-002 -5.132821100371623E-002
 -6.791298228214075E-003  4.986539489888454E-002 -6.635067401703042E-002
 -4.798183826051051E-003  3.486266499877975E-002 -7.068890237902088E-002
  3.123620520241218E-004  1.996841994104826E-002 -6.929600501971751E-002
  6.188098166593065E-003  1.069105760119062E-002 -6.751221872689438E-002
  1.738097946957183E-002  1.039752222434534E-002 -6.970790071176106E-002
  3.264757951049121E-002  1.334609234033595E-002 -7.083711667253216E-002
  4.647271650800156E-002  1.906273067724733E-002 -6.636016580046658E-002
  4.647024968323360E-002  2.057371776840052E-002 -5.120160472533385E-002
  3.293947751756389E-002  2.317116082460152E-002 -3.125070238792903E-002
 -7.702002930481832E-003  7.145735011757186E-003 -6.029706168646913E-003
  0.000000000000000E+000  0.000000000000000E+000  0.000000000000000E+000
  0.000000000000000E+000  0.000000000000000E+000  0.000000000000000E+000
  0.000000000000000E+000  0.000000000000000E+000  0.000000000000000E+000
  0.000000000000000E+000  0.000000000000000E+000  0.000000000000000E+000
  6.842507399169041E-003 -3.210849666101816E-003 -5.018628835943346E-003
  3.790884328930993E-003  2.070045608336226E-002 -1.667645810166550E-002
 -1.511243981918110E-003  2.886746869407357E-002 -3.164832051572320E-002
 -4.696399110030004E-003  2.959645776431193E-002 -4.221059578703490E-002
 -4.801968209118901E-003  2.229317249968318E-002 -4.838987067773819E-002
 -1.642394738227179E-003  1.351403361861451E-002 -5.035670304858816E-002
  4.103080172326888E-003  7.047033859918475E-003 -5.104665435032854E-002
  1.273950726744122E-002  5.430826154957915E-003 -5.078384468415742E-002
  2.174841702832709E-002  7.037079428405451E-003 -4.854976667557265E-002
  2.789437430111069E-002  1.074668091876141E-002 -4.218021903303878E-002
  2.573166462734950E-002  1.314487566428602E-002 -3.165004857901740E-002
  1.598523406837411E-002  1.356575018727644E-002 -1.657581017541730E-002
 -6.194320007090309E-003  4.340652178986925E-003 -5.031581339210558E-003
  0.000000000000000E+000  0.000000000000000E+000  0.000000000000000E+000
  0.000000000000000E+000  0.000000000000000E+000  0.000000000000000E+000
  0.000000000000000E+000  0.000000000000000E+000  0.000000000000000E+000
  0.000000000000000E+000  0.000000000000000E+000  0.000000000000000E+000
  2.065488028656368E-003 -3.088318945845655E-003 -1.566421036159162E-003
  3.342214816480401E-003  4.844986778572911E-003 -5.308573294877818E-003
  2.273983829252732E-003  6.357530358619092E-003 -8.674226692535219E-003
  6.059520850315663E-004  9.455050640407817E-003 -1.391694948246412E-002
 -9.685832923185893E-004  7.828350998372190E-003 -1.725261117473830E-002
 -6.728078307052695E-004  5.717253049270433E-003 -2.086920534987533E-002
  1.719379733372501E-003  2.870521295803411E-003 -2.241665930106181E-002
  5.398080958613480E-003  2.349485690438273E-003 -2.113344108646581E-002
  7.257710331731933E-003  3.118307551236518E-003 -1.731507024255863E-002
  7.860276704628980E-003  5.239114989454647E-003 -1.390562676328346E-002
  4.372975548465313E-003  5.149643528516401E-003 -8.664470901446357E-003
  2.536279046303251E-003  5.288094926437967E-003 -5.308877893962381E-003
 -3.711339548324915E-003  2.556294215300463E-004 -1.523505888793270E-003
  0.000000000000000E+000  0.000000000000000E+000  0.000000000000000E+000
  0.000000000000000E+000  0.000000000000000E+000  0.000000000000000E+000
  0.000000000000000E+000  0.000000000000000E+000  0.000000000000000E+000
  0.000000000000000E+000  0.000000000000000E+000  0.000000000000000E+000
  0.000000000000000E+000  0.000000000000000E+000  0.000000000000000E+000
  0.000000000000000E+000  0.000000000000000E+000  0.000000000000000E+000
  0.000000000000000E+000  0.000000000000000E+000  0.000000000000000E+000
  0.000000000000000E+000  0.000000000000000E+000  0.000000000000000E+000
  0.000000000000000E+000  0.000000000000000E+000  0.000000000000000E+000
  0.000000000000000E+000  0.000000000000000E+000  0.000000000000000E+000
  0.000000000000000E+000  0.000000000000000E+000  0.000000000000000E+000
  0.000000000000000E+000  0.000000000000000E+000  0.000000000000000E+000
  0.000000000000000E+000  0.000000000000000E+000  0.000000000000000E+000
  0.000000000000000E+000  0.000000000000000E+000  0.000000000000000E+000
  0.000000000000000E+000  0.000000000000000E+000  0.000000000000000E+000
  0.000000000000000E+000  0.000000000000000E+000  0.000000000000000E+000
  0.000000000000000E+000  0.000000000000000E+000  0.000000000000000E+000
  0.000000000000000E+000  0.000000000000000E+000  0.000000000000000E+000
  0.000000000000000E+000  0.000000000000000E+000  0.000000000000000E+000
  0.000000000000000E+000  0.000000000000000E+000  0.000000000000000E+000
  0.000000000000000E+000  0.000000000000000E+000  0.000000000000000E+000
  0.000000000000000E+000  0.000000000000000E+000  0.000000000000000E+000
  0.000000000000000E+000  0.000000000000000E+000  0.000000000000000E+000
  0.000000000000000E+000  0.000000000000000E+000  0.000000000000000E+000
  0.000000000000000E+000  0.000000000000000E+000  0.000000000000000E+000
  0.000000000000000E+000  0.000000000000000E+000  0.000000000000000E+000
  0.000000000000000E+000  0.000000000000000E+000  0.000000000000000E+000
  0.000000000000000E+000  0.000000000000000E+000  0.000000000000000E+000
  0.000000000000000E+000  0.000000000000000E+000  0.000000000000000E+000
  0.000000000000000E+000  0.000000000000000E+000  0.000000000000000E+000
  0.000000000000000E+000  0.000000000000000E+000  0.000000000000000E+000
  0.000000000000000E+000  0.000000000000000E+000  0.000000000000000E+000
  0.000000000000000E+000  0.000000000000000E+000  0.000000000000000E+000
  0.000000000000000E+000  0.000000000000000E+000  0.000000000000000E+000
  0.000000000000000E+000  0.000000000000000E+000  0.000000000000000E+000
  0.000000000000000E+000  0.000000000000000E+000  0.000000000000000E+000
  0.000000000000000E+000  0.000000000000000E+000  0.000000000000000E+000
  0.000000000000000E+000  0.000000000000000E+000  0.000000000000000E+000
 -1.769209755913921E-002  2.688428560257813E-002  3.989867421194253E-002
 -1.188967641079974E-002 -1.178588657664726E-002  6.011088661049001E-002
 -1.374709622054413E-002 -4.402498427464919E-003  8.978419922689497E-002
 -1.208321685279530E-003 -5.613788549282497E-004  0.110888008113094     
  1.034092601531135E-002 -1.545499499809059E-002  0.122230636501660     
  1.709650327144644E-002  2.744389388711421E-002  0.124776599250371     
  3.774449932723905E-002  6.232460302833575E-002  0.117913668751835     
  1.704272774532358E-002  2.629049452668230E-002  0.124987761134717     
 -1.729542522650614E-002 -1.006949101558439E-003  0.122294928768857     
  2.595672167557129E-003 -2.306315029946477E-003  0.110845786504753     
  4.774227529256919E-003 -1.477868907210033E-002  8.978092183924478E-002
 -3.516203519146570E-003 -1.665226333381516E-002  6.020086541889493E-002
  3.253556991174258E-002 -2.028345309184593E-003  4.030696912585467E-002
  0.000000000000000E+000  0.000000000000000E+000  0.000000000000000E+000
  0.000000000000000E+000  0.000000000000000E+000  0.000000000000000E+000
  0.000000000000000E+000  0.000000000000000E+000  0.000000000000000E+000
  0.000000000000000E+000  0.000000000000000E+000  0.000000000000000E+000
 -1.315684246389064E-002  2.629366053893572E-002  3.395817243262302E-002
 -1.047034669146693E-002  2.675433171470570E-003  5.834367521617789E-002
 -6.743790973807598E-003 -6.097161087311943E-003  8.570585153077737E-002
  4.297460213102663E-003  1.161893444976587E-003  0.111274540167542     
  1.313685560825534E-002 -1.002394482079362E-002  0.122600943285936     
  1.810195736794898E-002  3.271012822624712E-002  0.126514991347467     
  3.529707488566985E-002  5.803988759305230E-002  0.117409634407705     
  2.125424468461345E-002  2.989059183901229E-002  0.126700058799366     
 -1.400559199261892E-002  4.124115005794189E-003  0.122586114925958     
  1.180380333030772E-003  3.162444696710670E-003  0.111149908440436     
 -1.980885659343471E-004 -9.647832882996199E-003  8.563607633548739E-002
  8.374173201818489E-003 -8.217431846468054E-003  5.845156829767235E-002
  2.971153197701411E-002  1.619877761386770E-003  3.430816963721452E-002
  0.000000000000000E+000  0.000000000000000E+000  0.000000000000000E+000
  0.000000000000000E+000  0.000000000000000E+000  0.000000000000000E+000
  0.000000000000000E+000  0.000000000000000E+000  0.000000000000000E+000
  0.000000000000000E+000  0.000000000000000E+000  0.000000000000000E+000
 -1.019357862510569E-002  2.402217252648478E-002  2.596435498739232E-002
 -4.450481355507626E-003  3.356995237140131E-002  5.129819346013879E-002
  9.900536652069235E-004 -1.263109373639024E-002  8.212171478515135E-002
  1.417415106151581E-002  1.280167935092027E-003  0.108406337644471     
  1.788466925811264E-002 -5.110514826864010E-003  0.124509368067436     
  2.426840986046373E-002  5.082422690589120E-002  0.125013018716595     
  3.390947497039661E-002  5.580942855503586E-002  0.117430690562214     
  3.420543207148938E-002  4.464930723646650E-002  0.125095396258590     
 -1.250131591058697E-002  1.054025053609398E-002  0.124451521280181     
 -3.933799827057808E-003  1.163554729522714E-002  0.108123120660708     
 -9.676330465123411E-003 -6.272414446793896E-003  8.195688652822385E-002
  3.222042382397609E-002  1.244170357448140E-002  5.137066989373570E-002
  2.618283219704117E-002  3.057788357475817E-003  2.622591794846585E-002
  0.000000000000000E+000  0.000000000000000E+000  0.000000000000000E+000
  0.000000000000000E+000  0.000000000000000E+000  0.000000000000000E+000
  0.000000000000000E+000  0.000000000000000E+000  0.000000000000000E+000
  0.000000000000000E+000  0.000000000000000E+000  0.000000000000000E+000
 -6.716725718314914E-004  1.420565277972230E-002  1.825250572040033E-002
 -8.860452825461138E-003  7.174322031581785E-002  3.908902451684266E-002
  1.266675329571418E-002  2.634357836563995E-002  7.543950088419447E-002
  2.004564343705326E-002  2.403517272533723E-003  0.103338516912204     
  2.383437811720223E-002  2.761000111641414E-002  0.116570709923010     
  2.526336346929816E-002  3.526208149037211E-002  0.116548602813804     
  1.828071499125770E-002  2.946946923457403E-002  0.123088136922953     
  2.012614132970562E-002  3.862711665884892E-002  0.116242801893828     
  1.376559021624592E-002  3.310333227258638E-002  0.116246140562823     
 -6.501738733133693E-003  1.723286247734073E-002  0.102842313219641     
  1.807943417747992E-002  2.330959578652548E-002  7.508367393006248E-002
  6.747864029723027E-002  2.775625341715907E-002  3.905991206657401E-002
  1.280264742042784E-002  6.352235992125948E-003  1.841929890849685E-002
  0.000000000000000E+000  0.000000000000000E+000  0.000000000000000E+000
  0.000000000000000E+000  0.000000000000000E+000  0.000000000000000E+000
  0.000000000000000E+000  0.000000000000000E+000  0.000000000000000E+000
  0.000000000000000E+000  0.000000000000000E+000  0.000000000000000E+000
  8.190859290692186E-007  1.774012755728514E-003  1.690876489159926E-002
 -6.870626118940511E-003  8.308374692918306E-002  2.900404322398467E-002
  1.421702158964445E-002  3.067192903260997E-002  6.439073540142171E-002
  2.691485116615318E-002 -7.928019447991307E-003  9.715034714858881E-002
  2.854474514353815E-002 -2.435557431628877E-002  0.119440261820981     
  1.478042151686239E-002 -1.754967237763134E-002  0.128354102589667     
  3.588306061555639E-003  5.147547248892049E-003  0.125644799108510     
 -2.172809374298800E-002  3.150539061686239E-003  0.128208672808292     
 -3.486868369231729E-002  1.126830522267003E-002  0.119118946781439     
 -2.015756864435198E-002  1.784577208591531E-002  9.670362820450493E-002
  2.029161644828480E-002  2.676833585711155E-002  6.391408408922473E-002
  7.607455554983464E-002  3.509737711414235E-002  2.891313298739585E-002
  1.635480541826740E-003  7.877431942762720E-004  1.697037599358971E-002
  0.000000000000000E+000  0.000000000000000E+000  0.000000000000000E+000
  0.000000000000000E+000  0.000000000000000E+000  0.000000000000000E+000
  0.000000000000000E+000  0.000000000000000E+000  0.000000000000000E+000
  0.000000000000000E+000  0.000000000000000E+000  0.000000000000000E+000
  4.664067339579457E-003  2.735514449208972E-003  1.162196318436749E-002
 -2.428148653821134E-003  6.172339340135562E-002  2.534525109629062E-002
  2.299394733941557E-002 -1.085468364826471E-002  6.773370629846692E-002
  3.458272632193002E-002 -3.254693919104096E-002  9.971120655196966E-002
  3.603097703413937E-002 -5.184495732482947E-002  0.125780850655797     
  2.021387058166722E-002 -1.556452067459272E-002  0.111815313072665     
  1.796810998379251E-002  3.110129302851531E-002  7.805472264846602E-002
 -2.478254891358915E-002  8.511340758968217E-003  0.112875577520515     
 -6.433251021893038E-002  3.917235179508649E-003  0.126210488685979     
 -4.676422784582170E-002  1.222381625504467E-002  9.971580096601922E-002
 -2.081760358525040E-002  1.359805539097374E-002  6.731868016252110E-002
  5.503198950321094E-002  2.838249738839591E-002  2.522114877206440E-002
  1.179558223455891E-004  5.166664309202822E-003  1.159638655657618E-002
  0.000000000000000E+000  0.000000000000000E+000  0.000000000000000E+000
  0.000000000000000E+000  0.000000000000000E+000  0.000000000000000E+000
  0.000000000000000E+000  0.000000000000000E+000  0.000000000000000E+000
  0.000000000000000E+000  0.000000000000000E+000  0.000000000000000E+000
  2.575623597866078E-003  5.674805607231854E-003  9.731551284440174E-003
  5.723516979469372E-003  2.669402573795741E-002  2.460039804748981E-002
  3.179800037530787E-002 -4.601706277742771E-002  8.009442969861408E-002
  3.629290266742309E-002 -3.056301160030913E-002  9.159683658561450E-002
  3.680276884529185E-002 -1.199745142368497E-002  8.170718847147958E-002
  3.260120219672724E-002  4.539251496143290E-002  2.277309124700278E-002
  4.890388686629260E-002  8.537990542337977E-002 -4.170251404772232E-002
  2.130881994791404E-002  5.040171523858954E-002  2.384401060065915E-002
 -3.072795943558903E-002  2.503155693760307E-002  8.220857871703031E-002
 -4.667726986072273E-002  1.499559353977060E-002  9.212582492434759E-002
 -5.627289979130940E-002  3.702367142547425E-003  7.989463731608486E-002
  2.036696549407080E-002  1.797684419564580E-002  2.444952661853011E-002
  3.628657979446393E-003  4.885285179123657E-003  9.624632697991322E-003
  0.000000000000000E+000  0.000000000000000E+000  0.000000000000000E+000
  0.000000000000000E+000  0.000000000000000E+000  0.000000000000000E+000
  0.000000000000000E+000  0.000000000000000E+000  0.000000000000000E+000
  0.000000000000000E+000  0.000000000000000E+000  0.000000000000000E+000
  3.815709091608105E-003  3.331645974519463E-003  3.189594075433947E-003
  5.688020873659411E-003  6.729187904281534E-003  2.611793348771019E-002
  3.071487064836744E-002 -4.944569573992110E-002  7.440676556905332E-002
  3.628743413148293E-002 -2.958748573517661E-002  8.318412963411387E-002
  3.019548153619771E-002  7.250831686328204E-003  4.964970622659520E-002
  2.873169237274393E-002  6.686645640621601E-002 -3.697816056360331E-002
  4.548268247752319E-002  7.979499488933618E-002 -9.688726254947470E-002
  4.256688287759943E-002  5.876798007011880E-002 -3.795087433664198E-002
 -1.012875045494720E-002  2.947225353130018E-002  4.945303089342786E-002
 -4.608834750061304E-002  1.583801334727481E-002  8.430771132320999E-002
 -5.927167395426009E-002  1.123834951312874E-003  7.448571880903475E-002
  3.028730715244790E-003  8.036563972719809E-003  2.623110489755153E-002
  8.693292567055495E-004  4.734094000589493E-003  2.703812913879104E-003
  0.000000000000000E+000  0.000000000000000E+000  0.000000000000000E+000
  0.000000000000000E+000  0.000000000000000E+000  0.000000000000000E+000
  0.000000000000000E+000  0.000000000000000E+000  0.000000000000000E+000
  0.000000000000000E+000  0.000000000000000E+000  0.000000000000000E+000
  2.737379058009420E-003  4.290041277986512E-003  6.172255178611441E-003
  1.080284676345191E-003 -1.076571551610369E-003  1.628460643996496E-002
  1.766121532851017E-002 -2.802675292936715E-002  4.860464719825199E-002
  3.310635598474963E-002 -3.274281431164374E-002  7.354053946099577E-002
  2.706820069618764E-002 -2.893814460123408E-003  5.670397523138043E-002
  2.162991350963052E-002  3.090258436982210E-002  1.301752631479342E-003
  1.448616794709284E-002  2.618752337396234E-002  1.844935899388458E-002
  1.508929915345218E-002  3.467168046768088E-002  2.533789985782083E-004
 -1.681103264717809E-002  2.194700447784474E-002  5.632743046782030E-002
 -4.652484589723398E-002  1.183284938058848E-002  7.450477884536813E-002
 -3.425947180810533E-002  7.725799196952468E-004  4.920068890137198E-002
 -1.574878476942554E-003  1.746163026705137E-004  1.609260035687142E-002
  2.441394939132494E-003  4.393551035229868E-003  6.268288785031324E-003
  0.000000000000000E+000  0.000000000000000E+000  0.000000000000000E+000
  0.000000000000000E+000  0.000000000000000E+000  0.000000000000000E+000
  0.000000000000000E+000  0.000000000000000E+000  0.000000000000000E+000
  0.000000000000000E+000  0.000000000000000E+000  0.000000000000000E+000
  1.489500849474374E-003  6.315968380286378E-004  3.231031789846295E-003
  1.120030425971519E-005  2.313082671360664E-003  6.976291229095573E-003
  2.818482702438470E-003 -4.411139560880852E-003  1.328247287266917E-002
  1.170748734700057E-002 -1.150044402891834E-002  2.911084918014697E-002
  1.555995010346106E-002  4.524231339139395E-004  2.593860600544427E-002
  1.357911490913299E-002  8.506416523817858E-003  2.087084849036513E-002
  6.225058063448740E-003  1.183315771038707E-002  7.921896976300924E-002
 -1.488185948988673E-004  1.641419463468087E-002  2.121292605323616E-002
 -8.084278504334116E-003  1.376591068317740E-002  2.566549898963025E-002
 -1.640293726932179E-002  4.230791422412591E-003  2.932088761157604E-002
 -5.686048937835773E-003 -3.841938549143620E-005  1.342153176034275E-002
  1.932531451928372E-003  1.057683223463187E-003  6.945868999480397E-003
 -1.389356089401999E-004  1.553746504726474E-003  3.119771629247163E-003
  0.000000000000000E+000  0.000000000000000E+000  0.000000000000000E+000
  0.000000000000000E+000  0.000000000000000E+000  0.000000000000000E+000
  0.000000000000000E+000  0.000000000000000E+000  0.000000000000000E+000
  0.000000000000000E+000  0.000000000000000E+000  0.000000000000000E+000
  0.000000000000000E+000  0.000000000000000E+000  0.000000000000000E+000
  0.000000000000000E+000  0.000000000000000E+000  0.000000000000000E+000
  0.000000000000000E+000  0.000000000000000E+000  0.000000000000000E+000
  0.000000000000000E+000  0.000000000000000E+000  0.000000000000000E+000
  0.000000000000000E+000  0.000000000000000E+000  0.000000000000000E+000
  0.000000000000000E+000  0.000000000000000E+000  0.000000000000000E+000
  0.000000000000000E+000  0.000000000000000E+000  0.000000000000000E+000
  0.000000000000000E+000  0.000000000000000E+000  0.000000000000000E+000
  0.000000000000000E+000  0.000000000000000E+000  0.000000000000000E+000
  0.000000000000000E+000  0.000000000000000E+000  0.000000000000000E+000
  0.000000000000000E+000  0.000000000000000E+000  0.000000000000000E+000
  0.000000000000000E+000  0.000000000000000E+000  0.000000000000000E+000
  0.000000000000000E+000  0.000000000000000E+000  0.000000000000000E+000
  0.000000000000000E+000  0.000000000000000E+000  0.000000000000000E+000
  0.000000000000000E+000  0.000000000000000E+000  0.000000000000000E+000
  0.000000000000000E+000  0.000000000000000E+000  0.000000000000000E+000
  0.000000000000000E+000  0.000000000000000E+000  0.000000000000000E+000
  0.000000000000000E+000  0.000000000000000E+000  0.000000000000000E+000
  0.000000000000000E+000  0.000000000000000E+000  0.000000000000000E+000
  0.000000000000000E+000  0.000000000000000E+000  0.000000000000000E+000
  0.000000000000000E+000  0.000000000000000E+000  0.000000000000000E+000
  0.000000000000000E+000  0.000000000000000E+000  0.000000000000000E+000
  0.000000000000000E+000  0.000000000000000E+000  0.000000000000000E+000
  0.000000000000000E+000  0.000000000000000E+000  0.000000000000000E+000
  0.000000000000000E+000  0.000000000000000E+000  0.000000000000000E+000
  0.000000000000000E+000  0.000000000000000E+000  0.000000000000000E+000
  0.000000000000000E+000  0.000000000000000E+000  0.000000000000000E+000
  0.000000000000000E+000  0.000000000000000E+000  0.000000000000000E+000
  0.000000000000000E+000  0.000000000000000E+000  0.000000000000000E+000
  0.000000000000000E+000  0.000000000000000E+000  0.000000000000000E+000
  0.000000000000000E+000  0.000000000000000E+000  0.000000000000000E+000
  0.000000000000000E+000  0.000000000000000E+000  0.000000000000000E+000
  0.000000000000000E+000  0.000000000000000E+000  0.000000000000000E+000
  0.000000000000000E+000  0.000000000000000E+000  0.000000000000000E+000
   160.437607975280       -18.3705165511191       -364.487805030863     
   160.804572154712        53.1669885159509       -451.018810433261     
   225.914488662127        66.9860037323068       -578.595440757014     
   241.040867290619        94.6172397306503       -630.310602795819     
   266.756464660274       -138.010109946362       -771.106030663462     
   297.460560310134        765.424725541745       -956.896031664919     
   668.687052769455        1155.15126939027       -1215.24645822993     
   548.062579884966        661.414788836754       -957.370457974932     
  -238.253489129578        162.496493852841       -766.900987372067     
  -55.6952258711964        236.326230161282       -630.368829903232     
  -60.3855105861133        216.322040163441       -581.147727949252     
  -25.8749991737208        164.842515924368       -455.928713287356     
  -106.502175412574        124.150243435734       -365.903412492841     
  0.000000000000000E+000  0.000000000000000E+000  0.000000000000000E+000
  0.000000000000000E+000  0.000000000000000E+000  0.000000000000000E+000
  0.000000000000000E+000  0.000000000000000E+000  0.000000000000000E+000
  0.000000000000000E+000  0.000000000000000E+000  0.000000000000000E+000
   126.967855296154       -37.2997801981827       -309.698426120981     
   159.978013460810       -39.5104412150755       -446.843436442791     
   202.972928686210        64.3578081811741       -557.587941996515     
   229.982460485842        39.9512624551309       -624.210227032235     
   216.147447283703       -68.9877514244488       -748.559251100117     
   226.545572256669        508.472425704778       -946.773487469076     
   382.860504885979        656.858999870810       -1159.59389882630     
   349.745831722506        461.669760555956       -946.371102825030     
  -157.579467647817        151.361452226597       -744.042792702493     
  -91.7401069978692        203.809427632247       -624.186885644688     
  -48.3265155503897        197.538246136021       -560.690764239243     
  -106.562474598612        116.913147890194       -451.925631075632     
  -104.523829052377        85.9751018090600       -311.032980914510     
  0.000000000000000E+000  0.000000000000000E+000  0.000000000000000E+000
  0.000000000000000E+000  0.000000000000000E+000  0.000000000000000E+000
  0.000000000000000E+000  0.000000000000000E+000  0.000000000000000E+000
  0.000000000000000E+000  0.000000000000000E+000  0.000000000000000E+000
   100.569060497395       -52.9735048061678       -229.481999523962     
   128.408988092049       -267.762765299585       -403.890778530642     
   176.928926072614        137.343925589319       -528.639634847303     
   184.852499400451        3.56775906156387       -602.236567338689     
   95.2993724443492       -65.7962462382721       -726.368190986513     
   9.39011643479969       -14.8606044458734       -873.601715298282     
  -179.888490588942       -315.767959360459       -958.004554526757     
  -11.6794880823715       -1.32563555869171       -872.462520054312     
  -103.901726757554        43.1184356921936       -721.068393650675     
  -96.4584398881699        149.625048578765       -602.546646217646     
   34.3229733331608        216.659087072362       -532.467358028195     
  -289.437281398539       -25.8563424024197       -409.107970999745     
  -102.518147304422        56.3090511827347       -230.876388250836     
  0.000000000000000E+000  0.000000000000000E+000  0.000000000000000E+000
  0.000000000000000E+000  0.000000000000000E+000  0.000000000000000E+000
  0.000000000000000E+000  0.000000000000000E+000  0.000000000000000E+000
  0.000000000000000E+000  0.000000000000000E+000  0.000000000000000E+000
   38.4869809170056       -35.1774805679324       -148.138421542177     
   157.151833273507       -598.571337988378       -290.848962166620     
   117.847254389286       -431.075578677194       -463.735232213122     
   122.786696980491       -179.572291111470       -540.724466409435     
   45.7299708996021        417.799098871158       -754.977494394193     
   41.5645759045347        213.346529818458       -881.354904634897     
  -149.078117593015       -262.535270819095       -730.457308215900     
   147.731465930570        123.693347467611       -870.134745849573     
   338.023154237637        243.636268210509       -751.401503261030     
  -204.952654556560        17.7206594135969       -542.239053135946     
  -420.737220132493       -113.960549582362       -468.895907860720     
  -594.732726078532       -167.494488017074       -295.753999277296     
  -52.2323733940786        12.5878668733578       -149.682924933227     
  0.000000000000000E+000  0.000000000000000E+000  0.000000000000000E+000
  0.000000000000000E+000  0.000000000000000E+000  0.000000000000000E+000
  0.000000000000000E+000  0.000000000000000E+000  0.000000000000000E+000
  0.000000000000000E+000  0.000000000000000E+000  0.000000000000000E+000
   12.4609903186415       -8.30506344528017       -111.874988347728     
   160.340641877941       -717.113290071368       -197.038524312138     
   135.529120269618       -712.713127590377       -301.831826350641     
   96.8877488628478       -247.763247186358       -412.335733061155     
   77.1079869557589        423.611903179261       -788.647847573383     
   109.982565208906        316.819217934579       -931.292397572169     
   51.4476348064824        83.6679154151800       -802.095596466875     
   221.602967034108        248.942203042819       -926.324025116469     
   331.869604712043        277.101759844218       -788.335055888361     
  -248.775138864800       -35.9066210742907       -417.991606706415     
  -670.919341866304       -237.587763694160       -307.854960016759     
  -702.722650230057       -225.172222600557       -201.118869998706     
  -13.1118597256185        5.90521039232582       -113.924781456950     
  0.000000000000000E+000  0.000000000000000E+000  0.000000000000000E+000
  0.000000000000000E+000  0.000000000000000E+000  0.000000000000000E+000
  0.000000000000000E+000  0.000000000000000E+000  0.000000000000000E+000
  0.000000000000000E+000  0.000000000000000E+000  0.000000000000000E+000
  -8.63695174558258       -16.6811666703402       -76.5683000169193     
   105.262524699010       -563.355805341000       -153.647952645022     
  -3.27394529146652       -78.0774560782538       -360.100643086973     
   131.898189524922       -244.715544714937       -322.593731859122     
   184.123405785253       -563.740412998984       -191.114957330536     
   18.0664439168453       -418.668986000853       -375.327983475378     
  -112.982218766887       -201.886752011113       -497.765107719590     
  -355.807456723509       -189.238551146801       -386.940023727037     
  -578.060487781991       -125.429998359674       -192.230031787085     
  -290.724111209728       -13.6470035583893       -318.308992693040     
  -63.2005036418349       -42.1839387476983       -364.003308793769     
  -541.444577326296       -194.725170262368       -157.438556148344     
  -9.88495336629162       -17.1937747429517       -77.5205317706071     
  0.000000000000000E+000  0.000000000000000E+000  0.000000000000000E+000
  0.000000000000000E+000  0.000000000000000E+000  0.000000000000000E+000
  0.000000000000000E+000  0.000000000000000E+000  0.000000000000000E+000
  0.000000000000000E+000  0.000000000000000E+000  0.000000000000000E+000
   24.8904174574962       -47.0918708280425       -68.4667884520022     
  -19.9008657752693       -172.992877816061       -164.736258063537     
  -221.916404625140        656.267543350359       -677.095675238599     
   221.984342101869       -559.866635319090       -12.7577160115995     
   324.831088347952       -1254.00597366032        632.059413016569     
   58.6796353949758       -327.308868358695       -367.533387407921     
   167.428239061167        283.841677809391       -1232.16792566478     
  -310.395948389720       -114.052009868097       -371.585743304442     
  -1259.10346067315       -351.517005698870        635.316298312958     
  -626.641409373332       -96.4025188738271        3.89870137186896     
   664.974348274746        133.253380329552       -674.201347099656     
  -139.351404001911       -106.404889616481       -167.906855959962     
  -53.4347138248879       -3.87678181533733       -68.8593443731421     
  0.000000000000000E+000  0.000000000000000E+000  0.000000000000000E+000
  0.000000000000000E+000  0.000000000000000E+000  0.000000000000000E+000
  0.000000000000000E+000  0.000000000000000E+000  0.000000000000000E+000
  0.000000000000000E+000  0.000000000000000E+000  0.000000000000000E+000
   12.4070618887976       -58.1000114995683      -0.679853000864826     
  -57.1030480275200        137.614985406754       -239.545909252645     
  -288.312964353750        754.374468509440       -760.412066839647     
   355.949865730203       -942.535474135050        528.666620977895     
   300.872642981318       -886.015395024243        635.569794803287     
   70.1433413081697        238.922740020496       -1185.03257765455     
   345.894853497575        600.120905272808       -2320.25313970703     
   171.339503160209        186.331031562435       -1206.76725675762     
  -929.875931574799       -185.155913052730        634.602253267763     
  -1014.30374831127       -167.271697858143        537.089191862540     
   777.663111448134        125.054973364483       -751.910030947447     
   145.076783531923        16.9918516165793       -243.739713095079     
  -54.3084913376123       -19.2069082149950        2.17173290952193     
  0.000000000000000E+000  0.000000000000000E+000  0.000000000000000E+000
  0.000000000000000E+000  0.000000000000000E+000  0.000000000000000E+000
  0.000000000000000E+000  0.000000000000000E+000  0.000000000000000E+000
  0.000000000000000E+000  0.000000000000000E+000  0.000000000000000E+000
   6.68997691310417       -72.4305019878286       -22.9974243760594     
  -7.56205484590794        216.502639913536       -196.497225982041     
  -145.510891149548        307.383786872107       -441.473842496848     
   362.621477239434       -839.615916665114        808.909788510391     
   139.182040791963       -335.988509862153        198.357745968302     
   69.2639609884481        46.0968793183835       -782.112012849234     
   31.4821090278051        65.1137792095844       -815.971328350913     
 -0.599852758372380        89.9035564078574       -810.377102765735     
  -371.419918440941       -47.4059583146035        193.078394566338     
  -909.950607850436       -107.042245169817        801.769684827279     
   327.484576532530        26.1387133205364       -437.805806991638     
   188.437642958374        99.8792719759153       -196.088428930598     
  -65.5456974959410       -31.1333540154779       -25.3146135377268     
  0.000000000000000E+000  0.000000000000000E+000  0.000000000000000E+000
  0.000000000000000E+000  0.000000000000000E+000  0.000000000000000E+000
  0.000000000000000E+000  0.000000000000000E+000  0.000000000000000E+000
  0.000000000000000E+000  0.000000000000000E+000  0.000000000000000E+000
  -7.83244515697781       -11.7835866414806       -9.34958404145019     
   28.5247665240819        41.5659506025373       -73.2343716329272     
  -13.9490662620598       -5.79248953371054       -59.5404850058341     
   88.5000575298915       -308.815527077468        362.208146826806     
   57.0201421312275       -124.845206842937       -57.8004781302525     
   96.9624057290406       -158.541869954021        145.109713385016     
  -44.5074606048865       -63.3105870483598        726.287813035979     
  -197.182856672145        11.2053631714934        146.886053668326     
  -147.366871021421       -11.4051763652752       -58.7125287938343     
  -310.702252536021       -77.3421884638587        354.845823698099     
 -0.659987371345559       -15.0381891584032       -60.7266376876927     
   20.5892636814762        44.4936695612940       -74.0214658799945     
  -6.10016133737494       -12.7802335366881       -9.72061110611489     
  0.000000000000000E+000  0.000000000000000E+000  0.000000000000000E+000
  0.000000000000000E+000  0.000000000000000E+000  0.000000000000000E+000
  0.000000000000000E+000  0.000000000000000E+000  0.000000000000000E+000
  0.000000000000000E+000  0.000000000000000E+000  0.000000000000000E+000
  0.000000000000000E+000  0.000000000000000E+000  0.000000000000000E+000
  0.000000000000000E+000  0.000000000000000E+000  0.000000000000000E+000
  0.000000000000000E+000  0.000000000000000E+000  0.000000000000000E+000
  0.000000000000000E+000  0.000000000000000E+000  0.000000000000000E+000
  0.000000000000000E+000  0.000000000000000E+000  0.000000000000000E+000
  0.000000000000000E+000  0.000000000000000E+000  0.000000000000000E+000
  0.000000000000000E+000  0.000000000000000E+000  0.000000000000000E+000
  0.000000000000000E+000  0.000000000000000E+000  0.000000000000000E+000
  0.000000000000000E+000  0.000000000000000E+000  0.000000000000000E+000
  0.000000000000000E+000  0.000000000000000E+000  0.000000000000000E+000
  0.000000000000000E+000  0.000000000000000E+000  0.000000000000000E+000
  0.000000000000000E+000  0.000000000000000E+000  0.000000000000000E+000
  0.000000000000000E+000  0.000000000000000E+000  0.000000000000000E+000
  0.000000000000000E+000  0.000000000000000E+000  0.000000000000000E+000
  0.000000000000000E+000  0.000000000000000E+000  0.000000000000000E+000
  0.000000000000000E+000  0.000000000000000E+000  0.000000000000000E+000
  0.000000000000000E+000  0.000000000000000E+000  0.000000000000000E+000
  0.000000000000000E+000  0.000000000000000E+000  0.000000000000000E+000
  0.000000000000000E+000  0.000000000000000E+000  0.000000000000000E+000
  0.000000000000000E+000  0.000000000000000E+000  0.000000000000000E+000
  0.000000000000000E+000  0.000000000000000E+000  0.000000000000000E+000
  0.000000000000000E+000  0.000000000000000E+000  0.000000000000000E+000
  0.000000000000000E+000  0.000000000000000E+000  0.000000000000000E+000
  0.000000000000000E+000  0.000000000000000E+000  0.000000000000000E+000
  0.000000000000000E+000  0.000000000000000E+000  0.000000000000000E+000
  0.000000000000000E+000  0.000000000000000E+000  0.000000000000000E+000
  0.000000000000000E+000  0.000000000000000E+000  0.000000000000000E+000
  0.000000000000000E+000  0.000000000000000E+000  0.000000000000000E+000
  0.000000000000000E+000  0.000000000000000E+000  0.000000000000000E+000
  0.000000000000000E+000  0.000000000000000E+000  0.000000000000000E+000
  0.000000000000000E+000  0.000000000000000E+000  0.000000000000000E+000
  0.000000000000000E+000  0.000000000000000E+000  0.000000000000000E+000
