         140  1.399999999999997E-002  1.399999999999997E-002
  0.000000000000000E+000  0.000000000000000E+000  0.000000000000000E+000
  0.000000000000000E+000  0.000000000000000E+000  0.000000000000000E+000
  2.867841941024711E-002  7.927889240095325E-002 -7.098306064285284E-002
  3.377401847706298E-002  0.126382041884362      -0.138532637513604     
  4.719668588498245E-002  0.190352422925437      -0.218172441188522     
  6.068058601277627E-002  0.217643002789733      -0.273054789598998     
  8.295938246655425E-002  0.228636739698133      -0.312971870773074     
  0.104094071840700       0.224262861561217      -0.330487426132225     
  0.125335634172386       0.217162224515608      -0.336860959281999     
  0.142152471259420       0.202365771569666      -0.330521353343526     
  0.156467336575061       0.186211653372505      -0.312963065838034     
  0.158044769582991       0.161406212705833      -0.273065858874796     
  0.141261083781810       0.136123229413360      -0.218243007875177     
  9.257778344233980E-002  9.245733754538993E-002 -0.138549963635356     
  5.434463933500829E-002  6.450241367911239E-002 -7.105789044190770E-002
  0.000000000000000E+000  0.000000000000000E+000  0.000000000000000E+000
  0.000000000000000E+000  0.000000000000000E+000  0.000000000000000E+000
  0.000000000000000E+000  0.000000000000000E+000  0.000000000000000E+000
  0.000000000000000E+000  0.000000000000000E+000  0.000000000000000E+000
  2.121084957245341E-002  7.982668325685774E-002 -5.990337730325486E-002
  3.033537867845781E-002  0.134219344947820      -0.133146013469197     
  4.382764968935752E-002  0.190586956812761      -0.208692628394756     
  6.019744245881415E-002  0.221376275582007      -0.273433351293457     
  7.931456682074942E-002  0.228768729908539      -0.316851252186347     
  0.100282273277429       0.220799580877216      -0.341076392389526     
  0.121193008764077       0.209950481998984      -0.349847584748945     
  0.141020101477710       0.197295857671338      -0.341118370750178     
  0.158369961802852       0.183109006041000      -0.316857050672939     
  0.161533688044587       0.162852929929238      -0.273428766398680     
  0.143122968788804       0.133300939729876      -0.208721532289889     
  0.101045259102260       9.337379966983132E-002 -0.133138580595671     
  5.854400019470265E-002  5.828872288326294E-002 -5.995692460825260E-002
  0.000000000000000E+000  0.000000000000000E+000  0.000000000000000E+000
  0.000000000000000E+000  0.000000000000000E+000  0.000000000000000E+000
  0.000000000000000E+000  0.000000000000000E+000  0.000000000000000E+000
  0.000000000000000E+000  0.000000000000000E+000  0.000000000000000E+000
  1.991069759208867E-002  8.072712394525867E-002 -5.539477800173606E-002
  2.780192362559634E-002  0.142642317025967      -0.126997592625138     
  4.095865301407914E-002  0.200438836265922      -0.203317979721826     
  5.843612803725451E-002  0.237619199025612      -0.270662344870914     
  8.009024894607826E-002  0.251354223816197      -0.320678101804019     
  0.105794576871109       0.246252432672412      -0.351287189016553     
  0.135470639760099       0.234699882951959      -0.364223716927506     
  0.160292276653398       0.214778886261110      -0.351354750566385     
  0.177561909050133       0.195078821246212      -0.320701998351293     
  0.176466175947271       0.169439978717844      -0.270633009504942     
  0.153045357233092       0.135717081700196      -0.203310728302936     
  0.109577911692900       9.537256645569077E-002 -0.126961490673702     
  5.995621679304462E-002  5.759831156715622E-002 -5.543662258050518E-002
  0.000000000000000E+000  0.000000000000000E+000  0.000000000000000E+000
  0.000000000000000E+000  0.000000000000000E+000  0.000000000000000E+000
  0.000000000000000E+000  0.000000000000000E+000  0.000000000000000E+000
  0.000000000000000E+000  0.000000000000000E+000  0.000000000000000E+000
  1.943538732835023E-002  7.993866710581764E-002 -4.899858793226244E-002
  2.502249004513540E-002  0.153371778568480      -0.120320458332397     
  3.723066107951103E-002  0.211679893457795      -0.195211062048393     
  5.561323270451087E-002  0.248035174778974      -0.263173758205117     
  7.867132014528751E-002  0.258246988603476      -0.312934127977123     
  0.106719620264487       0.252485353781310      -0.343695041495913     
  0.137972121686424       0.239044695132626      -0.355793995372861     
  0.165276951221725       0.218757714282267      -0.343831029597398     
  0.184251313876232       0.197300341461172      -0.312974735309444     
  0.186896020313903       0.172195311293139      -0.263124002766442     
  0.164628451422872       0.138098351458671      -0.195157806777881     
  0.120231602535223       9.831793141285236E-002 -0.120249614113457     
  5.948670907274830E-002  5.677154235000877E-002 -4.902273663363418E-002
  0.000000000000000E+000  0.000000000000000E+000  0.000000000000000E+000
  0.000000000000000E+000  0.000000000000000E+000  0.000000000000000E+000
  0.000000000000000E+000  0.000000000000000E+000  0.000000000000000E+000
  0.000000000000000E+000  0.000000000000000E+000  0.000000000000000E+000
  2.290960638484086E-002  6.677628084945872E-002 -4.483234743345320E-002
  2.333643427567498E-002  0.157442723198830      -0.116250539548830     
  3.585839656633742E-002  0.215584386805992      -0.189822127093886     
  5.445483927862832E-002  0.252009256697885      -0.256753606741397     
  7.814452541175738E-002  0.260828917554573      -0.305663237473220     
  0.106793674238542       0.254043213545642      -0.335410572033493     
  0.138640948545344       0.240196182994461      -0.347164076255613     
  0.166634570035908       0.219657811774801      -0.335616466793760     
  0.186788814042377       0.198172290955319      -0.305749693675951     
  0.190930386911601       0.173189662375457      -0.256697431206271     
  0.168698600480108       0.138869460544868      -0.189741521729672     
  0.124568804813007       9.888720105902953E-002 -0.116150662011597     
  4.633538657823363E-002  5.318055506280549E-002 -4.484776008428278E-002
  0.000000000000000E+000  0.000000000000000E+000  0.000000000000000E+000
  0.000000000000000E+000  0.000000000000000E+000  0.000000000000000E+000
  0.000000000000000E+000  0.000000000000000E+000  0.000000000000000E+000
  0.000000000000000E+000  0.000000000000000E+000  0.000000000000000E+000
  2.781708853212867E-002  4.335603645574065E-002 -3.766367834575150E-002
  2.008405413938839E-002  0.153919757735837      -0.110731179715043     
  3.304277705797399E-002  0.209976682173135      -0.182305587919594     
  5.041305472046306E-002  0.243271659035553      -0.245811726874201     
  7.397377822526109E-002  0.250066052143227      -0.291581007685832     
  0.101589810258088       0.242505070434792      -0.318764714187725     
  0.132157422951295       0.228951603294347      -0.329535971635264     
  0.159331896405493       0.209488300762130      -0.319102001913016     
  0.179602530355077       0.189240026291638      -0.291742736774640     
  0.185417002475761       0.165349407138429      -0.245777172725525     
  0.165285543545046       0.133655682095701      -0.182223183503193     
  0.123122266554679       9.430013043240679E-002 -0.110593492014966     
  2.357499894882454E-002  4.569577890793617E-002 -3.767367050734981E-002
  0.000000000000000E+000  0.000000000000000E+000  0.000000000000000E+000
  0.000000000000000E+000  0.000000000000000E+000  0.000000000000000E+000
  0.000000000000000E+000  0.000000000000000E+000  0.000000000000000E+000
  0.000000000000000E+000  0.000000000000000E+000  0.000000000000000E+000
  2.857243090290951E-002  2.128466856303941E-002 -2.937746172569330E-002
  1.569100393279844E-002  0.146578048148127      -0.102758176963915     
  2.607986369550960E-002  0.187861717969510      -0.166713999823572     
  4.223368410612439E-002  0.218743493607117      -0.224363433756299     
  6.425866822552774E-002  0.222791626954132      -0.265613091340196     
  8.937055427885039E-002  0.215587452922255      -0.289548878104405     
  0.117265248253277       0.203120758856023      -0.299273778245238     
  0.142200620788486       0.185511763702767      -0.289997802819982     
  0.160866708892921       0.167225253978087      -0.265855245486501     
  0.168302767269995       0.146038210382778      -0.224383986340701     
  0.149664448429707       0.116596285254486      -0.166659432531019     
  0.118994846715777       8.685609730744608E-002 -0.102604541984173     
  4.061288612163694E-003  3.527771059385101E-002 -2.937823443285580E-002
  0.000000000000000E+000  0.000000000000000E+000  0.000000000000000E+000
  0.000000000000000E+000  0.000000000000000E+000  0.000000000000000E+000
  0.000000000000000E+000  0.000000000000000E+000  0.000000000000000E+000
  0.000000000000000E+000  0.000000000000000E+000  0.000000000000000E+000
  2.584191337766471E-002  7.797440449709918E-003 -2.227974636925871E-002
  1.069140196437099E-002  0.125638354495181      -8.761285039604359E-002
  1.893664014060497E-002  0.152629749447159      -0.140828126733444     
  3.333627038108043E-002  0.181137975449650      -0.190732404114886     
  5.130575743279493E-002  0.183833978351900      -0.227092596370652     
  7.299924947228420E-002  0.177715671328555      -0.246934741065525     
  9.645819244352585E-002  0.166971277826776      -0.255631630690758     
  0.117662229986607       0.152447677730583      -0.247546753130798     
  0.133586059633380       0.136562150363973      -0.227409635716571     
  0.140223332419398       0.119556571796629      -0.190829067341650     
  0.122817734490632       9.282249757432634E-002 -0.140847902549169     
  0.103417741525929       7.208623011657331E-002 -8.746510730972257E-002
 -6.247679470850605E-003  2.616693993073611E-002 -2.228389111192428E-002
  0.000000000000000E+000  0.000000000000000E+000  0.000000000000000E+000
  0.000000000000000E+000  0.000000000000000E+000  0.000000000000000E+000
  0.000000000000000E+000  0.000000000000000E+000  0.000000000000000E+000
  0.000000000000000E+000  0.000000000000000E+000  0.000000000000000E+000
  1.978514508672797E-002  7.259342718859256E-004 -1.284733598739362E-002
  3.038570082630468E-003  9.106934601548890E-002 -6.502835738940345E-002
  1.066919703677031E-002  0.100822221415596      -9.748217045077011E-002
  1.863094814533225E-002  0.125946568027138      -0.140186357290035     
  3.215608701952954E-002  0.123696259328657      -0.163270264903444     
  4.754904457530201E-002  0.119926103597650      -0.178796576351571     
  6.446791624258184E-002  0.111451643319528      -0.184345650750587     
  8.027175829961676E-002  0.101349411273803      -0.179263714865264     
  9.101418000082395E-002  8.985383739294837E-002 -0.163552744039131     
  9.975566073777559E-002  7.921536142529255E-002 -0.140316732068730     
  8.211649344344042E-002  5.975156147302294E-002 -9.757146256712305E-002
  7.732906387034491E-002  4.817969291072034E-002 -6.490037832678729E-002
 -9.302936682653244E-003  1.742498753816986E-002 -1.285670216211352E-002
  0.000000000000000E+000  0.000000000000000E+000  0.000000000000000E+000
  0.000000000000000E+000  0.000000000000000E+000  0.000000000000000E+000
  0.000000000000000E+000  0.000000000000000E+000  0.000000000000000E+000
  0.000000000000000E+000  0.000000000000000E+000  0.000000000000000E+000
  4.841337069088398E-003 -4.088531594173887E-003 -6.945461831398920E-003
  1.443363258320780E-002  2.168038032426750E-002 -1.575606057943184E-002
  1.514690192701268E-002  3.820417336370681E-002 -3.501206386336054E-002
  1.851354212129916E-002  5.343993540833346E-002 -5.521608654111035E-002
  2.111940921398426E-002  5.797918620898218E-002 -6.837111088746990E-002
  2.678293668514538E-002  5.856336756721816E-002 -7.864841217482518E-002
  3.267423731686001E-002  5.631572740370253E-002 -8.135859076557957E-002
  3.742967791114849E-002  5.267328958143169E-002 -7.893975298609050E-002
  3.961010094258590E-002  4.742835743685482E-002 -6.855791930010262E-002
  3.707396508320812E-002  4.277237936225141E-002 -5.526732284259848E-002
  2.563287768446003E-002  3.227275681316379E-002 -3.510055413158435E-002
  1.156645536759505E-002  2.333011847659521E-002 -1.573067080580536E-002
 -5.968266925943471E-003  2.118588674913211E-003 -6.945891099537245E-003
  0.000000000000000E+000  0.000000000000000E+000  0.000000000000000E+000
  0.000000000000000E+000  0.000000000000000E+000  0.000000000000000E+000
  0.000000000000000E+000  0.000000000000000E+000  0.000000000000000E+000
  0.000000000000000E+000  0.000000000000000E+000  0.000000000000000E+000
  0.000000000000000E+000  0.000000000000000E+000  0.000000000000000E+000
  0.000000000000000E+000  0.000000000000000E+000  0.000000000000000E+000
  0.000000000000000E+000  0.000000000000000E+000  0.000000000000000E+000
  0.000000000000000E+000  0.000000000000000E+000  0.000000000000000E+000
  0.000000000000000E+000  0.000000000000000E+000  0.000000000000000E+000
  0.000000000000000E+000  0.000000000000000E+000  0.000000000000000E+000
  0.000000000000000E+000  0.000000000000000E+000  0.000000000000000E+000
  0.000000000000000E+000  0.000000000000000E+000  0.000000000000000E+000
  0.000000000000000E+000  0.000000000000000E+000  0.000000000000000E+000
  0.000000000000000E+000  0.000000000000000E+000  0.000000000000000E+000
  0.000000000000000E+000  0.000000000000000E+000  0.000000000000000E+000
  0.000000000000000E+000  0.000000000000000E+000  0.000000000000000E+000
  0.000000000000000E+000  0.000000000000000E+000  0.000000000000000E+000
  0.000000000000000E+000  0.000000000000000E+000  0.000000000000000E+000
  0.000000000000000E+000  0.000000000000000E+000  0.000000000000000E+000
  0.000000000000000E+000  0.000000000000000E+000  0.000000000000000E+000
  0.000000000000000E+000  0.000000000000000E+000  0.000000000000000E+000
  0.000000000000000E+000  0.000000000000000E+000  0.000000000000000E+000
  0.000000000000000E+000  0.000000000000000E+000  0.000000000000000E+000
  0.000000000000000E+000  0.000000000000000E+000  0.000000000000000E+000
  0.000000000000000E+000  0.000000000000000E+000  0.000000000000000E+000
  0.000000000000000E+000  0.000000000000000E+000  0.000000000000000E+000
  0.000000000000000E+000  0.000000000000000E+000  0.000000000000000E+000
  0.000000000000000E+000  0.000000000000000E+000  0.000000000000000E+000
  0.000000000000000E+000  0.000000000000000E+000  0.000000000000000E+000
  0.000000000000000E+000  0.000000000000000E+000  0.000000000000000E+000
  0.000000000000000E+000  0.000000000000000E+000  0.000000000000000E+000
  0.000000000000000E+000  0.000000000000000E+000  0.000000000000000E+000
  0.000000000000000E+000  0.000000000000000E+000  0.000000000000000E+000
  0.000000000000000E+000  0.000000000000000E+000  0.000000000000000E+000
  0.000000000000000E+000  0.000000000000000E+000  0.000000000000000E+000
  0.000000000000000E+000  0.000000000000000E+000  0.000000000000000E+000
  0.000000000000000E+000  0.000000000000000E+000  0.000000000000000E+000
  0.000000000000000E+000  0.000000000000000E+000  0.000000000000000E+000
 -1.126869542246409E-006  5.042519831867567E-006 -5.899267138159815E-007
  1.509237245510008E-006 -4.740134464605702E-006  1.943956525420558E-006
  4.136684981819894E-006  1.677979635390853E-005  5.921332367094424E-006
  8.435063544293182E-007  4.572084909743437E-005 -1.578724201263672E-005
  1.198621825755821E-005  2.608957260904356E-007  3.948842400152473E-006
  6.442190881922468E-007 -1.010835907118082E-005  1.102908003378668E-005
 -8.110047987966499E-006 -1.412706358918156E-005 -3.650199193278323E-005
 -9.195876039694653E-006 -5.227277565980274E-006  8.092451680337914E-006
 -4.779572153703004E-006  1.138619302261046E-005  3.231190568188471E-006
  3.709491043518329E-005  2.324838085195389E-005 -1.428202750791233E-005
  1.096360731626992E-005  1.120557467088602E-005  5.927943022386479E-006
 -4.234855244135235E-006 -7.005669737386348E-007  1.881409511099754E-006
  4.669471882299774E-006  1.451348599194653E-006 -5.491941793381994E-007
  0.000000000000000E+000  0.000000000000000E+000  0.000000000000000E+000
  0.000000000000000E+000  0.000000000000000E+000  0.000000000000000E+000
  0.000000000000000E+000  0.000000000000000E+000  0.000000000000000E+000
  0.000000000000000E+000  0.000000000000000E+000  0.000000000000000E+000
 -7.080378869587598E-007  1.118178574945564E-006 -3.839390744075009E-007
  1.057178676012968E-006  7.062083670075948E-006  6.582023942776814E-007
  4.781087446281180E-006  9.365907572512153E-006  5.393816902962082E-006
  5.230512982993329E-006  4.079228346310225E-005 -6.635711301660473E-006
  6.213791001162444E-006  9.602823734608953E-006  4.084570169063702E-006
 -6.604788494393387E-007 -1.612164174787486E-005  5.957415038641077E-006
 -1.347825832008086E-006 -2.519736808490621E-006 -1.798318921159506E-005
 -1.309987756987431E-005 -8.303397092699327E-006  4.708071758364915E-006
  5.715131368348220E-006  1.083783481582894E-005  3.314470607325860E-006
  3.117718638290368E-005  2.452580142674458E-005 -6.033880607640686E-006
  4.487379947370734E-006  8.338344009054230E-006  5.565498872628501E-006
  4.365147978536076E-006  3.883168234151276E-006  7.303856211247261E-007
  8.980339010298398E-007 -2.108950823063585E-007 -3.508215933334672E-007
  0.000000000000000E+000  0.000000000000000E+000  0.000000000000000E+000
  0.000000000000000E+000  0.000000000000000E+000  0.000000000000000E+000
  0.000000000000000E+000  0.000000000000000E+000  0.000000000000000E+000
  0.000000000000000E+000  0.000000000000000E+000  0.000000000000000E+000
 -6.318054178803005E-007 -1.621792161472075E-006 -1.748891639620168E-007
  7.836765492511395E-007  1.403662748741988E-005  4.430898514617584E-007
  4.527045724896310E-006  1.007012948640389E-005  4.387073928662233E-006
  8.122704938759965E-006 -6.434465160375755E-007  1.060587599312843E-005
  7.386853686328230E-006  1.530381018698958E-005  2.293854236396474E-006
 -1.958472702850981E-006 -2.818168488583672E-007 -2.890235827311583E-006
 -2.320276490728274E-005 -4.017081489232199E-005  1.224036015588317E-005
 -1.731171400022427E-006 -4.604953818678653E-006 -1.194533995973716E-006
  1.078147724921444E-005  1.494607292756428E-005  9.919685903304322E-007
 -2.794086549222845E-006  8.106120545599444E-006  9.753633616016611E-006
  4.279988439056172E-006  8.076427818064514E-006  4.834265240863687E-006
  9.154906234262321E-006  6.422376236976820E-006  6.232327618289350E-007
 -1.758975193857897E-006 -1.603814610066762E-006 -1.820392676535974E-007
  0.000000000000000E+000  0.000000000000000E+000  0.000000000000000E+000
  0.000000000000000E+000  0.000000000000000E+000  0.000000000000000E+000
  0.000000000000000E+000  0.000000000000000E+000  0.000000000000000E+000
  0.000000000000000E+000  0.000000000000000E+000  0.000000000000000E+000
  1.038958436270143E-007 -5.095368556212573E-006 -1.890960637450631E-007
  1.292837839712809E-006  3.966701536182496E-006  7.096819628251237E-007
  7.043981960877534E-006 -3.879080420429892E-006  5.954254652271788E-006
  6.066542004160800E-006 -3.154682303146423E-005  2.219611459059751E-005
  5.665363963113769E-006  9.128592849347034E-006  2.510106022597932E-006
  4.538152776347667E-006  1.660427619049793E-005 -1.824747412381299E-005
  2.191640665924947E-007  4.670108203579128E-007 -1.421390782167634E-005
  1.137465869841294E-005  1.119726080396387E-005 -1.797544350559890E-005
  5.102017818272964E-006  9.307422806264513E-006  2.186754973310964E-006
 -2.815370713841696E-005 -8.936071606802045E-006  2.099306828855291E-005
 -5.839904251863498E-006  4.897846198548179E-006  5.633215588723463E-006
  2.144632195167539E-006  2.928432081928319E-006  7.437084201169278E-007
 -5.262040097821646E-006 -2.767799586897665E-006 -1.538856983970241E-007
  0.000000000000000E+000  0.000000000000000E+000  0.000000000000000E+000
  0.000000000000000E+000  0.000000000000000E+000  0.000000000000000E+000
  0.000000000000000E+000  0.000000000000000E+000  0.000000000000000E+000
  0.000000000000000E+000  0.000000000000000E+000  0.000000000000000E+000
  5.262501794182558E-007 -3.426016743075928E-006 -3.855417130478969E-007
  4.444143817728861E-006 -1.291671961539392E-005  2.900457171191231E-006
  8.296604865751053E-006  3.994066452201505E-006  3.149242416340467E-006
  9.246937108580133E-006  1.882230963792043E-005 -2.708694107614687E-006
  1.816009816061686E-006 -8.324348747078007E-006  7.750655445689545E-006
 -8.753589020008431E-006 -1.787871197418403E-005  1.033252511773111E-005
 -4.456972358019076E-006 -7.694953814848629E-006 -2.835590958328102E-006
 -1.275928387522371E-005 -1.852839380547797E-005  1.166391894363331E-005
 -8.666326104796397E-006 -3.217605021131268E-006  7.986868706260063E-006
  1.061973052862164E-005  1.681593324607161E-005 -2.058309772964492E-006
 -1.859036510592901E-007  9.606374958331727E-006  2.892819569445114E-006
 -1.165508735137460E-005 -1.811921832130752E-006  2.513950146874798E-006
 -3.427617874887261E-006 -1.452699827974855E-006 -4.177833568883843E-007
  0.000000000000000E+000  0.000000000000000E+000  0.000000000000000E+000
  0.000000000000000E+000  0.000000000000000E+000  0.000000000000000E+000
  0.000000000000000E+000  0.000000000000000E+000  0.000000000000000E+000
  0.000000000000000E+000  0.000000000000000E+000  0.000000000000000E+000
 -7.491294063244867E-007 -1.565598422786988E-006 -6.704306790546599E-007
  4.695076652833079E-006 -1.558891811443552E-006 -1.357766232554947E-006
  9.205556449143852E-006 -1.903598026902517E-006  5.488593672014528E-006
  8.319853639733468E-006  3.557417243887560E-005 -1.882411375400718E-005
 -7.743134746441409E-007 -1.590994576620831E-006 -6.192147626657192E-007
 -7.740927294511917E-006 -1.189387174691652E-005  7.077810085596660E-006
  8.757857886841953E-006  1.504949670270534E-005 -2.489529370690484E-005
 -6.263668152016733E-006 -1.279794488282232E-005  6.375633343137076E-006
 -9.960692814503895E-008 -9.031535860409452E-007 -2.038405233120872E-006
  2.602687210787887E-005  2.482531133365591E-005 -1.815101604195352E-005
 -7.644477096285420E-006  6.468042139220134E-006  6.143069882024507E-006
 -3.436369511882402E-006  3.435654266963913E-006 -1.457030321197895E-006
 -8.274872524633094E-007 -1.396113150651705E-006 -7.847180583649541E-007
  0.000000000000000E+000  0.000000000000000E+000  0.000000000000000E+000
  0.000000000000000E+000  0.000000000000000E+000  0.000000000000000E+000
  0.000000000000000E+000  0.000000000000000E+000  0.000000000000000E+000
  0.000000000000000E+000  0.000000000000000E+000  0.000000000000000E+000
  2.906486201440567E-007 -7.859896319762535E-007 -9.103243321458245E-007
 -2.287615560347439E-006  2.355452233081653E-005 -1.091503215726011E-005
  1.089146552002847E-005 -4.498337167262730E-006  7.369680071041716E-006
  4.605731995986107E-006  1.335809804602776E-005 -8.581837026939545E-006
 -3.359643600006454E-006 -7.931097692690781E-006  1.073951906297083E-006
 -8.340077451987364E-006 -1.899356623401469E-005  1.759036655299301E-005
  1.018760335903824E-005  1.760807816705805E-005 -2.730865438830170E-005
 -1.043413268570719E-005 -1.537168144930788E-005  1.420118650691618E-005
 -5.149876245712960E-006 -7.420427398237788E-006  1.061643082730795E-006
  9.367244253658784E-006  1.084303862295306E-005 -8.573423487747354E-006
 -9.124458930354290E-006  7.266116356318106E-006  7.398777382713785E-006
  1.963219281189788E-005  9.306543549316293E-006 -1.021530811870355E-005
 -7.087802061376166E-007 -1.019109351814550E-007 -1.027933037483548E-006
  0.000000000000000E+000  0.000000000000000E+000  0.000000000000000E+000
  0.000000000000000E+000  0.000000000000000E+000  0.000000000000000E+000
  0.000000000000000E+000  0.000000000000000E+000  0.000000000000000E+000
  0.000000000000000E+000  0.000000000000000E+000  0.000000000000000E+000
  1.428851119826149E-006  4.925869380853643E-007 -8.911016596926973E-007
 -4.789474985071252E-006  2.401034693043282E-005 -1.379153782248111E-005
  1.265736596571714E-005 -1.372759020964294E-005  1.464502257260482E-005
  7.514869176830440E-007  1.656719901809506E-005 -1.337862497361227E-005
 -4.468131877996607E-006 -1.366499429352444E-005  2.334015844574846E-006
 -2.878558677968048E-006 -1.745169641585409E-005  2.426433820597214E-005
  8.198099391020501E-006  1.443980601945439E-005 -3.027416593487661E-005
 -1.378823413835016E-005 -1.186936239965022E-005  2.516881529562341E-005
 -9.649057336547087E-006 -1.158059877820646E-005  3.423655647225544E-006
  1.280566984989403E-005  8.333193210855346E-006 -1.156703655340973E-005
 -1.604090111502600E-005  4.599136233944334E-006  1.315362554841129E-005
  2.186796511377831E-005  7.593068098501722E-006 -1.301157729838664E-005
 -3.383435127798293E-007  1.404336681582825E-006 -1.001008641520576E-006
  0.000000000000000E+000  0.000000000000000E+000  0.000000000000000E+000
  0.000000000000000E+000  0.000000000000000E+000  0.000000000000000E+000
  0.000000000000000E+000  0.000000000000000E+000  0.000000000000000E+000
  0.000000000000000E+000  0.000000000000000E+000  0.000000000000000E+000
  1.860251444215805E-006  3.915187362931379E-007 -1.201126751469969E-006
 -2.720806503477186E-006  1.094878888414723E-005 -8.299594488958628E-006
  1.428541305686674E-005 -1.494339363429621E-005  2.206267724397300E-005
 -1.202439834943840E-005  2.861069046121036E-005 -4.129808570989105E-005
  1.292872388909606E-006 -1.552516690093303E-005  7.913960334378990E-006
  2.898415096749143E-006 -5.018995519801835E-006 -5.986297456936723E-006
  2.247765911945173E-007  3.603785317880443E-007  4.991109505946279E-006
 -7.169968400978940E-006 -3.125356148004378E-007 -1.392379143171275E-006
 -1.235726708576652E-005 -7.112297963955760E-006  5.453471273442142E-006
  2.996561007922163E-005  3.456429326400549E-006 -3.880533722269041E-005
 -1.852444994557269E-005  4.910925114574395E-006  2.087256405973452E-005
  1.069607499047253E-005  3.101341101096274E-006 -8.197448068207100E-006
 -6.246539309929536E-007  1.741915315703234E-006 -1.164095796028847E-006
  0.000000000000000E+000  0.000000000000000E+000  0.000000000000000E+000
  0.000000000000000E+000  0.000000000000000E+000  0.000000000000000E+000
  0.000000000000000E+000  0.000000000000000E+000  0.000000000000000E+000
  0.000000000000000E+000  0.000000000000000E+000  0.000000000000000E+000
  6.487168215952555E-007 -5.021649517352165E-007 -1.044158991236038E-006
  1.013236606117900E-006  1.864607461512591E-006  1.116677774895730E-006
  1.647869484756830E-006  1.952248447289936E-006 -1.058207410679329E-006
 -2.487712664912859E-006  9.214836895366431E-006 -1.303594685951489E-005
  2.083012045494176E-006 -1.183947282390379E-005  1.742284705414968E-005
  3.755841675336623E-006 -2.974721204800851E-006 -1.255759818660908E-005
  1.396902075072166E-006  2.459858035967257E-006 -7.837405906968427E-006
 -4.522602261810461E-006  1.849248633592541E-006 -1.218328937899676E-005
 -1.034486221914144E-005 -4.158344418266127E-006  1.590979374770580E-005
  9.239830360345791E-006  2.114407467799015E-006 -1.232744512503135E-005
  1.248701913290479E-006  2.405690690481059E-006 -8.231377314319922E-007
  1.056870861460803E-006  1.832755884743180E-006  1.054064936086032E-006
 -7.411942879002077E-007  2.789312619179444E-007 -1.029289922598990E-006
  0.000000000000000E+000  0.000000000000000E+000  0.000000000000000E+000
  0.000000000000000E+000  0.000000000000000E+000  0.000000000000000E+000
  0.000000000000000E+000  0.000000000000000E+000  0.000000000000000E+000
  0.000000000000000E+000  0.000000000000000E+000  0.000000000000000E+000
  0.000000000000000E+000  0.000000000000000E+000  0.000000000000000E+000
  0.000000000000000E+000  0.000000000000000E+000  0.000000000000000E+000
  0.000000000000000E+000  0.000000000000000E+000  0.000000000000000E+000
  0.000000000000000E+000  0.000000000000000E+000  0.000000000000000E+000
  0.000000000000000E+000  0.000000000000000E+000  0.000000000000000E+000
  0.000000000000000E+000  0.000000000000000E+000  0.000000000000000E+000
  0.000000000000000E+000  0.000000000000000E+000  0.000000000000000E+000
  0.000000000000000E+000  0.000000000000000E+000  0.000000000000000E+000
  0.000000000000000E+000  0.000000000000000E+000  0.000000000000000E+000
  0.000000000000000E+000  0.000000000000000E+000  0.000000000000000E+000
  0.000000000000000E+000  0.000000000000000E+000  0.000000000000000E+000
  0.000000000000000E+000  0.000000000000000E+000  0.000000000000000E+000
  0.000000000000000E+000  0.000000000000000E+000  0.000000000000000E+000
  0.000000000000000E+000  0.000000000000000E+000  0.000000000000000E+000
  0.000000000000000E+000  0.000000000000000E+000  0.000000000000000E+000
  0.000000000000000E+000  0.000000000000000E+000  0.000000000000000E+000
  0.000000000000000E+000  0.000000000000000E+000  0.000000000000000E+000
  0.000000000000000E+000  0.000000000000000E+000  0.000000000000000E+000
  0.000000000000000E+000  0.000000000000000E+000  0.000000000000000E+000
  0.000000000000000E+000  0.000000000000000E+000  0.000000000000000E+000
  0.000000000000000E+000  0.000000000000000E+000  0.000000000000000E+000
  0.000000000000000E+000  0.000000000000000E+000  0.000000000000000E+000
  0.000000000000000E+000  0.000000000000000E+000  0.000000000000000E+000
  0.000000000000000E+000  0.000000000000000E+000  0.000000000000000E+000
  0.000000000000000E+000  0.000000000000000E+000  0.000000000000000E+000
  0.000000000000000E+000  0.000000000000000E+000  0.000000000000000E+000
  0.000000000000000E+000  0.000000000000000E+000  0.000000000000000E+000
  0.000000000000000E+000  0.000000000000000E+000  0.000000000000000E+000
  0.000000000000000E+000  0.000000000000000E+000  0.000000000000000E+000
  0.000000000000000E+000  0.000000000000000E+000  0.000000000000000E+000
  0.000000000000000E+000  0.000000000000000E+000  0.000000000000000E+000
  0.000000000000000E+000  0.000000000000000E+000  0.000000000000000E+000
  0.000000000000000E+000  0.000000000000000E+000  0.000000000000000E+000
  0.000000000000000E+000  0.000000000000000E+000  0.000000000000000E+000
 -8.396951163649101E-003  3.650872771252935E-002  7.208496659929358E-003
  3.451585609283808E-002 -8.190366563317129E-002  7.604964707413960E-002
  0.116168313725674       0.108424391446760       0.192362849054430     
  5.652786945689491E-002  0.498215996941936      -0.100390095044125     
  0.312805056241013      -0.199148044681371       0.411923082743286     
 -8.425579761587337E-002 -0.203865248520439       0.224357689330232     
 -0.188395785637285      -0.337975383489002       -1.76553074534430     
 -0.127027965686994      -0.206960083166992       0.179584690639645     
 -0.365491861671354       0.173166960754599       0.465902405202706     
  0.375855723974082       0.317208290496083      -5.207229937742272E-002
  4.106448438724149E-002  0.159918128458007       0.198030302274212     
 -0.103719002681879      -2.701873279546567E-002  7.111111178048270E-002
  4.855558457715762E-002  1.405032761605707E-002 -1.362122559543809E-003
  0.000000000000000E+000  0.000000000000000E+000  0.000000000000000E+000
  0.000000000000000E+000  0.000000000000000E+000  0.000000000000000E+000
  0.000000000000000E+000  0.000000000000000E+000  0.000000000000000E+000
  0.000000000000000E+000  0.000000000000000E+000  0.000000000000000E+000
 -2.354561023470798E-003  3.942797050595045E-004  8.331250891509405E-003
  3.645805122120297E-002  3.387639716351530E-002  4.999891045804059E-002
  0.130222282693341      -2.610333457519621E-002  0.201988678212300     
  0.110046935229787       0.541570805176107      -4.490650925317143E-002
  8.750520158322150E-002 -8.640000021688655E-002  0.189089089743547     
 -7.457571101070671E-003 -0.395943991184084       0.191059353890807     
  0.233701080419091       0.385603066450700      -0.696756943689504     
 -0.339345045198942      -0.214891272631782       0.170045762361081     
 -0.158877268322526       1.635098349269147E-002  0.228612830920624     
  0.422163005282441       0.388526024942601      -2.929954039111116E-002
 -7.109054303301748E-002  0.112040269528282       0.201050422005007     
 -9.386865570299806E-004  3.632901060052404E-002  4.357106271982578E-002
  2.791266883528696E-002  5.587808584366316E-003  4.030945074376991E-004
  0.000000000000000E+000  0.000000000000000E+000  0.000000000000000E+000
  0.000000000000000E+000  0.000000000000000E+000  0.000000000000000E+000
  0.000000000000000E+000  0.000000000000000E+000  0.000000000000000E+000
  0.000000000000000E+000  0.000000000000000E+000  0.000000000000000E+000
 -2.067794606389735E-003 -3.071565765035685E-002  1.114715708800772E-002
  3.583191796336049E-002  0.143601156214764       4.535984671767836E-002
  0.113869468833726      -3.778177230094242E-002  0.172643186307806     
  0.159741749942065       0.104989203166952       0.182101799237171     
  0.174684069372181       0.824670392661486      -0.309109373087283     
 -0.120067240879212      -0.261199029977498       8.942128374742658E-002
  -1.09272948366711       -1.89885063796922        1.14379114476788     
 -0.203493616492924      -0.298765529268170       0.112574888781979     
  0.654600192829165       0.585332906309769      -0.320021102315478     
  0.122654187353528       0.280240233525185       0.148450215898923     
 -6.866712151862063E-002  0.101637649837203       0.171176030514661     
  0.100049648774791       9.215053212128069E-002  3.776927555555792E-002
  1.535209278387128E-002 -2.288901162668207E-003  3.292898963463269E-003
  0.000000000000000E+000  0.000000000000000E+000  0.000000000000000E+000
  0.000000000000000E+000  0.000000000000000E+000  0.000000000000000E+000
  0.000000000000000E+000  0.000000000000000E+000  0.000000000000000E+000
  0.000000000000000E+000  0.000000000000000E+000  0.000000000000000E+000
  6.849676890650582E-003 -6.408789601458718E-002  7.347150924402960E-003
  2.517918579706638E-002  0.226582487929852       3.455735938707621E-002
  0.113805685701919       0.337482504549610       6.220315675387054E-002
  7.399593746058029E-002 -0.746484224619871       0.461659993373914     
  1.054350193010929E-002 -0.281352888665195       0.270695660070018     
  0.232698046915576       0.786094772831103      -0.682290030709769     
  0.541326556362061       0.932316447386872       -1.05912790527736     
  0.540781352786305       0.556564630864322      -0.678561290755263     
 -0.244684059050099      -0.123771596405046       0.262055939238197     
 -0.730051693027532      -0.311904211865092       0.487884073731793     
  0.162043099304215       0.241477308063826       8.216767137714960E-002
  0.205302597556844       0.141556226299407       2.377427169008907E-002
 -3.608694235995686E-003 -7.029119771589168E-003 -1.711437143851360E-003
  0.000000000000000E+000  0.000000000000000E+000  0.000000000000000E+000
  0.000000000000000E+000  0.000000000000000E+000  0.000000000000000E+000
  0.000000000000000E+000  0.000000000000000E+000  0.000000000000000E+000
  0.000000000000000E+000  0.000000000000000E+000  0.000000000000000E+000
  8.739811759949404E-003 -1.579299641326620E-002  2.049041875964459E-004
  4.522583014236388E-002  2.076073881793163E-002  4.561430681249495E-002
  0.105686035709284       6.266782418366122E-002  9.466515272547707E-002
  3.739612102633829E-002 -0.143533989132676       0.245459484811668     
 -4.646313697553386E-002  2.911211490655835E-003  6.191075086503963E-002
 -0.116354779573808      -0.121629745036580      -1.722554285189035E-002
 -0.194899846756576      -0.334829783143592       0.141481175674550     
 -6.367741226581197E-002 -0.181667909116780      -3.074560014180239E-002
  6.673124912464894E-002 -1.262480097999146E-003 -3.958370814165885E-003
 -0.182097010367957      -3.665536121580278E-002  0.260025541679543     
 -7.746907963638129E-002  0.106733659762743       0.120385953396047     
  3.720550811317936E-002  6.672307620866440E-002  2.792547919194499E-002
  1.669128939784982E-002  1.092473922935447E-002 -6.591487623042859E-003
  0.000000000000000E+000  0.000000000000000E+000  0.000000000000000E+000
  0.000000000000000E+000  0.000000000000000E+000  0.000000000000000E+000
  0.000000000000000E+000  0.000000000000000E+000  0.000000000000000E+000
  0.000000000000000E+000  0.000000000000000E+000  0.000000000000000E+000
 -1.507304538810954E-003  1.536503433492725E-002  1.109515059715881E-003
  8.279904156870457E-002 -9.843819161209547E-002  1.989515437561624E-002
  9.583129489611901E-002 -0.148079341319340       0.167663097567188     
 -3.355602572407196E-003  0.690502188164622      -0.334482977201040     
 -0.151990339859669      -0.101965265737717       7.585733835108055E-002
 -0.360229910980599      -0.597440294536511       0.592439587969301     
 -9.985956285267765E-002 -0.156692363090266       0.210913932519871     
 -0.354320025909210      -0.627296445713172       0.581052493675530     
  9.834327453777211E-004 -0.182982178487321       2.714821554924924E-002
  0.611520842633211       0.364888164476722      -0.357051090711899     
 -0.200720873228191       2.557938220639207E-002  0.181020566451543     
 -9.681817551972205E-002  3.450760087878055E-002  6.377214602957861E-003
  2.305601625135670E-002  1.413975478009420E-002 -1.305184300131457E-003
  0.000000000000000E+000  0.000000000000000E+000  0.000000000000000E+000
  0.000000000000000E+000  0.000000000000000E+000  0.000000000000000E+000
  0.000000000000000E+000  0.000000000000000E+000  0.000000000000000E+000
  0.000000000000000E+000  0.000000000000000E+000  0.000000000000000E+000
  2.115048829943371E-003  1.929515518817131E-003 -6.052684151078058E-003
  4.080508964358200E-002  7.623896228373823E-003 -3.155126333120789E-002
  5.951356278793084E-002  0.201411789277066      -0.108670133961710     
 -7.858025775448783E-002  0.355275002151755      -0.325457107193135     
 -0.214275318325124      -3.686698865858241E-002 -1.714494259374461E-002
 -0.151847932264088       0.240886163062882      -0.267500815651472     
  0.723933409503508        1.26850018495669       -1.72000269063100     
  0.260326999730818      -2.609057513522684E-002 -0.249230824234187     
  5.273572491880012E-002 -0.243719335603697      -1.156830127308705E-002
  0.383002691579506       0.115935481900995      -0.353652858385642     
  0.118197339262258       0.160517305976361      -7.413768796248332E-002
  2.088141278743495E-002  5.565975373336846E-002 -4.393674252648230E-002
  8.271582695402815E-004  5.576971132369445E-003 -7.302629540252019E-003
  0.000000000000000E+000  0.000000000000000E+000  0.000000000000000E+000
  0.000000000000000E+000  0.000000000000000E+000  0.000000000000000E+000
  0.000000000000000E+000  0.000000000000000E+000  0.000000000000000E+000
  0.000000000000000E+000  0.000000000000000E+000  0.000000000000000E+000
 -3.761315372215989E-003  4.196558634265352E-003 -1.349125826559616E-002
  6.986754673759572E-002 -5.647790324445579E-002 -4.334189645895079E-002
  8.803764765314473E-002 -4.213485723538701E-002 -0.104369221264613     
  1.740713461550333E-002 -0.187275991851023       2.328039907021483E-002
 -0.103715379739195      -0.313646747806888       4.136495351374286E-002
 -5.978796919820750E-002 -0.350737768803648       0.656182702850220     
  3.856397420782109E-002  9.145830178486947E-002  0.452246262002976     
 -0.220401338699425      -0.174096240957691       0.529603343179445     
 -0.261809776991357      -0.301489132987495       0.123329956070030     
 -0.141475700897422      -9.688990077602827E-002  1.290812867078276E-002
 -8.311840733000536E-002  6.217609217437572E-002 -6.152997066034834E-002
 -4.701751675392123E-002  4.452630689384947E-002 -5.124726702754043E-002
  3.137940905607390E-003  1.903087713342099E-003 -1.479047088771845E-002
  0.000000000000000E+000  0.000000000000000E+000  0.000000000000000E+000
  0.000000000000000E+000  0.000000000000000E+000  0.000000000000000E+000
  0.000000000000000E+000  0.000000000000000E+000  0.000000000000000E+000
  0.000000000000000E+000  0.000000000000000E+000  0.000000000000000E+000
 -1.071065013777994E-002  1.325685627838803E-002 -2.001490772786065E-002
  9.348458658948666E-002 -0.122388932001419      -8.948298458441707E-003
  0.130247504048156      -0.168431402628572       4.505377516070766E-002
 -4.041752207268980E-002 -1.679931576384487E-002 -0.373078613232989     
  6.543037682758920E-003 -0.259763210268090      -0.165266107422280     
  0.167483408572700      -0.100348269932658      -0.177035781179293     
 -1.482740315941443E-002 -3.856581525000805E-002   1.30033843874585     
 -0.164919432577081       0.106054438081457      -0.180253047429776     
 -0.249641787124076      -0.132409149226994      -0.134882484936294     
  4.017411503997011E-002 -6.963413131408228E-002 -0.382538426977681     
 -0.190363911080604       3.315331977894868E-002  6.872137709982076E-002
 -0.124376765035385       2.483714359637645E-002 -1.142474155081043E-002
  1.384075708353632E-002  8.148064162589039E-004 -2.107534696419731E-002
  0.000000000000000E+000  0.000000000000000E+000  0.000000000000000E+000
  0.000000000000000E+000  0.000000000000000E+000  0.000000000000000E+000
  0.000000000000000E+000  0.000000000000000E+000  0.000000000000000E+000
  0.000000000000000E+000  0.000000000000000E+000  0.000000000000000E+000
  8.123170363152472E-003 -2.063199696157908E-003 -8.978972159715815E-003
 -2.214664426446650E-003 -1.666748478337058E-002 -3.049394603110881E-002
  4.838544254957127E-002 -5.368112423184589E-002 -7.420939088541033E-002
  4.623238714658542E-002 -0.141591142733837      -0.113554166336188     
  0.161308973038406      -0.266799461785939       2.748749450122171E-002
  0.153850089996282      -6.280166663536577E-002 -0.470159382224025     
  0.136438895885300       0.211785666599460      -0.763508167125213     
 -0.159075273139865       8.947717367829544E-002 -0.362272424462859     
 -0.297671579752390       1.117263376018904E-002 -2.035929869252929E-002
 -0.141698532807062      -3.952808744029217E-002 -9.849728214559278E-002
 -5.315296318999874E-002  1.263121167256410E-002 -6.330548009995693E-002
 -7.828491948444356E-003 -4.729138306252506E-003 -2.160707676540523E-002
 -7.005159471100825E-003  5.776343499202785E-003 -9.796060423030261E-003
  0.000000000000000E+000  0.000000000000000E+000  0.000000000000000E+000
  0.000000000000000E+000  0.000000000000000E+000  0.000000000000000E+000
  0.000000000000000E+000  0.000000000000000E+000  0.000000000000000E+000
  0.000000000000000E+000  0.000000000000000E+000  0.000000000000000E+000
  0.000000000000000E+000  0.000000000000000E+000  0.000000000000000E+000
  0.000000000000000E+000  0.000000000000000E+000  0.000000000000000E+000
  0.000000000000000E+000  0.000000000000000E+000  0.000000000000000E+000
  0.000000000000000E+000  0.000000000000000E+000  0.000000000000000E+000
  0.000000000000000E+000  0.000000000000000E+000  0.000000000000000E+000
  0.000000000000000E+000  0.000000000000000E+000  0.000000000000000E+000
  0.000000000000000E+000  0.000000000000000E+000  0.000000000000000E+000
  0.000000000000000E+000  0.000000000000000E+000  0.000000000000000E+000
  0.000000000000000E+000  0.000000000000000E+000  0.000000000000000E+000
  0.000000000000000E+000  0.000000000000000E+000  0.000000000000000E+000
  0.000000000000000E+000  0.000000000000000E+000  0.000000000000000E+000
  0.000000000000000E+000  0.000000000000000E+000  0.000000000000000E+000
  0.000000000000000E+000  0.000000000000000E+000  0.000000000000000E+000
  0.000000000000000E+000  0.000000000000000E+000  0.000000000000000E+000
  0.000000000000000E+000  0.000000000000000E+000  0.000000000000000E+000
  0.000000000000000E+000  0.000000000000000E+000  0.000000000000000E+000
  0.000000000000000E+000  0.000000000000000E+000  0.000000000000000E+000
  0.000000000000000E+000  0.000000000000000E+000  0.000000000000000E+000
  0.000000000000000E+000  0.000000000000000E+000  0.000000000000000E+000
  0.000000000000000E+000  0.000000000000000E+000  0.000000000000000E+000
  0.000000000000000E+000  0.000000000000000E+000  0.000000000000000E+000
  0.000000000000000E+000  0.000000000000000E+000  0.000000000000000E+000
  0.000000000000000E+000  0.000000000000000E+000  0.000000000000000E+000
  0.000000000000000E+000  0.000000000000000E+000  0.000000000000000E+000
  0.000000000000000E+000  0.000000000000000E+000  0.000000000000000E+000
  0.000000000000000E+000  0.000000000000000E+000  0.000000000000000E+000
  0.000000000000000E+000  0.000000000000000E+000  0.000000000000000E+000
  0.000000000000000E+000  0.000000000000000E+000  0.000000000000000E+000
  0.000000000000000E+000  0.000000000000000E+000  0.000000000000000E+000
  0.000000000000000E+000  0.000000000000000E+000  0.000000000000000E+000
  0.000000000000000E+000  0.000000000000000E+000  0.000000000000000E+000
  0.000000000000000E+000  0.000000000000000E+000  0.000000000000000E+000
