          80  8.000000000000007E-003  8.000000000000007E-003
  0.000000000000000E+000  0.000000000000000E+000  0.000000000000000E+000
  0.000000000000000E+000  0.000000000000000E+000  0.000000000000000E+000
  2.140707776999394E-002  3.379953164942830E-002 -4.281403646282105E-002
  1.544768675398657E-002  8.610086033899469E-002 -7.197671732835197E-002
  1.929926735035961E-002  0.106236232363280      -0.101346642996146     
  2.071128633975891E-002  0.129347877740088      -0.118854085250706     
  2.480938253740875E-002  0.113802227775343      -0.125579723911941     
  2.956062619281366E-002  8.573740470874981E-002 -0.123018341512447     
  3.888216412958247E-002  6.740300613901375E-002 -0.121178648896022     
  5.940814450556610E-002  6.846724842034749E-002 -0.123013334567428     
  8.609088209906546E-002  7.840624326504232E-002 -0.125576394743461     
  0.101611368352232       8.264655149530034E-002 -0.118847064619557     
  8.231854214638645E-002  6.987609084641372E-002 -0.101350669273686     
  6.676242650563727E-002  5.646118922068583E-002 -7.195238828869763E-002
  1.864858914467080E-002  3.552505724998777E-002 -4.279036734588924E-002
  0.000000000000000E+000  0.000000000000000E+000  0.000000000000000E+000
  0.000000000000000E+000  0.000000000000000E+000  0.000000000000000E+000
  0.000000000000000E+000  0.000000000000000E+000  0.000000000000000E+000
  0.000000000000000E+000  0.000000000000000E+000  0.000000000000000E+000
  1.946777586208171E-002  3.083127047441240E-002 -3.822348604870941E-002
  1.363546628147490E-002  8.349783896222450E-002 -7.017642676592478E-002
  1.620298403073219E-002  0.107147098808749      -9.824370851874856E-002
  1.840385627448121E-002  0.123587338325255      -0.117356485638811     
  2.424595837761075E-002  0.106837542611091      -0.123575008014985     
  2.985803954638537E-002  7.968032956847240E-002 -0.121191142956710     
  3.694644107997803E-002  6.404691237291497E-002 -0.118414828870115     
  5.401918972496361E-002  6.570123282491204E-002 -0.121194138858069     
  8.034621751363158E-002  7.443685426826707E-002 -0.123575747442557     
  9.777103257718833E-002  7.775952949826746E-002 -0.117346893500902     
  8.464758027678015E-002  6.764236619026490E-002 -9.824184090609005E-002
  6.542489652755562E-002  5.358062433503803E-002 -7.014330237411706E-002
  1.703484402474759E-002  3.235748310194120E-002 -3.819369311212994E-002
  0.000000000000000E+000  0.000000000000000E+000  0.000000000000000E+000
  0.000000000000000E+000  0.000000000000000E+000  0.000000000000000E+000
  0.000000000000000E+000  0.000000000000000E+000  0.000000000000000E+000
  0.000000000000000E+000  0.000000000000000E+000  0.000000000000000E+000
  1.616867836764413E-002  2.353152134449512E-002 -3.044520173047711E-002
  1.121684145749384E-002  8.065578038778751E-002 -6.592555340812412E-002
  1.073899610911812E-002  0.107671368747073      -9.359057146303230E-002
  1.539883050125430E-002  0.115170316836871      -0.113114484749989     
  2.142019331579898E-002  9.520502815662632E-002 -0.118924660404131     
  2.692464086334917E-002  6.900431315739868E-002 -0.116653306815410     
  3.180986520193606E-002  5.513860772092343E-002 -0.114581497212512     
  4.624361055958743E-002  5.783677128559991E-002 -0.116671058979666     
  7.169210597727212E-002  6.617199644909827E-002 -0.118932617350171     
  9.198003299632133E-002  7.093928666782445E-002 -0.113101434626208     
  8.782269669079949E-002  6.315363142890298E-002 -9.357315819386557E-002
  6.418237593172117E-002  5.005415984492328E-002 -6.587908534166743E-002
  1.234255323755562E-002  2.584284995018166E-002 -3.040605220524736E-002
  0.000000000000000E+000  0.000000000000000E+000  0.000000000000000E+000
  0.000000000000000E+000  0.000000000000000E+000  0.000000000000000E+000
  0.000000000000000E+000  0.000000000000000E+000  0.000000000000000E+000
  0.000000000000000E+000  0.000000000000000E+000  0.000000000000000E+000
  1.755045438182926E-002  9.520389811516566E-003 -2.261167597735143E-002
  5.234651093083843E-003  7.769583956092682E-002 -5.790072807126155E-002
  8.113012544037330E-003  0.104393839300009      -8.776718100827101E-002
  9.341770380326516E-003  0.103109133687549      -0.105799871264210     
  1.648713240559425E-002  8.100417240811049E-002 -0.110967971978785     
  2.015314181775161E-002  5.413922264880367E-002 -0.108692356701805     
  2.412787961573978E-002  4.181986971673332E-002 -0.106826359061853     
  3.677954584298452E-002  4.455796760625057E-002 -0.108732248170293     
  6.186740917852002E-002  5.480770929455143E-002 -0.110988387541901     
  8.456481881508160E-002  5.964855920004245E-002 -0.105779998507849     
  8.628084114480615E-002  5.922269972195743E-002 -8.772804621400970E-002
  6.461051264796826E-002  4.336816498716769E-002 -5.783944342007812E-002
 -5.060569125898557E-004  2.003067642060264E-002 -2.255036566808804E-002
  0.000000000000000E+000  0.000000000000000E+000  0.000000000000000E+000
  0.000000000000000E+000  0.000000000000000E+000  0.000000000000000E+000
  0.000000000000000E+000  0.000000000000000E+000  0.000000000000000E+000
  0.000000000000000E+000  0.000000000000000E+000  0.000000000000000E+000
  1.093014917888615E-002 -4.303070667613072E-003 -1.399815330385579E-002
  8.539765776841171E-003  7.714225042454563E-002 -5.254053489612556E-002
  2.445715118013648E-003  9.367886001248414E-002 -8.030674803416073E-002
  5.730273330098689E-003  9.193860537969981E-002 -9.761967351423120E-002
  1.038823018497853E-002  6.738874981848401E-002 -0.101985128986483     
  1.417561458965990E-002  4.218834716889640E-002 -9.916741775177872E-002
  1.752738980002228E-002  3.037236489034518E-002 -9.719575574789996E-002
  2.946584602781886E-002  3.344586545245257E-002 -9.924650791606238E-002
  5.314485942150720E-002  4.271644721677136E-002 -0.102019522401513     
  7.668554841537902E-002  5.094693676151226E-002 -9.759843716825881E-002
  7.982976243155422E-002  4.892677516683808E-002 -8.023892408495542E-002
  6.248257873201422E-002  4.594138750021395E-002 -5.247316122018138E-002
 -9.180662590859374E-003  7.386757718553743E-003 -1.392420165113276E-002
  0.000000000000000E+000  0.000000000000000E+000  0.000000000000000E+000
  0.000000000000000E+000  0.000000000000000E+000  0.000000000000000E+000
  0.000000000000000E+000  0.000000000000000E+000  0.000000000000000E+000
  0.000000000000000E+000  0.000000000000000E+000  0.000000000000000E+000
  1.375417068973383E-002 -5.975610135249794E-003 -1.204681586873800E-002
  6.696665022004876E-003  6.804739060974821E-002 -4.464560971444864E-002
  1.107797240353817E-003  8.089069954788347E-002 -7.154726739338044E-002
  1.773607326878813E-003  7.899514357733362E-002 -8.745493740119681E-002
  5.018207377791477E-003  5.582609956153270E-002 -9.126566969535570E-002
  9.066404939150431E-003  3.347168319955680E-002 -8.830921945564904E-002
  1.280408287132785E-002  2.218622652030630E-002 -8.606668461428464E-002
  2.454297671214810E-002  2.469441209663656E-002 -8.845807004299326E-002
  4.583683990557685E-002  3.230984118960584E-002 -9.132424285974929E-002
  6.744104460707309E-002  4.103135250244212E-002 -8.743031668423754E-002
  6.942732508580082E-002  4.141429280673675E-002 -7.146140259911449E-002
  5.554473157341484E-002  3.971665948177360E-002 -4.457930747628796E-002
 -1.204217444015020E-002  9.042562443001594E-003 -1.192035251154323E-002
  0.000000000000000E+000  0.000000000000000E+000  0.000000000000000E+000
  0.000000000000000E+000  0.000000000000000E+000  0.000000000000000E+000
  0.000000000000000E+000  0.000000000000000E+000  0.000000000000000E+000
  0.000000000000000E+000  0.000000000000000E+000  0.000000000000000E+000
  1.009839663369098E-002 -4.168482969115479E-003 -6.878852599308535E-003
  8.596414734507460E-003  5.282607955956697E-002 -3.727315726248322E-002
 -2.339860549277152E-004  6.571267845832138E-002 -5.948957825086666E-002
 -9.305878495168902E-004  6.340924450152090E-002 -7.439084356581056E-002
  9.127063218759313E-004  4.522914905482890E-002 -7.841037395456817E-002
  4.803086752011835E-003  2.649392719031864E-002 -7.633237539547809E-002
  9.641192921445553E-003  1.669015624078976E-002 -7.448250808892913E-002
  2.068984835611509E-002  1.754063156837867E-002 -7.657413062252218E-002
  3.873900682384970E-002  2.345779187431880E-002 -7.849553544694089E-002
  5.528096161351274E-002  3.091569333846020E-002 -7.436807120325319E-002
  5.696312962501459E-002  3.265463118557370E-002 -5.940137735723843E-002
  4.143215317437370E-002  3.378557997813805E-002 -3.721847225337319E-002
 -8.608332265626342E-003  6.703265602082472E-003 -6.700586224849517E-003
  0.000000000000000E+000  0.000000000000000E+000  0.000000000000000E+000
  0.000000000000000E+000  0.000000000000000E+000  0.000000000000000E+000
  0.000000000000000E+000  0.000000000000000E+000  0.000000000000000E+000
  0.000000000000000E+000  0.000000000000000E+000  0.000000000000000E+000
  9.277490894814057E-003 -4.195075995272965E-003 -4.396909637002722E-003
  8.258696817023977E-003  3.653883411484449E-002 -2.774261991947323E-002
  1.542238529712041E-004  4.551002681429125E-002 -4.343234395484850E-002
 -1.592468562219889E-003  4.648011492231049E-002 -5.744743335996893E-002
 -1.772804359160080E-003  3.324933404197804E-002 -6.170152433501664E-002
  1.725728259594305E-003  2.036765974462463E-002 -6.208327364827738E-002
  6.952678201817822E-003  1.201363654680404E-002 -6.136653792600943E-002
  1.696682628610292E-002  1.180670005604451E-002 -6.241667315967078E-002
  2.968896085970643E-002  1.515347632214092E-002 -6.177327064748311E-002
  4.098344720399365E-002  2.186488210617759E-002 -5.748986642624360E-002
  3.928293219790893E-002  2.292827044632677E-002 -4.325269107964311E-002
  2.746440149771827E-002  2.529515085174843E-002 -2.788608701063972E-002
 -8.144873061256377E-003  6.077643997009149E-003 -3.958294918468195E-003
  0.000000000000000E+000  0.000000000000000E+000  0.000000000000000E+000
  0.000000000000000E+000  0.000000000000000E+000  0.000000000000000E+000
  0.000000000000000E+000  0.000000000000000E+000  0.000000000000000E+000
  0.000000000000000E+000  0.000000000000000E+000  0.000000000000000E+000
  6.189808343377742E-003 -3.956241718385856E-003 -4.452710604018566E-003
  5.893628747134022E-003  1.856038152981214E-002 -1.392784155291482E-002
  1.861915752207773E-003  2.465349742442891E-002 -2.567964900569867E-002
 -1.049088418812363E-003  2.670364637047728E-002 -3.460195432550243E-002
 -2.218041451185864E-003  2.006137658552630E-002 -3.981505598739531E-002
 -3.835920421170236E-004  1.266174635506404E-002 -4.198612787626094E-002
  4.110809714456045E-003  7.058065238162597E-003 -4.306948719693519E-002
  1.131154336580806E-002  6.088047985780031E-003 -4.229084011996160E-002
  1.848195060609570E-002  8.152095793584327E-003 -3.991089573911943E-002
  2.359571121056231E-002  1.245184145214582E-002 -3.456064117694702E-002
  2.041027292380630E-002  1.396016864334697E-002 -2.569701798577542E-002
  1.310661430902320E-002  1.431311615881679E-002 -1.381452404979861E-002
 -6.516958850350078E-003  3.424851965699083E-003 -4.470831771530918E-003
  0.000000000000000E+000  0.000000000000000E+000  0.000000000000000E+000
  0.000000000000000E+000  0.000000000000000E+000  0.000000000000000E+000
  0.000000000000000E+000  0.000000000000000E+000  0.000000000000000E+000
  0.000000000000000E+000  0.000000000000000E+000  0.000000000000000E+000
  1.739396153170422E-003 -3.009879977093776E-003 -1.258916470580002E-003
  3.588720024705717E-003  4.177877517918594E-003 -4.281711008037412E-003
  2.650553263708170E-003  4.909046946971943E-003 -6.414605166372180E-003
  1.695492983964492E-003  8.077650068950549E-003 -1.056519856432409E-002
  1.839048009490699E-006  6.435057705933292E-003 -1.246471082638633E-002
  4.410952942474910E-005  4.838969978119221E-003 -1.517061012657914E-002
  1.526890606912096E-003  2.568590695942482E-003 -1.609434058552521E-002
  4.240950979200676E-003  2.530966010643510E-003 -1.533795043760677E-002
  5.558644578565426E-003  3.250952122944880E-003 -1.248759015832780E-002
  6.136833347127023E-003  5.489872782336428E-003 -1.055805647510429E-002
  2.932353395958365E-003  4.757496284834298E-003 -6.396964529157360E-003
  1.839407614110480E-003  5.165456329839266E-003 -4.297722654173252E-003
 -3.479462995556620E-003  2.593282430711861E-005 -1.181689249452848E-003
  0.000000000000000E+000  0.000000000000000E+000  0.000000000000000E+000
  0.000000000000000E+000  0.000000000000000E+000  0.000000000000000E+000
  0.000000000000000E+000  0.000000000000000E+000  0.000000000000000E+000
  0.000000000000000E+000  0.000000000000000E+000  0.000000000000000E+000
  0.000000000000000E+000  0.000000000000000E+000  0.000000000000000E+000
  0.000000000000000E+000  0.000000000000000E+000  0.000000000000000E+000
  0.000000000000000E+000  0.000000000000000E+000  0.000000000000000E+000
  0.000000000000000E+000  0.000000000000000E+000  0.000000000000000E+000
  0.000000000000000E+000  0.000000000000000E+000  0.000000000000000E+000
  0.000000000000000E+000  0.000000000000000E+000  0.000000000000000E+000
  0.000000000000000E+000  0.000000000000000E+000  0.000000000000000E+000
  0.000000000000000E+000  0.000000000000000E+000  0.000000000000000E+000
  0.000000000000000E+000  0.000000000000000E+000  0.000000000000000E+000
  0.000000000000000E+000  0.000000000000000E+000  0.000000000000000E+000
  0.000000000000000E+000  0.000000000000000E+000  0.000000000000000E+000
  0.000000000000000E+000  0.000000000000000E+000  0.000000000000000E+000
  0.000000000000000E+000  0.000000000000000E+000  0.000000000000000E+000
  0.000000000000000E+000  0.000000000000000E+000  0.000000000000000E+000
  0.000000000000000E+000  0.000000000000000E+000  0.000000000000000E+000
  0.000000000000000E+000  0.000000000000000E+000  0.000000000000000E+000
  0.000000000000000E+000  0.000000000000000E+000  0.000000000000000E+000
  0.000000000000000E+000  0.000000000000000E+000  0.000000000000000E+000
  0.000000000000000E+000  0.000000000000000E+000  0.000000000000000E+000
  0.000000000000000E+000  0.000000000000000E+000  0.000000000000000E+000
  0.000000000000000E+000  0.000000000000000E+000  0.000000000000000E+000
  0.000000000000000E+000  0.000000000000000E+000  0.000000000000000E+000
  0.000000000000000E+000  0.000000000000000E+000  0.000000000000000E+000
  0.000000000000000E+000  0.000000000000000E+000  0.000000000000000E+000
  0.000000000000000E+000  0.000000000000000E+000  0.000000000000000E+000
  0.000000000000000E+000  0.000000000000000E+000  0.000000000000000E+000
  0.000000000000000E+000  0.000000000000000E+000  0.000000000000000E+000
  0.000000000000000E+000  0.000000000000000E+000  0.000000000000000E+000
  0.000000000000000E+000  0.000000000000000E+000  0.000000000000000E+000
  0.000000000000000E+000  0.000000000000000E+000  0.000000000000000E+000
  0.000000000000000E+000  0.000000000000000E+000  0.000000000000000E+000
  0.000000000000000E+000  0.000000000000000E+000  0.000000000000000E+000
  0.000000000000000E+000  0.000000000000000E+000  0.000000000000000E+000
  0.000000000000000E+000  0.000000000000000E+000  0.000000000000000E+000
 -0.278419809759117       0.483895648991143       0.698184233907924     
 -9.428233783424138E-002 -2.685492599599231E-002   1.08098129270907     
  6.632385581333276E-002 -2.211893490393172E-002   1.45754252743674     
  0.112892720340867      -0.520964279368616        1.44434678801246     
  7.810869520697231E-002 -0.278080533110941        1.37054993959583     
 -0.189601071094273      -0.704468569618650        1.48861222111964     
 -0.457125766749224      -0.791640017892005        1.56977503330345     
 -0.516254249769053      -0.517996661197813        1.49463157144973     
 -0.282033844993264      -7.735162706195672E-002   1.37866975132149     
 -0.494652648839099      -0.161214760344958        1.44458933874520     
 -3.986407778870273E-002  4.633870582156844E-002   1.45547251847378     
  3.014974946980511E-002 -9.658789839927076E-002   1.07912405124953     
  0.550504716933362      -4.411689892866326E-003  0.697339540885613     
  0.000000000000000E+000  0.000000000000000E+000  0.000000000000000E+000
  0.000000000000000E+000  0.000000000000000E+000  0.000000000000000E+000
  0.000000000000000E+000  0.000000000000000E+000  0.000000000000000E+000
  0.000000000000000E+000  0.000000000000000E+000  0.000000000000000E+000
 -0.216196547734866       0.413474554827855       0.633276605008089     
 -1.425114212239597E-002 -0.194023123883131        1.10590968153711     
  0.122356810559599      -0.470970183510092        1.47848679667472     
  9.031299330889923E-002 -0.810551018657170        1.52936481926759     
 -3.103196937958649E-002 -0.588558758291880        1.41271916156203     
 -0.285233368169591      -0.915792239289916        1.49888887564958     
 -0.545012213120518      -0.945335949375613        1.54707941080036     
 -0.649965664092647      -0.706138546013148        1.50482054837148     
 -0.497490102832674      -0.326836879726682        1.42114414383044     
 -0.739301639616646      -0.327721523513737        1.53025231875553     
 -0.458542749017941      -0.130497132251054        1.47640640199514     
 -0.154173657785545      -0.110656258687883        1.10359916244654     
  0.459821319694626       1.444714485786024E-002  0.632186003776769     
  0.000000000000000E+000  0.000000000000000E+000  0.000000000000000E+000
  0.000000000000000E+000  0.000000000000000E+000  0.000000000000000E+000
  0.000000000000000E+000  0.000000000000000E+000  0.000000000000000E+000
  0.000000000000000E+000  0.000000000000000E+000  0.000000000000000E+000
 -0.139431482598185       0.296260274460069       0.548007730417806     
  9.989573667401477E-002 -0.560907919224972        1.14087279316501     
  0.211978826541140       -1.34578801278164        1.56204507189933     
  2.066842122748860E-002  -1.45780705682386        1.66651715524686     
 -0.188408115434414       -1.17004986652018        1.50659479570976     
 -0.479631463263486       -1.36943812452422        1.56739943716684     
 -0.779924428698865       -1.35426671077093        1.57190439994422     
 -0.942457103238670       -1.09984349947789        1.57215957820159     
 -0.924560257719948      -0.754547288087405        1.51551967962855     
  -1.27430520772833      -0.715893671187396        1.66903333563395     
  -1.26569288952823      -0.491818622824062        1.55995325982711     
 -0.527281984535846      -0.194842592515121        1.13778067444245     
  0.322051471504054       2.312234811571321E-002  0.546261298359378     
  0.000000000000000E+000  0.000000000000000E+000  0.000000000000000E+000
  0.000000000000000E+000  0.000000000000000E+000  0.000000000000000E+000
  0.000000000000000E+000  0.000000000000000E+000  0.000000000000000E+000
  0.000000000000000E+000  0.000000000000000E+000  0.000000000000000E+000
 -0.139950384609764       0.185589626016039       0.506276481286094     
  0.221341370009893       -1.03827613898789        1.14007552165990     
  0.244014974353419       -1.92049084226462        1.66916564507760     
 -6.519552618286975E-003  -1.88363873184108        1.77106275591673     
 -0.272235949761337       -1.25192488229313        1.50148491158857     
 -0.402574499992307       -1.00654330346480        1.44134025004386     
 -0.585236826435326       -1.01797279535881        1.44750348769649     
 -0.667492269437008      -0.853798770758936        1.44547054769623     
 -0.950566224225726      -0.865510687549124        1.50840279069358     
  -1.63857884666175      -0.955767733014020        1.77593594191824     
  -1.78694290340466      -0.753464612125281        1.66764321222968     
 -0.998795585352727      -0.326311695369677        1.13551506817881     
  0.229135974161939      -3.221160797442476E-002  0.503400763601834     
  0.000000000000000E+000  0.000000000000000E+000  0.000000000000000E+000
  0.000000000000000E+000  0.000000000000000E+000  0.000000000000000E+000
  0.000000000000000E+000  0.000000000000000E+000  0.000000000000000E+000
  0.000000000000000E+000  0.000000000000000E+000  0.000000000000000E+000
 -0.119306539260824       0.132531249178873       0.412053373552394     
  0.191775287592041       -1.23464566648670        1.12879515211521     
  0.207294335340311       -1.64056857464803        1.58143158859916     
 -5.475889742987073E-002  -1.43173769654063        1.58782960221164     
 -0.237851718433952      -0.404376064901427        1.09476975530388     
 -0.119573790870356       9.970336687953478E-002  0.845380158647410     
 -5.388647323843046E-002 -9.836490693237138E-002  0.925656563808282     
  0.139413750799722      -6.480752702610071E-002  0.855548305571638     
 -0.232520793594742      -0.410670971523106        1.09902441129887     
  -1.21906628051155      -0.768984865686358        1.59095119848371     
  -1.52950124190922      -0.644676407907153        1.58024243069159     
  -1.15427895462369      -0.449907092540229        1.12340357085341     
  0.174420529489883      -3.901549471246672E-002  0.408124756392752     
  0.000000000000000E+000  0.000000000000000E+000  0.000000000000000E+000
  0.000000000000000E+000  0.000000000000000E+000  0.000000000000000E+000
  0.000000000000000E+000  0.000000000000000E+000  0.000000000000000E+000
  0.000000000000000E+000  0.000000000000000E+000  0.000000000000000E+000
 -0.164332879218107       0.109610000406589       0.351043610332201     
  0.142007359758672       -1.11012741589018        1.02830517267108     
  3.627074872693931E-002 -0.943838626115346        1.28750194444803     
 -0.103120565037799      -0.840381723604756        1.25417582806868     
 -0.255239180416466       0.114185441966086       0.702760809148150     
 -7.359803242238735E-002  0.400807173329006       0.588305787147814     
 -3.579591747607875E-002 -6.766077861765744E-002  0.960150245516420     
  0.374700912040050       0.123781318420178       0.602019391586591     
  0.224889781499785      -0.167818962736549       0.705677380769192     
 -0.672859064890855      -0.510899254115000        1.25139842262669     
 -0.837266820755092      -0.443423326923901        1.28565801450528     
  -1.02669259782672      -0.429749753931730        1.02390311133193     
  0.178745305139233      -8.992786153494942E-002  0.345325891597434     
  0.000000000000000E+000  0.000000000000000E+000  0.000000000000000E+000
  0.000000000000000E+000  0.000000000000000E+000  0.000000000000000E+000
  0.000000000000000E+000  0.000000000000000E+000  0.000000000000000E+000
  0.000000000000000E+000  0.000000000000000E+000  0.000000000000000E+000
 -0.101895004367282       7.072889268478766E-002  0.230158748368517     
 -1.204812486512255E-002 -0.760868941464650       0.873069720887292     
 -5.685879936443156E-002 -0.469692895779697       0.949749907726043     
 -7.607125100950080E-002 -0.829788410291140        1.25120902155380     
 -0.264133858303444       4.067149716135254E-002  0.700098983355704     
 -0.127736321819149       1.697025277592207E-002   1.00799135405737     
 -0.414793839924161      -0.721398799004069        2.21907673666744     
  8.052890006820934E-002 -0.107530547232650        1.00887780452976     
  0.172199851376597      -0.210635078037910       0.696630903738738     
 -0.671127240594665      -0.481806285308884        1.24504931528411     
 -0.375777931071177      -0.285846257591843       0.947213488599462     
 -0.651489401192459      -0.389270965549357       0.870473710579229     
  0.111437149778399      -5.408429088805870E-002  0.222676243093071     
  0.000000000000000E+000  0.000000000000000E+000  0.000000000000000E+000
  0.000000000000000E+000  0.000000000000000E+000  0.000000000000000E+000
  0.000000000000000E+000  0.000000000000000E+000  0.000000000000000E+000
  0.000000000000000E+000  0.000000000000000E+000  0.000000000000000E+000
 -0.124002002767534       3.850000600677026E-002  0.133304485752052     
 -8.050292053686935E-002 -0.389099377278870       0.657622021494405     
 -8.603133205266256E-002 -0.352947816533093       0.719657508234873     
  5.329470318653137E-002  -1.02963657869289        1.47227260824164     
 -0.235961955536795       9.123357338956087E-002  0.533638235212605     
 -9.032868006926649E-002 -0.146314196874239        1.08606162321327     
 -0.449341349932051      -0.777222423834914        3.02733624727219     
 -7.143776265633463E-002 -0.153419687322410        1.07534153950646     
  0.206646119047288      -0.160710645044861       0.525108947106064     
 -0.913264092761470      -0.471571957926148        1.47329925090427     
 -0.257879236368994      -0.253421329129049       0.712876389588871     
 -0.295851406019312      -0.261967550723278       0.664440694740311     
  9.142792546930352E-002 -9.203105832002532E-002  0.115940264740508     
  0.000000000000000E+000  0.000000000000000E+000  0.000000000000000E+000
  0.000000000000000E+000  0.000000000000000E+000  0.000000000000000E+000
  0.000000000000000E+000  0.000000000000000E+000  0.000000000000000E+000
  0.000000000000000E+000  0.000000000000000E+000  0.000000000000000E+000
 -8.325968520067777E-002  7.716660636200814E-002  0.189842987163190     
 -9.759179376968347E-002 -0.127586684260606       0.278882508977554     
 -7.648639492495704E-002 -0.339734409749357       0.591371892388233     
  9.510276620112507E-002 -0.759390645429788        1.19076146756690     
 -0.196991326253765       0.212577476743372       7.700413128165305E-002
 -6.895387960926529E-002 -2.042949708613373E-002  0.480744611542692     
 -0.145865102938094      -0.251381067736540        1.87890763881488     
  2.465177833872045E-002 -7.420258058183331E-002  0.475758879695275     
  0.287300609646044      -6.531183080261017E-002  7.450234120318106E-002
 -0.706574896231422      -0.301664196121060        1.19748151486871     
 -0.253088280596966      -0.237209422349538       0.591164161302679     
 -6.235651696763794E-002 -0.148305085068029       0.277135860945841     
  0.108733007963520      -3.415095262580125E-002  0.189328892495674     
  0.000000000000000E+000  0.000000000000000E+000  0.000000000000000E+000
  0.000000000000000E+000  0.000000000000000E+000  0.000000000000000E+000
  0.000000000000000E+000  0.000000000000000E+000  0.000000000000000E+000
  0.000000000000000E+000  0.000000000000000E+000  0.000000000000000E+000
 -1.299787420669906E-002  6.179964436602116E-002  6.541385674417033E-002
 -7.867743174660578E-002  1.334531334183767E-002  0.104021898230197     
 -0.105827438323188      -8.791369692318257E-002  0.210321841018997     
 -4.793916378292125E-002 -0.209918220079761       0.383325458489916     
 -6.992320346581930E-002  0.114182371040187      -0.149386076030341     
 -8.847221626571337E-002  5.728155457420135E-002  8.626826888629487E-003
 -6.938558161218873E-003 -1.312036679696660E-002  0.238958188869070     
  9.741221627731711E-002 -5.187696846473573E-002  1.166517774009832E-002
  0.134134188937696      -4.394025996363229E-003 -0.149035591903436     
 -0.159121159027990      -0.148845285304555       0.389639352085534     
 -2.269981153186912E-002 -0.136771614515316       0.209696494369543     
  5.083333043024658E-002 -6.129403165157608E-002  0.105504970287566     
  5.968255891850355E-002  1.873860235614433E-002  6.225801262751395E-002
  0.000000000000000E+000  0.000000000000000E+000  0.000000000000000E+000
  0.000000000000000E+000  0.000000000000000E+000  0.000000000000000E+000
  0.000000000000000E+000  0.000000000000000E+000  0.000000000000000E+000
  0.000000000000000E+000  0.000000000000000E+000  0.000000000000000E+000
  0.000000000000000E+000  0.000000000000000E+000  0.000000000000000E+000
  0.000000000000000E+000  0.000000000000000E+000  0.000000000000000E+000
  0.000000000000000E+000  0.000000000000000E+000  0.000000000000000E+000
  0.000000000000000E+000  0.000000000000000E+000  0.000000000000000E+000
  0.000000000000000E+000  0.000000000000000E+000  0.000000000000000E+000
  0.000000000000000E+000  0.000000000000000E+000  0.000000000000000E+000
  0.000000000000000E+000  0.000000000000000E+000  0.000000000000000E+000
  0.000000000000000E+000  0.000000000000000E+000  0.000000000000000E+000
  0.000000000000000E+000  0.000000000000000E+000  0.000000000000000E+000
  0.000000000000000E+000  0.000000000000000E+000  0.000000000000000E+000
  0.000000000000000E+000  0.000000000000000E+000  0.000000000000000E+000
  0.000000000000000E+000  0.000000000000000E+000  0.000000000000000E+000
  0.000000000000000E+000  0.000000000000000E+000  0.000000000000000E+000
  0.000000000000000E+000  0.000000000000000E+000  0.000000000000000E+000
  0.000000000000000E+000  0.000000000000000E+000  0.000000000000000E+000
  0.000000000000000E+000  0.000000000000000E+000  0.000000000000000E+000
  0.000000000000000E+000  0.000000000000000E+000  0.000000000000000E+000
  0.000000000000000E+000  0.000000000000000E+000  0.000000000000000E+000
  0.000000000000000E+000  0.000000000000000E+000  0.000000000000000E+000
  0.000000000000000E+000  0.000000000000000E+000  0.000000000000000E+000
  0.000000000000000E+000  0.000000000000000E+000  0.000000000000000E+000
  0.000000000000000E+000  0.000000000000000E+000  0.000000000000000E+000
  0.000000000000000E+000  0.000000000000000E+000  0.000000000000000E+000
  0.000000000000000E+000  0.000000000000000E+000  0.000000000000000E+000
  0.000000000000000E+000  0.000000000000000E+000  0.000000000000000E+000
  0.000000000000000E+000  0.000000000000000E+000  0.000000000000000E+000
  0.000000000000000E+000  0.000000000000000E+000  0.000000000000000E+000
  0.000000000000000E+000  0.000000000000000E+000  0.000000000000000E+000
  0.000000000000000E+000  0.000000000000000E+000  0.000000000000000E+000
  0.000000000000000E+000  0.000000000000000E+000  0.000000000000000E+000
  0.000000000000000E+000  0.000000000000000E+000  0.000000000000000E+000
  0.000000000000000E+000  0.000000000000000E+000  0.000000000000000E+000
  0.000000000000000E+000  0.000000000000000E+000  0.000000000000000E+000
  0.000000000000000E+000  0.000000000000000E+000  0.000000000000000E+000
   2237.25409734983       -6371.85349001895       -3481.78410168087     
   1019.97381573655       -3825.76341608885       -7136.49284359971     
   330.888554050798       -220.429129378185       -11643.8013369196     
  -1047.15066253417       -15398.0972813799       -12166.0916990536     
  -1136.75785768781       -263.035504885465       -19528.0923555216     
  -1106.50025360124       -227.846125928936       -23400.7679763895     
  -5528.96200900020       -9727.51513426877       -22668.2118098826     
   430.887658650369       -1151.96283846611       -23423.6395545291     
   440.551429852749       -1080.41470419770       -19533.7376481802     
  -12798.0585575190       -8618.36319890847       -12127.9624544585     
  -495.978206761844        97.6383401192759       -11579.7370019293     
  -3672.31775373680       -965.208343750270       -7140.70624188816     
  -6354.77842409937       -1118.29417822552       -3477.97903391184     
  0.000000000000000E+000  0.000000000000000E+000  0.000000000000000E+000
  0.000000000000000E+000  0.000000000000000E+000  0.000000000000000E+000
  0.000000000000000E+000  0.000000000000000E+000  0.000000000000000E+000
  0.000000000000000E+000  0.000000000000000E+000  0.000000000000000E+000
   1619.12441548293       -5519.52652703292       -3151.68969463305     
   1069.10406585278       -4621.72940230056       -6711.70252698753     
  -384.252569264459       -3891.63512334215       -10762.9698508069     
  -1658.79017807785       -11751.2253601082       -12463.1539111463     
  -1920.38374667975        1984.99607778438       -19819.4391326141     
  -1225.11155173199        804.916436605464       -23472.3964251526     
  -3260.38867669329       -5785.50298222590       -22909.6448567801     
   1395.64879012598       -734.378551117698       -23502.5169307719     
   2775.10358675750       -663.489130640151       -19823.1803014748     
  -9338.70664076822       -7330.82001644789       -12419.6883195268     
  -3296.96688401423       -2341.08724156377       -10707.7374670434     
  -4399.05815224747       -1335.98152540965       -6707.96844753883     
  -5349.24672419894       -1234.63263950292       -3143.15989563372     
  0.000000000000000E+000  0.000000000000000E+000  0.000000000000000E+000
  0.000000000000000E+000  0.000000000000000E+000  0.000000000000000E+000
  0.000000000000000E+000  0.000000000000000E+000  0.000000000000000E+000
  0.000000000000000E+000  0.000000000000000E+000  0.000000000000000E+000
   968.817230294811       -3674.34868403905       -2748.37149378175     
   828.959653819850       -6734.59352714649       -5748.18289604553     
  -967.395572836543       -9447.53025808400       -9472.32334552523     
  -3043.70766380380       -6363.54879105404       -12762.1552182841     
  -2654.97186236766        6381.20753641567       -20411.7153625070     
  -900.029486308179        4994.99766158347       -23343.1542159374     
   331.989574475027        449.735284173241       -23571.4456193243     
   4859.15008752880        1649.20872023391       -23381.3719639240     
   6955.61041102341        883.468819182851       -20429.6667760155     
  -4006.96805987288       -5854.60768425770       -12717.7760642181     
  -7809.28830801566       -5619.48601440756       -9421.32755424896     
  -6124.14809361691       -2610.06564758641       -5738.64818872439     
  -3502.65439029005       -904.460079586550       -2725.94427894873     
  0.000000000000000E+000  0.000000000000000E+000  0.000000000000000E+000
  0.000000000000000E+000  0.000000000000000E+000  0.000000000000000E+000
  0.000000000000000E+000  0.000000000000000E+000  0.000000000000000E+000
  0.000000000000000E+000  0.000000000000000E+000  0.000000000000000E+000
   65.9701348220400       -1486.98906776610       -2273.67936537203     
   609.938048914488       -7027.60718720470       -5210.52164279152     
  -2712.88006955419       -3225.37993871785       -9760.05655428157     
  -4285.47281913340        9060.09866509630       -16392.2739420436     
  -3032.35728124967        16642.9586443799       -22481.7997830700     
  -169.863032260129        10954.5561580423       -23565.7963867052     
   3580.78686870148        6131.70593956709       -23912.4333240927     
   9611.08482609949        5274.11231485230       -23618.6002857793     
   15945.7885806202        5641.70654183143       -22504.6339634540     
   9967.13443209104        786.361639937759       -16365.7310991097     
  -1530.94768563514       -3995.54867807597       -9707.70256554098     
  -6291.84364909029       -2972.20921268456       -5188.86816041180     
  -1262.74881517505       -624.689300439379       -2232.62200068835     
  0.000000000000000E+000  0.000000000000000E+000  0.000000000000000E+000
  0.000000000000000E+000  0.000000000000000E+000  0.000000000000000E+000
  0.000000000000000E+000  0.000000000000000E+000  0.000000000000000E+000
  0.000000000000000E+000  0.000000000000000E+000  0.000000000000000E+000
   568.458080096616       -458.643436131201       -2091.30045315606     
  -952.158436468789       -3828.64262012525       -5018.78502371635     
  -4788.85135755070        9350.91651923267       -12681.6192006011     
  -6181.43156942284        24879.4272239385       -22627.4515713980     
  -3405.59368697781        22528.1919354925       -24408.9299873449     
  -1582.42457865768        6659.04151759769       -18931.4811557169     
   688.158831879156        1192.09438592061       -18052.5679301409     
   6562.72466309154        1913.32259213743       -18994.3245786285     
   21114.1714148392        8201.13958465883       -24387.4009026820     
   24655.6301587587        7093.16323082012       -22649.4666921153     
   10457.1269218227        520.245773733412       -12631.0476865900     
  -2777.62827890077       -2722.61890763977       -4982.52917376299     
  -673.177174567249        271.600993555835       -2038.63401640388     
  0.000000000000000E+000  0.000000000000000E+000  0.000000000000000E+000
  0.000000000000000E+000  0.000000000000000E+000  0.000000000000000E+000
  0.000000000000000E+000  0.000000000000000E+000  0.000000000000000E+000
  0.000000000000000E+000  0.000000000000000E+000  0.000000000000000E+000
   488.393974239025       -597.227206645658       -1360.25466288559     
  -1820.95130297827        313.663374020586       -5247.49235194150     
  -5753.99998378563        14861.1083601171       -14345.9422437241     
  -7108.30688297094        26137.9149175700       -23831.3466843183     
  -4207.17744096484        19047.0379978237       -21829.5087804017     
  -3032.63091793666        1386.22435664197       -10891.0526130327     
  -547.304514774841       -913.929193060019       -12517.6959827976     
   2657.65149769292       -2006.19029328530       -10884.1768114078     
   18588.5249790670        5817.10149880972       -21874.2626489339     
   26302.9805629948        6948.03549002518       -23925.7310898381     
   15684.2506608237        2441.22517547191       -14262.8437571394     
   1212.56303242061       -1418.84409646013       -5193.01851324989     
  -768.591215577287        127.464619424583       -1315.28933675915     
  0.000000000000000E+000  0.000000000000000E+000  0.000000000000000E+000
  0.000000000000000E+000  0.000000000000000E+000  0.000000000000000E+000
  0.000000000000000E+000  0.000000000000000E+000  0.000000000000000E+000
  0.000000000000000E+000  0.000000000000000E+000  0.000000000000000E+000
   357.145751630863       -685.586031256095       -849.228435740416     
  -1774.21626259131        2410.11598467688       -5012.15639819160     
  -4289.10559709519        10605.1331054839       -11588.1794203885     
  -5215.49062829108        14232.5623772219       -15426.6786321050     
  -4764.10943778506        13926.9839433427       -16717.5788131405     
  -3126.16160892561        2470.29243798757       -7643.49096789682     
  -1321.00706025581       -2237.50652422183       -7516.13534116356     
   3606.36752961796       -1526.58367012596       -7559.96747424209     
   14557.6813789884        2817.71767645502       -16886.7152738781     
   15120.0904354335        2623.49186280094       -15568.8581641222     
   11175.5146634774        1563.42413928430       -11431.7464062851     
   2961.09202847578       -346.957479503255       -4949.60788322355     
  -758.227696958728       -34.8862597947473       -803.036211455805     
  0.000000000000000E+000  0.000000000000000E+000  0.000000000000000E+000
  0.000000000000000E+000  0.000000000000000E+000  0.000000000000000E+000
  0.000000000000000E+000  0.000000000000000E+000  0.000000000000000E+000
  0.000000000000000E+000  0.000000000000000E+000  0.000000000000000E+000
   149.457161627193       -296.563587239394       -195.335101311335     
  -1121.45502422759        1834.29339604717       -4185.60666536297     
  -1743.08987971495        3082.45459649357       -5622.58283390751     
  -2351.71231045038        3014.82736106364       -4691.14401044450     
  -4621.86403409160        9508.23863912764       -11284.2654485066     
  -3146.83455781569       -264.574201053165       -1557.57850653838     
  -2629.70759090672       -4463.54082041328        4631.26496984921     
   1289.03578385988       -2863.31716113365       -1455.11910918950     
   10591.5234106863        724.972572745612       -11393.4306998725     
   3893.54089563986       -550.964585474603       -4774.67482636463     
   3355.70766109172       -4.61761834857674       -5411.25027233716     
   2108.17222510578       -85.5747631501234       -4148.94078906310     
  -302.500897414007       -9.50561520003189       -125.188358150904     
  0.000000000000000E+000  0.000000000000000E+000  0.000000000000000E+000
  0.000000000000000E+000  0.000000000000000E+000  0.000000000000000E+000
  0.000000000000000E+000  0.000000000000000E+000  0.000000000000000E+000
  0.000000000000000E+000  0.000000000000000E+000  0.000000000000000E+000
   13.3125427620428       -318.739949589496       -625.550284684778     
  -448.769830546609        605.440979511838       -2068.26352656633     
  -162.255894584548       -1570.69787801301       -775.318789566546     
  -706.713131017647       -339.676040430575        403.748974517976     
  -2492.97029437587        3537.31132597819       -4593.44618048792     
  -1979.70735440977       -3300.72501627910        9881.25605434320     
  -492.047468587835       -812.724349283335        1358.86138501688     
  -1889.39159494886       -3331.12779703281        9975.71333951301     
   4342.35555973417       -397.026695615994       -4705.37825801920     
   49.2253003807068       -809.682471226578        448.721154891005     
  -1406.41356146829       -970.329803567705       -631.178842954953     
   723.951905965393       -112.588635114887       -2015.73576772662     
  -270.648381823025       -145.024843241115       -618.398829308525     
  0.000000000000000E+000  0.000000000000000E+000  0.000000000000000E+000
  0.000000000000000E+000  0.000000000000000E+000  0.000000000000000E+000
  0.000000000000000E+000  0.000000000000000E+000  0.000000000000000E+000
  0.000000000000000E+000  0.000000000000000E+000  0.000000000000000E+000
  -84.4624237470424       -68.2267638099476       -320.328076234769     
  -181.345864804145       -209.278771353694       -784.082401053315     
  -289.216397999209       -1372.77655345203        305.643403940917     
  -400.894581816003       -80.8777392073323        300.574091526809     
  -999.580220742106       -221.631116574113        76.8138826135767     
  -413.701772137713       -1313.94341742737        9005.27072746147     
   130.648169065396        162.066994093442       -7752.18705670442     
  -942.944965423751       -996.878917143546        9051.62674124739     
   343.911469343866       -961.373986014721       -38.6665951204631     
   106.432192165940       -396.898952828618        323.657359340056     
  -1067.77425245189       -963.683992789742        355.501903847682     
  -87.4963319803568       -273.984848515744       -771.495788976754     
  -12.6263487464393       -101.369061421963       -306.569251057725     
  0.000000000000000E+000  0.000000000000000E+000  0.000000000000000E+000
  0.000000000000000E+000  0.000000000000000E+000  0.000000000000000E+000
  0.000000000000000E+000  0.000000000000000E+000  0.000000000000000E+000
  0.000000000000000E+000  0.000000000000000E+000  0.000000000000000E+000
  0.000000000000000E+000  0.000000000000000E+000  0.000000000000000E+000
  0.000000000000000E+000  0.000000000000000E+000  0.000000000000000E+000
  0.000000000000000E+000  0.000000000000000E+000  0.000000000000000E+000
  0.000000000000000E+000  0.000000000000000E+000  0.000000000000000E+000
  0.000000000000000E+000  0.000000000000000E+000  0.000000000000000E+000
  0.000000000000000E+000  0.000000000000000E+000  0.000000000000000E+000
  0.000000000000000E+000  0.000000000000000E+000  0.000000000000000E+000
  0.000000000000000E+000  0.000000000000000E+000  0.000000000000000E+000
  0.000000000000000E+000  0.000000000000000E+000  0.000000000000000E+000
  0.000000000000000E+000  0.000000000000000E+000  0.000000000000000E+000
  0.000000000000000E+000  0.000000000000000E+000  0.000000000000000E+000
  0.000000000000000E+000  0.000000000000000E+000  0.000000000000000E+000
  0.000000000000000E+000  0.000000000000000E+000  0.000000000000000E+000
  0.000000000000000E+000  0.000000000000000E+000  0.000000000000000E+000
  0.000000000000000E+000  0.000000000000000E+000  0.000000000000000E+000
  0.000000000000000E+000  0.000000000000000E+000  0.000000000000000E+000
  0.000000000000000E+000  0.000000000000000E+000  0.000000000000000E+000
  0.000000000000000E+000  0.000000000000000E+000  0.000000000000000E+000
  0.000000000000000E+000  0.000000000000000E+000  0.000000000000000E+000
  0.000000000000000E+000  0.000000000000000E+000  0.000000000000000E+000
  0.000000000000000E+000  0.000000000000000E+000  0.000000000000000E+000
  0.000000000000000E+000  0.000000000000000E+000  0.000000000000000E+000
  0.000000000000000E+000  0.000000000000000E+000  0.000000000000000E+000
  0.000000000000000E+000  0.000000000000000E+000  0.000000000000000E+000
  0.000000000000000E+000  0.000000000000000E+000  0.000000000000000E+000
  0.000000000000000E+000  0.000000000000000E+000  0.000000000000000E+000
  0.000000000000000E+000  0.000000000000000E+000  0.000000000000000E+000
  0.000000000000000E+000  0.000000000000000E+000  0.000000000000000E+000
  0.000000000000000E+000  0.000000000000000E+000  0.000000000000000E+000
  0.000000000000000E+000  0.000000000000000E+000  0.000000000000000E+000
  0.000000000000000E+000  0.000000000000000E+000  0.000000000000000E+000
  0.000000000000000E+000  0.000000000000000E+000  0.000000000000000E+000
