         140  1.399999999999997E-002  1.399999999999997E-002
  0.000000000000000E+000  0.000000000000000E+000  0.000000000000000E+000
  0.000000000000000E+000  0.000000000000000E+000  0.000000000000000E+000
  3.083704884809012E-002  5.374117553377750E-002 -6.175302116264874E-002
  3.397301337078786E-002  8.272793254952028E-002 -9.620536122335664E-002
  4.565844616963977E-002  0.104652162057962      -0.138345852319341     
  4.957978739084732E-002  0.137456992606936      -0.166136644145847     
  5.583827159177603E-002  0.138254642118586      -0.183901397854814     
  6.206191988941263E-002  0.128043278589545      -0.189098349428679     
  6.942981889785577E-002  0.120288646951606      -0.190732416835908     
  7.982091046237318E-002  0.117778577096044      -0.189103864131073     
  9.176781951133305E-002  0.117495014113208      -0.183908249444103     
  9.422622683723171E-002  0.111696884626310      -0.166158921987663     
  6.781516740784685E-002  9.191830119651793E-002 -0.138394675840418     
  5.463200646448641E-002  7.078047995064020E-002 -9.621254529874559E-002
  3.114278760391195E-002  5.360776802256580E-002 -6.181515453924158E-002
  0.000000000000000E+000  0.000000000000000E+000  0.000000000000000E+000
  0.000000000000000E+000  0.000000000000000E+000  0.000000000000000E+000
  0.000000000000000E+000  0.000000000000000E+000  0.000000000000000E+000
  0.000000000000000E+000  0.000000000000000E+000  0.000000000000000E+000
  2.540093811696264E-002  4.964084934931571E-002 -5.376889796687307E-002
  3.127996887114790E-002  8.457190512964326E-002 -9.482074245726825E-002
  3.942352564381744E-002  0.109975654306912      -0.132779372691894     
  4.561081620375265E-002  0.135701575684989      -0.164563268559183     
  5.281863118806315E-002  0.134388812949243      -0.181333533211176     
  6.028931427052973E-002  0.123712620407093      -0.187841539628022     
  6.711961993300741E-002  0.116288005826115      -0.188747297698023     
  7.696378835980809E-002  0.114091373256637      -0.187856335135859     
  8.993677564780823E-002  0.112954320245423      -0.181345287204469     
  9.467305484533517E-002  0.107368358953629      -0.164583066010715     
  7.552040327289605E-002  8.916051600069819E-002 -0.132813984376668     
  5.756986498811886E-002  6.936257127046021E-002 -9.482131400381247E-002
  3.030359647021594E-002  4.683670909300101E-002 -5.381891084832259E-002
  0.000000000000000E+000  0.000000000000000E+000  0.000000000000000E+000
  0.000000000000000E+000  0.000000000000000E+000  0.000000000000000E+000
  0.000000000000000E+000  0.000000000000000E+000  0.000000000000000E+000
  0.000000000000000E+000  0.000000000000000E+000  0.000000000000000E+000
  2.089880265755470E-002  4.077006504976718E-002 -4.247386147862612E-002
  2.392505346488502E-002  8.897313705555099E-002 -8.813047010278879E-002
  3.215826626098708E-002  0.119397312489848      -0.126590192534754     
  3.876518363684375E-002  0.135192900740809      -0.158059752592309     
  4.810300392254133E-002  0.129495757702151      -0.174720971349648     
  5.549258144515691E-002  0.117326965029614      -0.181058533278283     
  6.335265059204970E-002  0.109764613860932      -0.182731145006874     
  7.384853983419694E-002  0.106772910582846      -0.181094459717858     
  8.806571146028039E-002  0.106433074423695      -0.174745240477236     
  9.762871753106894E-002  0.101167199353161      -0.158060615655527     
  8.726926646645473E-002  8.754617696389254E-002 -0.126599328725640     
  6.503870428646658E-002  6.517589567502768E-002 -8.810707441256956E-002
  2.486122706225317E-002  3.847775320433262E-002 -4.250347502593620E-002
  0.000000000000000E+000  0.000000000000000E+000  0.000000000000000E+000
  0.000000000000000E+000  0.000000000000000E+000  0.000000000000000E+000
  0.000000000000000E+000  0.000000000000000E+000  0.000000000000000E+000
  0.000000000000000E+000  0.000000000000000E+000  0.000000000000000E+000
  1.918485043461999E-002  2.610019631337567E-002 -3.238164102999611E-002
  1.916285571390544E-002  8.974406943497673E-002 -7.839263531275165E-002
  2.657055610388446E-002  0.123338624403748      -0.118483650918677     
  3.388150004733196E-002  0.136446736150305      -0.149774931071893     
  4.271164194305638E-002  0.128295556288812      -0.165679983741377     
  5.151410669711239E-002  0.114778893128234      -0.171627358872090     
  6.098496853396575E-002  0.105656866066386      -0.173081574550310     
  7.367008693701393E-002  0.102089871521384      -0.171716814304122     
  8.973810456804182E-002  0.101187573867847      -0.165729626825731     
  0.101138009479643       9.755422768670030E-002 -0.149757770198712     
  9.343223154375369E-002  8.465862161458650E-002 -0.118455533858412     
  6.805192428634278E-002  6.140247953429701E-002 -7.832989950578846E-002
  1.298661419132462E-002  2.964844488606604E-002 -3.240075317579748E-002
  0.000000000000000E+000  0.000000000000000E+000  0.000000000000000E+000
  0.000000000000000E+000  0.000000000000000E+000  0.000000000000000E+000
  0.000000000000000E+000  0.000000000000000E+000  0.000000000000000E+000
  0.000000000000000E+000  0.000000000000000E+000  0.000000000000000E+000
  1.728265925990222E-002  7.101444972578564E-003 -2.251314330095947E-002
  1.696506225194251E-002  8.818308386521254E-002 -6.900448666767990E-002
  2.446183226264766E-002  0.122220995872504      -0.110501092314499     
  3.005457710681829E-002  0.135005467492409      -0.141345328496882     
  3.985010448612633E-002  0.127786940975202      -0.158297416035120     
  4.885508996632997E-002  0.113781341258327      -0.164198343066899     
  6.027605411372938E-002  0.104419433760187      -0.166131182072941     
  7.418302447151272E-002  9.933245564189515E-002 -0.164356099447421     
  9.076111368375753E-002  9.848266626338950E-002 -0.158390265100659     
  0.101806219463364       9.353475857283711E-002 -0.141326159923015     
  9.350538561339872E-002  8.225245587151207E-002 -0.110446127542505     
  6.778260341982760E-002  5.873439876907102E-002 -6.892416721280911E-002
 -2.535697874025420E-003  1.845224352094666E-002 -2.250925532470332E-002
  0.000000000000000E+000  0.000000000000000E+000  0.000000000000000E+000
  0.000000000000000E+000  0.000000000000000E+000  0.000000000000000E+000
  0.000000000000000E+000  0.000000000000000E+000  0.000000000000000E+000
  0.000000000000000E+000  0.000000000000000E+000  0.000000000000000E+000
  1.274465162570725E-002 -8.030428267797396E-003 -1.457485614090004E-002
  1.938856389813276E-002  8.766226411090411E-002 -6.215509712072002E-002
  2.043271498510547E-002  0.112319483213220      -0.100330198611084     
  2.848042505546909E-002  0.131035394578392      -0.132469715199267     
  3.632644333906004E-002  0.122556824071386      -0.148999445325373     
  4.662403819053951E-002  0.111007340535223      -0.155810320662073     
  5.832220826736222E-002  0.101022835985046      -0.157751515523990     
  7.296120686615799E-002  9.607877412097371E-002 -0.156062877712749     
  8.803933339794594E-002  9.286090671874446E-002 -0.149153324874985     
  9.918469396721712E-002  9.021211058564337E-002 -0.132468029654220     
  8.695119293755861E-002  7.382065961482968E-002 -0.100261538509651     
  6.615921127085840E-002  6.057622623324844E-002 -6.207707701321796E-002
 -1.337508254350787E-002  6.989701506101052E-003 -1.458192263156206E-002
  0.000000000000000E+000  0.000000000000000E+000  0.000000000000000E+000
  0.000000000000000E+000  0.000000000000000E+000  0.000000000000000E+000
  0.000000000000000E+000  0.000000000000000E+000  0.000000000000000E+000
  0.000000000000000E+000  0.000000000000000E+000  0.000000000000000E+000
  1.348152066886002E-002 -5.963385791580610E-003 -1.149249509929313E-002
  1.686992421216917E-002  7.180112817432317E-002 -5.143708963852902E-002
  1.902741208816219E-002  0.101029364880072      -8.859718938880186E-002
  2.467421684741479E-002  0.117158605865575      -0.118913442042728     
  3.235559553024991E-002  0.112409927828563      -0.135627087592933     
  4.229249250138944E-002  0.102521477995242      -0.143272157641698     
  5.411446513976576E-002  9.372011139456307E-002 -0.145544216341172     
  6.784559826163457E-002  8.815073539710147E-002 -0.143640270513789     
  8.129207046166252E-002  8.439436130749407E-002 -0.135860626343945     
  8.909718928031775E-002  7.999948659161762E-002 -0.118941148905284     
  7.793858215167544E-002  6.699657548734764E-002 -8.854744584775630E-002
  5.366701832605000E-002  5.044918381077561E-002 -5.135772011352662E-002
 -1.188466283142748E-002  8.698441705193551E-003 -1.150265478133572E-002
  0.000000000000000E+000  0.000000000000000E+000  0.000000000000000E+000
  0.000000000000000E+000  0.000000000000000E+000  0.000000000000000E+000
  0.000000000000000E+000  0.000000000000000E+000  0.000000000000000E+000
  0.000000000000000E+000  0.000000000000000E+000  0.000000000000000E+000
  8.792461061813627E-003 -8.180220675147266E-003 -6.334739457244830E-003
  1.683193984534062E-002  5.404580164716655E-002 -4.010617424236251E-002
  1.575330664162179E-002  7.826267693986215E-002 -7.017477110925012E-002
  2.081164467322206E-002  9.451648861318855E-002 -9.714551603984947E-002
  2.694036571788395E-002  9.339144087350190E-002 -0.113926558490905     
  3.565469720677092E-002  8.686125084243028E-002 -0.122031488464657     
  4.615215065105857E-002  7.988691723270873E-002 -0.124879181603892     
  5.766146667395992E-002  7.462760379527342E-002 -0.122512909659739     
  6.753885117777235E-002  7.022648823232919E-002 -0.114218963197429     
  7.145839236934233E-002  6.535338125832342E-002 -9.721782610691167E-002
  5.990918968921616E-002  5.279839558089213E-002 -7.014157628445915E-002
  3.833095056882533E-002  4.153586544541359E-002 -4.005424361586216E-002
 -1.145973098844532E-002  3.557888540440286E-003 -6.329550054530182E-003
  0.000000000000000E+000  0.000000000000000E+000  0.000000000000000E+000
  0.000000000000000E+000  0.000000000000000E+000  0.000000000000000E+000
  0.000000000000000E+000  0.000000000000000E+000  0.000000000000000E+000
  0.000000000000000E+000  0.000000000000000E+000  0.000000000000000E+000
  5.559066138431087E-003 -7.934913401207002E-003 -5.430062884005317E-003
  1.251855868784806E-002  3.258401413005317E-002 -2.336758249569789E-002
  1.185347966715991E-002  4.559288731483542E-002 -4.297060258187927E-002
  1.501623776732399E-002  6.197640198216976E-002 -6.420571741060951E-002
  1.845606376870881E-002  6.258084461454526E-002 -7.853397189634866E-002
  2.452738928086404E-002  5.987666252102280E-002 -8.601929350344208E-002
  3.202487190323178E-002  5.538738658252639E-002 -8.912442950471557E-002
  3.983910706756243E-002  5.145812235059054E-002 -8.651934904083994E-002
  4.507631165941316E-002  4.743643589390151E-002 -7.882223679522882E-002
  4.617486196828135E-002  4.404733840104284E-002 -6.426130068315579E-002
  3.359271397931720E-002  3.310053621286702E-002 -4.299643748151104E-002
  2.193694867904047E-002  2.706804076113101E-002 -2.328173490771978E-002
 -9.654179621097880E-003  8.796394447033135E-004 -5.480506535414201E-003
  0.000000000000000E+000  0.000000000000000E+000  0.000000000000000E+000
  0.000000000000000E+000  0.000000000000000E+000  0.000000000000000E+000
  0.000000000000000E+000  0.000000000000000E+000  0.000000000000000E+000
  0.000000000000000E+000  0.000000000000000E+000  0.000000000000000E+000
  1.086727347422202E-003 -3.432413417442087E-003 -2.646830045671851E-003
  6.482210888193995E-003  6.792740136118983E-003 -6.228435272342513E-003
  7.263158348003996E-003  1.066530100805800E-002 -1.108673591704291E-002
  1.010439765250023E-002  1.994097089810832E-002 -1.972251018570828E-002
  9.967316846958394E-003  2.199392133939318E-002 -2.461377300819861E-002
  1.176461223138896E-002  2.356895527922484E-002 -2.956020564696688E-002
  1.317198154307311E-002  2.272362057314763E-002 -3.073695309713418E-002
  1.467356324104035E-002  2.220358442456712E-002 -2.983690240130926E-002
  1.409173127845909E-002  1.975279938820160E-002 -2.472808058498733E-002
  1.223362665592508E-002  1.870993167268675E-002 -1.972757196691220E-002
  5.639770974522085E-003  1.165087730881149E-002 -1.109590475373394E-002
  2.646250101619035E-003  8.969718370808127E-003 -6.222725021139658E-003
 -3.510560577246827E-003 -7.523256099146747E-004 -2.616845626820522E-003
  0.000000000000000E+000  0.000000000000000E+000  0.000000000000000E+000
  0.000000000000000E+000  0.000000000000000E+000  0.000000000000000E+000
  0.000000000000000E+000  0.000000000000000E+000  0.000000000000000E+000
  0.000000000000000E+000  0.000000000000000E+000  0.000000000000000E+000
  0.000000000000000E+000  0.000000000000000E+000  0.000000000000000E+000
  0.000000000000000E+000  0.000000000000000E+000  0.000000000000000E+000
  0.000000000000000E+000  0.000000000000000E+000  0.000000000000000E+000
  0.000000000000000E+000  0.000000000000000E+000  0.000000000000000E+000
  0.000000000000000E+000  0.000000000000000E+000  0.000000000000000E+000
  0.000000000000000E+000  0.000000000000000E+000  0.000000000000000E+000
  0.000000000000000E+000  0.000000000000000E+000  0.000000000000000E+000
  0.000000000000000E+000  0.000000000000000E+000  0.000000000000000E+000
  0.000000000000000E+000  0.000000000000000E+000  0.000000000000000E+000
  0.000000000000000E+000  0.000000000000000E+000  0.000000000000000E+000
  0.000000000000000E+000  0.000000000000000E+000  0.000000000000000E+000
  0.000000000000000E+000  0.000000000000000E+000  0.000000000000000E+000
  0.000000000000000E+000  0.000000000000000E+000  0.000000000000000E+000
  0.000000000000000E+000  0.000000000000000E+000  0.000000000000000E+000
  0.000000000000000E+000  0.000000000000000E+000  0.000000000000000E+000
  0.000000000000000E+000  0.000000000000000E+000  0.000000000000000E+000
  0.000000000000000E+000  0.000000000000000E+000  0.000000000000000E+000
  0.000000000000000E+000  0.000000000000000E+000  0.000000000000000E+000
  0.000000000000000E+000  0.000000000000000E+000  0.000000000000000E+000
  0.000000000000000E+000  0.000000000000000E+000  0.000000000000000E+000
  0.000000000000000E+000  0.000000000000000E+000  0.000000000000000E+000
  0.000000000000000E+000  0.000000000000000E+000  0.000000000000000E+000
  0.000000000000000E+000  0.000000000000000E+000  0.000000000000000E+000
  0.000000000000000E+000  0.000000000000000E+000  0.000000000000000E+000
  0.000000000000000E+000  0.000000000000000E+000  0.000000000000000E+000
  0.000000000000000E+000  0.000000000000000E+000  0.000000000000000E+000
  0.000000000000000E+000  0.000000000000000E+000  0.000000000000000E+000
  0.000000000000000E+000  0.000000000000000E+000  0.000000000000000E+000
  0.000000000000000E+000  0.000000000000000E+000  0.000000000000000E+000
  0.000000000000000E+000  0.000000000000000E+000  0.000000000000000E+000
  0.000000000000000E+000  0.000000000000000E+000  0.000000000000000E+000
  0.000000000000000E+000  0.000000000000000E+000  0.000000000000000E+000
  0.000000000000000E+000  0.000000000000000E+000  0.000000000000000E+000
  0.000000000000000E+000  0.000000000000000E+000  0.000000000000000E+000
 -1.897723531840280E-003  1.461416640944002E-003  7.662523930528040E-003
 -1.111523463746488E-003 -2.470792960095378E-003  1.802520253394649E-002
 -1.770809302886386E-003  8.089803011295901E-003  2.636582585534406E-002
 -1.361024530549063E-003 -1.927044754937967E-002  3.278795521700636E-002
 -9.806764960360112E-003 -6.062370844657627E-002  4.849132027674870E-002
 -1.584670353721672E-002 -4.312213469545852E-002  4.606787777121341E-002
 -1.853158722737514E-002 -3.146602554851591E-002  4.304814870388168E-002
 -3.021091302525892E-002 -3.536806870436567E-002  4.634222428325797E-002
 -4.695841670100057E-002 -3.779295591478022E-002  4.799719198431326E-002
 -1.596127259294058E-002 -1.032974384864346E-002  3.246116715362469E-002
  7.325440297407876E-003  2.613271094307901E-003  2.616731559681733E-002
 -1.650551273957278E-003 -2.056998792536935E-003  1.783855489078415E-002
  2.337991612782476E-003 -8.125889257772793E-004  7.489640892297925E-003
  0.000000000000000E+000  0.000000000000000E+000  0.000000000000000E+000
  0.000000000000000E+000  0.000000000000000E+000  0.000000000000000E+000
  0.000000000000000E+000  0.000000000000000E+000  0.000000000000000E+000
  0.000000000000000E+000  0.000000000000000E+000  0.000000000000000E+000
 -7.294656640617403E-004  7.205883324270606E-004  6.569570129465667E-003
 -6.281162321926689E-005 -4.945931200098107E-003  1.772313621698371E-002
 -4.277845967831886E-004 -1.412510631000867E-003  2.532626034029724E-002
 -9.313747909549975E-004 -2.532164775005344E-002  3.257873628436845E-002
 -7.101717458945393E-003 -4.692855214785363E-002  4.572897704074790E-002
 -1.411373587578422E-002 -3.706871662502972E-002  4.429946925393854E-002
 -1.798846040318919E-002 -3.064508974958073E-002  4.203464998797386E-002
 -2.586016587338989E-002 -3.076393252810539E-002  4.459874351990119E-002
 -3.687471173204505E-002 -2.883832185407703E-002  4.527818827039051E-002
 -2.126218175744018E-002 -1.289668562406642E-002  3.224313579322945E-002
 -1.364866095873324E-003 -8.526825920898254E-004  2.515576522360383E-002
 -4.200202578417423E-003 -2.311176895908099E-003  1.751137487827734E-002
  1.120070468040642E-003 -1.877708094966573E-004  6.415344272710040E-003
  0.000000000000000E+000  0.000000000000000E+000  0.000000000000000E+000
  0.000000000000000E+000  0.000000000000000E+000  0.000000000000000E+000
  0.000000000000000E+000  0.000000000000000E+000  0.000000000000000E+000
  0.000000000000000E+000  0.000000000000000E+000  0.000000000000000E+000
 -1.436068772327737E-004 -5.632982986013461E-004  5.804576982917749E-003
  1.829303345024025E-003 -1.010667450011439E-002  1.661169321419324E-002
  2.992741418441495E-003 -2.123458898612898E-002  2.631196457684716E-002
  9.927329158581738E-005 -3.031100080445424E-002  3.403141946825065E-002
 -4.953110886672970E-003 -2.513585473052789E-002  3.518468970555488E-002
 -1.022502510265168E-002 -2.805536021977825E-002  3.697317794766428E-002
 -1.744402909230552E-002 -2.971735736887138E-002  3.864828527826496E-002
 -2.003426165904151E-002 -2.303119032057658E-002  3.736062489105584E-002
 -1.954700193121515E-002 -1.642106723129673E-002  3.499736363870314E-002
 -2.599101287030557E-002 -1.443023052231922E-002  3.362514348746313E-002
 -1.974047140522119E-002 -7.566551031663523E-003  2.609167427317263E-002
 -9.366289480406497E-003 -3.132923365079842E-003  1.637037471427185E-002
 -2.857854228382353E-004 -3.180552226940304E-004  5.665134322800447E-003
  0.000000000000000E+000  0.000000000000000E+000  0.000000000000000E+000
  0.000000000000000E+000  0.000000000000000E+000  0.000000000000000E+000
  0.000000000000000E+000  0.000000000000000E+000  0.000000000000000E+000
  0.000000000000000E+000  0.000000000000000E+000  0.000000000000000E+000
 -6.663629677348553E-004 -7.114188059017101E-004  5.671671006739800E-003
  3.321623510916478E-003 -1.628469528322473E-002  1.618540438529473E-002
  4.997050540306319E-003 -2.922969074665520E-002  2.762588506656838E-002
  1.010271759332887E-003 -1.980549318409144E-002  2.753726384104503E-002
 -2.566204793046189E-003 -2.009852765569732E-003  1.614629350554878E-002
 -9.304566059411726E-003 -2.276647980959888E-002  3.002746908115463E-002
 -2.363930058205761E-002 -4.058425321444067E-002  4.768186462429936E-002
 -1.570714597542136E-002 -1.961021095623596E-002  3.040096648328048E-002
 -9.186900915427327E-004 -3.141112037411876E-003  1.626204153113690E-002
 -1.764076907735617E-002 -8.617152370494822E-003  2.732016848887672E-002
 -2.748122705210831E-002 -9.784323969621027E-003  2.736405343936586E-002
 -1.527466057604118E-002 -4.866848196884430E-003  1.593268402077138E-002
 -1.998251567881074E-004 -8.293943723506027E-004  5.539145543849888E-003
  0.000000000000000E+000  0.000000000000000E+000  0.000000000000000E+000
  0.000000000000000E+000  0.000000000000000E+000  0.000000000000000E+000
  0.000000000000000E+000  0.000000000000000E+000  0.000000000000000E+000
  0.000000000000000E+000  0.000000000000000E+000  0.000000000000000E+000
 -1.480560599461370E-003  6.647799368815551E-004  4.949222609865423E-003
  3.801368724748851E-003 -1.956739993286016E-002  1.584233826238546E-002
  4.373930667038057E-003 -2.516710048253073E-002  2.519775645257316E-002
  1.075501272612544E-003 -1.139605753323162E-002  2.126504740247134E-002
 -1.120545666169318E-003  6.995738259001957E-003  6.719646496962832E-003
 -6.330010504504259E-003 -1.272057144385303E-002  2.016271981447771E-002
 -1.895575994490940E-002 -3.270162579655412E-002  4.097487947738116E-002
 -8.052875351487413E-003 -1.186822583373699E-002  2.020478849103828E-002
  6.500381435979368E-003  2.682218417826728E-003  6.646304638781409E-003
 -1.066226859218897E-002 -4.624624708531618E-003  2.130241174330755E-002
 -2.401276405631918E-002 -8.484639586175650E-003  2.512066237710113E-002
 -1.838051713387390E-002 -6.115497120955904E-003  1.562934495301200E-002
  1.310654927304397E-003 -8.748261725603620E-004  4.862199488436593E-003
  0.000000000000000E+000  0.000000000000000E+000  0.000000000000000E+000
  0.000000000000000E+000  0.000000000000000E+000  0.000000000000000E+000
  0.000000000000000E+000  0.000000000000000E+000  0.000000000000000E+000
  0.000000000000000E+000  0.000000000000000E+000  0.000000000000000E+000
 -1.683741619946272E-003  1.701437066118765E-003  3.893401839742837E-003
  2.868548295726166E-003 -2.013420714778773E-002  1.548068475685510E-002
  3.156563727528804E-003 -1.827514370042658E-002  2.202179989763697E-002
 -8.821393972924080E-005 -1.154361262172091E-002  2.068685679880216E-002
 -2.019745312021546E-003 -2.649704898815168E-003  1.273379639265942E-002
 -2.436128501468102E-003 -2.735419807470746E-003  1.033965824375097E-002
 -4.544727417972880E-003 -7.891759721379838E-003  1.565929913648184E-002
 -1.147839332244786E-003 -3.502721807642461E-003  1.027947450565997E-002
 -8.932625227413390E-004 -2.736135308489319E-003  1.223705631852274E-002
 -1.003921634750137E-002 -5.738916798270662E-003  2.070627978467110E-002
 -1.782106962723668E-002 -6.360585128460751E-003  2.219412575549722E-002
 -1.856260644085321E-002 -7.242062980402066E-003  1.532589573285645E-002
  2.259332474267168E-003 -5.833569736951958E-004  3.843433949803150E-003
  0.000000000000000E+000  0.000000000000000E+000  0.000000000000000E+000
  0.000000000000000E+000  0.000000000000000E+000  0.000000000000000E+000
  0.000000000000000E+000  0.000000000000000E+000  0.000000000000000E+000
  0.000000000000000E+000  0.000000000000000E+000  0.000000000000000E+000
 -2.105775635760854E-003  1.697842802855996E-003  3.304610133247723E-003
  1.996950925681302E-003 -1.694649208854420E-002  1.372607852559731E-002
  1.319345833609085E-003 -1.270444822745579E-002  1.860499847408621E-002
 -9.393315515127958E-004 -1.339628186831539E-002  2.141575185555913E-002
 -4.327066631342736E-003 -2.174472514430174E-002  3.029003969006959E-002
 -6.140648672604277E-003 -1.448468964799976E-002  2.293208921634779E-002
 -3.447726604707521E-003 -6.012143746272531E-003  1.279099872798685E-002
 -9.531165285800322E-003 -1.271588593208787E-002  2.305380061578214E-002
 -1.617651269706026E-002 -1.436454995268018E-002  2.969686112017953E-002
 -1.096612987290221E-002 -7.413882175810147E-003  2.129828617195990E-002
 -1.204506447804085E-002 -5.226644768359906E-003  1.887171457061499E-002
 -1.555581225483615E-002 -6.544801995492683E-003  1.365850931081210E-002
  2.497464189193233E-003 -8.954501406558800E-004  3.252843434253061E-003
  0.000000000000000E+000  0.000000000000000E+000  0.000000000000000E+000
  0.000000000000000E+000  0.000000000000000E+000  0.000000000000000E+000
  0.000000000000000E+000  0.000000000000000E+000  0.000000000000000E+000
  0.000000000000000E+000  0.000000000000000E+000  0.000000000000000E+000
 -1.231149738214929E-003  1.631439612791911E-003  2.028563948983052E-003
  1.179402057229048E-005 -1.152646667007348E-002  1.093486170046902E-002
 -3.650287302237232E-005 -6.937575604393035E-003  1.371444929447182E-002
 -1.950297428762637E-003 -1.234140441509556E-002  1.954566141785257E-002
 -4.349477725974864E-003 -2.902914207373634E-002  4.021054984432356E-002
 -8.111733121256829E-003 -2.370759400382240E-002  3.669072874810581E-002
 -4.155305187041512E-003 -7.226545386750974E-003  1.459456163276847E-002
 -1.661364972862127E-002 -1.905557297753976E-002  3.702817735103744E-002
 -2.276672783618920E-002 -1.828098176147120E-002  3.999961975588420E-002
 -9.810778501206610E-003 -7.987129623572854E-003  1.971882313245342E-002
 -6.257700790325844E-003 -3.559363938501094E-003  1.395504011847041E-002
 -9.882436578346292E-003 -5.609268747500279E-003  1.092705134253845E-002
  1.964042967893818E-003 -2.100827576017978E-004  1.982700403712209E-003
  0.000000000000000E+000  0.000000000000000E+000  0.000000000000000E+000
  0.000000000000000E+000  0.000000000000000E+000  0.000000000000000E+000
  0.000000000000000E+000  0.000000000000000E+000  0.000000000000000E+000
  0.000000000000000E+000  0.000000000000000E+000  0.000000000000000E+000
 -6.728561994548314E-004  1.231694219146930E-003  1.715923483385602E-003
 -1.134916950033656E-003 -5.275704273124036E-003  5.995934589421811E-003
 -1.013996737348538E-003 -2.521325049235788E-003  7.589791120119334E-003
 -2.482637719482338E-003 -8.450299369787544E-003  1.374543948894362E-002
 -3.031614825650088E-003 -1.949729794859742E-002  2.980286876166759E-002
 -5.414653225212959E-003 -1.295553826090465E-002  2.342967545058414E-002
  2.320772587942844E-003  3.979436357291843E-003 -1.105020202863831E-002
 -8.519280444981332E-003 -1.114889240045996E-002  2.343976204653223E-002
 -1.533988577892577E-002 -1.246695796524678E-002  2.991998344247113E-002
 -6.549282844512708E-003 -6.635261485856150E-003  1.438471847837635E-002
 -1.924655007875355E-003 -2.265862603987641E-003  7.853075002188776E-003
 -3.911911251696389E-003 -3.521594993192128E-003  5.992241415529769E-003
  1.355114175343957E-003  4.652500468574573E-005  1.698973645370613E-003
  0.000000000000000E+000  0.000000000000000E+000  0.000000000000000E+000
  0.000000000000000E+000  0.000000000000000E+000  0.000000000000000E+000
  0.000000000000000E+000  0.000000000000000E+000  0.000000000000000E+000
  0.000000000000000E+000  0.000000000000000E+000  0.000000000000000E+000
  1.672334496198849E-004  6.062115342955109E-004  1.450301098343193E-003
 -1.161780950340608E-003 -4.310374355627808E-005  1.166475567960990E-003
 -1.526895317870124E-003  3.389465942320037E-004  2.368591173151708E-003
 -3.349226311282934E-003 -1.870134674096249E-003  3.981015867886153E-003
 -3.161889754342401E-003 -6.331693036094168E-003  7.264456523958034E-003
 -1.176428286578517E-003 -3.768934102640853E-003  3.505696869097064E-003
  3.145472844237380E-003  5.362221100890398E-003 -1.547228325847352E-002
 -2.639263301152936E-003 -2.797769683384669E-003  3.235310205309389E-003
 -3.903126286758558E-003 -5.934764528450373E-003  7.285414846868508E-003
 -1.482677936071400E-004 -3.992423959181059E-003  4.235974664872989E-003
  9.958977893529126E-004 -1.267910685921068E-003  2.487399771717447E-003
  5.724051763523493E-004 -9.834378678315963E-004  1.187996250764222E-003
  4.212001806078883E-004  4.472229391370097E-004  1.452646215989397E-003
  0.000000000000000E+000  0.000000000000000E+000  0.000000000000000E+000
  0.000000000000000E+000  0.000000000000000E+000  0.000000000000000E+000
  0.000000000000000E+000  0.000000000000000E+000  0.000000000000000E+000
  0.000000000000000E+000  0.000000000000000E+000  0.000000000000000E+000
  0.000000000000000E+000  0.000000000000000E+000  0.000000000000000E+000
  0.000000000000000E+000  0.000000000000000E+000  0.000000000000000E+000
  0.000000000000000E+000  0.000000000000000E+000  0.000000000000000E+000
  0.000000000000000E+000  0.000000000000000E+000  0.000000000000000E+000
  0.000000000000000E+000  0.000000000000000E+000  0.000000000000000E+000
  0.000000000000000E+000  0.000000000000000E+000  0.000000000000000E+000
  0.000000000000000E+000  0.000000000000000E+000  0.000000000000000E+000
  0.000000000000000E+000  0.000000000000000E+000  0.000000000000000E+000
  0.000000000000000E+000  0.000000000000000E+000  0.000000000000000E+000
  0.000000000000000E+000  0.000000000000000E+000  0.000000000000000E+000
  0.000000000000000E+000  0.000000000000000E+000  0.000000000000000E+000
  0.000000000000000E+000  0.000000000000000E+000  0.000000000000000E+000
  0.000000000000000E+000  0.000000000000000E+000  0.000000000000000E+000
  0.000000000000000E+000  0.000000000000000E+000  0.000000000000000E+000
  0.000000000000000E+000  0.000000000000000E+000  0.000000000000000E+000
  0.000000000000000E+000  0.000000000000000E+000  0.000000000000000E+000
  0.000000000000000E+000  0.000000000000000E+000  0.000000000000000E+000
  0.000000000000000E+000  0.000000000000000E+000  0.000000000000000E+000
  0.000000000000000E+000  0.000000000000000E+000  0.000000000000000E+000
  0.000000000000000E+000  0.000000000000000E+000  0.000000000000000E+000
  0.000000000000000E+000  0.000000000000000E+000  0.000000000000000E+000
  0.000000000000000E+000  0.000000000000000E+000  0.000000000000000E+000
  0.000000000000000E+000  0.000000000000000E+000  0.000000000000000E+000
  0.000000000000000E+000  0.000000000000000E+000  0.000000000000000E+000
  0.000000000000000E+000  0.000000000000000E+000  0.000000000000000E+000
  0.000000000000000E+000  0.000000000000000E+000  0.000000000000000E+000
  0.000000000000000E+000  0.000000000000000E+000  0.000000000000000E+000
  0.000000000000000E+000  0.000000000000000E+000  0.000000000000000E+000
  0.000000000000000E+000  0.000000000000000E+000  0.000000000000000E+000
  0.000000000000000E+000  0.000000000000000E+000  0.000000000000000E+000
  0.000000000000000E+000  0.000000000000000E+000  0.000000000000000E+000
  0.000000000000000E+000  0.000000000000000E+000  0.000000000000000E+000
  0.000000000000000E+000  0.000000000000000E+000  0.000000000000000E+000
  0.000000000000000E+000  0.000000000000000E+000  0.000000000000000E+000
  -15.2832018940101       -61.9750258689616        99.9927809342904     
  -43.4214765606881      -0.847445464926099        179.174776462591     
  -61.3509104387798       -20.9138981329523        242.648395249181     
  -58.2788134773980        39.8446278962273        188.076846402033     
  -40.0770343239172        85.2953369011305        113.042430957664     
  -6.69275009910046        68.9779620137804        24.3078236217303     
   62.5463381426675        110.710789574193       -34.9635163752285     
   52.8316180565848        17.8469808831039        32.4625123446620     
   94.9968335523953        6.81331595578504        114.521285341317     
   70.6474967025003       -27.6344985264085        185.067071984150     
   14.3187317386094       -61.5993084353185        242.170675772875     
   18.1478484743904       -38.2205240007959        181.437371729423     
  -52.7120745863791       -47.3277308324160        102.555168428122     
  0.000000000000000E+000  0.000000000000000E+000  0.000000000000000E+000
  0.000000000000000E+000  0.000000000000000E+000  0.000000000000000E+000
  0.000000000000000E+000  0.000000000000000E+000  0.000000000000000E+000
  0.000000000000000E+000  0.000000000000000E+000  0.000000000000000E+000
  -6.55883021424743       -50.5412750496732        83.7266600816854     
  -36.3850604661661       -16.9440775548750        173.986740519754     
  -60.2279902387829       -28.3534455632572        237.812789740399     
  -71.1574222465505        55.1552090833829        199.212796760359     
  -54.2282505451196        90.9441885540039        120.085487799707     
  -22.6587410601474        81.9113157815151        36.7029558776551     
   54.1389717768640        93.7948388674992       -27.1655811927693     
   75.2245493683846        14.7372246976635        44.7581459154802     
   107.248554643028      -0.339741000218039        121.027043400088     
   92.3910979557885       -30.0141269019749        195.915887274149     
   8.71566379224944       -64.3673566425203        237.715510220128     
  0.158897899516998       -40.4087260318891        176.416107147835     
  -46.2464028300944       -33.5209945249116        85.8877927006557     
  0.000000000000000E+000  0.000000000000000E+000  0.000000000000000E+000
  0.000000000000000E+000  0.000000000000000E+000  0.000000000000000E+000
  0.000000000000000E+000  0.000000000000000E+000  0.000000000000000E+000
  0.000000000000000E+000  0.000000000000000E+000  0.000000000000000E+000
  -5.99983328593971       -30.6725296589390        67.0825088685495     
  -25.1060373614623       -41.4128068438525        155.750390167902     
  -57.9399171651713       -63.0982135982984        238.417238442726     
  -86.6450093005153        83.8766363672058        202.782596389459     
  -80.8488310394653        118.244164029053        125.752703455432     
  -38.4083117960727        103.947371286798        44.4951781534434     
   53.5409792304025        92.1379159556194       -13.9810239641656     
   107.022188956108        16.2215889742162        48.8450087876758     
   149.771836764325       -6.20699850671257        123.441479006375     
   129.268791007380       -26.8926531474636        197.801983209826     
  -20.5543586384700       -79.8552879793451        238.543435015711     
  -27.4592712146363       -43.3704220188558        158.360982154973     
  -27.5658636249667       -22.2882338226682        68.7005805653830     
  0.000000000000000E+000  0.000000000000000E+000  0.000000000000000E+000
  0.000000000000000E+000  0.000000000000000E+000  0.000000000000000E+000
  0.000000000000000E+000  0.000000000000000E+000  0.000000000000000E+000
  0.000000000000000E+000  0.000000000000000E+000  0.000000000000000E+000
  -8.67527700615029       -19.8747145229975        57.3509164381591     
  -34.7111392341493        26.4325777626650        112.219655699151     
  -60.6326403467403        12.8778081534929        188.666953213650     
  -82.6856781307860        54.4110868426528        195.146188749018     
  -88.2721134131711        12.8667132594556        205.110522825679     
  -76.5537723861059       -40.7914864614111        207.689379129312     
  -31.9968991457697       -57.1700125313300        186.407285524465     
   1.98566200188943       -90.1528227725505        212.670960613941     
   58.8921017302912       -69.2435591569825        205.699560557945     
   92.3809468581435       -43.5077894096899        194.982324410176     
   43.1658598074263       -46.0382914569733        189.563923371979     
   36.9177073625256       -17.7882118888537        114.551839129410     
  -15.0405281644483       -18.5061672312258        58.4579365896078     
  0.000000000000000E+000  0.000000000000000E+000  0.000000000000000E+000
  0.000000000000000E+000  0.000000000000000E+000  0.000000000000000E+000
  0.000000000000000E+000  0.000000000000000E+000  0.000000000000000E+000
  0.000000000000000E+000  0.000000000000000E+000  0.000000000000000E+000
  -5.01041185495662       -9.72486715241329        43.0571158563776     
  -52.3720098363466        126.416675884442        58.7782611300365     
  -60.6135490640206        98.3118502967209        115.456059401009     
  -57.5330902692710       -55.4453376209946        219.298400632046     
  -69.1747255104325       -151.485433826553        302.347260817505     
  -92.8356358281523       -195.189977588319        349.888232845319     
  -117.363565880830       -205.144725850399        368.542445780240     
  -122.680530546374       -180.812364502018        353.917135925587     
  -100.936494509126       -140.681822317647        309.132878770892     
  -25.9557192348211       -82.5703226081699        225.093432356358     
   114.415514021034       -4.76094081647242        116.949460283012     
   132.457836685612        16.8103355556155        60.7401571930695     
  -6.37368058158963       -9.62104352935542        43.6525405890120     
  0.000000000000000E+000  0.000000000000000E+000  0.000000000000000E+000
  0.000000000000000E+000  0.000000000000000E+000  0.000000000000000E+000
  0.000000000000000E+000  0.000000000000000E+000  0.000000000000000E+000
  0.000000000000000E+000  0.000000000000000E+000  0.000000000000000E+000
  -3.51244692803794        5.68941453461236        34.6875423764299     
  -53.3323691853496        135.914664564417        25.2927668030024     
  -24.9547555719687       -27.3277199107754        121.959356614149     
  -10.3385679938821       -207.207750679050        273.730129651308     
  -5.49127361337694       -129.384997988921        249.945804947911     
   9.01850167293458       -25.7488283330137        156.136792666954     
   5.75089553912884        8.89703948494060        126.917810320529     
  -24.0239972241101       -3.49361095370933        154.351524537330     
  -109.614612562381       -70.4401879432491        251.327255894416     
  -176.471936717202       -114.495884717118        275.350678150431     
  -9.61299269561595       -35.2021428399505        121.224109493011     
   140.593754968727        20.1627252737875        27.1523822041451     
   7.00477077823037      -9.378749050122828E-003   34.9321721206266     
  0.000000000000000E+000  0.000000000000000E+000  0.000000000000000E+000
  0.000000000000000E+000  0.000000000000000E+000  0.000000000000000E+000
  0.000000000000000E+000  0.000000000000000E+000  0.000000000000000E+000
  0.000000000000000E+000  0.000000000000000E+000  0.000000000000000E+000
  -16.3371812057611        8.34745409083707        29.7565334246225     
  -24.4931081272896        43.9522259407750        22.2875295234484     
   18.3162450946100       -213.128965877185        186.645383662913     
   33.3194277161821       -151.876840610148        210.990664403412     
   40.5539021729575       -83.5822541302644        166.654232677267     
   54.0140537588330        50.3320263781243        18.9832434285550     
   102.482293400698        178.106848902419       -148.121150799300     
   18.7812702337002        75.5303997004805        14.5305355279583     
  -90.1474143945131       -3.83340728623298        162.478064567988     
  -145.223206630697       -45.2995291014610        207.044418321269     
  -186.848774112610       -88.1289805844966        181.797501076173     
   47.3547727123474      -0.414218634037952        23.5703427343993     
   15.6893461545936       -9.90253679739321        29.9534879118455     
  0.000000000000000E+000  0.000000000000000E+000  0.000000000000000E+000
  0.000000000000000E+000  0.000000000000000E+000  0.000000000000000E+000
  0.000000000000000E+000  0.000000000000000E+000  0.000000000000000E+000
  0.000000000000000E+000  0.000000000000000E+000  0.000000000000000E+000
  -17.3340063076492        15.4473033562395        12.4831008958130     
  -1.91143511777778       -58.6877833270415        41.9389883707201     
   32.6615959640017       -152.291092319799        148.166841222440     
   40.4046329290771        112.181049509138       -54.0398916737248     
   56.3963664847059       -89.9233245812687        143.622135217311     
   24.4704433497165       -55.7003066141057        132.287987972593     
   83.2836380718145        145.999355308395       -182.427044873899     
  -59.0210396374411       -1.69493739397576        125.923032843584     
  -107.033987815028        5.70120328621040        142.031305816332     
   69.9538384759462        89.0937268881926       -49.9534245349848     
  -141.951367774529       -44.9838104123889        141.800080807574     
  -50.2051953470764       -31.2364821829733        42.2214607202180     
   21.7896610301650       -7.18727712979979        12.4458274698839     
  0.000000000000000E+000  0.000000000000000E+000  0.000000000000000E+000
  0.000000000000000E+000  0.000000000000000E+000  0.000000000000000E+000
  0.000000000000000E+000  0.000000000000000E+000  0.000000000000000E+000
  0.000000000000000E+000  0.000000000000000E+000  0.000000000000000E+000
  -8.85690283523825        11.7950896562058       -3.16562351927645     
  -4.77235946184860       -63.3252493643868        43.4821322932010     
   13.9546380980376        35.3906790102741       -12.9043361767654     
   5.43704145053807        241.418233025910       -252.931140630108     
   34.3256671915831       -26.6996066257192        55.5861085551097     
   16.9625975078336        36.3068540011919       -15.2931879157315     
   106.428723874103        185.403436374148       -382.881112385236     
   23.9669036308093        37.7229694435399       -23.6767043668958     
  -41.0417927686780        17.8821171474511        54.5123792906958     
   190.987899710417        120.725156195435       -237.880536357344     
   24.0726783549837        30.6215518243438       -14.9171020415375     
  -51.7895104454235       -35.2749702921000        42.5456151380286     
   14.5985815938571       -1.73094365297688       -2.70229260785716     
  0.000000000000000E+000  0.000000000000000E+000  0.000000000000000E+000
  0.000000000000000E+000  0.000000000000000E+000  0.000000000000000E+000
  0.000000000000000E+000  0.000000000000000E+000  0.000000000000000E+000
  0.000000000000000E+000  0.000000000000000E+000  0.000000000000000E+000
 -0.696078114314967        4.93391275598670        3.03004130495296     
  -5.07207205669665       -16.0048216932023        4.41859565827462     
   27.7988372785180        47.9957164776357       -38.9114518390582     
   22.0836307965386        101.553837599203       -93.9844074822771     
   8.59218333449442        28.5282614657373       -18.1318361321791     
   36.0450294402018        85.6097986931439       -140.627754758778     
   81.2597367895487        140.273884065301       -279.829483121943     
   55.9152703303752        76.4370614094108       -144.516411957345     
   20.1166668456754        23.9057369326187       -21.2133183229152     
   71.1421062536040        67.2086733536024       -88.7017188904472     
   26.4286882182707        47.5467507392224       -38.6351327819359     
  -11.2181720119193       -11.9762912450533        3.99729466834085     
   4.50889197078857        1.80512608699890        3.10836063217809     
  0.000000000000000E+000  0.000000000000000E+000  0.000000000000000E+000
  0.000000000000000E+000  0.000000000000000E+000  0.000000000000000E+000
  0.000000000000000E+000  0.000000000000000E+000  0.000000000000000E+000
  0.000000000000000E+000  0.000000000000000E+000  0.000000000000000E+000
  0.000000000000000E+000  0.000000000000000E+000  0.000000000000000E+000
  0.000000000000000E+000  0.000000000000000E+000  0.000000000000000E+000
  0.000000000000000E+000  0.000000000000000E+000  0.000000000000000E+000
  0.000000000000000E+000  0.000000000000000E+000  0.000000000000000E+000
  0.000000000000000E+000  0.000000000000000E+000  0.000000000000000E+000
  0.000000000000000E+000  0.000000000000000E+000  0.000000000000000E+000
  0.000000000000000E+000  0.000000000000000E+000  0.000000000000000E+000
  0.000000000000000E+000  0.000000000000000E+000  0.000000000000000E+000
  0.000000000000000E+000  0.000000000000000E+000  0.000000000000000E+000
  0.000000000000000E+000  0.000000000000000E+000  0.000000000000000E+000
  0.000000000000000E+000  0.000000000000000E+000  0.000000000000000E+000
  0.000000000000000E+000  0.000000000000000E+000  0.000000000000000E+000
  0.000000000000000E+000  0.000000000000000E+000  0.000000000000000E+000
  0.000000000000000E+000  0.000000000000000E+000  0.000000000000000E+000
  0.000000000000000E+000  0.000000000000000E+000  0.000000000000000E+000
  0.000000000000000E+000  0.000000000000000E+000  0.000000000000000E+000
  0.000000000000000E+000  0.000000000000000E+000  0.000000000000000E+000
  0.000000000000000E+000  0.000000000000000E+000  0.000000000000000E+000
  0.000000000000000E+000  0.000000000000000E+000  0.000000000000000E+000
  0.000000000000000E+000  0.000000000000000E+000  0.000000000000000E+000
  0.000000000000000E+000  0.000000000000000E+000  0.000000000000000E+000
  0.000000000000000E+000  0.000000000000000E+000  0.000000000000000E+000
  0.000000000000000E+000  0.000000000000000E+000  0.000000000000000E+000
  0.000000000000000E+000  0.000000000000000E+000  0.000000000000000E+000
  0.000000000000000E+000  0.000000000000000E+000  0.000000000000000E+000
  0.000000000000000E+000  0.000000000000000E+000  0.000000000000000E+000
  0.000000000000000E+000  0.000000000000000E+000  0.000000000000000E+000
  0.000000000000000E+000  0.000000000000000E+000  0.000000000000000E+000
  0.000000000000000E+000  0.000000000000000E+000  0.000000000000000E+000
  0.000000000000000E+000  0.000000000000000E+000  0.000000000000000E+000
  0.000000000000000E+000  0.000000000000000E+000  0.000000000000000E+000
  0.000000000000000E+000  0.000000000000000E+000  0.000000000000000E+000
