3
3 3
17 12
0 0 0 0 1 2 3 4 5 6 7 8 9 10 11 12 13 14 14 14 14 
0 0 0 0 1 2 3 4 5 6 7 8 9 9 9 9 
-1.49171157295599 -5.48350671752395E-08 1.41269494872654 1
-1.39070501136991 -0.0116417034797668 1.40650750036388 1
-1.20767902074428 -0.0306417641466423 1.395018266119 1
-0.991308310289436 -0.0221215556739759 1.3773325184832 1
-0.801264848078228 -0.0234187784582539 1.3629616616076 1
-0.62087110508876 -0.0284012832465076 1.34981732029842 1
-0.440561841820807 -0.0293275984590593 1.33614222768243 1
-0.256188347391043 -0.0540084182895022 1.32530225823211 1
-0.0740545908570515 -0.128086575603862 1.32117603604574 1
0.0813509451519971 -0.248888351892824 1.32528337274885 1
0.194843614922448 -0.396162375451221 1.336104078064 1
0.28574693597062 -0.551744355020229 1.34975371926805 1
0.380195243858362 -0.705373942408152 1.36287350635914 1
0.476457125776256 -0.869479945290005 1.37724204672572 1
0.577184771805873 -1.06102292861632 1.39490270379491 1
0.685216709684792 -1.21013455396169 1.40638465823521 1
0.74585311479549 -1.29185549872189 1.41256799602813 1
-1.49143395600857 -7.99507073919697E-10 1.40068588996013 1
-1.39599230290481 -0.0138733180889835 1.39038314876463 1
-1.2209412483349 -0.0371430217572023 1.37103953294782 1
-1.00741562149687 -0.0293804553425303 1.34102440776441 1
-0.816145585161994 -0.0290212459337201 1.31549048914899 1
-0.632457665653658 -0.0314558640598209 1.29244927813262 1
-0.447976346444924 -0.0303430055030519 1.27061462322074 1
-0.259364099062732 -0.0536076746909317 1.25391777636143 1
-0.0737520649673552 -0.127562752860259 1.24738499051196 1
0.0832884859435021 -0.251381516103636 1.25399694830763 1
0.197671373531152 -0.403067134900806 1.27062251746301 1
0.288912112451534 -0.563314800074981 1.2923812164435 1
0.382815922131157 -0.721085737397788 1.31538149715763 1
0.47825551309977 -0.887079998103289 1.34089801260395 1
0.578203091789605 -1.07577780928871 1.37091375362486 1
0.685932385806184 -1.21583481680247 1.39025777601647 1
0.745714273919192 -1.29161501892638 1.40055746132498 1
-1.49088440974193 1.06164569132365E-07 1.37691380589832 1
-1.40640042330092 -0.018190132410511 1.3584954735687 1
-1.24709297759957 -0.0498373863570582 1.32362663858097 1
-1.03967948624069 -0.0444063548687469 1.26895190146234 1
-0.846609917801508 -0.0418567154478651 1.22098887995644 1
-0.65707696846333 -0.0404182608048758 1.17800002187425 1
-0.46497271003591 -0.0363698202509043 1.13967792347395 1
-0.268473054595517 -0.0577028099630441 1.11112172222797 1
-0.0762037252651904 -0.131809131360859 1.09970478767425 1
0.0843012813799639 -0.261205310682416 1.11139495984212 1
0.20094981671923 -0.420751794976067 1.1397770238012 1
0.293493758146541 -0.589134981045918 1.17792297088676 1
0.386995276286821 -0.753933765109958 1.2208383317083 1
0.481435336269458 -0.922577846960749 1.26875393669578 1
0.580319881028036 -1.1048103365359 1.32348063117594 1
0.687407259211613 -1.22701778939939 1.35836511424097 1
0.745439436644534 -1.2911389861227 1.37678245562768 1
-1.49006044501335 2.66541649952351E-07 1.34127102205855 1
-1.42176461093265 -0.0242446774710253 1.31064284370029 1
-1.28588447806735 -0.0681446577911767 1.25246544838903 1
-1.08962825762557 -0.0696613291389371 1.16116163903435 1
-0.896468705593793 -0.0683447897474876 1.08002017738537 1
-0.700976623723826 -0.0659568727300745 1.00760741805126 1
-0.500080956269722 -0.0620761185987452 0.945020705861591 1
-0.293843742239425 -0.0841300618566954 0.899044053244811 1
-0.0925389391503279 -0.160101924993824 0.880467564501717 1
0.0741063711617657 -0.296222402596833 0.899608318819944 1
0.196241180516996 -0.463936497425157 0.945256472633902 1
0.293375426477789 -0.639951559986517 1.0075171054913 1
0.389077225020837 -0.810431978233711 1.07980774238577 1
0.484625614222682 -0.978533781135699 1.16085698950225 1
0.583912887348935 -1.14761435381382 1.2522891165408 1
0.689860072518111 -1.24336682981368 1.31050497671861 1
0.745027358109632 -1.29042524414376 1.34113529122027 1
-1.48922926812332 4.28322511008602E-07 1.3053162570101 1
-1.43694587190737 -0.0298024515577185 1.26219277829977 1
-1.32446402314194 -0.0856569561300593 1.18037109979556 1
-1.14208463362335 -0.0987233856735216 1.05359274354795 1
-0.952265457065206 -0.104593630405657 0.940912870424999 1
-0.754451716502827 -0.107638542258239 0.840894532753904 1
-0.548158205721105 -0.109938023911161 0.755783408691783 1
-0.334845670464051 -0.137477965460952 0.693779611401419 1
-0.125671040087443 -0.217487631121049 0.668681215928141 1
0.0484126374644478 -0.3582360543728 0.694637686605805 1
0.178830266870198 -0.529428690136571 0.756156679167336 1
0.28406322650285 -0.707135309993945 0.840791770091541 1
0.385672643878764 -0.876959184732059 0.940639809255181 1
0.48576866764697 -1.03857374310551 1.05318314558675 1
0.588088805351833 -1.18983787893745 1.18016419788205 1
0.692652000654311 -1.25930879818292 1.26204720516934 1
0.74461167265222 -1.28970525478283 1.30517610726108 1
-1.48840063964261 5.89607347860038E-07 1.26947173017911 1
-1.45169076832227 -0.0346679939112116 1.21357530504176 1
-1.36224797461191 -0.101942419241212 1.10794882048076 1
-1.19692289129881 -0.132100487468504 0.948414586553143 1
-1.01464772625153 -0.152434198027189 0.807708446248548 1
-0.819050777888855 -0.168743851158404 0.683841921022008 1
-0.611638202939343 -0.184587084456208 0.579730082273008 1
-0.394646276944184 -0.223440607723675 0.504483178477556 1
-0.179154637502658 -0.310123487191095 0.474121911004194 1
0.00387277875422757 -0.45283876126383 0.505634577022803 1
0.145923365305826 -0.62165262591111 0.580239799728378 1
0.263489628668458 -0.793668016279717 0.683728387502914 1
0.375517975190175 -0.954992098107697 0.807378133481973 1
0.48435967363247 -1.1028438667443 0.947905086119657 1
0.59292918439257 -1.23075887847822 1.10771147727553 1
0.695825476939427 -1.27452619459368 1.21342181446712 1
0.744197261696915 -1.28898747292747 1.26932717506784 1
-1.48757306810134 7.50686461268323E-07 1.23367292407191 1
-1.46607961632474 -0.0389431885884806 1.16456428624065 1
-1.39939777708632 -0.117192166518899 1.03482738700037 1
-1.25389096167456 -0.169245264110187 0.846342112184946 1
-1.08279570788517 -0.210338472756618 0.682569971128175 1
-0.893332884025628 -0.246686133501217 0.54018118693642 1
-0.688490024669946 -0.282442778413086 0.422073893240957 1
-0.470742531323358 -0.337651735355053 0.337544053334449 1
-0.250264444408035 -0.433290052005805 0.303713118453097 1
-0.0569826358413306 -0.575679699273555 0.338988998776462 1
0.0996063202854816 -0.737059603603654 0.422718967874854 1
0.233175078718309 -0.89700829665003 0.540059262459708 1
0.35952757275655 -1.04305610264346 0.682187077365752 1
0.480747673938228 -1.17085099436514 0.845739648209402 1
0.598349306464998 -1.27061280364218 1.03455969186128 1
0.699332396985679 -1.28913960491563 1.16440254960043 1
0.74378337933469 -1.28827060662349 1.23352396921756 1
-1.48674245741657 9.12357115726767E-07 1.19774265173727 1
-1.48023166787989 -0.042732375900624 1.11477252598418 1
-1.4361807632554 -0.131626202032533 0.96039361565211 1
-1.31295749207015 -0.209798995607808 0.747813406646404 1
-1.15621414367946 -0.277151319521071 0.567384629877681 1
-0.97627477948444 -0.33944252900954 0.413388872686393 1
-0.777177935578935 -0.400671325366284 0.287803314701874 1
-0.561179179594372 -0.476638518783326 0.199156537504277 1
-0.336832158725822 -0.583232626736364 0.16419907967929 1
-0.132122854433525 -0.723328643126642 0.200896896051957 1
0.0415659031114772 -0.87290288045825 0.288583035962929 1
0.194360699922168 -1.0152585667227 0.413261646746094 1
0.338455334678617 -1.14014450002147 0.566955024947299 1
0.475228826454093 -1.24238791613119 0.747126620212018 1
0.604292544952442 -1.30974142817371 0.960095523749711 1
0.703142048597392 -1.30330460052454 1.1146020663178 1
0.743367977046002 -1.28755110772589 1.19758928098238 1
-1.48591111648833 1.07416990529568E-06 1.16178079078042 1
-1.49415502321881 -0.0461071727510172 1.06418819412636 1
-1.47257711120216 -0.145347137748923 0.884593374351769 1
-1.37364885198579 -0.253113103207447 0.654082340311778 1
-1.23387669378771 -0.351263137143736 0.465076659203691 1
-1.06627220382718 -0.444376391155363 0.308167894315392 1
-0.875563003992523 -0.535667054385887 0.183284750438033 1
-0.663401795893455 -0.636026500746024 0.0969989390897905 1
-0.436128073083008 -0.755224145224366 0.0638504042406195 1
-0.219035909351068 -0.891386949034639 0.0990359528897997 1
-0.0261442426430309 -1.02552798592539 0.184197731479569 1
0.148528335124761 -1.14571088638136 0.308039251482296 1
0.313182569600734 -1.24456270116889 0.464607859020857 1
0.468128621181834 -1.31671869908971 0.653322353274387 1
0.610659958298598 -1.348178709848 0.88426494201646 1
0.707196367011149 -1.31706401712704 1.06400844701408 1
0.742952209550341 -1.28683097627035 1.16162300024268 1
-1.48508862208183 1.23426080158152E-06 1.12620160962899 1
-1.50778107202265 -0.0491876804474895 1.01352211365889 1
-1.50832701817516 -0.158473136387715 0.808522444361713 1
-1.43466722033429 -0.297651639872402 0.565393033877715 1
-1.31329788529128 -0.429064673446881 0.374604147728562 1
-1.15963069693414 -0.555675416145993 0.22202073485194 1
-0.978850613222335 -0.679533114226561 0.104611866718203 1
-0.77177709851928 -0.806261740127257 0.0260288284112148 1
-0.542192693445551 -0.938942039774959 -0.0028985591583075 1
-0.312264759422407 -1.07020058811293 0.0283601541623276 1
-0.0990830494825508 -1.18683530390464 0.105655443108887 1
0.0988641546693955 -1.28225816214022 0.221893910625483 1
0.285592164186304 -1.35235073022858 0.374102826830156 1
0.460128899626285 -1.39194771760223 0.564569895861127 1
0.617218735425077 -1.38575806983814 0.80816406322597 1
0.711356797605905 -1.33041844694181 1.01333271692151 1
0.742540866348088 -1.28611850792673 1.12603944634051 1
-1.48453988144373 1.34106806967532E-06 1.10246437517056 1
-1.51683065632911 -0.051171401029165 0.979385180025458 1
-1.53210647007008 -0.167106147026067 0.75718975783401 1
-1.47564574245537 -0.327832575913387 0.508402607934574 1
-1.36700014244801 -0.482210368679344 0.320036967563295 1
-1.22311104204356 -0.632000533364976 0.174224407472241 1
-1.04940643813415 -0.778367533727386 0.0654565214653035 1
-0.846084385083347 -0.923307607967369 -0.00509444510786228 1
-0.615120164276409 -1.06526343585081 -0.0298949409066298 1
-0.37646689578512 -1.19296976985472 -0.00256632580022445 1
-0.149391090006214 -1.29730580122426 0.0665865548265361 1
0.0645349728533562 -1.37542843543219 0.174100532525211 1
0.26646924998489 -1.42550312759284 0.31951732300979 1
0.454522020713913 -1.44260538107845 0.50754233505779 1
0.621666211716239 -1.41070554964176 0.756811432936067 1
0.714173785532064 -1.3392565300753 0.979189096875573 1
0.742266431981731 -1.2856431729817 1.10229929452967 1
-1.48426222789963 1.39511075298064E-06 1.09045373331747 1
-1.52141356064582 -0.0521819939938752 0.962045529134519 1
-1.54414536534195 -0.171486230982372 0.731099979893286 1
-1.49635431222372 -0.343058852007524 0.480003020911489 1
-1.39410382907766 -0.508982231822198 0.293587069799348 1
-1.25511616725946 -0.670421009778923 0.151978525458171 1
-1.084948265941 -0.828102292302327 0.0483147013162498 1
-0.883490054111541 -0.982197642011559 -0.0175927794648599 1
-0.651812114186471 -1.12881981516188 -0.040042645181511 1
-0.408759523372477 -1.2547556955769 -0.0149649981029359 1
-0.174687887046977 -1.352928233488 0.0494883458980891 1
0.0472798671305163 -1.42237224217254 0.151856490460876 1
0.256862169994061 -1.46239797663462 0.293058829313489 1
0.451710967479377 -1.46819243462253 0.479124959244542 1
0.623909668337261 -1.42334048015313 0.730711571211052 1
0.715595164458627 -1.34373532044204 0.961846013003499 1
0.742127572802821 -1.28540266148509 1.09028717654528 1
1
