3
3 3
17 12
0 0 0 0 1 2 3 4 5 6 7 8 9 10 11 12 13 14 14 14 14 
0 0 0 0 1 2 3 4 5 6 7 8 9 9 9 9 
0.745855913890469 1.29186008212142 1.41269538109489 1
0.680759139903097 1.23786280908083 1.41829877770569 1
0.55992352120057 1.13850324761038 1.42840214635219 1
0.408897024727691 0.995125734277089 1.44758206015309 1
0.272494303892252 0.870164688446863 1.46335717375537 1
0.142763423094478 0.753748565611313 1.4775301796087 1
0.0171449251787979 0.63945240075248 1.49179001040602 1
-0.115314003418937 0.536572595168637 1.5008041880382 1
-0.257429769208843 0.445833702485981 1.50377024431691 1
-0.406946023316591 0.368187751872127 1.50080789552691 1
-0.562459776164723 0.304838187589218 1.49178283058898 1
-0.724227685089922 0.253214413756754 1.47752203147946 1
-0.890084091741352 0.199011336550002 1.46333592996103 1
-1.06658207373162 0.143350674065136 1.4475499717555 1
-1.26597091820668 0.0843261258041312 1.4284006053976 1
-1.41233976128578 0.0293995431116709 1.41830250484426 1
-1.49171157295599 -5.48350671752397E-08 1.41269494872654 1
0.745717479180203 1.2916201976667 1.40071326214538 1
0.681899309788957 1.24200260349122 1.40193673773229 1
0.562261809845812 1.14977921768451 1.4038830929493 1
0.412597100708237 1.00986401420944 1.41100525983291 1
0.276880025094603 0.88370795269683 1.41670415023138 1
0.147221300990644 0.763977418348622 1.42266446241098 1
0.0209220221440212 0.645722252560939 1.43057308994093 1
-0.112866610781885 0.538953751904652 1.43553722332081 1
-0.257215754426171 0.445468663834732 1.43695914644552 1
-0.410265469583461 0.36729435521396 1.43544482745446 1
-0.569785175569164 0.304726610718493 1.43051071879902 1
-0.735302385183941 0.254485360745649 1.42265967087681 1
-0.903968334468629 0.202003050966854 1.41670816656753 1
-1.0811472890989 0.147535008166931 1.4110051062868 1
-1.27689822720306 0.087939905353878 1.40388267341827 1
-1.41650060694924 0.03048030877167 1.40193962803791 1
-1.49143457866081 -9.20700548161431E-10 1.4007128244372 1
0.745441587772288 1.29114212349137 1.3768336754401 1
0.684221152645577 1.25016712381023 1.36933620024613 1
0.567039859673056 1.17204716414556 1.35503713150285 1
0.419631148369036 1.03982517965683 1.33805554402189 1
0.284603243871723 0.912460392556344 1.32356455446726 1
0.154367947595407 0.787371952639674 1.31304196795254 1
0.0260573045616587 0.662360370549155 1.30818807362749 1
-0.110863817821345 0.548677472468802 1.30500335293646 1
-0.259865354605746 0.450068194210251 1.30331561610146 1
-0.419755651441156 0.370492169765621 1.30471942313009 1
-0.586776638545818 0.308647282982014 1.30801567936003 1
-0.759110199626109 0.26002570599236 1.31304401993465 1
-0.932654973248253 0.209725209511046 1.32361907246884 1
-1.11051381281199 0.156461162204476 1.33811919026266 1
-1.29855785769182 0.0949379553795094 1.35503891422124 1
-1.42474329930139 0.0325483045295071 1.36933743006474 1
-1.4908825469779 1.06527138849578E-07 1.37683322708998 1
0.745028502296387 1.29042631468917 1.34107935270492 1
0.687856454713099 1.26211655126075 1.3205007169908 1
0.574572151985425 1.20473341379501 1.28184532928409 1
0.429073269148342 1.08657252727505 1.22899087778846 1
0.292906172708472 0.961157669925306 1.18459114381325 1
0.159498355472518 0.832045954890964 1.14973061775537 1
0.0260777248195368 0.700552069887855 1.12607803724 1
-0.117080217034508 0.579194751984436 1.1109209590182 1
-0.273693326159353 0.474031258143294 1.10467268770157 1
-0.443180325057036 0.391238583298777 1.11035026838319 1
-0.619886661931843 0.327798512969082 1.12574099786347 1
-0.800324072363206 0.27796173459565 1.14974246104039 1
-0.978864440785756 0.226928826213383 1.18472080418964 1
-1.155570267681 0.171707911066566 1.2291495896683 1
-1.33061071238657 0.104762092540416 1.2818505059613 1
-1.43692587287829 0.0353693029217274 1.32049943912264 1
-1.49005600340348 2.67406168057184E-07 1.34107888842089 1
0.744614890667107 1.2897095941502 1.30527948913424 1
0.691666955078474 1.27378581997437 1.27153227548892 1
0.582520140325369 1.23675803436066 1.20839184053991 1
0.437357337102862 1.13540568795497 1.12027267156964 1
0.297718568807529 1.01597997391184 1.04689306538366 1
0.158654818966207 0.887133478279417 0.988692103417593 1
0.017864665709181 0.753050683649187 0.947151502604327 1
-0.133198609138089 0.626884841329939 0.920695662096475 1
-0.298126213218494 0.516359271915251 0.910168615146211 1
-0.476529042639084 0.429145591038043 0.919837900399131 1
-0.661273015651936 0.361233534686838 0.946649878958525 1
-0.84756761315612 0.306271503061782 0.98871237916864 1
-1.02863044364162 0.250211414490437 1.04709654070539 1
-1.20185084973446 0.188994563897669 1.12052518411375 1
-1.36229899249028 0.113896695120375 1.20840070638227 1
-1.44895323968172 0.0378982454922998 1.2715284220484 1
-1.48922840704769 4.284901113799E-07 1.305279008896 1
0.744200928006443 1.28899226533191 1.26944924228911 1
0.695663224511324 1.28514888952613 1.222403881673 1
0.590909468489633 1.26805723085598 1.13459413255819 1
0.444396262885217 1.18644872766845 1.01227436001689 1
0.29878830109747 1.07733718889845 0.911508276501314 1
0.151410493636323 0.953350999355084 0.831668025220917 1
0.000833463338862383 0.820852489598439 0.773788070259232 1
-0.159918929848635 0.692951470862522 0.737176495877087 1
-0.333909950267533 0.578343990190652 0.72284821801153 1
-0.520494454106826 0.485421081876364 0.736031511540337 1
-0.71150636470745 0.40995677805108 0.773122175364284 1
-0.901247784675286 0.345682416636059 0.831694446036411 1
-1.08218175948305 0.279995788164391 0.911783248129528 1
-1.24941930712164 0.208458130041947 1.01261843358966 1
-1.39358032241226 0.122287746444565 1.1346071774209 1
-1.46080811209399 0.04011294251319 1.22239734222835 1
-1.48840010831249 5.89710766331372E-07 1.26944874608313 1
0.743787204658791 1.28827535120348 1.23363970901336 1
0.699826329070434 1.29621247470219 1.1731534249056 1
0.599696661804587 1.29864093656148 1.060480849828 1
0.450270798775339 1.23947162974326 0.905370652329113 1
0.296385506714563 1.14467136585809 0.779290209329821 1
0.138239755780787 1.02980048150196 0.680010321873079 1
-0.0243527292912525 0.902754449611583 0.6077879353026 1
-0.196435359567384 0.775970943982182 0.562491347123842 1
-0.380172002696803 0.658474387572692 0.544975557236349 1
-0.574246136669446 0.558655304351579 0.561059423189421 1
-0.769876156531987 0.472792324880702 0.606958439458755 1
-0.960824245837107 0.395335111302255 0.680039968071917 1
-1.13917062332002 0.31576948463407 0.779633609582953 1
-1.2981172722607 0.229914076700741 0.905803286497216 1
-1.42444154883371 0.129977754446202 1.06049868986755 1
-1.47248683114048 0.0420331760483697 1.17314406344113 1
-1.48757228841919 7.50838219155755E-07 1.23363919684885 1
0.743373653478307 1.28755873541227 1.19784507754563 1
0.704143361051956 1.30700189391056 1.12374115549049 1
0.608850806032788 1.32857012015995 0.985964355524472 1
0.455075078709982 1.29432163533154 0.799762045014002 1
0.290788610185545 1.2175105991486 0.650869245339262 1
0.119616729659908 1.11566957134539 0.534807831693897 1
-0.0570423158349014 0.997634383014144 0.450657079117945 1
-0.241965899576553 0.874592254177611 0.398453954251613 1
-0.436076747547015 0.755303386452421 0.37849291975835 1
-0.637004878267997 0.647495645549796 0.396735351885108 1
-0.835736128421655 0.548614810144462 0.449664747501954 1
-1.02583066712447 0.454413340554366 0.53483716864921 1
-1.19932774296073 0.357055949226722 0.65127737890938 1
-1.34785973422965 0.253204982618037 0.800279631626462 1
-1.45491996494877 0.13702387553691 0.985987738229596 1
-1.4840048880165 0.0436828020787868 1.12372880649773 1
-1.48674481301552 9.11898620272133E-07 1.19784454942925 1
0.742960074718768 1.28684207183112 1.16204805899223 1
0.708603159086369 1.31754529795013 1.07411114785597 1
0.618344784290943 1.35791385370233 0.910932328556404 1
0.458902292898428 1.35086787452105 0.695617452679207 1
0.282266808348893 1.29541921037156 0.526841412333841 1
0.0959968712836726 1.21019543629206 0.397114490378434 1
-0.0966116618144788 1.10443080262185 0.303867146510405 1
-0.295764155839863 0.987532393314282 0.246844740744113 1
-0.500828964681405 0.867453881637738 0.225309844519309 1
-0.708032595829109 0.750654355267563 0.244839607573322 1
-0.908478616624239 0.636353454150096 0.302712788235161 1
-1.09583425254851 0.522141776335843 0.397139361976106 1
-1.26241054071911 0.403404724871559 0.527309970356823 1
-1.39858010851857 0.278185184130431 0.696215796594779 1
-1.48506177580572 0.143484034886663 0.910962135891852 1
-1.49538110458904 0.0450855778345117 1.07409561507181 1
-1.48591728242887 1.07296976224429E-06 1.16204751492291 1
0.742546962968643 1.28612621750005 1.12629146211018 1
0.713175414061408 1.32787332967431 1.0243237456058 1
0.628107778672868 1.38674002230475 0.835476860444202 1
0.461919195669307 1.40874602441916 0.593054612001001 1
0.271342948945235 1.37741624367906 0.407334663513007 1
0.0682841305631015 1.3117485466038 0.267060169003115 1
-0.141807839877624 1.22092819777698 0.167545779395686 1
-0.356317032810648 1.11214742783306 0.107787450993801 1
-0.572800951753684 0.992107100002687 0.0855479250276644 1
-0.78579557010475 0.865499163680635 0.105496276529923 1
-0.986810927357755 0.733815371574053 0.166230393543326 1
-1.16987606711392 0.596923773533194 0.267076443701114 1
-1.32783142307508 0.453873467271113 0.407859284823621 1
-1.45004689796497 0.304528954647593 0.593729440941782 1
-1.51489029718663 0.149453305693525 0.835513962612129 1
-1.50662687491269 0.046283116761684 1.02430483748182 1
-1.48509068628231 1.23385902413184E-06 1.12629090210593 1
0.742271212166918 1.28564838697198 1.10242404547476 1
0.716289276455267 1.33466007013332 0.990948852096788 1
0.634771915090856 1.40572619682193 0.784772585881212 1
0.463508364993998 1.44811481061051 0.525568055448581 1
0.262780808512272 1.43434917588018 0.33047814066264 1
0.0476157387697846 1.38329318688772 0.185226673952515 1
-0.174963960085382 1.30386394976896 0.083404171306751 1
-0.400326296729863 1.2015452149675 0.0232016610678428 1
-0.624683997629282 1.08196601330783 0.00106874773023648 1
-0.841292568301514 0.948375438780732 0.0207196653184383 1
-1.04208554920729 0.804045411549393 0.0819818428597464 1
-1.22146777125497 0.650596702100082 0.185234458973224 1
-1.3727689110086 0.48975920793047 0.331037328779141 1
-1.48482421035249 0.322846541430399 0.526291157031528 1
-1.53465362823037 0.153183013049697 0.784815140930192 1
-1.51407143836334 0.0469751838210107 0.990927561152594 1
-1.48453893593861 1.3412521034649E-06 1.102423474834 1
0.74213292052023 1.28540875042278 1.09045430929254 1
0.717862364536059 1.33804384529352 0.97417533994848 1
0.638141319398845 1.41520070785303 0.759258946391245 1
0.464226757985186 1.46799472895986 0.491967708619972 1
0.258251655404608 1.46330881451103 0.292666361381654 1
0.0368486541260666 1.4198691245503 0.145437626370199 1
-0.192145087793506 1.34641469947651 0.0429289581740945 1
-0.423061914306173 1.24752988624697 -0.0171488913913947 1
-0.651414953559042 1.12826257668522 -0.0390833013505546 1
-0.869789402659372 0.991089525247716 -0.0197265580796815 1
-1.07035935942029 0.840224201838287 0.0414531334535321 1
-1.24774296877418 0.678209422046081 0.145440462111221 1
-1.39554041602271 0.508163081012386 0.293242167312478 1
-1.50234372899421 0.332168694644123 0.49271432032486 1
-1.54453789701316 0.155006342426354 0.759304382820314 1
-1.51779349067361 0.0473024042328335 0.974152821369835 1
-1.48426222789963 1.39511075298064E-06 1.09045373331747 1
1
