         140  1.399999999999997E-002  1.399999999999997E-002
  0.000000000000000E+000  0.000000000000000E+000  0.000000000000000E+000
  0.000000000000000E+000  0.000000000000000E+000  0.000000000000000E+000
  2.907063755726752E-002  4.530907760342292E-002 -5.033184213895256E-002
  3.368235978872210E-002  0.110651402921763      -9.484732146600963E-002
  4.867542126119100E-002  0.147375381104865      -0.140467071137729     
  6.013788531779339E-002  0.168104929029323      -0.172599705792491     
  7.346461053975765E-002  0.172156948012001      -0.191140791368358     
  8.411725221319559E-002  0.168109149006732      -0.196773652904246     
  9.537731257341886E-002  0.165278312337770      -0.202001691437478     
  0.103528010818376       0.156939695081708      -0.196783105973396     
  0.112290977411406       0.149775794840745      -0.191153513884953     
  0.115439288152719       0.136122663870756      -0.172587656539630     
  0.103193850129463       0.115866198760760      -0.140467492895313     
  7.891459368713391E-002  8.447486977401591E-002 -9.483607852644706E-002
  2.471414221148956E-002  4.785627382282629E-002 -5.037640612110019E-002
  0.000000000000000E+000  0.000000000000000E+000  0.000000000000000E+000
  0.000000000000000E+000  0.000000000000000E+000  0.000000000000000E+000
  0.000000000000000E+000  0.000000000000000E+000  0.000000000000000E+000
  0.000000000000000E+000  0.000000000000000E+000  0.000000000000000E+000
  2.415751642898550E-002  3.968943072764020E-002 -4.189541904724543E-002
  3.312986990647696E-002  0.104096827984661      -8.948856990740076E-002
  4.787083990390371E-002  0.145886098615704      -0.134086042835187     
  6.113690589525228E-002  0.167985667437179      -0.171028092644641     
  7.310126250148441E-002  0.172560791870046      -0.193451960044901     
  8.381190768420653E-002  0.165353714164452      -0.201658547309967     
  9.374655667133516E-002  0.162388049342482      -0.206757250347805     
  0.101227224998667       0.155307914123174      -0.201691788219587     
  0.112884909200074       0.149600751440225      -0.193439730125945     
  0.114806022053660       0.136944204251114      -0.171020503655829     
  0.102329328249490       0.114404173163611      -0.134074283921458     
  7.350551867413295E-002  8.071505806183482E-002 -8.946664671158829E-002
  2.229802651039245E-002  4.077328580239618E-002 -4.192531118533485E-002
  0.000000000000000E+000  0.000000000000000E+000  0.000000000000000E+000
  0.000000000000000E+000  0.000000000000000E+000  0.000000000000000E+000
  0.000000000000000E+000  0.000000000000000E+000  0.000000000000000E+000
  0.000000000000000E+000  0.000000000000000E+000  0.000000000000000E+000
  2.171713684653874E-002  3.227992274050803E-002 -3.617668233494094E-002
  3.244268301660519E-002  9.889741761227948E-002 -8.271198975099543E-002
  4.812016264070371E-002  0.143205883598868      -0.127645354081136     
  6.113651334372082E-002  0.170623445673143      -0.166340669355181     
  7.351896032503541E-002  0.179909390956087      -0.191455491533110     
  8.498757007526586E-002  0.176171431151256      -0.204920374708341     
  9.850521120523022E-002  0.170663889026145      -0.211059832182461     
  0.110064224118886       0.161714792205918      -0.204968559002827     
  0.118977180817545       0.153680609237910      -0.191494218569788     
  0.117116268678198       0.138255079348407      -0.166321949393023     
  9.988936567997385E-002  0.113280659400812      -0.127631331795202     
  6.934302217099791E-002  7.750783045994188E-002 -8.267201633567697E-002
  1.709182735746149E-002  3.494391428304278E-002 -3.619643899023751E-002
  0.000000000000000E+000  0.000000000000000E+000  0.000000000000000E+000
  0.000000000000000E+000  0.000000000000000E+000  0.000000000000000E+000
  0.000000000000000E+000  0.000000000000000E+000  0.000000000000000E+000
  0.000000000000000E+000  0.000000000000000E+000  0.000000000000000E+000
  1.916530908123479E-002  1.644078225171639E-002 -2.670115812930745E-002
  2.973691805582073E-002  9.086188992678620E-002 -7.230732491082037E-002
  4.474845856664179E-002  0.141372934221859      -0.118931010310714     
  5.873987459998421E-002  0.173337633967858      -0.160570082987801     
  7.240427258569535E-002  0.183671871668023      -0.188218114439201     
  8.693323494215607E-002  0.182438023827616      -0.203717982524542     
  0.101823356754845       0.176397035381943      -0.209712764529601     
  0.114514153890335       0.166580753409010      -0.203809085222024     
  0.122854484833396       0.154586224159285      -0.188263201983927     
  0.120678214628945       0.137550617690567      -0.160550235504360     
  9.999952168915852E-002  0.109436783339589      -0.118898030168211     
  6.373384266443206E-002  7.113373176964605E-002 -7.224528386808698E-002
  4.629441919890398E-003  2.479248437686865E-002 -2.670510162298232E-002
  0.000000000000000E+000  0.000000000000000E+000  0.000000000000000E+000
  0.000000000000000E+000  0.000000000000000E+000  0.000000000000000E+000
  0.000000000000000E+000  0.000000000000000E+000  0.000000000000000E+000
  0.000000000000000E+000  0.000000000000000E+000  0.000000000000000E+000
  1.479833263585986E-002 -8.445610128960236E-004 -1.786859673135914E-002
  2.894017398654657E-002  8.704052214854710E-002 -6.380635131217033E-002
  4.347866212683884E-002  0.137385864585696      -0.111782114049835     
  5.661586919626051E-002  0.171322094188182      -0.153203286645205     
  7.175894200789008E-002  0.183685421476230      -0.182301050067953     
  8.622179733031299E-002  0.182801035939146      -0.198700561531292     
  0.102362888763681       0.177330716569083      -0.205227350680214     
  0.115249510912945       0.166199549709948      -0.198854433885100     
  0.123204261430822       0.154080620382545      -0.182394897410833     
  0.120024541568256       0.134712869934341      -0.153190898270931     
  9.720009188130996E-002  0.106352598889924      -0.111741633426019     
  6.084115904034176E-002  6.854174788948435E-002 -6.373528747365786E-002
 -8.174571904146085E-003  1.234020151564787E-002 -1.785334522091794E-002
  0.000000000000000E+000  0.000000000000000E+000  0.000000000000000E+000
  0.000000000000000E+000  0.000000000000000E+000  0.000000000000000E+000
  0.000000000000000E+000  0.000000000000000E+000  0.000000000000000E+000
  0.000000000000000E+000  0.000000000000000E+000  0.000000000000000E+000
  9.519350804947764E-003 -1.105456142816411E-002 -1.191869519994268E-002
  3.070719616211765E-002  8.394506703799233E-002 -5.740585614478270E-002
  3.788396563569215E-002  0.124880321215421      -0.101133267513105     
  5.403402166019681E-002  0.162984005530671      -0.143041581465148     
  6.685202342414516E-002  0.172905465888753      -0.170685478482621     
  8.191104809704679E-002  0.173616628330045      -0.186824853925861     
  9.693347125970979E-002  0.167905705338360      -0.192780142345535     
  0.109512651387152       0.157961315456154      -0.187072883822749     
  0.116370941594325       0.144478263133983      -0.170832092848923     
  0.114125358952702       0.128344819664089      -0.143052890848369     
  8.919269226839222E-002  9.525007850552586E-002 -0.101088113889586     
  5.731832910172547E-002  6.856150952172230E-002 -5.735007798745290E-002
 -1.437132727437791E-002  2.663365291778096E-003 -1.189627740629739E-002
  0.000000000000000E+000  0.000000000000000E+000  0.000000000000000E+000
  0.000000000000000E+000  0.000000000000000E+000  0.000000000000000E+000
  0.000000000000000E+000  0.000000000000000E+000  0.000000000000000E+000
  0.000000000000000E+000  0.000000000000000E+000  0.000000000000000E+000
  1.044234777917590E-002 -8.647768501224057E-003 -9.192409134917876E-003
  2.570556468877445E-002  6.779453859691478E-002 -4.699859716979771E-002
  3.400755002639440E-002  0.107984845275444      -8.701414478490249E-002
  4.683174237142818E-002  0.141474831764330      -0.125158178312782     
  5.883611036861219E-002  0.152009327727313      -0.150577876445741     
  7.213172177590044E-002  0.152797778781442      -0.165594880956269     
  8.558918869209471E-002  0.148238503069252      -0.171019727815892     
  9.644027994975601E-002  0.139152357496849      -0.165945253118274     
  0.102317143078102       0.127129948284061      -0.150789997982985     
  9.912537041855171E-002  0.111366685170302      -0.125199123771743     
  7.653791657770977E-002  8.347932384960299E-002 -8.698486503986808E-002
  4.584308568933854E-002  5.612557694434442E-002 -4.694523344871540E-002
 -1.271163677370383E-002  4.724522959111194E-003 -9.168068220394236E-003
  0.000000000000000E+000  0.000000000000000E+000  0.000000000000000E+000
  0.000000000000000E+000  0.000000000000000E+000  0.000000000000000E+000
  0.000000000000000E+000  0.000000000000000E+000  0.000000000000000E+000
  0.000000000000000E+000  0.000000000000000E+000  0.000000000000000E+000
  6.352507511925364E-003 -8.638306509408614E-003 -5.244602677439691E-003
  2.245719457038337E-002  4.869254784527510E-002 -3.528674007001836E-002
  2.674565413808300E-002  7.963513123847700E-002 -6.538506090441225E-002
  3.767111512250692E-002  0.108652080116185      -9.709705194948162E-002
  4.695948162576173E-002  0.118693204355915      -0.119010514593704     
  5.736012838686076E-002  0.120424805424569      -0.131537902987608     
  6.782135086403267E-002  0.117417910311098      -0.136372091181259     
  7.583044457358074E-002  0.110219401677425      -0.131961574843341     
  7.940358722144733E-002  0.100199947121080      -0.119250720758521     
  7.530171724726525E-002  8.702464825232613E-002 -9.717090093780065E-002
  5.563903121554101E-002  6.302697859841747E-002 -6.536375389341947E-002
  3.092875584994097E-002  4.375431505008923E-002 -3.526153613594216E-002
 -1.062858166293149E-002  1.212779952208297E-003 -5.185646999559873E-003
  0.000000000000000E+000  0.000000000000000E+000  0.000000000000000E+000
  0.000000000000000E+000  0.000000000000000E+000  0.000000000000000E+000
  0.000000000000000E+000  0.000000000000000E+000  0.000000000000000E+000
  0.000000000000000E+000  0.000000000000000E+000  0.000000000000000E+000
  3.752540042959758E-003 -7.317222325008949E-003 -4.660882778300661E-003
  1.502927020494150E-002  2.740306415808106E-002 -1.933031139276065E-002
  1.819038645746868E-002  4.351553539392185E-002 -3.677505149597135E-002
  2.587280036202155E-002  6.674694686113829E-002 -5.901726010024550E-002
  3.106834049092688E-002  7.399054350716192E-002 -7.410705582519403E-002
  3.742639601347577E-002  7.683606967028013E-002 -8.323804833647822E-002
  4.362956441637459E-002  7.550115558500617E-002 -8.692849895476799E-002
  4.804806723889336E-002  7.113349948664779E-002 -8.368926273921222E-002
  4.861554007657654E-002  6.405579581686260E-002 -7.431231395886885E-002
  4.490087796149412E-002  5.582087157092314E-002 -5.907949961358621E-002
  2.864366545149805E-002  3.756174349536411E-002 -3.676115883628225E-002
  1.619215327178573E-002  2.665925284854592E-002 -1.933491074658860E-002
 -8.172900923879425E-003 -3.538962221421874E-004 -4.578002973117030E-003
  0.000000000000000E+000  0.000000000000000E+000  0.000000000000000E+000
  0.000000000000000E+000  0.000000000000000E+000  0.000000000000000E+000
  0.000000000000000E+000  0.000000000000000E+000  0.000000000000000E+000
  0.000000000000000E+000  0.000000000000000E+000  0.000000000000000E+000
  6.569165352637685E-004 -3.063036626660483E-003 -2.498934042878303E-003
  6.169293989231904E-003  5.239512205054411E-003 -4.608552259763854E-003
  7.941739670076373E-003  8.818145599718712E-003 -8.152438556700840E-003
  1.289524814986179E-002  1.845860050049050E-002 -1.405120568358209E-002
  1.349000155746524E-002  2.210849749567152E-002 -1.687682499393388E-002
  1.512433810065147E-002  2.559020228716787E-002 -2.015942947345109E-002
  1.517374224177482E-002  2.625214242565658E-002 -2.073145472772586E-002
  1.468955218797852E-002  2.611349276250545E-002 -2.027947297564630E-002
  1.241954026737301E-002  2.282790748383210E-002 -1.692962523805231E-002
  9.575387678810238E-003  2.039278264746968E-002 -1.405154837138700E-002
  3.696806682448301E-003  1.130925570755510E-002 -8.169877363462931E-003
  1.466041915766060E-003  7.941936463271267E-003 -4.583953825003021E-003
 -2.988470122655603E-003 -9.533532433517736E-004 -2.502161380333108E-003
  0.000000000000000E+000  0.000000000000000E+000  0.000000000000000E+000
  0.000000000000000E+000  0.000000000000000E+000  0.000000000000000E+000
  0.000000000000000E+000  0.000000000000000E+000  0.000000000000000E+000
  0.000000000000000E+000  0.000000000000000E+000  0.000000000000000E+000
  0.000000000000000E+000  0.000000000000000E+000  0.000000000000000E+000
  0.000000000000000E+000  0.000000000000000E+000  0.000000000000000E+000
  0.000000000000000E+000  0.000000000000000E+000  0.000000000000000E+000
  0.000000000000000E+000  0.000000000000000E+000  0.000000000000000E+000
  0.000000000000000E+000  0.000000000000000E+000  0.000000000000000E+000
  0.000000000000000E+000  0.000000000000000E+000  0.000000000000000E+000
  0.000000000000000E+000  0.000000000000000E+000  0.000000000000000E+000
  0.000000000000000E+000  0.000000000000000E+000  0.000000000000000E+000
  0.000000000000000E+000  0.000000000000000E+000  0.000000000000000E+000
  0.000000000000000E+000  0.000000000000000E+000  0.000000000000000E+000
  0.000000000000000E+000  0.000000000000000E+000  0.000000000000000E+000
  0.000000000000000E+000  0.000000000000000E+000  0.000000000000000E+000
  0.000000000000000E+000  0.000000000000000E+000  0.000000000000000E+000
  0.000000000000000E+000  0.000000000000000E+000  0.000000000000000E+000
  0.000000000000000E+000  0.000000000000000E+000  0.000000000000000E+000
  0.000000000000000E+000  0.000000000000000E+000  0.000000000000000E+000
  0.000000000000000E+000  0.000000000000000E+000  0.000000000000000E+000
  0.000000000000000E+000  0.000000000000000E+000  0.000000000000000E+000
  0.000000000000000E+000  0.000000000000000E+000  0.000000000000000E+000
  0.000000000000000E+000  0.000000000000000E+000  0.000000000000000E+000
  0.000000000000000E+000  0.000000000000000E+000  0.000000000000000E+000
  0.000000000000000E+000  0.000000000000000E+000  0.000000000000000E+000
  0.000000000000000E+000  0.000000000000000E+000  0.000000000000000E+000
  0.000000000000000E+000  0.000000000000000E+000  0.000000000000000E+000
  0.000000000000000E+000  0.000000000000000E+000  0.000000000000000E+000
  0.000000000000000E+000  0.000000000000000E+000  0.000000000000000E+000
  0.000000000000000E+000  0.000000000000000E+000  0.000000000000000E+000
  0.000000000000000E+000  0.000000000000000E+000  0.000000000000000E+000
  0.000000000000000E+000  0.000000000000000E+000  0.000000000000000E+000
  0.000000000000000E+000  0.000000000000000E+000  0.000000000000000E+000
  0.000000000000000E+000  0.000000000000000E+000  0.000000000000000E+000
  0.000000000000000E+000  0.000000000000000E+000  0.000000000000000E+000
  0.000000000000000E+000  0.000000000000000E+000  0.000000000000000E+000
  0.000000000000000E+000  0.000000000000000E+000  0.000000000000000E+000
 -5.505819843418481E-004  4.911124122497003E-003  4.376854600382922E-003
 -6.004302999643353E-003  1.582115088189432E-002  4.627834008634860E-003
 -6.562842077374821E-003  4.641124072711779E-003  1.443810278620971E-002
 -6.396250088031926E-003 -2.215512832358776E-002  3.399112647916976E-002
 -9.573902782403308E-003 -4.535635797079312E-002  5.371636966411983E-002
 -2.130719187825880E-002 -4.892688605934811E-002  5.561768193032381E-002
 -2.675795465798952E-002 -4.617890601026496E-002  4.873450506018154E-002
 -3.175766589965680E-002 -4.271413603050225E-002  5.535663506111394E-002
 -3.440533974998686E-002 -3.079917090648738E-002  5.356432199813466E-002
 -1.611716933864124E-002 -1.656787459362639E-002  3.410680080675799E-002
  7.250825839605629E-003 -3.365908161304412E-003  1.443859441008017E-002
  1.685515326664663E-002  2.761947817191247E-003  4.487767261727373E-003
  4.597607116458873E-003  2.032295586802586E-003  4.324958845674461E-003
  0.000000000000000E+000  0.000000000000000E+000  0.000000000000000E+000
  0.000000000000000E+000  0.000000000000000E+000  0.000000000000000E+000
  0.000000000000000E+000  0.000000000000000E+000  0.000000000000000E+000
  0.000000000000000E+000  0.000000000000000E+000  0.000000000000000E+000
 -1.870302376675545E-004  4.097994421949473E-003  3.710659473843712E-003
 -5.306173591425379E-003  1.267309900802099E-002  4.983056521600403E-003
 -6.435277033651743E-003  5.304797434103972E-003  1.352913467049057E-002
 -8.368000831143052E-003 -1.853802527126961E-002  3.162044780659361E-002
 -1.379593140559659E-002 -4.292322423715262E-002  5.320318136988885E-002
 -2.048089731322945E-002 -4.861610297778721E-002  5.769555808516498E-002
 -2.474466923896827E-002 -4.272444948741629E-002  5.374520992328156E-002
 -3.180424607407848E-002 -4.185137578371170E-002  5.746295439518764E-002
 -3.025589583983357E-002 -3.321769939803824E-002  5.305661834460589E-002
 -1.195392282146955E-002 -1.648853544873028E-002  3.165981258566556E-002
  7.883895603520426E-003 -2.866412048118193E-003  1.344500465001070E-002
  1.379332104037302E-002  1.795952168106571E-003  4.843713926116540E-003
  3.699466938253713E-003  1.927626516788415E-003  3.669253710858814E-003
  0.000000000000000E+000  0.000000000000000E+000  0.000000000000000E+000
  0.000000000000000E+000  0.000000000000000E+000  0.000000000000000E+000
  0.000000000000000E+000  0.000000000000000E+000  0.000000000000000E+000
  0.000000000000000E+000  0.000000000000000E+000  0.000000000000000E+000
 -3.333356213858321E-004  3.084918291589381E-003  3.655779828036687E-003
 -4.705252355652341E-003  1.004046519064636E-002  5.013551931848095E-003
 -6.165646045118251E-003  3.752142859238385E-003  1.309003154079466E-002
 -9.086992821470932E-003 -1.584344785174771E-002  2.888237407621034E-002
 -1.533826335026511E-002 -4.041861830979653E-002  4.820554082205046E-002
 -2.474498878803526E-002 -5.188854935030952E-002  5.951210943262828E-002
 -3.046073398446834E-002 -5.263698779140313E-002  6.076948608912487E-002
 -3.254501989590230E-002 -4.716426786858974E-002  5.934463107978498E-002
 -2.725260639535299E-002 -3.333879316769888E-002  4.808315939335277E-002
 -9.005640823459818E-003 -1.560988383075147E-002  2.873033701737698E-002
  6.569685993736880E-003 -3.327375444078619E-003  1.291408309668570E-002
  1.122767644242639E-002  1.011542742907275E-003  4.872266528066026E-003
  2.878419998110905E-003  1.285318359428921E-003  3.619363552598836E-003
  0.000000000000000E+000  0.000000000000000E+000  0.000000000000000E+000
  0.000000000000000E+000  0.000000000000000E+000  0.000000000000000E+000
  0.000000000000000E+000  0.000000000000000E+000  0.000000000000000E+000
  0.000000000000000E+000  0.000000000000000E+000  0.000000000000000E+000
 -3.013734906306536E-004  1.441363116587255E-003  3.496081605721150E-003
 -4.145991624640117E-003  5.844884187286819E-003  5.181629712750878E-003
 -5.056985616836137E-003  2.692462849101563E-003  1.115633521657852E-002
 -6.871055679045120E-003 -1.119932386483099E-002  2.389176341028508E-002
 -1.223948830479071E-002 -3.199755773583170E-002  4.185384699571794E-002
 -2.132621636784938E-002 -4.671762762036628E-002  5.465201510353919E-002
 -2.838465538424901E-002 -4.903661193240202E-002  5.813345766914447E-002
 -2.997784006981566E-002 -4.189685506613440E-002  5.472249797809387E-002
 -2.159954523439659E-002 -2.649282032674997E-002  4.181332521817842E-002
 -5.911011919811957E-003 -1.124783497036693E-002  2.367571977216467E-002
  5.330628143602520E-003 -2.761145881653646E-003  1.089705388732280E-002
  7.329072528498391E-003 -5.939153460728311E-004  5.044029830011303E-003
  1.407706888723744E-003  4.793995195849359E-004  3.467783397143603E-003
  0.000000000000000E+000  0.000000000000000E+000  0.000000000000000E+000
  0.000000000000000E+000  0.000000000000000E+000  0.000000000000000E+000
  0.000000000000000E+000  0.000000000000000E+000  0.000000000000000E+000
  0.000000000000000E+000  0.000000000000000E+000  0.000000000000000E+000
 -5.460458206753725E-004  6.447334302067043E-004  3.178907938502861E-003
 -3.498793463018176E-003  2.315178030882598E-003  5.181183679582126E-003
 -4.230063299164757E-003  8.409799720827558E-005  1.051513264616569E-002
 -5.673657381517781E-003 -9.689825185492761E-003  2.099760646826138E-002
 -1.012087199239895E-002 -2.442700601185279E-002  3.490155908529102E-002
 -1.670117285009428E-002 -3.404661796632192E-002  4.452264735071191E-002
 -2.092969131331672E-002 -3.613601883724236E-002  4.685028627793580E-002
 -2.149417231654492E-002 -3.177598100938311E-002  4.484061322885828E-002
 -1.641290665178752E-002 -2.117906927536364E-002  3.518727839931044E-002
 -5.396706653192733E-003 -9.599274211782607E-003  2.092518191261051E-002
  2.670278111365338E-003 -3.348722209722415E-003  1.025508038902653E-002
  3.943329834784791E-003 -1.797187738421613E-003  5.065105417033047E-003
  8.167607106627627E-004 -1.411328758732489E-004  3.155627452282535E-003
  0.000000000000000E+000  0.000000000000000E+000  0.000000000000000E+000
  0.000000000000000E+000  0.000000000000000E+000  0.000000000000000E+000
  0.000000000000000E+000  0.000000000000000E+000  0.000000000000000E+000
  0.000000000000000E+000  0.000000000000000E+000  0.000000000000000E+000
 -1.005661692846929E-003  7.714812621636888E-004  2.560846501660074E-003
 -2.972527158722005E-003 -8.680674052765084E-004  5.231389733597928E-003
 -3.433512142385587E-003 -3.883991349280423E-003  1.074664736420268E-002
 -5.006376462938801E-003 -1.274120409817956E-002  2.092682938942774E-002
 -8.748415324480690E-003 -2.261138816341892E-002  3.251521952327276E-002
 -1.366091802348060E-002 -2.839836854939925E-002  3.929169959519476E-002
 -1.704643074098280E-002 -2.942116196869936E-002  4.115460356019451E-002
 -1.799804785319538E-002 -2.620178641185701E-002  3.948647658736039E-002
 -1.571470594218791E-002 -1.925352767375760E-002  3.304828434753725E-002
 -8.788051197843464E-003 -1.083454325209713E-002  2.118191242074014E-002
 -1.354245280771226E-003 -4.765034272110526E-003  1.058126353240571E-002
  8.862088033122944E-004 -2.945260585948039E-003  5.141499618349252E-003
  1.154682969937387E-003 -4.868721308780794E-004  2.538085303933905E-003
  0.000000000000000E+000  0.000000000000000E+000  0.000000000000000E+000
  0.000000000000000E+000  0.000000000000000E+000  0.000000000000000E+000
  0.000000000000000E+000  0.000000000000000E+000  0.000000000000000E+000
  0.000000000000000E+000  0.000000000000000E+000  0.000000000000000E+000
 -1.547052776638202E-003  7.368367600610288E-004  2.101714474342821E-003
 -2.178390495269384E-003 -2.644227980146735E-003  4.891593592702879E-003
 -2.877287997538530E-003 -7.695671545297477E-003  1.141849071404743E-002
 -4.196741695987352E-003 -1.496590406107760E-002  2.102334748603494E-002
 -7.603908620102707E-003 -2.169431732865469E-002  3.080924210086274E-002
 -1.209881548318318E-002 -2.611078494130866E-002  3.749687240870497E-002
 -1.557424774290816E-002 -2.688134249356551E-002  3.975232529919160E-002
 -1.655379327975283E-002 -2.345482476906061E-002  3.732503043978095E-002
 -1.539376095263629E-002 -1.774348100568059E-002  3.131097635510876E-002
 -1.135694446309543E-002 -1.139331624557527E-002  2.152028179595865E-002
 -5.178878838547162E-003 -6.328619888497354E-003  1.139500697798174E-002
 -1.111661505753292E-003 -3.172904799694002E-003  4.829714250236347E-003
  1.400767212485693E-003 -9.774709833627524E-004  2.086624214947944E-003
  0.000000000000000E+000  0.000000000000000E+000  0.000000000000000E+000
  0.000000000000000E+000  0.000000000000000E+000  0.000000000000000E+000
  0.000000000000000E+000  0.000000000000000E+000  0.000000000000000E+000
  0.000000000000000E+000  0.000000000000000E+000  0.000000000000000E+000
 -1.128595280794971E-003  9.532169169021176E-004  1.188876973628496E-003
 -1.957816657669481E-003 -3.245421915874032E-003  4.297772930977948E-003
 -2.296034267509937E-003 -8.225171598634224E-003  1.052585586344785E-002
 -3.535085260523019E-003 -1.207359106272805E-002  1.716382729381609E-002
 -5.987501638676472E-003 -1.674699976046596E-002  2.466816749231454E-002
 -9.363281260850091E-003 -2.021929903547389E-002  3.061120685766159E-002
 -1.183271733922158E-002 -2.039327383203201E-002  3.217709700516651E-002
 -1.271012416023600E-002 -1.804123198736118E-002  3.023005918630058E-002
 -1.175149004245192E-002 -1.375409302441721E-002  2.500290966328447E-002
 -9.118588870123729E-003 -9.333103516340905E-003  1.764440695872186E-002
 -6.058273818424334E-003 -6.161358000884729E-003  1.059200530682330E-002
 -1.801136358127893E-003 -3.305775222216579E-003  4.281113153659071E-003
  1.380803624102511E-003 -5.137067615584239E-004  1.156127316950175E-003
  0.000000000000000E+000  0.000000000000000E+000  0.000000000000000E+000
  0.000000000000000E+000  0.000000000000000E+000  0.000000000000000E+000
  0.000000000000000E+000  0.000000000000000E+000  0.000000000000000E+000
  0.000000000000000E+000  0.000000000000000E+000  0.000000000000000E+000
 -7.166627991186367E-004  1.019278894230615E-003  7.232982887985811E-004
 -1.576812734549547E-003 -2.345128359168894E-003  2.717852336516989E-003
 -2.153637303970430E-003 -5.200103481492651E-003  6.712707060466596E-003
 -2.962521669653480E-003 -6.741849380880174E-003  9.690642901867597E-003
 -4.348910958523826E-003 -1.018068393104489E-002  1.501318895766409E-002
 -6.193113649996249E-003 -1.248881046010169E-002  1.913463726351443E-002
 -7.227502411131414E-003 -1.241604685326376E-002  1.950019859636117E-002
 -7.621404305007784E-003 -1.146256078236373E-002  1.881617022112180E-002
 -6.780237352479481E-003 -8.973098394699567E-003  1.522858747464690E-002
 -4.590514887520522E-003 -6.081432910203423E-003  9.955523996874292E-003
 -3.491099685038258E-003 -4.522421094923902E-003  6.781047365267502E-003
 -1.251484659206183E-003 -2.546216043760671E-003  2.712944473597054E-003
  1.248719692072659E-003 -1.153070945137302E-004  7.141430461569068E-004
  0.000000000000000E+000  0.000000000000000E+000  0.000000000000000E+000
  0.000000000000000E+000  0.000000000000000E+000  0.000000000000000E+000
  0.000000000000000E+000  0.000000000000000E+000  0.000000000000000E+000
  0.000000000000000E+000  0.000000000000000E+000  0.000000000000000E+000
 -3.436750630882258E-005  5.176170743364631E-004  6.049180529105377E-004
 -9.431596789011443E-004 -1.121623450244530E-004  5.074863715485556E-004
 -1.578589658801047E-003 -6.233192556612200E-004  1.492639170731548E-003
 -2.429079778153347E-003 -1.069013805944178E-003  1.550761281161659E-003
 -3.161276541970037E-003 -2.808190462740558E-003  2.614480421109194E-003
 -3.378489756180395E-003 -4.212766682442921E-003  3.201931907630345E-003
 -2.826096910368226E-003 -4.851851945141095E-003  3.163994407931460E-003
 -1.930862537425381E-003 -4.969040463499092E-003  3.088689176956729E-003
 -8.983300737733951E-004 -4.187773600621105E-003  2.638352418557979E-003
  2.445654347881179E-004 -2.692109140980528E-003  1.577119064375930E-003
  2.372218506733554E-004 -1.701390482188400E-003  1.505414754614324E-003
  3.713720466551073E-004 -8.775035028810592E-004  5.069756991134579E-004
  4.649545764866623E-004  2.261248368996753E-004  5.957645084351408E-004
  0.000000000000000E+000  0.000000000000000E+000  0.000000000000000E+000
  0.000000000000000E+000  0.000000000000000E+000  0.000000000000000E+000
  0.000000000000000E+000  0.000000000000000E+000  0.000000000000000E+000
  0.000000000000000E+000  0.000000000000000E+000  0.000000000000000E+000
  0.000000000000000E+000  0.000000000000000E+000  0.000000000000000E+000
  0.000000000000000E+000  0.000000000000000E+000  0.000000000000000E+000
  0.000000000000000E+000  0.000000000000000E+000  0.000000000000000E+000
  0.000000000000000E+000  0.000000000000000E+000  0.000000000000000E+000
  0.000000000000000E+000  0.000000000000000E+000  0.000000000000000E+000
  0.000000000000000E+000  0.000000000000000E+000  0.000000000000000E+000
  0.000000000000000E+000  0.000000000000000E+000  0.000000000000000E+000
  0.000000000000000E+000  0.000000000000000E+000  0.000000000000000E+000
  0.000000000000000E+000  0.000000000000000E+000  0.000000000000000E+000
  0.000000000000000E+000  0.000000000000000E+000  0.000000000000000E+000
  0.000000000000000E+000  0.000000000000000E+000  0.000000000000000E+000
  0.000000000000000E+000  0.000000000000000E+000  0.000000000000000E+000
  0.000000000000000E+000  0.000000000000000E+000  0.000000000000000E+000
  0.000000000000000E+000  0.000000000000000E+000  0.000000000000000E+000
  0.000000000000000E+000  0.000000000000000E+000  0.000000000000000E+000
  0.000000000000000E+000  0.000000000000000E+000  0.000000000000000E+000
  0.000000000000000E+000  0.000000000000000E+000  0.000000000000000E+000
  0.000000000000000E+000  0.000000000000000E+000  0.000000000000000E+000
  0.000000000000000E+000  0.000000000000000E+000  0.000000000000000E+000
  0.000000000000000E+000  0.000000000000000E+000  0.000000000000000E+000
  0.000000000000000E+000  0.000000000000000E+000  0.000000000000000E+000
  0.000000000000000E+000  0.000000000000000E+000  0.000000000000000E+000
  0.000000000000000E+000  0.000000000000000E+000  0.000000000000000E+000
  0.000000000000000E+000  0.000000000000000E+000  0.000000000000000E+000
  0.000000000000000E+000  0.000000000000000E+000  0.000000000000000E+000
  0.000000000000000E+000  0.000000000000000E+000  0.000000000000000E+000
  0.000000000000000E+000  0.000000000000000E+000  0.000000000000000E+000
  0.000000000000000E+000  0.000000000000000E+000  0.000000000000000E+000
  0.000000000000000E+000  0.000000000000000E+000  0.000000000000000E+000
  0.000000000000000E+000  0.000000000000000E+000  0.000000000000000E+000
  0.000000000000000E+000  0.000000000000000E+000  0.000000000000000E+000
  0.000000000000000E+000  0.000000000000000E+000  0.000000000000000E+000
  0.000000000000000E+000  0.000000000000000E+000  0.000000000000000E+000
  0.000000000000000E+000  0.000000000000000E+000  0.000000000000000E+000
  -1.13878416230358       -23.1388506516390        13.8756002896121     
  -11.3543109539439        41.8495901132574        14.9537599026084     
  -27.8227633414938        153.887698457190       -13.9692424107369     
  -13.8939076501741        138.469987641679        12.6385108176585     
   11.4430581643983       -14.7897676482703        123.883351632903     
  -39.2614892694724       -148.471699569417        204.162706690828     
  -102.867099515467       -175.552379643232        216.230376366989     
  -108.743058429037       -105.364815268597        199.909213129474     
  -18.9848919918439        3.81831184183555        124.694821953072     
   121.892106164158        56.2661085752250        17.1798587936700     
   145.185148498191        51.7063103515455       -13.5422104367565     
   43.2277704573419        10.9076771356412        13.1327594572533     
  -18.6402547379483       -11.9992944080049        13.2313343959395     
  0.000000000000000E+000  0.000000000000000E+000  0.000000000000000E+000
  0.000000000000000E+000  0.000000000000000E+000  0.000000000000000E+000
  0.000000000000000E+000  0.000000000000000E+000  0.000000000000000E+000
  0.000000000000000E+000  0.000000000000000E+000  0.000000000000000E+000
 -0.971028929151312       -16.9463414331262        10.9585560363714     
  -8.31530789465753        30.4728753114285        15.0716891112119     
  -20.4272440135631        138.141850653006       -7.81869134293860     
  -17.2738774475541        152.933634081542       -1.29441482113360     
  -29.6773989316391        9.82265547130230        106.143587504560     
  -68.4055204871320       -134.661296430018        201.255232866217     
  -98.2284599348858       -168.556020259905        229.939672973277     
  -81.3106171789425       -123.397038958172        197.693236439606     
   21.3498870078955       -19.4611387171432        107.043927580034     
   137.067933139377        60.3855533005181        1.70451945684300     
   128.959224055996        50.8490482896604       -8.12083857648055     
   30.5611957264489        7.34126902433385        13.7832511326039     
  -13.5588453639177       -9.02263405948921        10.4366438474947     
  0.000000000000000E+000  0.000000000000000E+000  0.000000000000000E+000
  0.000000000000000E+000  0.000000000000000E+000  0.000000000000000E+000
  0.000000000000000E+000  0.000000000000000E+000  0.000000000000000E+000
  0.000000000000000E+000  0.000000000000000E+000  0.000000000000000E+000
  -1.96975356960175       -12.4229158342650        8.97690962352680     
  -4.47743601336812        19.8537184470515        15.8127421747246     
  -11.0739509241925        114.207965554997       -3.21593142120535     
  -12.2952167667748        168.898598637013       -12.9881634867412     
  -29.4113861703335        62.1212602439935        56.0785992446942     
  -89.7373100002646       -116.340362067126        189.502546035159     
  -111.953516583283       -192.228487337696        249.855157304828     
  -55.8223303720817       -133.388382482276        187.642538622787     
   68.0511230812028        6.62997123199073        56.2864787404932     
   152.222595801136        75.1593490014544       -13.0211786427353     
   104.040072383337        47.4892584590396       -3.85316919980584     
   18.0534515390188        4.82982612546487        15.1278847117775     
  -9.34710094923351       -7.82552324612415        8.49893375251596     
  0.000000000000000E+000  0.000000000000000E+000  0.000000000000000E+000
  0.000000000000000E+000  0.000000000000000E+000  0.000000000000000E+000
  0.000000000000000E+000  0.000000000000000E+000  0.000000000000000E+000
  0.000000000000000E+000  0.000000000000000E+000  0.000000000000000E+000
  -2.12117068013976       -4.91893465938112        5.66045181535273     
  0.439812929899946        3.76566159917791        16.0019712656529     
  -5.25459779515434        73.4968833608235        4.74045827857404     
 -0.391042874773894        191.102381872857       -40.7579035378100     
  -2.41931643271075        129.670193046204        1.43883592888931     
  -53.2496723262815       -90.9724134815530        164.425013313807     
  -116.229044541958       -200.313005264610        267.243275293617     
  -53.5110511313919       -92.3330200958400        165.240578730831     
   113.807264181246        64.1307847349111        1.67006684818273     
   168.873043771163        98.3955587381885       -42.2540039024265     
   66.3734315490685        32.4144380552587        4.05032919789893     
 -0.745572971767839      -5.581930997101817E-002   16.3429379377825     
  -2.90599887494236       -4.43703812311839        5.32079660443064     
  0.000000000000000E+000  0.000000000000000E+000  0.000000000000000E+000
  0.000000000000000E+000  0.000000000000000E+000  0.000000000000000E+000
  0.000000000000000E+000  0.000000000000000E+000  0.000000000000000E+000
  0.000000000000000E+000  0.000000000000000E+000  0.000000000000000E+000
 -0.997350858522819      -0.435978784131178        2.95913107456746     
   3.18302270364443       -1.09382889019021        12.4217733609368     
   1.29675301314570        51.6577408243722        5.90132057230328     
   7.73851034402095        167.262542629430       -45.3612626862438     
   11.0560156574538        131.593540089832       -21.6010742964235     
  -30.5884388525272       -33.9154006283974        114.286866398076     
  -66.0200662702701       -114.288368031045        190.042793258278     
  -15.6460437979974       -45.6568138758392        116.930394635381     
   107.978985190260        74.8256405959504       -19.7982910270009     
   143.046895139497        92.2231635108323       -46.1515308245214     
   43.1527795755211        26.3081185361017        5.98598984250390     
  -7.88035821065838      -0.926390558697554        13.6123486792680     
  0.562708092033679       -1.33734641275281        2.65553518348767     
  0.000000000000000E+000  0.000000000000000E+000  0.000000000000000E+000
  0.000000000000000E+000  0.000000000000000E+000  0.000000000000000E+000
  0.000000000000000E+000  0.000000000000000E+000  0.000000000000000E+000
  0.000000000000000E+000  0.000000000000000E+000  0.000000000000000E+000
  0.954840544972524       0.206964071826076        1.62655470346950     
   4.10811010627357        7.04362052785959        6.49168049638072     
   6.44599200368453        70.2077256907072       -10.8698337381741     
   9.93568035225566        114.510087922740       -32.9397330969822     
   7.84502531787820        64.6736370449179        9.23249633379777     
  -5.55666339269062       -1.32611519922386        72.7637656021948     
  -10.5739553476778       -19.2431255667403        90.7640676378577     
   2.38303679625964       -6.28332745162399        73.8508210307871     
   52.5524103912401        38.7252704592414        10.8497802494716     
   95.1169178576804        66.3809576822333       -32.7250224054721     
   56.1019322793096        39.6223073231155       -10.2496378745629     
  -1.68230839332566        3.49676568697882        8.30253859597027     
  0.240980198014684       0.639222403574345        1.28221095349045     
  0.000000000000000E+000  0.000000000000000E+000  0.000000000000000E+000
  0.000000000000000E+000  0.000000000000000E+000  0.000000000000000E+000
  0.000000000000000E+000  0.000000000000000E+000  0.000000000000000E+000
  0.000000000000000E+000  0.000000000000000E+000  0.000000000000000E+000
   2.00061398438345       -2.49931111974059       0.971424440056675     
   6.14534669523793        24.1082346250200       -1.78775349163282     
   7.13137507250397        105.683198252898       -42.4396190837637     
   10.0377032962645        55.6014599957117       -8.52631491895129     
   1.84413032284388       -11.0918080505138        62.2424070135191     
   5.85951123870690        14.4120089145583        41.6775919281045     
   20.6805698871862        34.2506876317928        10.1537147889414     
   11.8938474364405        12.4373569868994        41.1395256552812     
  -8.27878967435982       -3.51342592551825        62.1041248458648     
   47.1097693946418        38.8489979778483       -11.1539996998732     
   88.0351626775507        58.8172287643761       -42.5187084374187     
   12.8191354456174        14.1696216776037       0.134456122038037     
  -2.55197079901446       0.100604904039925       0.685396313734773     
  0.000000000000000E+000  0.000000000000000E+000  0.000000000000000E+000
  0.000000000000000E+000  0.000000000000000E+000  0.000000000000000E+000
  0.000000000000000E+000  0.000000000000000E+000  0.000000000000000E+000
  0.000000000000000E+000  0.000000000000000E+000  0.000000000000000E+000
   2.20982625870620       -4.02853373571119        1.21887810195083     
   8.42774756480922        33.8622184984635       -8.20720501749410     
   4.80567653204293        114.322488798964       -63.6211530251711     
   10.0773471476688        9.10239225795164        17.5521527476973     
   3.98580902310771       -23.1386243078253        69.5365180839828     
   22.1082264530478        50.2153369771856       -22.7206507068911     
   40.0569286845333        67.4532387504127       -58.0640049261155     
   33.7601362216753        43.0841184727420       -21.2068013203243     
  -22.3152117414600       -9.67958247299778        72.2595022855655     
   10.5789264416918        17.5816921571304        10.0407623845356     
   99.6736273282792        62.8856133225737       -65.8353079295010     
   21.6689237519888        21.6953557865039       -6.58435041549742     
  -4.04468643356890      -0.281882266690288       0.907418688061993     
  0.000000000000000E+000  0.000000000000000E+000  0.000000000000000E+000
  0.000000000000000E+000  0.000000000000000E+000  0.000000000000000E+000
  0.000000000000000E+000  0.000000000000000E+000  0.000000000000000E+000
  0.000000000000000E+000  0.000000000000000E+000  0.000000000000000E+000
  0.818014089533596       -2.95836578587513        1.34637051982807     
   11.0358984536164        25.1660495991076       -8.30686305451757     
   6.30254520576362        76.5492665906841       -46.6497338580013     
   4.25212460394134       -5.98792478996609        24.5369802784936     
   5.74178696861181        12.2203465006289        9.51717386565663     
   28.8441759123579        70.2052389900072       -88.9209353803830     
   40.8262799528502        69.3722324348031       -92.8833257251056     
   47.1902091690672        58.5500641235248       -86.9530628088258     
   3.66260799603378        7.30273038077881        18.3628029689290     
  -1.39022548229411        3.93471904073188        17.6547856970006     
   67.0988031154055        46.4275432740759       -50.1723028641314     
   14.6283972075346        20.6428811920144       -7.50964230580945     
  -2.62541496474335      -0.833961430097511        1.23017101311801     
  0.000000000000000E+000  0.000000000000000E+000  0.000000000000000E+000
  0.000000000000000E+000  0.000000000000000E+000  0.000000000000000E+000
  0.000000000000000E+000  0.000000000000000E+000  0.000000000000000E+000
  0.000000000000000E+000  0.000000000000000E+000  0.000000000000000E+000
 -4.090313481123699E-002 -0.220875519280886       0.270033429444134     
   5.36479960114872        4.16548234136113       0.879716607157918     
   8.16677183403446        17.2581481741064       -2.86581176485374     
  0.907750435247604        1.13489242001358        7.99460958580389     
   10.9186271600276        16.2946899234835       -12.2011179716536     
   21.9976189478602        33.9243422643452       -30.1934516597033     
   20.3052973585031        34.4908309808789       -24.6032787914647     
   18.6633410077198        35.6382485108372       -30.0740708407094     
   7.30542772304280        15.0630307903062       -8.93230726042126     
   1.75910528659334        2.13736103514086        7.51859987205612     
   11.7575248886918        17.0834463719074       -3.87261297532988     
  0.765982483433869        6.36696694763406       0.826040713778831     
 -0.161366314061982      -0.177161888772770       0.215502441580652     
  0.000000000000000E+000  0.000000000000000E+000  0.000000000000000E+000
  0.000000000000000E+000  0.000000000000000E+000  0.000000000000000E+000
  0.000000000000000E+000  0.000000000000000E+000  0.000000000000000E+000
  0.000000000000000E+000  0.000000000000000E+000  0.000000000000000E+000
  0.000000000000000E+000  0.000000000000000E+000  0.000000000000000E+000
  0.000000000000000E+000  0.000000000000000E+000  0.000000000000000E+000
  0.000000000000000E+000  0.000000000000000E+000  0.000000000000000E+000
  0.000000000000000E+000  0.000000000000000E+000  0.000000000000000E+000
  0.000000000000000E+000  0.000000000000000E+000  0.000000000000000E+000
  0.000000000000000E+000  0.000000000000000E+000  0.000000000000000E+000
  0.000000000000000E+000  0.000000000000000E+000  0.000000000000000E+000
  0.000000000000000E+000  0.000000000000000E+000  0.000000000000000E+000
  0.000000000000000E+000  0.000000000000000E+000  0.000000000000000E+000
  0.000000000000000E+000  0.000000000000000E+000  0.000000000000000E+000
  0.000000000000000E+000  0.000000000000000E+000  0.000000000000000E+000
  0.000000000000000E+000  0.000000000000000E+000  0.000000000000000E+000
  0.000000000000000E+000  0.000000000000000E+000  0.000000000000000E+000
  0.000000000000000E+000  0.000000000000000E+000  0.000000000000000E+000
  0.000000000000000E+000  0.000000000000000E+000  0.000000000000000E+000
  0.000000000000000E+000  0.000000000000000E+000  0.000000000000000E+000
  0.000000000000000E+000  0.000000000000000E+000  0.000000000000000E+000
  0.000000000000000E+000  0.000000000000000E+000  0.000000000000000E+000
  0.000000000000000E+000  0.000000000000000E+000  0.000000000000000E+000
  0.000000000000000E+000  0.000000000000000E+000  0.000000000000000E+000
  0.000000000000000E+000  0.000000000000000E+000  0.000000000000000E+000
  0.000000000000000E+000  0.000000000000000E+000  0.000000000000000E+000
  0.000000000000000E+000  0.000000000000000E+000  0.000000000000000E+000
  0.000000000000000E+000  0.000000000000000E+000  0.000000000000000E+000
  0.000000000000000E+000  0.000000000000000E+000  0.000000000000000E+000
  0.000000000000000E+000  0.000000000000000E+000  0.000000000000000E+000
  0.000000000000000E+000  0.000000000000000E+000  0.000000000000000E+000
  0.000000000000000E+000  0.000000000000000E+000  0.000000000000000E+000
  0.000000000000000E+000  0.000000000000000E+000  0.000000000000000E+000
  0.000000000000000E+000  0.000000000000000E+000  0.000000000000000E+000
  0.000000000000000E+000  0.000000000000000E+000  0.000000000000000E+000
  0.000000000000000E+000  0.000000000000000E+000  0.000000000000000E+000
