         140  1.399999999999997E-002  1.399999999999997E-002
  0.000000000000000E+000  0.000000000000000E+000  0.000000000000000E+000
  0.000000000000000E+000  0.000000000000000E+000  0.000000000000000E+000
  2.800873063620696E-002  6.284544599721952E-002 -5.599089386947690E-002
  2.187469893602301E-002  0.144673764398463      -9.848128870251199E-002
  3.423972200039815E-002  0.181792006312147      -0.136197195689224     
  4.370974522403158E-002  0.199468086951256      -0.157660721828171     
  5.323676933550654E-002  0.188548249582629      -0.168817185939225     
  6.606873991475944E-002  0.166563745608994      -0.171196287106598     
  8.601740132612280E-002  0.149064432212920      -0.171768938253756     
  0.111117172783263       0.140506226406491      -0.171181924580916     
  0.136594657397242       0.140401902805620      -0.168810525504065     
  0.150833976186707       0.137626687902427      -0.157656046789979     
  0.140303309566573       0.120606091458227      -0.136211246970512     
  0.114346364854504       9.128468272773030E-002 -9.847278150913932E-002
  4.046653143965172E-002  5.571109655180381E-002 -5.605555931021262E-002
  0.000000000000000E+000  0.000000000000000E+000  0.000000000000000E+000
  0.000000000000000E+000  0.000000000000000E+000  0.000000000000000E+000
  0.000000000000000E+000  0.000000000000000E+000  0.000000000000000E+000
  0.000000000000000E+000  0.000000000000000E+000  0.000000000000000E+000
  2.544659643851989E-002  5.853005599966147E-002 -5.047366100055325E-002
  2.129703606006628E-002  0.137022864208096      -9.527990662821410E-002
  3.083569351918141E-002  0.175324204491746      -0.130870164366913     
  4.084422553111670E-002  0.189530687632571      -0.154188641451622     
  5.103013357012769E-002  0.177563075267268      -0.165051276203131     
  6.383949075962879E-002  0.155524168604329      -0.167280956135259     
  8.049014153693393E-002  0.139484867629662      -0.167113594601312     
  0.102682632168013       0.133063175785440      -0.167282602601143     
  0.128196630533448       0.133003252906897      -0.165050678273243     
  0.143660889886612       0.130175014943411      -0.154183677136549     
  0.136394582263484       0.114409036369121      -0.130871926712180     
  0.107985460228070       8.694731003486009E-002 -9.526428487338366E-002
  3.800499569854625E-002  5.132163696611194E-002 -5.052695234387316E-002
  0.000000000000000E+000  0.000000000000000E+000  0.000000000000000E+000
  0.000000000000000E+000  0.000000000000000E+000  0.000000000000000E+000
  0.000000000000000E+000  0.000000000000000E+000  0.000000000000000E+000
  0.000000000000000E+000  0.000000000000000E+000  0.000000000000000E+000
  2.385536067653148E-002  4.796463933023060E-002 -4.199495324272908E-002
  1.778638535359321E-002  0.124599205723239      -8.717915101778262E-002
  2.689211790475466E-002  0.162244420429901      -0.122616189178284     
  3.461935426229312E-002  0.172360700824739      -0.146217116344632     
  4.580623002410714E-002  0.157807838561647      -0.157068238526159     
  5.540565236326139E-002  0.134792904588016      -0.159228236229894     
  6.928218217659279E-002  0.120065035052902      -0.159481155358261     
  8.895887915868944E-002  0.115406133081338      -0.159257656121961     
  0.113714519947763       0.118613099003671      -0.157082413889534     
  0.131913839113446       0.116193474745596      -0.146208707857883     
  0.127013510305693       0.104433561898830      -0.122601997524260     
  9.894526223166289E-002  7.766189213569857E-002 -8.713815082284557E-002
  2.963446605322915E-002  4.464491351513547E-002 -4.203333232897535E-002
  0.000000000000000E+000  0.000000000000000E+000  0.000000000000000E+000
  0.000000000000000E+000  0.000000000000000E+000  0.000000000000000E+000
  0.000000000000000E+000  0.000000000000000E+000  0.000000000000000E+000
  0.000000000000000E+000  0.000000000000000E+000  0.000000000000000E+000
  2.213123968381633E-002  2.699826222134549E-002 -3.113759981360303E-002
  1.550429119190709E-002  0.109964892801244      -7.643166157890489E-002
  1.979602598526181E-002  0.145581874229832      -0.111079092665413     
  2.750073641654742E-002  0.149970717942891      -0.134838887306431     
  3.421179710314101E-002  0.130698916990340      -0.144367072223387     
  4.212167566052517E-002  0.106030480530762      -0.146678616089209     
  5.199092637534596E-002  9.009956532461094E-002 -0.146781875992301     
  7.070397840123589E-002  8.954144441661002E-002 -0.146740751450113     
  9.605848523460672E-002  9.503462585748743E-002 -0.144406390966330     
  0.116102715756153       9.884328489355532E-002 -0.134834510738853     
  0.116120692027613       8.992887011994444E-002 -0.111041803118670     
  8.736636165980398E-002  6.833979063411642E-002 -7.636216120073740E-002
  1.231166584993048E-002  3.263830501248425E-002 -3.115798583107416E-002
  0.000000000000000E+000  0.000000000000000E+000  0.000000000000000E+000
  0.000000000000000E+000  0.000000000000000E+000  0.000000000000000E+000
  0.000000000000000E+000  0.000000000000000E+000  0.000000000000000E+000
  0.000000000000000E+000  0.000000000000000E+000  0.000000000000000E+000
  2.205170938803574E-002  3.087748170299463E-003 -2.182996085450467E-002
  1.027800924393470E-002  0.101423957301291      -6.560277820846248E-002
  1.734504390465174E-002  0.129609180474312      -0.101886584679409     
  1.676592951569427E-002  0.126278802872452      -0.122138456195385     
  2.412232146022346E-002  0.105132241104887      -0.131243636634037     
  2.795421027088739E-002  7.732806294576051E-002 -0.132304122418963     
  3.627415799499012E-002  6.286135774890597E-002 -0.132557057063741     
  5.296746759053169E-002  6.295684799902924E-002 -0.132404535980774     
  7.898131057507750E-002  7.353507205721112E-002 -0.131311736427577     
  0.100976201774133       7.770513344772638E-002 -0.122144767678415     
  0.103515645818103       7.982896966209092E-002 -0.101841126034806     
  8.258576331074444E-002  5.951929615232565E-002 -6.550680906686647E-002
 -8.395472747656129E-003  2.058606122426670E-002 -2.183563516472033E-002
  0.000000000000000E+000  0.000000000000000E+000  0.000000000000000E+000
  0.000000000000000E+000  0.000000000000000E+000  0.000000000000000E+000
  0.000000000000000E+000  0.000000000000000E+000  0.000000000000000E+000
  0.000000000000000E+000  0.000000000000000E+000  0.000000000000000E+000
  1.043289997643365E-002 -1.220212984793546E-002 -1.249399162037922E-002
  1.707965182190375E-002  9.721357793731188E-002 -6.017944656559653E-002
  7.250891985867726E-003  0.106442691830481      -8.933009143093652E-002
  1.037528325791019E-002  0.103943944666995      -0.108513513634376     
  1.264466125801640E-002  7.806051781711529E-002 -0.115330873874551     
  1.613325837913003E-002  5.245372781165638E-002 -0.115893434036832     
  2.215794980311137E-002  3.839504657501670E-002 -0.115627499890033     
  3.739649569056663E-002  4.033149130222616E-002 -0.116048858418196     
  6.128323011885911E-002  5.005937165560261E-002 -0.115421536138501     
  8.483886020588491E-002  6.102499009412220E-002 -0.108539812005227     
  8.851859103088346E-002  5.949086699026585E-002 -8.927783355791089E-002
  7.556032928214318E-002  6.334747504302599E-002 -6.009250608838049E-002
 -1.581757482051997E-002  2.844593207708196E-003 -1.248778012028532E-002
  0.000000000000000E+000  0.000000000000000E+000  0.000000000000000E+000
  0.000000000000000E+000  0.000000000000000E+000  0.000000000000000E+000
  0.000000000000000E+000  0.000000000000000E+000  0.000000000000000E+000
  0.000000000000000E+000  0.000000000000000E+000  0.000000000000000E+000
  1.431124798109793E-002 -1.119830506309104E-002 -1.230907541369890E-002
  1.218347688931028E-002  8.048725897823705E-002 -4.894571658400492E-002
  3.680421189278159E-003  8.343829143869300E-002 -7.524256631947386E-002
  3.104463381000571E-003  7.907355728007287E-002 -9.090826580313538E-002
  3.376050664239028E-003  5.438081683047071E-002 -9.599621556507433E-002
  6.676645744959803E-003  3.294370402986516E-002 -9.682256149123539E-002
  1.165229775373044E-002  2.018459648412903E-002 -9.624766208215627E-002
  2.528958160469541E-002  2.241169264988998E-002 -9.703758891126785E-002
  4.540313395120515E-002  3.018220734064303E-002 -9.609353300527354E-002
  6.691392060507305E-002  4.228500950008239E-002 -9.094215973607091E-002
  7.041708726007617E-002  4.493141391908167E-002 -7.521165409856286E-002
  6.354525231196351E-002  5.072140860232427E-002 -4.885470371316953E-002
 -1.687353288591204E-002  6.750019910962636E-003 -1.231106276481505E-002
  0.000000000000000E+000  0.000000000000000E+000  0.000000000000000E+000
  0.000000000000000E+000  0.000000000000000E+000  0.000000000000000E+000
  0.000000000000000E+000  0.000000000000000E+000  0.000000000000000E+000
  0.000000000000000E+000  0.000000000000000E+000  0.000000000000000E+000
  8.836838300333572E-003 -9.964003422768621E-003 -6.879759110970146E-003
  1.257839365846304E-002  5.687396276335305E-002 -3.692622091311010E-002
  8.521992846448881E-004  5.900091143281951E-002 -5.735566949180326E-002
 -1.805031545304002E-003  5.337035748004529E-002 -6.847057382430202E-002
 -2.611877538168458E-003  3.527544887992858E-002 -7.376635369831323E-002
 -3.052399315743897E-004  1.869585740468054E-002 -7.569413589075812E-002
  5.022635064633180E-003  8.673586049018566E-003 -7.612686843681146E-002
  1.648106841314099E-002  9.230124271455290E-003 -7.596356263501018E-002
  3.181308331154090E-002  1.542757015235571E-002 -7.383360103619102E-002
  4.707863268856826E-002  2.515626461334485E-002 -6.848821803812466E-002
  5.069239114739932E-002  3.028410676987595E-002 -5.735858959609844E-002
  4.293132729558699E-002  3.927008785321606E-002 -3.685033285184924E-002
 -1.307007233418816E-002  2.622345135336142E-003 -6.864746598378997E-003
  0.000000000000000E+000  0.000000000000000E+000  0.000000000000000E+000
  0.000000000000000E+000  0.000000000000000E+000  0.000000000000000E+000
  0.000000000000000E+000  0.000000000000000E+000  0.000000000000000E+000
  0.000000000000000E+000  0.000000000000000E+000  0.000000000000000E+000
  3.312032368997078E-003 -8.428955610902799E-003 -3.049137432713990E-003
  1.197447973135116E-002  3.246138640719781E-002 -2.291835606059105E-002
 -9.808363219896169E-004  3.064989811563212E-002 -3.288476425679078E-002
 -2.731737108226639E-003  2.989890832318475E-002 -4.208363601484719E-002
 -5.327326545550045E-003  1.808240617875200E-002 -4.665539152414940E-002
 -4.316789772301444E-003  8.427816779590360E-003 -5.074503838876216E-002
  6.251512223679500E-004  1.014136338156952E-003 -5.298491878986337E-002
  9.573320785114151E-003  5.617200550099567E-004 -5.098176446215208E-002
  1.824261661142894E-002  4.456063224459989E-003 -4.665147308848368E-002
  2.720480240533418E-002  1.260579793995004E-002 -4.208866232403839E-002
  2.705422614239674E-002  1.449710146938671E-002 -3.289200199207897E-002
  2.211865253807607E-002  2.658494780725510E-002 -2.288742613530352E-002
 -8.951979977798031E-003 -1.393108310469097E-003 -3.026450053972216E-003
  0.000000000000000E+000  0.000000000000000E+000  0.000000000000000E+000
  0.000000000000000E+000  0.000000000000000E+000  0.000000000000000E+000
  0.000000000000000E+000  0.000000000000000E+000  0.000000000000000E+000
  0.000000000000000E+000  0.000000000000000E+000  0.000000000000000E+000
 -5.749639601881007E-004 -3.007332477296466E-003 -1.946119932564142E-003
  8.090277693104593E-003  5.965454438946797E-003 -6.322303728473749E-003
  9.987387322023830E-004  7.392982547638951E-003 -8.102097878485717E-003
  1.928188768234678E-003  9.175972533511594E-003 -1.419507070425681E-002
 -2.712888899017858E-003  5.911114774948871E-003 -1.550079744534309E-002
 -2.386767625814466E-003  2.685648735227335E-003 -2.084056938844849E-002
 -7.478467556887709E-004 -1.399663499867495E-003 -2.218171509222551E-002
  3.568974738799571E-003 -6.559625704912535E-004 -2.099014053750923E-002
  6.417415351012626E-003  6.343485370655686E-004 -1.547047932042447E-002
  6.958725142962467E-003  6.244625192105680E-003 -1.418314608799792E-002
  5.936453304430799E-003  4.568133620207583E-003 -8.092214744309540E-003
  1.106117916115675E-003  9.968869834409330E-003 -6.342278471723446E-003
 -2.283483302117977E-003 -1.992230460537868E-003 -1.902393619286023E-003
  0.000000000000000E+000  0.000000000000000E+000  0.000000000000000E+000
  0.000000000000000E+000  0.000000000000000E+000  0.000000000000000E+000
  0.000000000000000E+000  0.000000000000000E+000  0.000000000000000E+000
  0.000000000000000E+000  0.000000000000000E+000  0.000000000000000E+000
  0.000000000000000E+000  0.000000000000000E+000  0.000000000000000E+000
  0.000000000000000E+000  0.000000000000000E+000  0.000000000000000E+000
  0.000000000000000E+000  0.000000000000000E+000  0.000000000000000E+000
  0.000000000000000E+000  0.000000000000000E+000  0.000000000000000E+000
  0.000000000000000E+000  0.000000000000000E+000  0.000000000000000E+000
  0.000000000000000E+000  0.000000000000000E+000  0.000000000000000E+000
  0.000000000000000E+000  0.000000000000000E+000  0.000000000000000E+000
  0.000000000000000E+000  0.000000000000000E+000  0.000000000000000E+000
  0.000000000000000E+000  0.000000000000000E+000  0.000000000000000E+000
  0.000000000000000E+000  0.000000000000000E+000  0.000000000000000E+000
  0.000000000000000E+000  0.000000000000000E+000  0.000000000000000E+000
  0.000000000000000E+000  0.000000000000000E+000  0.000000000000000E+000
  0.000000000000000E+000  0.000000000000000E+000  0.000000000000000E+000
  0.000000000000000E+000  0.000000000000000E+000  0.000000000000000E+000
  0.000000000000000E+000  0.000000000000000E+000  0.000000000000000E+000
  0.000000000000000E+000  0.000000000000000E+000  0.000000000000000E+000
  0.000000000000000E+000  0.000000000000000E+000  0.000000000000000E+000
  0.000000000000000E+000  0.000000000000000E+000  0.000000000000000E+000
  0.000000000000000E+000  0.000000000000000E+000  0.000000000000000E+000
  0.000000000000000E+000  0.000000000000000E+000  0.000000000000000E+000
  0.000000000000000E+000  0.000000000000000E+000  0.000000000000000E+000
  0.000000000000000E+000  0.000000000000000E+000  0.000000000000000E+000
  0.000000000000000E+000  0.000000000000000E+000  0.000000000000000E+000
  0.000000000000000E+000  0.000000000000000E+000  0.000000000000000E+000
  0.000000000000000E+000  0.000000000000000E+000  0.000000000000000E+000
  0.000000000000000E+000  0.000000000000000E+000  0.000000000000000E+000
  0.000000000000000E+000  0.000000000000000E+000  0.000000000000000E+000
  0.000000000000000E+000  0.000000000000000E+000  0.000000000000000E+000
  0.000000000000000E+000  0.000000000000000E+000  0.000000000000000E+000
  0.000000000000000E+000  0.000000000000000E+000  0.000000000000000E+000
  0.000000000000000E+000  0.000000000000000E+000  0.000000000000000E+000
  0.000000000000000E+000  0.000000000000000E+000  0.000000000000000E+000
  0.000000000000000E+000  0.000000000000000E+000  0.000000000000000E+000
  0.000000000000000E+000  0.000000000000000E+000  0.000000000000000E+000
 -3.111432802329776E-004 -1.117124331766872E-002  7.508487608778090E-003
 -4.696428074475793E-003 -1.482115766226854E-003  8.487361535444989E-003
 -7.927585133269875E-003 -1.090868968894704E-002  1.734600465043000E-002
 -1.397929994501199E-002 -1.241489386480548E-002  2.727848152071294E-002
 -1.558278783126109E-002 -2.827681116641759E-003  3.834181444554866E-002
 -1.018997870815797E-002  2.498435509910611E-005  5.459782096665635E-002
 -1.650951116836969E-003 -3.269236171524938E-003  6.433206607388255E-002
  5.533295563898090E-003 -8.802647882971363E-003  5.422640947125001E-002
  5.169970997987347E-003 -1.524841939171220E-002  3.821712449721171E-002
 -4.289429950998182E-003 -1.862952152475076E-002  2.746762237533491E-002
 -5.493837320424882E-003 -1.218989532966623E-002  1.753545305832062E-002
  1.472295843503247E-003 -4.567107096059266E-003  8.590580679756656E-003
 -8.948917190590957E-003 -5.606973567489612E-003  7.575342053979060E-003
  0.000000000000000E+000  0.000000000000000E+000  0.000000000000000E+000
  0.000000000000000E+000  0.000000000000000E+000  0.000000000000000E+000
  0.000000000000000E+000  0.000000000000000E+000  0.000000000000000E+000
  0.000000000000000E+000  0.000000000000000E+000  0.000000000000000E+000
 -3.629584246164776E-004 -9.554300716829093E-003  6.594253093355863E-003
 -4.578984640828255E-003 -3.548344961448207E-003  8.700360190865203E-003
 -8.314029458906675E-003 -7.485746731886496E-003  1.535313803414055E-002
 -1.251396446765561E-002 -3.955478838089574E-003  2.314367195586913E-002
 -1.058401178020925E-002  2.736289198605196E-003  3.526569210552775E-002
 -4.917322383252425E-003  6.190427834334969E-004  5.448961883698847E-002
 -1.360167696407085E-003 -2.665737762283783E-003  6.538939004336716E-002
  3.421324868087878E-003 -3.914213111305972E-003  5.409249134687766E-002
  7.698570934155088E-003 -8.029254303227713E-003  3.507149236687399E-002
  2.498455637715826E-003 -1.306326859406305E-002  2.328559477193499E-002
 -2.266590898499319E-003 -1.079305680428009E-002  1.553090953318312E-002
 -3.704554945304729E-004 -5.494123372049567E-003  8.808832713006606E-003
 -7.607048642504532E-003 -4.849312777553320E-003  6.659687354108227E-003
  0.000000000000000E+000  0.000000000000000E+000  0.000000000000000E+000
  0.000000000000000E+000  0.000000000000000E+000  0.000000000000000E+000
  0.000000000000000E+000  0.000000000000000E+000  0.000000000000000E+000
  0.000000000000000E+000  0.000000000000000E+000  0.000000000000000E+000
 -1.019944598360775E-003 -6.711958254316924E-003  5.408702590476520E-003
 -3.804016379409181E-003 -7.203340890079252E-003  8.494409737719736E-003
 -8.638945157015753E-003  5.779046091373751E-004  1.107367989923202E-002
 -8.164863471517755E-003  1.376660822507686E-002  1.543045704138424E-002
 -2.875818003148314E-003  1.451723217648888E-002  3.108773610576168E-002
 -4.416698362540714E-004  3.242318295657497E-003  5.433941692889562E-002
 -1.060958848353482E-003 -2.075254117828091E-003  6.558179350230828E-002
  3.511750947365964E-003  1.411431860216251E-003  5.390247905637352E-002
  1.437502523713348E-002  4.782089549428211E-003  3.075709021898415E-002
  1.603924712789504E-002 -2.650396905501277E-004  1.545594064061423E-002
  5.032536183469691E-003 -7.000294955552342E-003  1.121774370952791E-002
 -3.896576273899403E-003 -6.644852174540247E-003  8.603931540727174E-003
 -4.973897032400451E-003 -4.026968657457975E-003  5.485710548418908E-003
  0.000000000000000E+000  0.000000000000000E+000  0.000000000000000E+000
  0.000000000000000E+000  0.000000000000000E+000  0.000000000000000E+000
  0.000000000000000E+000  0.000000000000000E+000  0.000000000000000E+000
  0.000000000000000E+000  0.000000000000000E+000  0.000000000000000E+000
 -1.850258255901378E-003 -3.332699932825654E-003  4.106587583839139E-003
 -3.028960474586780E-003 -9.361989887658012E-003  7.665697254910262E-003
 -7.687583011651503E-003  1.282707329397113E-002  5.670406507768950E-003
 -3.622592854867844E-003  3.448424798300987E-002  6.769460834950636E-003
  1.923282630654152E-003  1.860075829514805E-002  2.926576934292406E-002
  8.088167191141029E-004 -1.184327811681722E-003  5.628047681952655E-002
 -1.610158584078757E-004 -3.792769009534476E-004  6.543853816958375E-002
 -1.300346305004197E-003  5.981369767276515E-006  5.598419922168785E-002
  1.537903655073311E-002  1.088509579331936E-002  2.897751302462477E-002
  3.188888019294112E-002  1.409372453815550E-002  6.726236769687415E-003
  1.515561407622733E-002 -1.038571465829321E-004  5.831417769953604E-003
 -6.287977779079533E-003 -7.110326072651199E-003  7.824862011417220E-003
 -1.804744122752356E-003 -3.111451563576761E-003  4.209511929085652E-003
  0.000000000000000E+000  0.000000000000000E+000  0.000000000000000E+000
  0.000000000000000E+000  0.000000000000000E+000  0.000000000000000E+000
  0.000000000000000E+000  0.000000000000000E+000  0.000000000000000E+000
  0.000000000000000E+000  0.000000000000000E+000  0.000000000000000E+000
 -2.646346893036639E-003 -8.376694559196615E-005  2.710036708291813E-003
 -1.474955502904716E-003 -1.128553835938472E-002  7.346432241756154E-003
 -6.741667487749660E-003  1.552646410936927E-002  3.963825486829883E-003
 -1.361452289201402E-003  3.032408540278093E-002  6.127123797565614E-003
  2.207935988772957E-003  2.994766378494924E-003  3.494899744807606E-002
  3.030402931986213E-003 -1.236503895728419E-003  5.678959728101237E-002
  7.204089601752128E-003  1.252259698577267E-002  5.816079914470863E-002
 -2.879926771092696E-003  1.610041962824925E-003  5.673377322868081E-002
  1.068556045659071E-003  2.859028997556644E-003  3.501318572781498E-002
  2.692572480772049E-002  1.378423555738053E-002  6.185047581413427E-003
  1.685944856172428E-002  1.945967875986213E-003  4.176642685429649E-003
 -8.961540237006750E-003 -6.824153780569926E-003  7.574789580397067E-003
  1.297786520527258E-003 -2.240357700215860E-003  2.836819881767257E-003
  0.000000000000000E+000  0.000000000000000E+000  0.000000000000000E+000
  0.000000000000000E+000  0.000000000000000E+000  0.000000000000000E+000
  0.000000000000000E+000  0.000000000000000E+000  0.000000000000000E+000
  0.000000000000000E+000  0.000000000000000E+000  0.000000000000000E+000
 -1.731042677404535E-003  1.552303961447362E-003  1.709350950138105E-003
 -1.969362181036753E-003 -1.403626962535198E-002  8.163202934219418E-003
 -2.955842873907189E-003  4.958142366915998E-003  6.818439224568494E-003
  1.184743878756551E-005  5.529414547353646E-003  1.538133879182162E-002
  3.327420007055598E-003 -1.032937795204736E-002  4.154404848473265E-002
  6.586554313202870E-003  5.255054724149235E-003  5.237366904775273E-002
  1.051508034578253E-002  1.846767083000478E-002  5.122668581113279E-002
  1.265187249705038E-003  8.467047250406241E-003  5.201765214868479E-002
 -1.118175095734436E-002 -2.836657328466296E-003  4.180533167076764E-002
  4.700801910661376E-003  2.526797762621485E-003  1.547526944105914E-002
  5.876374535801926E-003 -1.198710008460459E-004  7.013003257908781E-003
 -1.127920659699591E-002 -8.673165198000193E-003  8.425514468601306E-003
  2.229742279736188E-003 -7.099555179738031E-004  1.836456024640889E-003
  0.000000000000000E+000  0.000000000000000E+000  0.000000000000000E+000
  0.000000000000000E+000  0.000000000000000E+000  0.000000000000000E+000
  0.000000000000000E+000  0.000000000000000E+000  0.000000000000000E+000
  0.000000000000000E+000  0.000000000000000E+000  0.000000000000000E+000
 -3.245370134051474E-003  1.969397287839457E-003  2.259346481648139E-003
 -4.836654819918768E-004 -1.481203106157771E-002  7.735134890666901E-003
  1.365216435098719E-003 -1.183892412391829E-002  1.421981586109846E-002
  3.238289347742569E-003 -1.379528549099198E-002  2.547806680942568E-002
  5.678220598103930E-003 -1.060869603392202E-002  4.042700192136784E-002
  8.025202726059553E-003  1.564504615498902E-003  5.185384924353301E-002
  3.000806766316919E-003  5.681614306771767E-003  6.143326570612829E-002
 -2.244603303322132E-003  8.391095476126466E-003  5.089740493541988E-002
 -1.219929541154479E-002 -5.379774733241262E-004  4.049526648018422E-002
 -1.344183373377282E-002 -4.251763892484876E-003  2.544593986445880E-002
 -1.052132343866234E-002 -4.721710606709798E-003  1.423090789279454E-002
 -1.269476018037638E-002 -7.815993846765840E-003  8.002217206426260E-003
  3.332440015472191E-003 -1.802362300264572E-003  2.344080106154605E-003
  0.000000000000000E+000  0.000000000000000E+000  0.000000000000000E+000
  0.000000000000000E+000  0.000000000000000E+000  0.000000000000000E+000
  0.000000000000000E+000  0.000000000000000E+000  0.000000000000000E+000
  0.000000000000000E+000  0.000000000000000E+000  0.000000000000000E+000
 -2.396428914279325E-003  2.176244560836742E-003  1.113768301145255E-003
 -8.864191270537835E-004 -1.300360673347269E-002  6.850120851127028E-003
  4.709394231568947E-003 -1.954919470550989E-002  1.876706817988496E-002
  5.214254165801960E-003 -1.533079006237772E-002  2.477958870831408E-002
  7.302962731250877E-003 -8.248745009598277E-003  3.356888818025854E-002
  9.131415932984431E-003 -6.065306024970735E-003  5.517797050350660E-002
 -7.709319236233835E-004 -8.040779524004264E-004  7.188032679008652E-002
 -9.849564091990191E-003  5.206338576152664E-003  5.490035267078115E-002
 -1.089327006685799E-002  2.221220559066893E-003  3.368030962459725E-002
 -1.573277519559494E-002 -3.267986673320198E-003  2.472247208467687E-002
 -1.869559664789455E-002 -5.656613659126366E-003  1.859455487698966E-002
 -1.083674271876688E-002 -7.259154699322461E-003  7.051118450283750E-003
  3.096506372759030E-003 -9.593778681318341E-004  1.182255646796611E-003
  0.000000000000000E+000  0.000000000000000E+000  0.000000000000000E+000
  0.000000000000000E+000  0.000000000000000E+000  0.000000000000000E+000
  0.000000000000000E+000  0.000000000000000E+000  0.000000000000000E+000
  0.000000000000000E+000  0.000000000000000E+000  0.000000000000000E+000
 -8.604633468866141E-004  1.944117198285192E-003  2.619047147849900E-004
 -2.547614321418761E-003 -8.199989062307627E-003  4.932501392090146E-003
  4.453282171654930E-003 -1.392857202301745E-002  1.378329734159182E-002
  3.442262178965161E-003 -8.113118211476030E-003  1.424969122714022E-002
  7.746151684484921E-003 -6.373275568437085E-003  2.407315028269063E-002
  9.119167037720938E-003 -2.973463327351119E-003  4.354008582407556E-002
  3.143303769402964E-003  5.646144400552424E-003  4.799502349388744E-002
 -7.659139102257829E-003  6.570077505229397E-003  4.484354598918781E-002
 -9.671103378070823E-003  3.597226277931398E-003  2.450647219507919E-002
 -8.751996046292026E-003 -1.154430075025932E-003  1.433379911969058E-002
 -1.389149315594669E-002 -3.082909269617707E-003  1.362135774244833E-002
 -5.785346479368379E-003 -6.288615653391747E-003  5.039714940695858E-003
  2.114996134636677E-003  2.507339621463486E-004  3.115128081320011E-004
  0.000000000000000E+000  0.000000000000000E+000  0.000000000000000E+000
  0.000000000000000E+000  0.000000000000000E+000  0.000000000000000E+000
  0.000000000000000E+000  0.000000000000000E+000  0.000000000000000E+000
  0.000000000000000E+000  0.000000000000000E+000  0.000000000000000E+000
  1.625651367151867E-004  5.997402858317353E-004  5.631778181286280E-004
 -1.971361205387218E-003 -1.012618384288685E-003  2.343950614428676E-004
  1.658728357556800E-005 -3.652620312268320E-003  3.270735139577501E-003
  2.099457968887132E-004 -2.270666024617910E-003  2.955658213805565E-003
  2.923788117429116E-003 -2.441578775430919E-003  8.499471028148653E-003
  3.488417347022322E-003  5.758940612623158E-004  1.531335960105794E-002
  1.439701390565459E-003  2.633053780651428E-003  9.229826540477196E-003
 -1.522607438076199E-003  3.511061065117281E-003  1.651220773305531E-002
 -3.722212415457035E-003  1.346414030503077E-003  8.762804425140503E-003
 -2.081263629739811E-003 -9.609230326560246E-004  3.035304036966386E-003
 -3.091874725794760E-003 -1.795001209959515E-003  3.255031236717747E-003
  1.456470708976337E-004 -2.207463443595863E-003  2.967299515511168E-004
  4.387764892248434E-004  4.507552988381228E-004  5.863578555002274E-004
  0.000000000000000E+000  0.000000000000000E+000  0.000000000000000E+000
  0.000000000000000E+000  0.000000000000000E+000  0.000000000000000E+000
  0.000000000000000E+000  0.000000000000000E+000  0.000000000000000E+000
  0.000000000000000E+000  0.000000000000000E+000  0.000000000000000E+000
  0.000000000000000E+000  0.000000000000000E+000  0.000000000000000E+000
  0.000000000000000E+000  0.000000000000000E+000  0.000000000000000E+000
  0.000000000000000E+000  0.000000000000000E+000  0.000000000000000E+000
  0.000000000000000E+000  0.000000000000000E+000  0.000000000000000E+000
  0.000000000000000E+000  0.000000000000000E+000  0.000000000000000E+000
  0.000000000000000E+000  0.000000000000000E+000  0.000000000000000E+000
  0.000000000000000E+000  0.000000000000000E+000  0.000000000000000E+000
  0.000000000000000E+000  0.000000000000000E+000  0.000000000000000E+000
  0.000000000000000E+000  0.000000000000000E+000  0.000000000000000E+000
  0.000000000000000E+000  0.000000000000000E+000  0.000000000000000E+000
  0.000000000000000E+000  0.000000000000000E+000  0.000000000000000E+000
  0.000000000000000E+000  0.000000000000000E+000  0.000000000000000E+000
  0.000000000000000E+000  0.000000000000000E+000  0.000000000000000E+000
  0.000000000000000E+000  0.000000000000000E+000  0.000000000000000E+000
  0.000000000000000E+000  0.000000000000000E+000  0.000000000000000E+000
  0.000000000000000E+000  0.000000000000000E+000  0.000000000000000E+000
  0.000000000000000E+000  0.000000000000000E+000  0.000000000000000E+000
  0.000000000000000E+000  0.000000000000000E+000  0.000000000000000E+000
  0.000000000000000E+000  0.000000000000000E+000  0.000000000000000E+000
  0.000000000000000E+000  0.000000000000000E+000  0.000000000000000E+000
  0.000000000000000E+000  0.000000000000000E+000  0.000000000000000E+000
  0.000000000000000E+000  0.000000000000000E+000  0.000000000000000E+000
  0.000000000000000E+000  0.000000000000000E+000  0.000000000000000E+000
  0.000000000000000E+000  0.000000000000000E+000  0.000000000000000E+000
  0.000000000000000E+000  0.000000000000000E+000  0.000000000000000E+000
  0.000000000000000E+000  0.000000000000000E+000  0.000000000000000E+000
  0.000000000000000E+000  0.000000000000000E+000  0.000000000000000E+000
  0.000000000000000E+000  0.000000000000000E+000  0.000000000000000E+000
  0.000000000000000E+000  0.000000000000000E+000  0.000000000000000E+000
  0.000000000000000E+000  0.000000000000000E+000  0.000000000000000E+000
  0.000000000000000E+000  0.000000000000000E+000  0.000000000000000E+000
  0.000000000000000E+000  0.000000000000000E+000  0.000000000000000E+000
  0.000000000000000E+000  0.000000000000000E+000  0.000000000000000E+000
  0.000000000000000E+000  0.000000000000000E+000  0.000000000000000E+000
  0.103147736568390       -33.2112484927015       -6.52116696546344     
   38.4020320085713       -6.87974980892259       -23.4755369194134     
   108.523740107757       -347.453762081567        28.8647053192397     
   82.7564144650726       -237.989488315448       -88.1767399636647     
   90.9255411020474        3.74403722204617       -274.071802901938     
   56.2036593396491        25.3829676576332       -362.761800243186     
   21.9628867429999        38.3864899355249       -398.990005982675     
 -0.472958050046284        69.4139101676721       -363.417501382049     
  -37.3586691388396        84.8729067882176       -273.153591082541     
  -249.747514032064       -51.4400027077589       -84.9968976068754     
  -357.311922679683       -83.9198259324534        29.5276379023998     
  -20.1278466609451        29.4030413258294       -27.0817641117537     
  -21.8281962271652       -13.3578880420433       -8.91161179811336     
  0.000000000000000E+000  0.000000000000000E+000  0.000000000000000E+000
  0.000000000000000E+000  0.000000000000000E+000  0.000000000000000E+000
  0.000000000000000E+000  0.000000000000000E+000  0.000000000000000E+000
  0.000000000000000E+000  0.000000000000000E+000  0.000000000000000E+000
  -1.41686633940619       -21.8771519830497       -8.55092020480324     
   53.1182527049530       -67.1907215803166       -5.02086554917002     
   99.2631681753706       -328.289708802883        31.4832497872280     
   70.9084839182463       -185.548278942088       -96.0379991579242     
   63.0502409450995        4.22204180482949       -268.577295902319     
   32.1531234826257        19.3589212460282       -362.338757461630     
   26.8996626435493        46.4596735300015       -405.634073278632     
   5.49024372468734        44.0294653695368       -362.445176927923     
  -23.7389160371674        60.7857084177170       -267.319924739641     
  -197.927151975298       -34.3290212533149       -93.2944709312087     
  -335.316555008639       -81.7099504561663        31.5238664564040     
  -79.6580003423228        11.6275859771087       -8.50809819819642     
  -12.2728666063764       -9.41499870502733       -10.5737822729070     
  0.000000000000000E+000  0.000000000000000E+000  0.000000000000000E+000
  0.000000000000000E+000  0.000000000000000E+000  0.000000000000000E+000
  0.000000000000000E+000  0.000000000000000E+000  0.000000000000000E+000
  0.000000000000000E+000  0.000000000000000E+000  0.000000000000000E+000
  -3.02353390230596       -2.69998995391280       -10.5427214541323     
   72.8375838063716       -173.679859914173        28.3706750233408     
   82.7890188227498       -302.353633856749        34.0217457099830     
   45.3028999769894       -99.1112062151284       -107.002324695815     
   17.8751933436555        7.31806783633587       -258.661328688716     
  -1.30827998047153        8.27577391138701       -352.122412498417     
   38.7348317395549        66.6453757325261       -410.187764216509     
   11.4321762750393        7.62844096567212       -351.659993329539     
  2.377927320508379E-002   22.1116998030271       -256.753744875509     
  -109.952146462670       -11.9298616151910       -104.629233440944     
  -303.398156661886       -81.8467029784393        33.2302766592886     
  -181.398158036410       -24.7347812447880        24.8595543231386     
   3.10772168706326       -2.14843747330158       -11.8765089350226     
  0.000000000000000E+000  0.000000000000000E+000  0.000000000000000E+000
  0.000000000000000E+000  0.000000000000000E+000  0.000000000000000E+000
  0.000000000000000E+000  0.000000000000000E+000  0.000000000000000E+000
  0.000000000000000E+000  0.000000000000000E+000  0.000000000000000E+000
  -7.33919941527228        6.01261452189655       -4.63948622975668     
   75.8948512161096       -235.829498983434        52.6082269587386     
   51.7705328321520       -206.655292854407        25.3257044835998     
   4.02053220670052        12.5475831987444       -123.023363227796     
  -33.4997666297433       -16.1625073867319       -222.532404804909     
  -29.1143596238088        10.4054374655187       -319.688200876337     
   75.1244172655380        129.571610171482       -416.321436925367     
   28.1294887217529       -14.4511123942322       -320.115487154727     
   3.56752352577695       -35.3608926876197       -220.100978384191     
   8.10842036552746        9.68175751805178       -121.345239392698     
  -204.472989711245       -59.7064587080706        23.9014653423910     
  -238.967303541316       -53.8825861871441        49.7064708578404     
   10.5420315581063       -2.45648200045807       -5.32167970305746     
  0.000000000000000E+000  0.000000000000000E+000  0.000000000000000E+000
  0.000000000000000E+000  0.000000000000000E+000  0.000000000000000E+000
  0.000000000000000E+000  0.000000000000000E+000  0.000000000000000E+000
  0.000000000000000E+000  0.000000000000000E+000  0.000000000000000E+000
  -15.9494805395789        14.1568367734420       0.237387950687564     
   67.7449798059841       -232.584977676317        59.5733998149441     
   14.3370210827391       -100.897235474048        15.5958851988336     
  -30.7532099603257        67.7498315255090       -125.960973854149     
  -61.7389124378873       -24.6810671990464       -179.804972993905     
  -23.9825710880551        55.6641788382861       -293.745850396722     
   79.0952915277027        137.003462662433       -392.507069329837     
   66.1517315987469        13.9292398201142       -296.023130148100     
   8.69798575202080       -65.1208495595083       -176.899091361480     
   73.2069855449665        7.82163894351072       -125.035205971608     
  -94.2525016950747       -38.5369173314544        13.8528124621094     
  -235.683508795863       -59.9810662544850        57.5410206057896     
   20.9057897552398       -6.70740388325162      -2.181716429926634E-002
  0.000000000000000E+000  0.000000000000000E+000  0.000000000000000E+000
  0.000000000000000E+000  0.000000000000000E+000  0.000000000000000E+000
  0.000000000000000E+000  0.000000000000000E+000  0.000000000000000E+000
  0.000000000000000E+000  0.000000000000000E+000  0.000000000000000E+000
  -8.76852531493140        9.25192432460531       -1.01410000553982     
   40.1755288421881       -194.929418887599        67.5386027021121     
  -6.28954776952787       -41.0148201821927        8.18888409679562     
  -56.9849297222456        51.5032298770653       -99.2813588210742     
  -60.8296432201945       2.298041272039423E-002  -145.242570600950     
  -7.11140615721402        100.518363377115       -276.966115966706     
   47.7059581067416        83.4672701666076       -318.304955683709     
   93.0614528937362        47.0929685393584       -277.237743769811     
   27.2836566025552       -53.6595281841379       -141.083898352758     
   69.9411738393285       -24.0020667098605       -98.2070281240356     
  -32.2573572358529       -25.8787715996525        6.15138808260543     
  -192.136521075389       -65.3733145659798        66.3975573291626     
   13.0196366981208       -3.32971145918651       -1.46735646378367     
  0.000000000000000E+000  0.000000000000000E+000  0.000000000000000E+000
  0.000000000000000E+000  0.000000000000000E+000  0.000000000000000E+000
  0.000000000000000E+000  0.000000000000000E+000  0.000000000000000E+000
  0.000000000000000E+000  0.000000000000000E+000  0.000000000000000E+000
  -9.03653802176647        9.16214146841315        6.53316870139332     
   22.6560496438466       -147.824954445275        59.9574549111257     
  -15.6766231832108       -36.6083692865085        19.0909274918378     
  -55.0272949256684        1.69839832929518       -49.3158263551063     
  -44.9395205102939       -10.9266466341863       -82.6750694309252     
  -8.22076587566708        74.3962703060762       -224.914743496261     
   14.1502542399519        25.6862481786186       -211.704972470946     
   65.9227302770458        29.3321876984038       -219.545600553342     
   11.1708946426467       -44.7216589913160       -80.2017462522607     
   25.4863917766076       -47.5631826603751       -48.7102347483101     
  -23.9785762529888       -31.5909230889179        16.8270746484340     
  -143.004359699602       -56.4159879691238        59.3301003963728     
   12.9100783649001       -4.04128102777078        5.98934957102086     
  0.000000000000000E+000  0.000000000000000E+000  0.000000000000000E+000
  0.000000000000000E+000  0.000000000000000E+000  0.000000000000000E+000
  0.000000000000000E+000  0.000000000000000E+000  0.000000000000000E+000
  0.000000000000000E+000  0.000000000000000E+000  0.000000000000000E+000
  -5.35542843668101        10.7885000183038        4.07922648626482     
   1.56215647016039       -95.8115300963383        47.1565142673117     
  -10.3920718865825       -47.0201294073496        33.7258320940811     
  -35.9853890334573       -33.9720873160304       -1.59085864273322     
  -7.78898282732817       -98.3134039249766        60.6909251257590     
  -14.6539005500201       -18.9669577075478       -76.9288112941978     
  -5.27051523834322       -7.73456198168559       -111.768286600482     
  -14.2915469442856       -23.1807863312765       -66.7804524714192     
  -75.8273487396435       -53.9229197407060        53.8546568029601     
  -9.97315205516331       -47.6685620700195       -5.33991362449448     
  -35.1601787198467       -31.9624923762013        31.1908918605415     
  -86.4744969803417       -48.0179749875206        46.5835454757672     
   12.4967573300721       0.286833043295822        3.46324435484843     
  0.000000000000000E+000  0.000000000000000E+000  0.000000000000000E+000
  0.000000000000000E+000  0.000000000000000E+000  0.000000000000000E+000
  0.000000000000000E+000  0.000000000000000E+000  0.000000000000000E+000
  0.000000000000000E+000  0.000000000000000E+000  0.000000000000000E+000
  0.623541993204106        6.08238183726523        3.63012069697100     
  -14.8645939069480       -47.0301225734370        28.3760833288638     
  0.840202619751323       -36.1934186062222        29.6093304866782     
  -18.2058453139873       -40.1063944813279        18.2714914767829     
   47.1314863812072       -127.813825610756        180.397906167972     
  -3.82221869129915       -40.7735254639905        51.1740624998124     
  -1.73127329904820       -3.58792056506147       -102.579958373037     
  -39.8301544185212       -23.0572619621213        66.1252226665854     
  -125.793935630720       -22.6884552777130        165.631607109440     
  -19.9436040450247       -35.2483976781315        10.6271352112199     
  -30.9186048997231       -16.6782972063294        27.0733224330158     
  -34.6421709613052       -37.2589090543491        27.9413946102342     
   5.21768459893092        3.44087269748200        3.12980287237630     
  0.000000000000000E+000  0.000000000000000E+000  0.000000000000000E+000
  0.000000000000000E+000  0.000000000000000E+000  0.000000000000000E+000
  0.000000000000000E+000  0.000000000000000E+000  0.000000000000000E+000
  0.000000000000000E+000  0.000000000000000E+000  0.000000000000000E+000
   1.78673793961199        1.74876884392658        6.15403316581758     
  -11.7911204371213       -4.12729373084537       0.276643128343300     
  -5.55995046377829       -13.1788351224584        10.8019356742733     
  -13.1592438642127       -22.5442923334394        11.1410197512648     
   27.7063911852329       -59.0646796751634        110.117959542517     
   18.5929366088866       -26.7395307891671        41.2979902904119     
  -9.78046645933541       -16.3239839937435       -83.3508883457195     
  -34.6358376246503        4.16236973681380        52.5619173661731     
  -61.1224256970772       -6.56208605382441        101.891459595350     
  -10.4301286050675       -21.7129570352289        7.05795131687862     
  -8.76127029704809       -10.8993828595454        9.60733389142533     
   1.85448422263846       -12.5795983813771      -0.114867862422483     
  0.687618468340956        2.38911645954436        5.86836387489906     
  0.000000000000000E+000  0.000000000000000E+000  0.000000000000000E+000
  0.000000000000000E+000  0.000000000000000E+000  0.000000000000000E+000
  0.000000000000000E+000  0.000000000000000E+000  0.000000000000000E+000
  0.000000000000000E+000  0.000000000000000E+000  0.000000000000000E+000
  0.000000000000000E+000  0.000000000000000E+000  0.000000000000000E+000
  0.000000000000000E+000  0.000000000000000E+000  0.000000000000000E+000
  0.000000000000000E+000  0.000000000000000E+000  0.000000000000000E+000
  0.000000000000000E+000  0.000000000000000E+000  0.000000000000000E+000
  0.000000000000000E+000  0.000000000000000E+000  0.000000000000000E+000
  0.000000000000000E+000  0.000000000000000E+000  0.000000000000000E+000
  0.000000000000000E+000  0.000000000000000E+000  0.000000000000000E+000
  0.000000000000000E+000  0.000000000000000E+000  0.000000000000000E+000
  0.000000000000000E+000  0.000000000000000E+000  0.000000000000000E+000
  0.000000000000000E+000  0.000000000000000E+000  0.000000000000000E+000
  0.000000000000000E+000  0.000000000000000E+000  0.000000000000000E+000
  0.000000000000000E+000  0.000000000000000E+000  0.000000000000000E+000
  0.000000000000000E+000  0.000000000000000E+000  0.000000000000000E+000
  0.000000000000000E+000  0.000000000000000E+000  0.000000000000000E+000
  0.000000000000000E+000  0.000000000000000E+000  0.000000000000000E+000
  0.000000000000000E+000  0.000000000000000E+000  0.000000000000000E+000
  0.000000000000000E+000  0.000000000000000E+000  0.000000000000000E+000
  0.000000000000000E+000  0.000000000000000E+000  0.000000000000000E+000
  0.000000000000000E+000  0.000000000000000E+000  0.000000000000000E+000
  0.000000000000000E+000  0.000000000000000E+000  0.000000000000000E+000
  0.000000000000000E+000  0.000000000000000E+000  0.000000000000000E+000
  0.000000000000000E+000  0.000000000000000E+000  0.000000000000000E+000
  0.000000000000000E+000  0.000000000000000E+000  0.000000000000000E+000
  0.000000000000000E+000  0.000000000000000E+000  0.000000000000000E+000
  0.000000000000000E+000  0.000000000000000E+000  0.000000000000000E+000
  0.000000000000000E+000  0.000000000000000E+000  0.000000000000000E+000
  0.000000000000000E+000  0.000000000000000E+000  0.000000000000000E+000
  0.000000000000000E+000  0.000000000000000E+000  0.000000000000000E+000
  0.000000000000000E+000  0.000000000000000E+000  0.000000000000000E+000
  0.000000000000000E+000  0.000000000000000E+000  0.000000000000000E+000
  0.000000000000000E+000  0.000000000000000E+000  0.000000000000000E+000
  0.000000000000000E+000  0.000000000000000E+000  0.000000000000000E+000
