         140  1.399999999999997E-002  1.399999999999997E-002
  0.000000000000000E+000  0.000000000000000E+000  0.000000000000000E+000
  0.000000000000000E+000  0.000000000000000E+000  0.000000000000000E+000
  4.498235358110356E-002  9.134301029036680E-002 -8.054371249489890E-002
  5.670758478807564E-002  0.138832724397684      -0.125983275595203     
  8.335714182487154E-002  0.195569112696637      -0.181236752662821     
  9.930325195745354E-002  0.246373644590101      -0.213362006054984     
  0.118626045150896       0.268651409172277      -0.242062129853583     
  0.136657614481555       0.272846631483314      -0.256235204543055     
  0.155023416948946       0.268593263240874      -0.262492344231575     
  0.167890358288690       0.254781701162261      -0.256215665304399     
  0.173272170204369       0.237060915719422      -0.242030767578796     
  0.163702800477654       0.209249085124205      -0.213384099119797     
  0.127735223279515       0.170048183115160      -0.181259181466957     
  9.190329292586052E-002  0.118564872105193      -0.126028488897753     
  5.663894772495936E-002  8.466582585815685E-002 -8.061083744871717E-002
  0.000000000000000E+000  0.000000000000000E+000  0.000000000000000E+000
  0.000000000000000E+000  0.000000000000000E+000  0.000000000000000E+000
  0.000000000000000E+000  0.000000000000000E+000  0.000000000000000E+000
  0.000000000000000E+000  0.000000000000000E+000  0.000000000000000E+000
  3.531861957541497E-002  8.828659064350991E-002 -7.019501425869785E-002
  5.304413357292675E-002  0.142830199202365      -0.124262553531992     
  7.330300972974865E-002  0.197520836680904      -0.172641882685704     
  9.250160014728878E-002  0.240398190566834      -0.210207517636880     
  0.109629612069589       0.257296275004805      -0.235182221570279     
  0.128359520691151       0.259398687298425      -0.251640195224082     
  0.145903729746163       0.252790608761575      -0.256260636146650     
  0.160397179097334       0.240877131778691      -0.251635933644731     
  0.167940765003400       0.223597321500306      -0.235157557412274     
  0.161913114626238       0.200356603357552      -0.210223648065748     
  0.134424535653271       0.162289269624007      -0.172649158559073     
  9.719041109041013E-002  0.117382050518699      -0.124300299033764     
  5.882493743533061E-002  7.475169899698444E-002 -7.024596005561357E-002
  0.000000000000000E+000  0.000000000000000E+000  0.000000000000000E+000
  0.000000000000000E+000  0.000000000000000E+000  0.000000000000000E+000
  0.000000000000000E+000  0.000000000000000E+000  0.000000000000000E+000
  0.000000000000000E+000  0.000000000000000E+000  0.000000000000000E+000
  2.855659515368120E-002  8.163070671975994E-002 -5.750682853410082E-002
  4.176831073900211E-002  0.152106034895139      -0.114986078539856     
  6.063434801466879E-002  0.202675114141162      -0.162115848353987     
  7.663900417938523E-002  0.232175330655652      -0.198954072427913     
  9.417605753142896E-002  0.238522549547534      -0.224832078691877     
  0.110800066686242       0.232903026012606      -0.239690111987378     
  0.128943087613738       0.223406555051895      -0.245459367887942     
  0.146222998284501       0.212423462320082      -0.239711056730601     
  0.159404538211767       0.200829263344673      -0.224821393738204     
  0.162704814411210       0.182483779091135      -0.198952785294931     
  0.145182001004614       0.153858518075214      -0.162104240112023     
  0.110850195275862       0.112221685068292      -0.114990699152328     
  5.643680413432592E-002  6.554756634759359E-002 -5.753552254214862E-002
  0.000000000000000E+000  0.000000000000000E+000  0.000000000000000E+000
  0.000000000000000E+000  0.000000000000000E+000  0.000000000000000E+000
  0.000000000000000E+000  0.000000000000000E+000  0.000000000000000E+000
  0.000000000000000E+000  0.000000000000000E+000  0.000000000000000E+000
  2.818195926498203E-002  6.884806022944165E-002 -4.707274895867938E-002
  3.140878826962789E-002  0.151582926999809      -0.102475271638674     
  4.548768035472298E-002  0.194153341474904      -0.147254875343492     
  5.835280809222488E-002  0.213251504422750      -0.182950901170087     
  7.255199860315398E-002  0.209192228321042      -0.207410311181030     
  8.735619678529384E-002  0.194700400604867      -0.221426078984738     
  0.104127396092150       0.180416886499353      -0.225975205281481     
  0.124851851192551       0.173030563387458      -0.221481534528774     
  0.144826244280266       0.167452211570591      -0.207423840469174     
  0.155472192059038       0.157182618983295      -0.182941198269867     
  0.145348155236272       0.136445394124722      -0.147211420309955     
  0.115521895477146       0.102940213548180      -0.102431839126365     
  4.554790868097663E-002  5.881692454751401E-002 -4.708802988168526E-002
  0.000000000000000E+000  0.000000000000000E+000  0.000000000000000E+000
  0.000000000000000E+000  0.000000000000000E+000  0.000000000000000E+000
  0.000000000000000E+000  0.000000000000000E+000  0.000000000000000E+000
  0.000000000000000E+000  0.000000000000000E+000  0.000000000000000E+000
  3.041960682495692E-002  4.614060545246650E-002 -3.792067920526258E-002
  2.383487994720515E-002  0.139694267404378      -9.063163693705656E-002
  3.409134909830777E-002  0.176627047919210      -0.132874379613210     
  4.208162520465931E-002  0.188497942082441      -0.167189986144633     
  5.317785521465985E-002  0.176343405564967      -0.189665590216803     
  6.515718259196719E-002  0.155690435322569      -0.201284328494945     
  8.018986518098668E-002  0.138945612336570      -0.205105174685861     
  0.102198371370601       0.134350344919422      -0.201383610783427     
  0.126097397390271       0.134285478786741      -0.189715222388045     
  0.142188419889463       0.130723050604012      -0.167181339185303     
  0.135852328441426       0.117796512118834      -0.132809432975507     
  0.108959254756709       9.039514853594449E-002 -9.054773688469039E-002
  2.474639673843881E-002  4.937895954155654E-002 -3.793088271507075E-002
  0.000000000000000E+000  0.000000000000000E+000  0.000000000000000E+000
  0.000000000000000E+000  0.000000000000000E+000  0.000000000000000E+000
  0.000000000000000E+000  0.000000000000000E+000  0.000000000000000E+000
  0.000000000000000E+000  0.000000000000000E+000  0.000000000000000E+000
  2.915743050988130E-002  1.781079062420353E-002 -2.768169431676720E-002
  1.788816861967814E-002  0.126738574959208      -7.841937114445918E-002
  2.452258535647379E-002  0.154813561227422      -0.119223182651910     
  2.704266279922373E-002  0.158270027889677      -0.150475433710426     
  3.475930362505128E-002  0.140459295905668      -0.169449500561726     
  4.431210997477406E-002  0.116359569308225      -0.178476199203877     
  5.692609704066820E-002  9.863598559445133E-002 -0.180854511837394     
  7.862752992964368E-002  9.671226526188838E-002 -0.178643669883678     
  0.104275988122907       0.100442120417154      -0.169552678210918     
  0.123549277179432       0.102605880914956      -0.150482806262962     
  0.121748501682948       9.861323694180363E-002 -0.119149290544849     
  0.100688522500325       7.873957250472811E-002 -7.830012617497507E-002
  8.189560394630908E-004  3.408701104439957E-002 -2.768712026625574E-002
  0.000000000000000E+000  0.000000000000000E+000  0.000000000000000E+000
  0.000000000000000E+000  0.000000000000000E+000  0.000000000000000E+000
  0.000000000000000E+000  0.000000000000000E+000  0.000000000000000E+000
  0.000000000000000E+000  0.000000000000000E+000  0.000000000000000E+000
  2.141818197305256E-002 -4.335618079335502E-003 -1.782754582834166E-002
  1.582072532343383E-002  0.116229413194056      -6.775083048599986E-002
  1.515313268479014E-002  0.125032000646300      -0.104316732900262     
  1.243897698279828E-002  0.123096882559356      -0.129560857784502     
  1.813932381976795E-002  0.101696174785821      -0.144737394971243     
  2.470118936586394E-002  7.744197822291911E-002 -0.151088190840417     
  3.528200776192369E-002  6.112980226165147E-002 -0.152600157859552     
  5.482623719094361E-002  6.035051562670608E-002 -0.151347439660670     
  7.904213211890949E-002  6.669140459229983E-002 -0.144891727129465     
  0.100402911336741       7.239490758204253E-002 -0.129600409065299     
  0.100661696117262       7.563690318172317E-002 -0.104260007778790     
  9.263769077693003E-002  7.172036091682678E-002 -6.761918104929551E-002
 -1.449768475936172E-002  1.626705010021477E-002 -1.782777580711286E-002
  0.000000000000000E+000  0.000000000000000E+000  0.000000000000000E+000
  0.000000000000000E+000  0.000000000000000E+000  0.000000000000000E+000
  0.000000000000000E+000  0.000000000000000E+000  0.000000000000000E+000
  0.000000000000000E+000  0.000000000000000E+000  0.000000000000000E+000
  1.226591917904801E-002 -1.079188833825310E-002 -1.084487090456608E-002
  1.844741865243940E-002  9.478814403700886E-002 -5.669918634346625E-002
  3.063471846191752E-003  8.980155254352222E-002 -8.425551651028514E-002
  1.929137912495699E-003  8.438309868907629E-002 -0.102115945217887     
  3.567563004556570E-003  6.256172433158724E-002 -0.113626698656876     
  8.063636587100334E-003  4.135488164099077E-002 -0.117946217823517     
  1.602164328222665E-002  2.773814997547903E-002 -0.118664461801778     
  3.198078504695016E-002  2.793997369711636E-002 -0.118326128686040     
  5.241820634928160E-002  3.448464963136539E-002 -0.113789601149071     
  7.210092026560759E-002  4.393436667352955E-002 -0.102171752708109     
  7.625295099200902E-002  4.757793521281187E-002 -8.424055111360947E-002
  7.276689102594028E-002  6.331712634484904E-002 -5.658438887702731E-002
 -1.548765461514761E-002  5.112312953979599E-003 -1.084581642657752E-002
  0.000000000000000E+000  0.000000000000000E+000  0.000000000000000E+000
  0.000000000000000E+000  0.000000000000000E+000  0.000000000000000E+000
  0.000000000000000E+000  0.000000000000000E+000  0.000000000000000E+000
  0.000000000000000E+000  0.000000000000000E+000  0.000000000000000E+000
  9.040533186038313E-003 -8.346147542457475E-003 -7.492698788734981E-003
  1.428075261325912E-002  6.063417312844192E-002 -3.856361403773365E-002
 -4.993143365723839E-003  5.002856757701511E-002 -5.364994052237861E-002
 -3.499877641756622E-003  4.780665910176566E-002 -6.719268640887115E-002
 -5.773019029093227E-003  3.083204379277955E-002 -7.544373454079781E-002
 -2.127546706066151E-003  1.835710251915844E-002 -8.164807293678465E-002
  4.798151208934182E-003  8.263779531998500E-003 -8.360754236973902E-002
  1.715570278192747E-002  7.522230826331122E-003 -8.200984462801199E-002
  2.953011798617467E-002  1.047021676141383E-002 -7.550460900242788E-002
  4.308922364016502E-002  2.091452633295516E-002 -6.722528920754672E-002
  4.586763441001367E-002  2.072719652546281E-002 -5.368913423394878E-002
  4.532190319698329E-002  4.265973245175594E-002 -3.848366009589022E-002
 -1.175231048671119E-002  3.582289394599354E-003 -7.500972718466024E-003
  0.000000000000000E+000  0.000000000000000E+000  0.000000000000000E+000
  0.000000000000000E+000  0.000000000000000E+000  0.000000000000000E+000
  0.000000000000000E+000  0.000000000000000E+000  0.000000000000000E+000
  0.000000000000000E+000  0.000000000000000E+000  0.000000000000000E+000
  2.581756331839674E-003 -5.013551852257282E-003 -5.191529656637056E-003
  1.133220937787034E-002  1.482068638818143E-002 -9.731777328857284E-003
 -8.823394885475247E-004  1.752300348681487E-002 -1.952784607750622E-002
 -1.055148483710636E-003  1.827400495663279E-002 -2.924414247423416E-002
 -7.023912298983289E-003  1.205997169710660E-002 -3.494183519326467E-002
 -5.179657192219364E-003  6.022873757074286E-003 -4.467403702674883E-002
 -6.165433036693184E-004 -1.270841604675284E-003 -4.620713317849100E-002
  7.915898572905700E-003 -1.382242684422167E-003 -4.495948187886906E-002
  1.383210882672068E-002  1.047613671673345E-005 -3.490298081434441E-002
  1.629820558208556E-002  8.227389613212437E-003 -2.921849206186274E-002
  1.565381857411403E-002  8.003274851824794E-003 -1.954980167436688E-002
  7.179320231422578E-003  1.721600085922584E-002 -9.723309883282689E-003
 -5.631960661788569E-003 -2.948241814687684E-004 -5.190504803101035E-003
  0.000000000000000E+000  0.000000000000000E+000  0.000000000000000E+000
  0.000000000000000E+000  0.000000000000000E+000  0.000000000000000E+000
  0.000000000000000E+000  0.000000000000000E+000  0.000000000000000E+000
  0.000000000000000E+000  0.000000000000000E+000  0.000000000000000E+000
  0.000000000000000E+000  0.000000000000000E+000  0.000000000000000E+000
  0.000000000000000E+000  0.000000000000000E+000  0.000000000000000E+000
  0.000000000000000E+000  0.000000000000000E+000  0.000000000000000E+000
  0.000000000000000E+000  0.000000000000000E+000  0.000000000000000E+000
  0.000000000000000E+000  0.000000000000000E+000  0.000000000000000E+000
  0.000000000000000E+000  0.000000000000000E+000  0.000000000000000E+000
  0.000000000000000E+000  0.000000000000000E+000  0.000000000000000E+000
  0.000000000000000E+000  0.000000000000000E+000  0.000000000000000E+000
  0.000000000000000E+000  0.000000000000000E+000  0.000000000000000E+000
  0.000000000000000E+000  0.000000000000000E+000  0.000000000000000E+000
  0.000000000000000E+000  0.000000000000000E+000  0.000000000000000E+000
  0.000000000000000E+000  0.000000000000000E+000  0.000000000000000E+000
  0.000000000000000E+000  0.000000000000000E+000  0.000000000000000E+000
  0.000000000000000E+000  0.000000000000000E+000  0.000000000000000E+000
  0.000000000000000E+000  0.000000000000000E+000  0.000000000000000E+000
  0.000000000000000E+000  0.000000000000000E+000  0.000000000000000E+000
  0.000000000000000E+000  0.000000000000000E+000  0.000000000000000E+000
  0.000000000000000E+000  0.000000000000000E+000  0.000000000000000E+000
  0.000000000000000E+000  0.000000000000000E+000  0.000000000000000E+000
  0.000000000000000E+000  0.000000000000000E+000  0.000000000000000E+000
  0.000000000000000E+000  0.000000000000000E+000  0.000000000000000E+000
  0.000000000000000E+000  0.000000000000000E+000  0.000000000000000E+000
  0.000000000000000E+000  0.000000000000000E+000  0.000000000000000E+000
  0.000000000000000E+000  0.000000000000000E+000  0.000000000000000E+000
  0.000000000000000E+000  0.000000000000000E+000  0.000000000000000E+000
  0.000000000000000E+000  0.000000000000000E+000  0.000000000000000E+000
  0.000000000000000E+000  0.000000000000000E+000  0.000000000000000E+000
  0.000000000000000E+000  0.000000000000000E+000  0.000000000000000E+000
  0.000000000000000E+000  0.000000000000000E+000  0.000000000000000E+000
  0.000000000000000E+000  0.000000000000000E+000  0.000000000000000E+000
  0.000000000000000E+000  0.000000000000000E+000  0.000000000000000E+000
  0.000000000000000E+000  0.000000000000000E+000  0.000000000000000E+000
  0.000000000000000E+000  0.000000000000000E+000  0.000000000000000E+000
  0.000000000000000E+000  0.000000000000000E+000  0.000000000000000E+000
 -2.924793827309712E-005 -6.820720713325630E-005 -6.631822650318728E-004
 -2.297172048569943E-004  7.717993275564876E-005 -1.705246053569968E-003
 -3.421773958944906E-004 -1.729958716324315E-004 -2.583107603070225E-003
 -5.317995951770626E-004 -2.820583607478444E-004 -2.627463740222145E-003
 -1.031055435803810E-003 -3.419965410373016E-003 -1.683575387904009E-003
 -8.664681780642530E-004 -1.642800281407922E-003 -2.210312233888187E-003
  5.903620259113214E-004  9.950654181402618E-004 -3.305992376049576E-003
 -9.608663849825522E-004 -1.579550504777695E-003 -2.208082154847637E-003
 -2.380361303824093E-003 -2.586252053801499E-003 -1.698008421934451E-003
  6.383066022788978E-005 -6.085237677650213E-004 -2.628671037546407E-003
  2.125321841168787E-005 -4.090758380658510E-004 -2.579044356350634E-003
  2.167314388871957E-004 -1.578128504438644E-004 -1.711312242873247E-003
 -2.237848354868913E-005 -5.291224208505715E-005 -6.734535022064127E-004
  0.000000000000000E+000  0.000000000000000E+000  0.000000000000000E+000
  0.000000000000000E+000  0.000000000000000E+000  0.000000000000000E+000
  0.000000000000000E+000  0.000000000000000E+000  0.000000000000000E+000
  0.000000000000000E+000  0.000000000000000E+000  0.000000000000000E+000
 -1.207261917458299E-004 -1.679342302104523E-004 -5.363976639064410E-004
 -3.357175154501345E-004  3.401193251971008E-005 -1.618484052972503E-003
 -4.735409730221753E-004  2.849853827414269E-004 -2.487206859131863E-003
 -5.065826142061881E-004  6.872459431400284E-004 -2.830274351487893E-003
 -5.699860715598182E-004 -9.286433575213275E-004 -2.337334221700285E-003
 -1.670344656170968E-004  1.920679686262349E-004 -2.765526972134505E-003
  1.034930486967874E-003  1.764007529373838E-003 -3.554542611617294E-003
  2.653849047907945E-004 -7.546700768389634E-005 -2.755277744172226E-003
 -4.999593284431942E-004 -9.815053172781603E-004 -2.334512171442296E-003
  8.563084723752043E-004 -1.230030543114193E-004 -2.826678394120542E-003
  4.853020167094495E-004 -2.920254090622663E-004 -2.485389092673727E-003
  2.233203788929694E-004 -2.755495170204787E-004 -1.625232567404377E-003
 -7.072267176386073E-005 -1.859648355871022E-004 -5.447028325659047E-004
  0.000000000000000E+000  0.000000000000000E+000  0.000000000000000E+000
  0.000000000000000E+000  0.000000000000000E+000  0.000000000000000E+000
  0.000000000000000E+000  0.000000000000000E+000  0.000000000000000E+000
  0.000000000000000E+000  0.000000000000000E+000  0.000000000000000E+000
 -1.626632552268383E-004 -3.638044688638411E-004 -4.208380586692121E-004
 -4.587031419069714E-004 -5.263143862178319E-005 -1.437793003388919E-003
 -6.020958714157461E-004  1.277926368361506E-003 -2.406731939006088E-003
 -3.006381546007209E-004  3.077218832667000E-003 -3.171676242022716E-003
  3.546387814924346E-004  3.642125946896459E-003 -3.420913508913575E-003
  1.210788611277811E-003  4.012788349801046E-003 -3.790556497642280E-003
  2.344750969370238E-003  4.041393835944759E-003 -4.148452306399411E-003
  2.865792945325314E-003  3.021879985886980E-003 -3.772792174189898E-003
  2.890980102322798E-003  2.025794957216649E-003 -3.382491206489085E-003
  2.749962198808064E-003  1.206570961313599E-003 -3.156190583362577E-003
  1.393915620336598E-003  8.589596922769570E-005 -2.408805491658674E-003
  1.860128463876223E-004 -4.385009675114534E-004 -1.445228696871304E-003
 -2.320897117550640E-004 -3.260989233856413E-004 -4.259346512972769E-004
  0.000000000000000E+000  0.000000000000000E+000  0.000000000000000E+000
  0.000000000000000E+000  0.000000000000000E+000  0.000000000000000E+000
  0.000000000000000E+000  0.000000000000000E+000  0.000000000000000E+000
  0.000000000000000E+000  0.000000000000000E+000  0.000000000000000E+000
 -1.616643609272228E-004 -4.703223654651856E-004 -3.556604747033841E-004
 -4.061599910247744E-004 -6.826021213995725E-004 -1.168063342359567E-003
 -5.624534374248522E-004  3.407522579214067E-004 -2.088968347749028E-003
 -3.105091353194595E-004  2.320134383719770E-003 -2.856159419380735E-003
  3.580418056576849E-004  3.502274622325591E-003 -3.199285765880772E-003
  8.193973336116177E-004  2.721515468232380E-003 -2.899311984564553E-003
  9.908219624973130E-004  1.733200934111479E-003 -2.582644452674507E-003
  2.014557403319683E-003  2.162730105473565E-003 -2.939104716912212E-003
  2.893896390412139E-003  2.092077754720205E-003 -3.211760024933013E-003
  2.148340111015276E-003  8.664218289109463E-004 -2.854927772369162E-003
  5.355162479988358E-004 -3.557633522380362E-004 -2.089424143986242E-003
 -4.234995864927281E-004 -7.218289935052966E-004 -1.170997830384135E-003
 -3.330439502976765E-004 -3.829190850911349E-004 -3.582230103032226E-004
  0.000000000000000E+000  0.000000000000000E+000  0.000000000000000E+000
  0.000000000000000E+000  0.000000000000000E+000  0.000000000000000E+000
  0.000000000000000E+000  0.000000000000000E+000  0.000000000000000E+000
  0.000000000000000E+000  0.000000000000000E+000  0.000000000000000E+000
 -1.952182285424125E-004 -2.572342238010140E-004 -3.572480821716697E-004
 -9.034956301113412E-005 -1.652346959007084E-003 -7.954636777123019E-004
 -5.074108080970512E-004 -1.487192580606173E-004 -1.746347680863589E-003
 -4.434333721845144E-004  9.371037326972072E-004 -2.223388541620008E-003
 -3.040152744615419E-004 -1.427608211573587E-004 -1.574019552900552E-003
  2.072943677190625E-004  6.350143657229831E-004 -1.555279807538591E-003
  6.559314661486825E-004  1.149843928681420E-003 -1.768256943421079E-003
  3.883093706881230E-004  4.616081270701226E-004 -1.512188225198140E-003
  9.962237718562236E-006 -3.266585194885108E-004 -1.562866192683135E-003
  1.072136653848027E-003  1.087476224636042E-004 -2.244633661719233E-003
  1.280260471800961E-004 -5.254830859934942E-004 -1.760481110613548E-003
 -1.425722424558633E-003 -9.287036370742153E-004 -7.997821982970562E-004
 -1.287780172975267E-004 -3.057393305771453E-004 -3.599579498101239E-004
  0.000000000000000E+000  0.000000000000000E+000  0.000000000000000E+000
  0.000000000000000E+000  0.000000000000000E+000  0.000000000000000E+000
  0.000000000000000E+000  0.000000000000000E+000  0.000000000000000E+000
  0.000000000000000E+000  0.000000000000000E+000  0.000000000000000E+000
 -1.862163363089432E-004 -4.419384818838313E-005 -3.790229537034514E-004
  7.728687685853454E-005 -2.043251848671097E-003 -4.737898700469492E-004
 -7.686632247287461E-004  1.439330425385451E-003 -2.050906602845160E-003
 -5.361152053089187E-004 -4.341467278916816E-004 -1.547001642738543E-003
 -6.486743350554503E-004 -3.714800041952102E-003  7.557380785765983E-004
  2.941361396222675E-004  4.157616350527634E-004 -1.093346918682314E-003
  1.656948780794918E-003  2.892227718830502E-003 -2.553452634676052E-003
  2.779162296854448E-004  5.521395228498309E-004 -1.141025720747207E-003
 -2.913311502559782E-003 -2.421121676997326E-003  7.862541781906868E-004
 -1.216625343514635E-004 -6.802477624808249E-004 -1.542589242767023E-003
  1.698060479877354E-003  7.675957233255737E-005 -2.087481408960254E-003
 -1.811801468124892E-003 -9.649793831509599E-004 -4.884710349017366E-004
  5.330006806300097E-005 -1.863567261682625E-004 -3.858773839922100E-004
  0.000000000000000E+000  0.000000000000000E+000  0.000000000000000E+000
  0.000000000000000E+000  0.000000000000000E+000  0.000000000000000E+000
  0.000000000000000E+000  0.000000000000000E+000  0.000000000000000E+000
  0.000000000000000E+000  0.000000000000000E+000  0.000000000000000E+000
 -1.372877158234690E-004  4.885410148473722E-005 -3.785673457654521E-004
  6.328262781256191E-005 -1.820766611484341E-003 -2.043218966492313E-004
 -9.230954058700032E-004  1.851998802946646E-003 -2.153068567038670E-003
 -4.670981909826320E-004 -1.227337580337169E-003 -8.725116623810350E-004
 -1.230053345428711E-004 -3.261875837735234E-003  1.282283262018866E-003
  4.176659781397060E-004  4.417338327678061E-005 -5.899101133664274E-004
  1.830890579655249E-003  3.161411784867626E-003 -3.069684946272218E-003
 -2.005447766454624E-004  3.602409782056178E-004 -5.453563335014586E-004
 -2.790327079076952E-003 -1.738239504455207E-003  1.319488435059523E-003
 -8.829782357280117E-004 -1.037831458611251E-003 -8.332736828455483E-004
  2.130567907489530E-003  1.509919824364930E-004 -2.195866033867487E-003
 -1.573475364831365E-003 -8.522121962127988E-004 -2.264652090722715E-004
  1.063099564961992E-004 -9.459779171532609E-005 -3.863256429534508E-004
  0.000000000000000E+000  0.000000000000000E+000  0.000000000000000E+000
  0.000000000000000E+000  0.000000000000000E+000  0.000000000000000E+000
  0.000000000000000E+000  0.000000000000000E+000  0.000000000000000E+000
  0.000000000000000E+000  0.000000000000000E+000  0.000000000000000E+000
 -6.904166741029801E-005  3.438853330516146E-005 -3.276586067863487E-004
 -2.381448237479116E-005 -1.409703909762273E-003 -3.987628789238727E-005
 -6.667095872205511E-004  5.098042071081524E-004 -1.334157685400238E-003
 -1.973076332947738E-004 -1.052313730160101E-003 -6.538870037737768E-004
  4.971774405686229E-004 -2.123582156028027E-003  7.627121806461200E-004
  6.184605207765509E-004 -6.619095960023156E-004  3.824803956656871E-004
  5.263895917694066E-004  9.039019114025867E-004 -1.271954754748258E-003
 -8.300064180133154E-004  2.594079719626410E-004  3.243829254815765E-004
 -2.127003806663740E-003 -6.406511087266961E-004  8.172720413040617E-004
 -8.738070807766573E-004 -7.085935164573426E-004 -6.028592457145315E-004
  7.987310072106265E-004 -3.172683911494758E-004 -1.358863644096563E-003
 -1.173626166217208E-003 -7.161721990241785E-004 -6.344325722141666E-005
  6.123767855673201E-005 -4.364791122391084E-005 -3.327019385579106E-004
  0.000000000000000E+000  0.000000000000000E+000  0.000000000000000E+000
  0.000000000000000E+000  0.000000000000000E+000  0.000000000000000E+000
  0.000000000000000E+000  0.000000000000000E+000  0.000000000000000E+000
  0.000000000000000E+000  0.000000000000000E+000  0.000000000000000E+000
 -5.651098823019357E-005  2.914438262997986E-005 -1.774302942610809E-004
 -9.815849647129062E-005 -9.546260744268856E-004  7.838824756820020E-005
 -3.610833746320313E-005 -4.131318291961734E-004 -3.954222761596504E-004
  2.996335930467796E-004 -1.495402409709769E-003  2.980763572536098E-004
  7.615659313762143E-004 -1.593308553790940E-003  1.039483241193667E-003
  6.332271835006875E-004 -2.189654238052474E-004 -3.452744474125095E-004
  6.560281971816043E-005  1.267054161539975E-004 -9.093981037017048E-005
 -4.495201388667638E-004  4.778157053947891E-004 -4.752676474866266E-004
 -1.775037405415369E-003 -1.295701573238909E-004  1.073514996456702E-003
 -1.467070373505277E-003 -4.889665841049075E-004  3.163935566943734E-004
 -3.338993577070972E-004 -2.397935843902684E-004 -4.032855220379470E-004
 -7.629780865429411E-004 -5.561951001359704E-004  6.452946678565890E-005
  5.237382051344581E-005 -3.497500378768596E-005 -1.815607211380178E-004
  0.000000000000000E+000  0.000000000000000E+000  0.000000000000000E+000
  0.000000000000000E+000  0.000000000000000E+000  0.000000000000000E+000
  0.000000000000000E+000  0.000000000000000E+000  0.000000000000000E+000
  0.000000000000000E+000  0.000000000000000E+000  0.000000000000000E+000
 -2.568230708381903E-005 -1.126157745870348E-005 -6.667738330122030E-005
 -1.420043122353713E-004 -2.078625443180484E-004 -1.582157204866662E-004
  1.321021574573061E-004 -5.756639862385744E-004  9.091137235883709E-005
  3.705882345152463E-004 -9.470952650584350E-004  5.398377327162045E-004
  7.563164062599456E-004 -8.225247028897063E-004  6.372458111625731E-004
  3.267190169551338E-004 -4.036539269947821E-004 -2.791925984769966E-004
 -1.388825594202956E-005 -6.195724551458528E-005 -7.188533108630951E-004
 -5.435268081068965E-004  1.035095173502974E-004 -1.587762743966366E-004
 -1.132178457104491E-003  2.575413080734744E-004  6.913548766495403E-004
 -1.001207159217191E-003 -1.544456642863346E-004  5.289463297153791E-004
 -5.622634308276458E-004 -1.732644722095829E-004  8.854547607726249E-005
 -1.102666011301124E-004 -2.255510365096046E-004 -1.581875526140999E-004
  3.274341551393560E-006 -2.878078866312450E-005 -7.070101222490551E-005
  0.000000000000000E+000  0.000000000000000E+000  0.000000000000000E+000
  0.000000000000000E+000  0.000000000000000E+000  0.000000000000000E+000
  0.000000000000000E+000  0.000000000000000E+000  0.000000000000000E+000
  0.000000000000000E+000  0.000000000000000E+000  0.000000000000000E+000
  0.000000000000000E+000  0.000000000000000E+000  0.000000000000000E+000
  0.000000000000000E+000  0.000000000000000E+000  0.000000000000000E+000
  0.000000000000000E+000  0.000000000000000E+000  0.000000000000000E+000
  0.000000000000000E+000  0.000000000000000E+000  0.000000000000000E+000
  0.000000000000000E+000  0.000000000000000E+000  0.000000000000000E+000
  0.000000000000000E+000  0.000000000000000E+000  0.000000000000000E+000
  0.000000000000000E+000  0.000000000000000E+000  0.000000000000000E+000
  0.000000000000000E+000  0.000000000000000E+000  0.000000000000000E+000
  0.000000000000000E+000  0.000000000000000E+000  0.000000000000000E+000
  0.000000000000000E+000  0.000000000000000E+000  0.000000000000000E+000
  0.000000000000000E+000  0.000000000000000E+000  0.000000000000000E+000
  0.000000000000000E+000  0.000000000000000E+000  0.000000000000000E+000
  0.000000000000000E+000  0.000000000000000E+000  0.000000000000000E+000
  0.000000000000000E+000  0.000000000000000E+000  0.000000000000000E+000
  0.000000000000000E+000  0.000000000000000E+000  0.000000000000000E+000
  0.000000000000000E+000  0.000000000000000E+000  0.000000000000000E+000
  0.000000000000000E+000  0.000000000000000E+000  0.000000000000000E+000
  0.000000000000000E+000  0.000000000000000E+000  0.000000000000000E+000
  0.000000000000000E+000  0.000000000000000E+000  0.000000000000000E+000
  0.000000000000000E+000  0.000000000000000E+000  0.000000000000000E+000
  0.000000000000000E+000  0.000000000000000E+000  0.000000000000000E+000
  0.000000000000000E+000  0.000000000000000E+000  0.000000000000000E+000
  0.000000000000000E+000  0.000000000000000E+000  0.000000000000000E+000
  0.000000000000000E+000  0.000000000000000E+000  0.000000000000000E+000
  0.000000000000000E+000  0.000000000000000E+000  0.000000000000000E+000
  0.000000000000000E+000  0.000000000000000E+000  0.000000000000000E+000
  0.000000000000000E+000  0.000000000000000E+000  0.000000000000000E+000
  0.000000000000000E+000  0.000000000000000E+000  0.000000000000000E+000
  0.000000000000000E+000  0.000000000000000E+000  0.000000000000000E+000
  0.000000000000000E+000  0.000000000000000E+000  0.000000000000000E+000
  0.000000000000000E+000  0.000000000000000E+000  0.000000000000000E+000
  0.000000000000000E+000  0.000000000000000E+000  0.000000000000000E+000
  0.000000000000000E+000  0.000000000000000E+000  0.000000000000000E+000
  0.000000000000000E+000  0.000000000000000E+000  0.000000000000000E+000
 -1.773066625533661E-002  -12.3394934345616       -4.83577925936751     
  -3.05720460251610        8.29288534789702       -3.55011652041785     
  -5.36591133492463       0.414560436072012       0.663363226881006     
  -5.85757967088430       -7.34799270588413        11.7844705646641     
  -6.70486117436688       -34.7674121002561        29.1052379850271     
   8.45765461415694        18.9492604787167        13.4814567444740     
   47.6155515879873        82.3311289529461       -11.6933694604824     
   12.0326759583847        16.4480423862386        13.4520386036048     
  -26.6359414979280       -23.1266184600211        28.8606330678453     
  -2.79260019358925       -8.24946964424980        11.6398399680849     
   2.93192683309568       -4.40591731582627       0.644022250713286     
   8.72768715278341        1.58858574876437       -3.51554644518039     
  -10.9633570269430       -6.30384037906488       -4.75282906367745     
  0.000000000000000E+000  0.000000000000000E+000  0.000000000000000E+000
  0.000000000000000E+000  0.000000000000000E+000  0.000000000000000E+000
  0.000000000000000E+000  0.000000000000000E+000  0.000000000000000E+000
  0.000000000000000E+000  0.000000000000000E+000  0.000000000000000E+000
 -0.249388057258745       -14.1979002959591       -3.74189565560401     
  -2.53426735285962       -2.82687548292000       -3.70445331709114     
  -4.20813943695883       0.582618452430788      -0.697122407974399     
  -2.91041532464312       -7.29466035328828        10.2876630701324     
  -2.36872972822440       -22.0949930479710        25.9791607808520     
   6.10521737337830        10.8248742363344        16.6241334751676     
   31.1972955384378        53.9585102796808       -1.74216469383711     
   6.23439578283828        10.4464789986706        16.5402021618820     
  -17.9974003379134       -13.2293896484444        25.8117628427994     
  -4.09081719440174       -5.60945680610534        10.1130397307527     
   2.80540184029750       -3.15750386689100      -0.704241612077402     
  -1.16014185219388       -3.51410970362084       -3.66627266368446     
  -12.3372378849095       -7.38028392434451       -3.67914809565397     
  0.000000000000000E+000  0.000000000000000E+000  0.000000000000000E+000
  0.000000000000000E+000  0.000000000000000E+000  0.000000000000000E+000
  0.000000000000000E+000  0.000000000000000E+000  0.000000000000000E+000
  0.000000000000000E+000  0.000000000000000E+000  0.000000000000000E+000
 -9.449453826877270E-003  -17.3081399037957       -2.21970440557855     
 -0.966653591186018       -27.4348906278225       -3.35822303001244     
  -1.63396360627938       -10.8077581235326       -1.94062819949561     
   2.31070813652983        4.11606774614820        6.05785845756954     
   2.93420384765701       -7.28899321225238        19.6894800047987     
  -2.90373563231437       -13.2307661540074        23.9407828017698     
   5.67038589882571        9.90818414502439        12.5594901251834     
  -10.1302770198623       -9.28998427806194        23.8148264484705     
  -8.27438909117253       -1.62491055842416        19.7047367729981     
   3.42504418265115        4.74582298129612        5.77658862313838     
  -7.67655945956030       -6.30137550828842       -1.97336688297764     
  -23.1777174714516       -14.4317290831134       -3.29631063445390     
  -14.9373723636433       -8.62841770527354       -2.19937105675368     
  0.000000000000000E+000  0.000000000000000E+000  0.000000000000000E+000
  0.000000000000000E+000  0.000000000000000E+000  0.000000000000000E+000
  0.000000000000000E+000  0.000000000000000E+000  0.000000000000000E+000
  0.000000000000000E+000  0.000000000000000E+000  0.000000000000000E+000
  -1.19662465374370       -16.8029702587280       -1.87287265485785     
   2.84101025985478       -34.6795709060384       -1.54046210957585     
   1.99432467528316       -14.9827934290566       -3.40706122306506     
   7.08927480069020       0.139433263438549        1.93145993347434     
   9.08448173128766        6.43648011259757        8.61036447622734     
   3.51443008350727       -1.54892354489316        15.3444679080323     
  -7.58085759221171       -12.9160786865855        16.7880323257748     
  -3.51805478842403        2.02096283869011        15.3736494061180     
 -0.223987807162861        10.0573308680410        9.02202389286154     
  -4.08666497292212        5.76935826182887        2.15148656313766     
  -13.5110571189901       -5.49142641979245       -3.38878242978591     
  -30.7294780643689       -14.5003908085194       -1.56536611506350     
  -13.8013762717629       -9.35106932481372       -1.89535509462672     
  0.000000000000000E+000  0.000000000000000E+000  0.000000000000000E+000
  0.000000000000000E+000  0.000000000000000E+000  0.000000000000000E+000
  0.000000000000000E+000  0.000000000000000E+000  0.000000000000000E+000
  0.000000000000000E+000  0.000000000000000E+000  0.000000000000000E+000
  -3.35809822470182       -8.62510416324603       -4.05277979532986     
   2.11621760959460       -14.5718566784724       -5.94968277382684     
   4.58340616032342       -4.51614957354088       -7.87818912301874     
   9.40629669170067       -7.97106424027721       0.985983234619597     
   12.0602979585734        30.6192311706414       -7.45575888400128     
   11.8238417912310        24.7380349676239       -6.02826864187722     
  -17.8783964268498       -30.7610991126237        20.3800072448339     
   16.1630200825147        23.6465612027770       -6.63355600687829     
   20.4087766827235        25.8039363897073       -7.47059330326847     
  -12.4892772220548        3.64416587670648        1.37843558264976     
  -5.92716976273661        1.89872474323625       -7.77521206766335     
  -12.3476929053420       -4.93698063821574       -6.13756273463353     
  -5.73425730492967       -7.12632078249031       -4.07510222991009     
  0.000000000000000E+000  0.000000000000000E+000  0.000000000000000E+000
  0.000000000000000E+000  0.000000000000000E+000  0.000000000000000E+000
  0.000000000000000E+000  0.000000000000000E+000  0.000000000000000E+000
  0.000000000000000E+000  0.000000000000000E+000  0.000000000000000E+000
  -3.37379555694606       -1.06256776238680       -6.05022046315204     
   3.34214384773168       -10.3805218990557       -7.24428192013235     
   5.46352700381905       -2.84510399380681       -9.51064812026842     
   8.09115602264937        14.8695755630382       -11.0928393836117     
   9.03535276476228        22.7387928171593       -13.2899390753198     
   1.33284226571252       -7.03319955232208        2.01045570194094     
  -20.5219980441101       -35.5234911286744        25.0688864221364     
  -6.92722693464373       -2.62554222289407        2.27006898766814     
   15.8015214324264        19.6929298478800       -13.6468163101709     
   8.60693296555102        14.3168636859429       -10.9019669439177     
  -5.26775738953531        3.39897947792054       -9.33856120638650     
  -9.42496901770119       -1.87422085040246       -7.39651016634207     
  0.719461583143030       -3.39477172969566       -6.03955823079484     
  0.000000000000000E+000  0.000000000000000E+000  0.000000000000000E+000
  0.000000000000000E+000  0.000000000000000E+000  0.000000000000000E+000
  0.000000000000000E+000  0.000000000000000E+000  0.000000000000000E+000
  0.000000000000000E+000  0.000000000000000E+000  0.000000000000000E+000
  -2.52196021901958        1.84085870795986       -6.43459972175432     
   6.75444122961503       -18.7527380038007       -3.52304071101264     
   1.77758782097176        13.2718650375036       -15.7140542077974     
   6.19913899647753        7.76849033661624       -13.5028151084648     
   2.11344895110117       -33.1934867650929        15.1321920772634     
   3.35014892608907        11.4930322842248       -16.9223514369728     
   21.0687614168495        36.1254037916545       -42.5959578693787     
   7.75007423434188        7.84233069627254       -15.7388078862881     
  -29.1092211134083       -14.4991226961492        14.7259018236454     
   3.53337774110997        9.18718283867313       -13.3610232625951     
   9.40712846651871        7.82747497249226       -15.0344993315057     
  -19.3092231653414       -3.32640126161123       -3.51806811521854     
   2.89988508909717       -1.27803602761817       -6.37290801754508     
  0.000000000000000E+000  0.000000000000000E+000  0.000000000000000E+000
  0.000000000000000E+000  0.000000000000000E+000  0.000000000000000E+000
  0.000000000000000E+000  0.000000000000000E+000  0.000000000000000E+000
  0.000000000000000E+000  0.000000000000000E+000  0.000000000000000E+000
 -0.401894930706264       6.166087619389978E-002  -6.76998941916188     
   4.79334276687630       -13.1513073720097      -0.643035158840444     
  -3.62464746563461        29.6278765628651       -27.5619753471188     
   9.17207428305478       -22.0436742151901        1.92927422770681     
   6.66222738210670       -19.3692256929321        3.09404327199150     
  0.925967371006412       7.041663773167292E-002  -16.6897698287546     
  -5.85757699253281       -10.1031962844077       0.213370221295313     
  8.280336870529326E-002   1.04943454649063       -16.7412313496002     
  -19.2533082447308       -3.84462399462686        2.61064904503659     
  -23.3438473644399       -2.97318471467340        1.61733268146877     
   26.0352215213232        11.3315668788855       -26.5936397165476     
  -14.2509423376130       -2.49600817436005      -0.397200324045113     
  0.355023628662903      -0.310271567517035       -6.77272053232086     
  0.000000000000000E+000  0.000000000000000E+000  0.000000000000000E+000
  0.000000000000000E+000  0.000000000000000E+000  0.000000000000000E+000
  0.000000000000000E+000  0.000000000000000E+000  0.000000000000000E+000
  0.000000000000000E+000  0.000000000000000E+000  0.000000000000000E+000
  0.454883738402229       -1.90579159443194       -3.33783614335206     
   1.30703366990334       0.344947548106604       -4.09069019829461     
  -2.27941922185618        12.9387183773516       -19.7871135613171     
   14.2150441739496       -31.5079804900872        21.2686156803445     
  -10.7128532127263        40.8006757238261       -76.3823585043053     
   1.34264699964839       -5.13689488936913       -22.4390843303452     
  -7.66048341513781       -13.5542682744779        26.8633287358378     
  -5.95257666283897       -1.82749971848545       -20.0167747778446     
   41.1209634287902        11.2760192237737       -77.2948793622770     
  -33.6977204352155       -3.43711517467123        20.6177282955663     
   11.4393290037206        4.45143229089113       -19.1570491271019     
 -0.776693481871446        1.12453459305978       -3.77365129000261     
  -1.82099207268500      -0.541432421394825       -3.36657869166300     
  0.000000000000000E+000  0.000000000000000E+000  0.000000000000000E+000
  0.000000000000000E+000  0.000000000000000E+000  0.000000000000000E+000
  0.000000000000000E+000  0.000000000000000E+000  0.000000000000000E+000
  0.000000000000000E+000  0.000000000000000E+000  0.000000000000000E+000
  0.131143002724208       -1.58849008400342       -1.79795955829681     
   1.40565798124823       0.929059588618635       -1.90536967098750     
   1.63186893270079       -3.29095664971966       -4.07060781129178     
   11.1364713614313       -9.23243783542408        12.8205854051536     
  -22.0335784453796        23.5428094680825       -88.3163021904081     
  -8.68183008873436       -1.35502153998663       -10.2089785499514     
  -2.16581526416749       -3.50180180583386       -14.6752106718508     
   3.03346127651991       -8.12278673650489       -8.58484912330529     
   31.5755783522485       -7.44693015170868       -89.3576077336016     
  -13.2216129496300        5.06014329923944        12.5971279152588     
  -3.98962540532987      -0.290457142107048       -3.93374106598972     
  0.130387857381272        1.62682328125603       -1.88924218440250     
  -1.45731640294123      -0.674613947870751       -1.76986823225385     
  0.000000000000000E+000  0.000000000000000E+000  0.000000000000000E+000
  0.000000000000000E+000  0.000000000000000E+000  0.000000000000000E+000
  0.000000000000000E+000  0.000000000000000E+000  0.000000000000000E+000
  0.000000000000000E+000  0.000000000000000E+000  0.000000000000000E+000
  0.000000000000000E+000  0.000000000000000E+000  0.000000000000000E+000
  0.000000000000000E+000  0.000000000000000E+000  0.000000000000000E+000
  0.000000000000000E+000  0.000000000000000E+000  0.000000000000000E+000
  0.000000000000000E+000  0.000000000000000E+000  0.000000000000000E+000
  0.000000000000000E+000  0.000000000000000E+000  0.000000000000000E+000
  0.000000000000000E+000  0.000000000000000E+000  0.000000000000000E+000
  0.000000000000000E+000  0.000000000000000E+000  0.000000000000000E+000
  0.000000000000000E+000  0.000000000000000E+000  0.000000000000000E+000
  0.000000000000000E+000  0.000000000000000E+000  0.000000000000000E+000
  0.000000000000000E+000  0.000000000000000E+000  0.000000000000000E+000
  0.000000000000000E+000  0.000000000000000E+000  0.000000000000000E+000
  0.000000000000000E+000  0.000000000000000E+000  0.000000000000000E+000
  0.000000000000000E+000  0.000000000000000E+000  0.000000000000000E+000
  0.000000000000000E+000  0.000000000000000E+000  0.000000000000000E+000
  0.000000000000000E+000  0.000000000000000E+000  0.000000000000000E+000
  0.000000000000000E+000  0.000000000000000E+000  0.000000000000000E+000
  0.000000000000000E+000  0.000000000000000E+000  0.000000000000000E+000
  0.000000000000000E+000  0.000000000000000E+000  0.000000000000000E+000
  0.000000000000000E+000  0.000000000000000E+000  0.000000000000000E+000
  0.000000000000000E+000  0.000000000000000E+000  0.000000000000000E+000
  0.000000000000000E+000  0.000000000000000E+000  0.000000000000000E+000
  0.000000000000000E+000  0.000000000000000E+000  0.000000000000000E+000
  0.000000000000000E+000  0.000000000000000E+000  0.000000000000000E+000
  0.000000000000000E+000  0.000000000000000E+000  0.000000000000000E+000
  0.000000000000000E+000  0.000000000000000E+000  0.000000000000000E+000
  0.000000000000000E+000  0.000000000000000E+000  0.000000000000000E+000
  0.000000000000000E+000  0.000000000000000E+000  0.000000000000000E+000
  0.000000000000000E+000  0.000000000000000E+000  0.000000000000000E+000
  0.000000000000000E+000  0.000000000000000E+000  0.000000000000000E+000
  0.000000000000000E+000  0.000000000000000E+000  0.000000000000000E+000
  0.000000000000000E+000  0.000000000000000E+000  0.000000000000000E+000
  0.000000000000000E+000  0.000000000000000E+000  0.000000000000000E+000
