          80  8.000000000000007E-003  8.000000000000007E-003
  0.000000000000000E+000  0.000000000000000E+000  0.000000000000000E+000
  0.000000000000000E+000  0.000000000000000E+000  0.000000000000000E+000
  2.357999626661874E-002  5.203384048406618E-002 -5.636836296830983E-002
  2.220944872722487E-002  8.247716269147362E-002 -9.079024446436867E-002
  2.696177095777811E-002  0.102692000514889      -0.131128904409892     
  2.779885060363271E-002  0.135117534371532      -0.157856915803753     
  3.260191583156376E-002  0.124544084321441      -0.170872024714944     
  3.888593494413104E-002  9.982364933090600E-002 -0.169298118471361     
  4.855868797545183E-002  8.414493781284346E-002 -0.167662638435241     
  6.697229343352606E-002  8.359609266451935E-002 -0.169305844970562     
  9.151086931839333E-002  9.053074612394581E-002 -0.170880040884847     
  0.103080654083843       9.168131086571418E-002 -0.157859900723829     
  7.546928784280536E-002  7.476958216358598E-002 -0.131139467647061     
  6.028295167645834E-002  6.051301931952765E-002 -9.076220015857116E-002
  3.333372458502348E-002  4.651167345355123E-002 -5.633154317844521E-002
  0.000000000000000E+000  0.000000000000000E+000  0.000000000000000E+000
  0.000000000000000E+000  0.000000000000000E+000  0.000000000000000E+000
  0.000000000000000E+000  0.000000000000000E+000  0.000000000000000E+000
  0.000000000000000E+000  0.000000000000000E+000  0.000000000000000E+000
  2.078510970806388E-002  4.761938664744444E-002 -5.009156807033000E-002
  1.974619039520736E-002  8.366957534000970E-002 -8.914888372216050E-002
  2.250027524771227E-002  0.107991834109644      -0.126896237866542     
  2.487625156007105E-002  0.132090229253773      -0.156452979029768     
  3.171698881620403E-002  0.118800627345080      -0.168822707261976     
  3.923329817100135E-002  9.431065061069027E-002 -0.167621420883340     
  4.652194742086379E-002  8.061780513119812E-002 -0.165150907747486     
  6.202948659331354E-002  8.114819166745177E-002 -0.167638969268737     
  8.698472014586947E-002  8.688985663175142E-002 -0.168834823773046     
  0.101900786832176       8.761898608407713E-002 -0.156449223596422     
  8.226240875805278E-002  7.353375984437094E-002 -0.126895356010409     
  6.254344647125740E-002  5.896443169685891E-002 -8.910670347172871E-002
  3.089430252894780E-002  4.187892659497279E-002 -5.004906097906002E-002
  0.000000000000000E+000  0.000000000000000E+000  0.000000000000000E+000
  0.000000000000000E+000  0.000000000000000E+000  0.000000000000000E+000
  0.000000000000000E+000  0.000000000000000E+000  0.000000000000000E+000
  0.000000000000000E+000  0.000000000000000E+000  0.000000000000000E+000
  1.839212423024958E-002  3.794172745529711E-002 -4.058049764978960E-002
  1.415820721729617E-002  8.770699224121546E-002 -8.382674466254644E-002
  1.667896051389960E-002  0.116985347966347      -0.121824351693606     
  2.042140429754805E-002  0.128234868192267      -0.151352105125072     
  2.924458757551016E-002  0.110659011409765      -0.162704623549840     
  3.604366023637695E-002  8.592582693771578E-002 -0.161722143468635     
  4.245415505173440E-002  7.356854231821106E-002 -0.159906821928977     
  5.637425111962626E-002  7.421261234265863E-002 -0.161755942625685     
  8.117165592576195E-002  8.067661168721038E-002 -0.162724158544582     
  0.100763354659877       8.180392808483450E-002 -0.151329393951183     
  9.290597701501102E-002  7.295272984627585E-002 -0.121797030282509     
  6.881564684383762E-002  5.611986586953787E-002 -8.375673820020796E-002
  2.368599230327337E-002  3.495906193193770E-002 -4.052713097776921E-002
  0.000000000000000E+000  0.000000000000000E+000  0.000000000000000E+000
  0.000000000000000E+000  0.000000000000000E+000  0.000000000000000E+000
  0.000000000000000E+000  0.000000000000000E+000  0.000000000000000E+000
  0.000000000000000E+000  0.000000000000000E+000  0.000000000000000E+000
  1.811128548138431E-002  2.149647560739540E-002 -3.085774678043714E-002
  9.553475253697701E-003  8.990685194336254E-002 -7.570776507962909E-002
  1.191687653561842E-002  0.120520502785873      -0.115059841187528     
  1.607115531657644E-002  0.124613090810964      -0.143249883470619     
  2.418815692340209E-002  0.104030386327370      -0.153018111381230     
  3.120906705323882E-002  7.864002901871538E-002 -0.151393917496187     
  3.788210783771066E-002  6.563732408568954E-002 -0.149241826542371     
  5.252616629878621E-002  6.642358669767216E-002 -0.151476054233587     
  7.797385503049138E-002  7.299125309453557E-002 -0.153053118228385     
  9.977287315659453E-002  7.621172917547811E-002 -0.143203921980020     
  9.829739556813065E-002  7.055295793751984E-002 -0.114984871791488     
  7.296652545853240E-002  5.319877503504072E-002 -7.560623683782826E-002
  9.556551235702541E-003  2.648322013056463E-002 -3.078082658708489E-002
  0.000000000000000E+000  0.000000000000000E+000  0.000000000000000E+000
  0.000000000000000E+000  0.000000000000000E+000  0.000000000000000E+000
  0.000000000000000E+000  0.000000000000000E+000  0.000000000000000E+000
  0.000000000000000E+000  0.000000000000000E+000  0.000000000000000E+000
  1.657362825833483E-002  2.118102077089322E-003 -2.112332018413499E-002
  8.130439049855451E-003  9.047830472630142E-002 -6.774773478341267E-002
  9.998212947088379E-003  0.117221750097105      -0.107957280646098     
  1.206390773106627E-002  0.119367457099152      -0.134112957603556     
  2.059617613306748E-002  9.926420546781439E-002 -0.144164280055139     
  2.709983094809510E-002  7.398902529435646E-002 -0.141636162977280     
  3.547378217383065E-002  6.145698030711233E-002 -0.139914120833570     
  5.062561385366054E-002  6.058795720390142E-002 -0.141806082977603     
  7.567058801136464E-002  6.752434992536237E-002 -0.144234237653816     
  9.722905022851182E-002  7.011554070938213E-002 -0.134051965872452     
  9.637319738237440E-002  6.722749811696128E-002 -0.107849154206438     
  7.416191749151334E-002  5.222009540027827E-002 -6.761453173621834E-002
 -6.506483874737253E-003  1.544704037151123E-002 -2.101917494565307E-002
  0.000000000000000E+000  0.000000000000000E+000  0.000000000000000E+000
  0.000000000000000E+000  0.000000000000000E+000  0.000000000000000E+000
  0.000000000000000E+000  0.000000000000000E+000  0.000000000000000E+000
  0.000000000000000E+000  0.000000000000000E+000  0.000000000000000E+000
  1.228334442354602E-002 -1.025641064399008E-002 -1.386440521164577E-002
  1.154379125971895E-002  8.966878608145862E-002 -6.191821771703472E-002
  6.451423368108054E-003  0.104748413389168      -9.720125627805312E-002
  1.097475849972096E-002  0.113218546167269      -0.124531089786683     
  1.651225540139282E-002  9.243703964264317E-002 -0.133770054987310     
  2.444814596377149E-002  7.118360775103041E-002 -0.132625943119632     
  3.352548397146145E-002  5.805886537247507E-002 -0.130985933535423     
  4.959946389873260E-002  5.694924166351245E-002 -0.132919464544545     
  7.184670593203515E-002  6.059885907707345E-002 -0.133894746093484     
  9.244949301825030E-002  6.613409408445872E-002 -0.124480644804602     
  8.737354161165055E-002  5.789822696099883E-002 -9.705578475045638E-002
  7.178670309147803E-002  5.477573953087799E-002 -6.180622962325612E-002
 -1.507215679985732E-002  5.537228185613883E-003 -1.370339223775166E-002
  0.000000000000000E+000  0.000000000000000E+000  0.000000000000000E+000
  0.000000000000000E+000  0.000000000000000E+000  0.000000000000000E+000
  0.000000000000000E+000  0.000000000000000E+000  0.000000000000000E+000
  0.000000000000000E+000  0.000000000000000E+000  0.000000000000000E+000
  1.342598019726945E-002 -6.425239805911675E-003 -1.093315633292891E-002
  9.894415986441781E-003  7.237666747399557E-002 -5.114772829226236E-002
  6.838807022462545E-003  9.174771589505051E-002 -8.454411873788623E-002
  8.415719106223045E-003  9.869521673845788E-002 -0.110229401343012     
  1.347789034514586E-002  8.353801165084433E-002 -0.120256274575162     
  2.117173085312844E-002  6.554716711413937E-002 -0.121135783995799     
  3.117566523113859E-002  5.396830544696234E-002 -0.120308283544820     
  4.642567503747661E-002  5.133450084345990E-002 -0.121561557246812     
  6.569185465659159E-002  5.355260746657503E-002 -0.120448882276224     
  8.118196295640823E-002  5.666567142916224E-002 -0.110201698025504     
  7.593514614578474E-002  5.180297121168526E-002 -8.441535323017572E-002
  5.774485740896619E-002  4.462015754525504E-002 -5.102315904107678E-002
 -1.231713074794855E-002  8.508879665583176E-003 -1.074453719514916E-002
  0.000000000000000E+000  0.000000000000000E+000  0.000000000000000E+000
  0.000000000000000E+000  0.000000000000000E+000  0.000000000000000E+000
  0.000000000000000E+000  0.000000000000000E+000  0.000000000000000E+000
  0.000000000000000E+000  0.000000000000000E+000  0.000000000000000E+000
  8.510373823021044E-003 -7.102325814040004E-003 -4.964803008109520E-003
  1.177652768887613E-002  5.302550253515879E-002 -4.007137587457375E-002
  6.016506652977039E-003  6.882614205632591E-002 -6.515461598662733E-002
  7.151996174598353E-003  7.787109380783597E-002 -8.879283592348680E-002
  1.046740847154493E-002  6.824439593315586E-002 -9.980010911042794E-002
  1.721936944944729E-002  5.543072226892208E-002 -0.102751191547178     
  2.666178949363744E-002  4.609719967402807E-002 -0.103403450709593     
  3.966690712183196E-002  4.288017208355119E-002 -0.103287717412911     
  5.396796658696813E-002  4.331589206068039E-002 -0.100022335288129     
  6.380713137965799E-002  4.516332928835206E-002 -8.883675190209492E-002
  5.653597073630814E-002  3.966540690232656E-002 -6.498620785217434E-002
  4.003717959365038E-002  3.659935980384311E-002 -4.012166858795966E-002
 -1.025892821594067E-002  3.901370528544326E-003 -4.518857933923135E-003
  0.000000000000000E+000  0.000000000000000E+000  0.000000000000000E+000
  0.000000000000000E+000  0.000000000000000E+000  0.000000000000000E+000
  0.000000000000000E+000  0.000000000000000E+000  0.000000000000000E+000
  0.000000000000000E+000  0.000000000000000E+000  0.000000000000000E+000
  5.684012934324333E-003 -6.041781634512802E-003 -3.364788853092277E-003
  9.500920767027236E-003  3.018948589539186E-002 -2.382020783312285E-002
  5.869427442764123E-003  3.898749711782396E-002 -3.837888008462311E-002
  5.680025763181210E-003  5.006900480852466E-002 -5.822512951332275E-002
  6.873402319708399E-003  4.473355611129176E-002 -6.759682521414796E-002
  1.137693243203425E-002  3.799450442915241E-002 -7.231685033005822E-002
  1.836778589443132E-002  3.172386071230834E-002 -7.389730938124205E-002
  2.746867822609078E-002  2.903916841939481E-002 -7.285234726242806E-002
  3.534244757501541E-002  2.843247928808001E-002 -6.775772927490252E-002
  4.053469712155833E-002  2.996371233735759E-002 -5.836213323004226E-002
  3.078583012357927E-002  2.464495078864802E-002 -3.813585530842966E-002
  2.134399328764388E-002  2.317785577008087E-002 -2.408952393596097E-002
 -7.884532574718649E-003  2.099016343076229E-003 -2.768063652489325E-003
  0.000000000000000E+000  0.000000000000000E+000  0.000000000000000E+000
  0.000000000000000E+000  0.000000000000000E+000  0.000000000000000E+000
  0.000000000000000E+000  0.000000000000000E+000  0.000000000000000E+000
  0.000000000000000E+000  0.000000000000000E+000  0.000000000000000E+000
  1.091034718303375E-003 -3.493756387698689E-003 -3.494748814832323E-003
  5.603255674369978E-003  6.280821087729851E-003 -5.400224130504425E-003
  5.077559364572904E-003  8.887989734132008E-003 -1.058852467115648E-002
  6.304415570330311E-003  1.599110051928698E-002 -1.779280541134491E-002
  4.963326182198980E-003  1.574617962430307E-002 -2.184953476345402E-002
  6.149121530917014E-003  1.527823891690849E-002 -2.576983640371775E-002
  7.773407492327029E-003  1.336449622415971E-002 -2.678920074438884E-002
  1.028599408989573E-002  1.313500617521605E-002 -2.603421457974911E-002
  1.116213712542368E-002  1.224089934558468E-002 -2.195287909030503E-002
  1.071459967042638E-002  1.345413530415361E-002 -1.774523910291253E-002
  5.169487188177291E-003  8.830818713016563E-003 -1.065872540541891E-002
  2.673556060107249E-003  7.993993890423429E-003 -5.268019033387652E-003
 -3.611161597502105E-003 -8.289456069572089E-004 -3.625363316706761E-003
  0.000000000000000E+000  0.000000000000000E+000  0.000000000000000E+000
  0.000000000000000E+000  0.000000000000000E+000  0.000000000000000E+000
  0.000000000000000E+000  0.000000000000000E+000  0.000000000000000E+000
  0.000000000000000E+000  0.000000000000000E+000  0.000000000000000E+000
  0.000000000000000E+000  0.000000000000000E+000  0.000000000000000E+000
  0.000000000000000E+000  0.000000000000000E+000  0.000000000000000E+000
  0.000000000000000E+000  0.000000000000000E+000  0.000000000000000E+000
  0.000000000000000E+000  0.000000000000000E+000  0.000000000000000E+000
  0.000000000000000E+000  0.000000000000000E+000  0.000000000000000E+000
  0.000000000000000E+000  0.000000000000000E+000  0.000000000000000E+000
  0.000000000000000E+000  0.000000000000000E+000  0.000000000000000E+000
  0.000000000000000E+000  0.000000000000000E+000  0.000000000000000E+000
  0.000000000000000E+000  0.000000000000000E+000  0.000000000000000E+000
  0.000000000000000E+000  0.000000000000000E+000  0.000000000000000E+000
  0.000000000000000E+000  0.000000000000000E+000  0.000000000000000E+000
  0.000000000000000E+000  0.000000000000000E+000  0.000000000000000E+000
  0.000000000000000E+000  0.000000000000000E+000  0.000000000000000E+000
  0.000000000000000E+000  0.000000000000000E+000  0.000000000000000E+000
  0.000000000000000E+000  0.000000000000000E+000  0.000000000000000E+000
  0.000000000000000E+000  0.000000000000000E+000  0.000000000000000E+000
  0.000000000000000E+000  0.000000000000000E+000  0.000000000000000E+000
  0.000000000000000E+000  0.000000000000000E+000  0.000000000000000E+000
  0.000000000000000E+000  0.000000000000000E+000  0.000000000000000E+000
  0.000000000000000E+000  0.000000000000000E+000  0.000000000000000E+000
  0.000000000000000E+000  0.000000000000000E+000  0.000000000000000E+000
  0.000000000000000E+000  0.000000000000000E+000  0.000000000000000E+000
  0.000000000000000E+000  0.000000000000000E+000  0.000000000000000E+000
  0.000000000000000E+000  0.000000000000000E+000  0.000000000000000E+000
  0.000000000000000E+000  0.000000000000000E+000  0.000000000000000E+000
  0.000000000000000E+000  0.000000000000000E+000  0.000000000000000E+000
  0.000000000000000E+000  0.000000000000000E+000  0.000000000000000E+000
  0.000000000000000E+000  0.000000000000000E+000  0.000000000000000E+000
  0.000000000000000E+000  0.000000000000000E+000  0.000000000000000E+000
  0.000000000000000E+000  0.000000000000000E+000  0.000000000000000E+000
  0.000000000000000E+000  0.000000000000000E+000  0.000000000000000E+000
  0.000000000000000E+000  0.000000000000000E+000  0.000000000000000E+000
  0.000000000000000E+000  0.000000000000000E+000  0.000000000000000E+000
  0.000000000000000E+000  0.000000000000000E+000  0.000000000000000E+000
  5.163550633005397E-002  0.459934433207226      -0.468025112467826     
  5.244822663262495E-002 -9.205044872810505E-003 -0.833155659426370     
 -5.789248805292010E-002 -0.174509267050608       -1.29863562872604     
 -0.239713632805023       0.436648271956527       -1.51124452459550     
 -0.180510177182555        1.00881165522002       -1.66829677384501     
  7.633156941791686E-002  0.836070464130170       -1.55040058656671     
  0.302631772868051       0.532442955507701       -1.47654375655510     
  0.671898309885089       0.477738105431283       -1.54282538487647     
  0.963084696127482       0.352083408927608       -1.66783591825993     
  0.518925761333899       2.530530604244947E-002  -1.51998987963014     
 -0.132418384315020      -0.140717859978690       -1.30331827449792     
 -3.773787089463504E-002  3.993793489884127E-002 -0.838725126881271     
  0.364185728149274       0.272049832076746      -0.471183345108732     
  0.000000000000000E+000  0.000000000000000E+000  0.000000000000000E+000
  0.000000000000000E+000  0.000000000000000E+000  0.000000000000000E+000
  0.000000000000000E+000  0.000000000000000E+000  0.000000000000000E+000
  0.000000000000000E+000  0.000000000000000E+000  0.000000000000000E+000
  2.923960777646432E-002  0.408980961685206      -0.409393221444742     
  1.361625694325585E-003  0.117884249515332      -0.820232909191035     
 -0.123303846551662       3.249619423393008E-002  -1.24659420274705     
 -0.267360468140014       0.683956505810901       -1.55139908249923     
 -0.144798187764546       0.929797917611047       -1.65226158779437     
  9.876983540894088E-002  0.763096762950045       -1.51003525439908     
  0.344240119832009       0.602760792677415       -1.44346717160891     
  0.600216102871634       0.464115824204079       -1.50284739153438     
  0.873950430619535       0.343200974740935       -1.65132831144713     
  0.742648410191323       0.123103759896053       -1.56017334748798     
  8.432865712368798E-002 -9.122698164920014E-002  -1.25124026000729     
  9.870398191455244E-002  5.971445442927008E-002 -0.826026596488945     
  0.332782524337727       0.227207277953806      -0.412260143005309     
  0.000000000000000E+000  0.000000000000000E+000  0.000000000000000E+000
  0.000000000000000E+000  0.000000000000000E+000  0.000000000000000E+000
  0.000000000000000E+000  0.000000000000000E+000  0.000000000000000E+000
  0.000000000000000E+000  0.000000000000000E+000  0.000000000000000E+000
  2.637300828506668E-002  0.316045416273313      -0.338055455908722     
 -9.727665453322214E-002  0.370621548951499      -0.785826427526200     
 -0.221581432820836       0.477184896238301       -1.22744866230675     
 -0.284979237509842        1.08385002980277       -1.66727881709928     
 -0.100026681976269       0.777799036646816       -1.56911082435976     
  0.101588686919372       0.665361265331602       -1.40106305148964     
  0.427438167767556       0.746417586564880       -1.40280487086165     
  0.518960539129193       0.422140082192427       -1.39649506794230     
  0.718706788857279       0.305917073609878       -1.56689253661886     
   1.08947349015911       0.304430067011294       -1.67515118971221     
  0.525909622983142       5.016777027311207E-002  -1.23350853381336     
  0.369704959015679       0.101854879059745      -0.791570291786082     
  0.256027081071475       0.178869175758366      -0.340874498304356     
  0.000000000000000E+000  0.000000000000000E+000  0.000000000000000E+000
  0.000000000000000E+000  0.000000000000000E+000  0.000000000000000E+000
  0.000000000000000E+000  0.000000000000000E+000  0.000000000000000E+000
  0.000000000000000E+000  0.000000000000000E+000  0.000000000000000E+000
  5.498150599660691E-002  0.174667385509353      -0.272314389946287     
 -0.155998385439471       0.449763173399653      -0.717345659760138     
 -0.266265192276693       0.693170744943230       -1.20259410571995     
 -0.264532543481828        1.25382190286604       -1.74108186911696     
 -3.483283026747049E-002  0.653147555970784       -1.44643023390091     
  0.215903587749909       0.804831967828003       -1.37278519901444     
  0.759265095037381        1.32075229296198       -1.75934624533976     
  0.586704357688198       0.594154326753344       -1.37240867432241     
  0.584694650244923       0.303758141153867       -1.44839801794315     
   1.21344821299823       0.401104274336108       -1.74344388767203     
  0.731183218615798       0.119037669906136       -1.20805479471051     
  0.471351639040925       9.245620937375830E-002 -0.723327460063626     
  0.121450181658523       0.134054341295085      -0.275335331679176     
  0.000000000000000E+000  0.000000000000000E+000  0.000000000000000E+000
  0.000000000000000E+000  0.000000000000000E+000  0.000000000000000E+000
  0.000000000000000E+000  0.000000000000000E+000  0.000000000000000E+000
  0.000000000000000E+000  0.000000000000000E+000  0.000000000000000E+000
  7.202968067276777E-002  2.067655396526383E-002 -0.194591553237709     
 -0.131155896254531       0.329652240059984      -0.603705159322154     
 -0.239150857282873       0.703917258003091       -1.11501587949299     
 -0.221565629965453        1.25083307022481       -1.70897015247806     
  5.566792072046300E-002  0.828394080154716       -1.49415999651345     
  0.471631505424922        1.50024021308891       -1.87957357948064     
   1.25302948203447        2.17350906530079       -2.67200704723386     
   1.05116228216327        1.15328065809653       -1.86682263564075     
  0.690696506132815       0.469526167607398       -1.49890191933503     
   1.18987457603509       0.436776886518351       -1.71134867820138     
  0.724584326470503       0.147514176724536       -1.11856907200070     
  0.356242054935808       5.475075362463365E-002 -0.609713037946069     
 -1.945949821816806E-002  7.295640416925842E-002 -0.197341470684780     
  0.000000000000000E+000  0.000000000000000E+000  0.000000000000000E+000
  0.000000000000000E+000  0.000000000000000E+000  0.000000000000000E+000
  0.000000000000000E+000  0.000000000000000E+000  0.000000000000000E+000
  0.000000000000000E+000  0.000000000000000E+000  0.000000000000000E+000
  4.754840941443398E-002 -6.683857951748172E-002 -0.155149973670913     
 -6.157138135549012E-002  0.269940301663342      -0.502689051226190     
 -0.269809523144417       0.914405691036534       -1.11662151629099     
 -0.176154315525786        1.20271866492413       -1.61874233005262     
  8.787892971049074E-002  0.976993262747763       -1.50921662783334     
  0.568675456144946        1.71414262428659       -2.05342481633569     
   1.16516766665164        2.01889664369726       -2.52393545772592     
   1.18891270649269        1.34405166233104       -2.03952272205955     
  0.792485850765870       0.563711237177143       -1.50486580322710     
   1.11968782923864       0.449004301631998       -1.61731694380370     
  0.930197802817949       0.228398049486813       -1.12233025351850     
  0.271726265341727       8.595658062962309E-002 -0.508819554198607     
 -8.304241403613426E-002  8.791535835445110E-003 -0.156997185016559     
  0.000000000000000E+000  0.000000000000000E+000  0.000000000000000E+000
  0.000000000000000E+000  0.000000000000000E+000  0.000000000000000E+000
  0.000000000000000E+000  0.000000000000000E+000  0.000000000000000E+000
  0.000000000000000E+000  0.000000000000000E+000  0.000000000000000E+000
  8.183306092529626E-002 -6.963370188700282E-002 -0.143810026287951     
 -7.554273439048223E-002  0.304119960159097      -0.405895238020310     
 -0.293064970302588        1.19717674076051       -1.21412614788870     
 -0.133332342062697       0.857397741376861       -1.27160499529420     
  8.282242504271282E-002  0.917249234559539       -1.31606709452692     
  0.417570449182449        1.12624076209852       -1.33379527200960     
  0.501437743941394       0.867793943230357      -0.668229236379054     
  0.779924414027290       0.937451856127567       -1.35933743468733     
  0.743697714890063       0.527028999134699       -1.30909028664387     
  0.789010355820073       0.308076384316127       -1.26003460392738     
   1.19218355503185       0.351355049617971       -1.22299149769777     
  0.312167434682919       9.115024430332722E-002 -0.411436242357285     
 -0.103741877293200       3.755140163090419E-002 -0.144896683645887     
  0.000000000000000E+000  0.000000000000000E+000  0.000000000000000E+000
  0.000000000000000E+000  0.000000000000000E+000  0.000000000000000E+000
  0.000000000000000E+000  0.000000000000000E+000  0.000000000000000E+000
  0.000000000000000E+000  0.000000000000000E+000  0.000000000000000E+000
  4.912374731011795E-002 -6.228821116712764E-002 -4.864838264036183E-002
 -3.819300458473692E-002  0.354699037665761      -0.379075050349479     
 -0.232406836129121        1.00511482724913       -1.05248073679680     
 -6.825862920055170E-002  0.559649247168565      -0.855762122349407     
  4.374361493088392E-002  0.892329668318579       -1.24270041261812     
  0.215889127616696       0.337215045658917      -0.250387322543330     
  0.104028159457082       0.176662625816092       0.787331027691808     
  0.205891723719342       0.368875666276912      -0.291187816433915     
  0.751073938209863       0.484277529904661       -1.24682268608237     
  0.503502362326665       0.216099584065703      -0.845221184531182     
  0.995488872899787       0.306512839635653       -1.06026633430562     
  0.336468598520507       0.149229872118096      -0.385987956661088     
 -7.940389722223130E-002  1.232183598098066E-002 -4.553752537277502E-002
  0.000000000000000E+000  0.000000000000000E+000  0.000000000000000E+000
  0.000000000000000E+000  0.000000000000000E+000  0.000000000000000E+000
  0.000000000000000E+000  0.000000000000000E+000  0.000000000000000E+000
  0.000000000000000E+000  0.000000000000000E+000  0.000000000000000E+000
  2.541902168784907E-002 -3.864132041264108E-002  1.258862148734283E-003
  3.069194748855915E-002  0.229995060178499      -0.279857735981619     
 -7.299689156425788E-002  0.498955828020705      -0.548214771180164     
 -6.623228286125356E-002  0.531412134553020      -0.705185438467557     
  2.678032438726734E-002  0.569888903702029      -0.944246648562349     
  0.100192999981943      -0.166514330667139       0.752259478224084     
  8.666586729361286E-002  0.145724635829982       0.664553505669750     
 -0.180143582098283       8.547427127290728E-003  0.731438570916014     
  0.481857383055653       0.308844668141038      -0.953210705151701     
  0.490364132174999       0.206727700992715      -0.705404397085170     
  0.473910601479176       0.188791975655331      -0.550987039248965     
  0.189505685708155       0.145386235021630      -0.286876885477094     
 -4.659727546740204E-002  3.971226482351152E-003  6.214413274978688E-003
  0.000000000000000E+000  0.000000000000000E+000  0.000000000000000E+000
  0.000000000000000E+000  0.000000000000000E+000  0.000000000000000E+000
  0.000000000000000E+000  0.000000000000000E+000  0.000000000000000E+000
  0.000000000000000E+000  0.000000000000000E+000  0.000000000000000E+000
 -8.606715533035068E-003 -2.898749482406144E-002 -6.189249022769194E-002
  4.609173328361260E-002  2.299127749913953E-002 -3.813998626231960E-002
  5.488905300883633E-002  6.794326908424236E-002 -0.117174246027500     
  6.622302598132261E-002  0.245879431366097      -0.252263610806615     
  3.493524110142561E-002  0.131404013380220      -0.184380977016883     
  5.551063302454799E-002 -0.143008496711241       0.593091198808735     
  7.728794935327790E-002  0.127305752479424      -3.791114807016924E-002
 -0.143191006113653      -2.042008480827552E-002  0.580602670074198     
  9.818671820983578E-002  9.690651884894648E-002 -0.188417823494042     
  0.179566580765551       0.180091502477562      -0.253232559215417     
  3.342767423658372E-002  8.163584826140219E-002 -0.118652799418376     
 -2.126821956754918E-003  5.352397378725311E-002 -3.723828333993654E-002
 -2.167693626283631E-002 -2.279649898530737E-002 -6.387450830527430E-002
  0.000000000000000E+000  0.000000000000000E+000  0.000000000000000E+000
  0.000000000000000E+000  0.000000000000000E+000  0.000000000000000E+000
  0.000000000000000E+000  0.000000000000000E+000  0.000000000000000E+000
  0.000000000000000E+000  0.000000000000000E+000  0.000000000000000E+000
  0.000000000000000E+000  0.000000000000000E+000  0.000000000000000E+000
  0.000000000000000E+000  0.000000000000000E+000  0.000000000000000E+000
  0.000000000000000E+000  0.000000000000000E+000  0.000000000000000E+000
  0.000000000000000E+000  0.000000000000000E+000  0.000000000000000E+000
  0.000000000000000E+000  0.000000000000000E+000  0.000000000000000E+000
  0.000000000000000E+000  0.000000000000000E+000  0.000000000000000E+000
  0.000000000000000E+000  0.000000000000000E+000  0.000000000000000E+000
  0.000000000000000E+000  0.000000000000000E+000  0.000000000000000E+000
  0.000000000000000E+000  0.000000000000000E+000  0.000000000000000E+000
  0.000000000000000E+000  0.000000000000000E+000  0.000000000000000E+000
  0.000000000000000E+000  0.000000000000000E+000  0.000000000000000E+000
  0.000000000000000E+000  0.000000000000000E+000  0.000000000000000E+000
  0.000000000000000E+000  0.000000000000000E+000  0.000000000000000E+000
  0.000000000000000E+000  0.000000000000000E+000  0.000000000000000E+000
  0.000000000000000E+000  0.000000000000000E+000  0.000000000000000E+000
  0.000000000000000E+000  0.000000000000000E+000  0.000000000000000E+000
  0.000000000000000E+000  0.000000000000000E+000  0.000000000000000E+000
  0.000000000000000E+000  0.000000000000000E+000  0.000000000000000E+000
  0.000000000000000E+000  0.000000000000000E+000  0.000000000000000E+000
  0.000000000000000E+000  0.000000000000000E+000  0.000000000000000E+000
  0.000000000000000E+000  0.000000000000000E+000  0.000000000000000E+000
  0.000000000000000E+000  0.000000000000000E+000  0.000000000000000E+000
  0.000000000000000E+000  0.000000000000000E+000  0.000000000000000E+000
  0.000000000000000E+000  0.000000000000000E+000  0.000000000000000E+000
  0.000000000000000E+000  0.000000000000000E+000  0.000000000000000E+000
  0.000000000000000E+000  0.000000000000000E+000  0.000000000000000E+000
  0.000000000000000E+000  0.000000000000000E+000  0.000000000000000E+000
  0.000000000000000E+000  0.000000000000000E+000  0.000000000000000E+000
  0.000000000000000E+000  0.000000000000000E+000  0.000000000000000E+000
  0.000000000000000E+000  0.000000000000000E+000  0.000000000000000E+000
  0.000000000000000E+000  0.000000000000000E+000  0.000000000000000E+000
  0.000000000000000E+000  0.000000000000000E+000  0.000000000000000E+000
  0.000000000000000E+000  0.000000000000000E+000  0.000000000000000E+000
  0.000000000000000E+000  0.000000000000000E+000  0.000000000000000E+000
   286.421881685186        8610.87087233232       -4909.70076448775     
   1601.96736259664       -783.760047567764       -8536.85814099851     
   320.511222951356       -814.557700699963       -14122.2092733149     
  -1625.65489390427        2963.73033224262       -15459.4245798745     
  -1203.30475214087        5942.90441207485       -14590.7571087239     
  -4137.80522145525       -9276.75736856606       -6794.53402177888     
  -11492.5115950453       -19853.6192741666       -3085.70684320347     
  -6281.00500590235       -8493.48086777759       -6646.10516408401     
   5774.46191355322        1997.17749487566       -14579.8570689917     
   3745.58386922562        273.396446575094       -15596.6626836002     
  -923.857694740758       -160.662618676434       -14216.4477746899     
  -1478.20435012768        997.883523058370       -8620.87480268370     
   7156.87556542262        4492.91770682154       -4936.56459990048     
  0.000000000000000E+000  0.000000000000000E+000  0.000000000000000E+000
  0.000000000000000E+000  0.000000000000000E+000  0.000000000000000E+000
  0.000000000000000E+000  0.000000000000000E+000  0.000000000000000E+000
  0.000000000000000E+000  0.000000000000000E+000  0.000000000000000E+000
   212.678466987669        7587.49349684402       -4268.82830466141     
   1020.60749137800        1163.60904569688       -8335.96680565911     
  -382.920632878046        546.644972993394       -13577.6841428198     
  -1644.22863510375        3932.19852823367       -15870.5532561349     
  -1108.18177746842        2988.15400452435       -14342.4076936893     
  -2440.59134856704       -6792.20729865002       -7271.49960615056     
  -6515.96706402560       -11255.5816146756       -3952.38378685383     
  -4894.87072710640       -5683.65501354632       -7134.71096369622     
   3090.38222620562        558.141603135243       -14317.1836475740     
   4523.20807805884        723.689871033469       -16006.5866181787     
   658.133717176795       -72.0938419878325       -13674.1507818152     
   455.999564088026        1447.75051040679       -8411.98341591410     
   6333.68578471562        3921.65544431959       -4292.81344047611     
  0.000000000000000E+000  0.000000000000000E+000  0.000000000000000E+000
  0.000000000000000E+000  0.000000000000000E+000  0.000000000000000E+000
  0.000000000000000E+000  0.000000000000000E+000  0.000000000000000E+000
  0.000000000000000E+000  0.000000000000000E+000  0.000000000000000E+000
   411.633590545409        5794.42318599672       -3403.11746116521     
  -346.912633086531        4708.80987945808       -7770.90921795603     
  -1432.93996282518        4068.17020220259       -13131.0171344703     
  -1544.93384166715        4283.98247761785       -16093.6972816360     
  -627.474399543002       -1583.48884184782       -12576.9043346210     
   539.592050289012        1305.20927194846       -10533.6495339132     
   1827.98206042405        3217.83648270278       -10897.0561462434     
   771.403205355746        1087.06134824210       -10470.2013205252     
  -1186.82439916571       -1364.91659089675       -12515.4052010263     
   4646.65188398956        932.792649248243       -16204.8308426739     
   4301.39881065904        813.520669858240       -13236.6557381055     
   4129.41416148923        1999.15358573571       -7826.16011479412     
   4726.77911253731        3211.54101758572       -3426.55520861623     
  0.000000000000000E+000  0.000000000000000E+000  0.000000000000000E+000
  0.000000000000000E+000  0.000000000000000E+000  0.000000000000000E+000
  0.000000000000000E+000  0.000000000000000E+000  0.000000000000000E+000
  0.000000000000000E+000  0.000000000000000E+000  0.000000000000000E+000
   817.213122949852        3286.11362977368       -2375.17969335110     
  -1523.61309199756        4686.57371062233       -6286.33659087771     
  -2297.59204996401        4498.71926120502       -11369.7824589824     
  -1703.50827694978        7143.50303366637       -16079.6730742444     
   281.746807190193        1441.95792860242       -13158.9809875230     
   3152.80382324165        9453.90278394969       -16892.7058392941     
   6935.22113660714        12091.1141679639       -19781.2799042707     
   6680.80256175556        7600.69237959399       -17008.1190288952     
   960.126688150544        913.377959888586       -13051.9309060115     
   7023.58603811170        2136.22508809287       -16126.2552579480     
   5183.81927232583        324.451761458324       -11498.8511053265     
   4681.66778989737        967.396701054385       -6320.55484970555     
   2394.39962514398        2320.66280769326       -2402.66822106845     
  0.000000000000000E+000  0.000000000000000E+000  0.000000000000000E+000
  0.000000000000000E+000  0.000000000000000E+000  0.000000000000000E+000
  0.000000000000000E+000  0.000000000000000E+000  0.000000000000000E+000
  0.000000000000000E+000  0.000000000000000E+000  0.000000000000000E+000
   667.334771485626        810.102780156275       -972.508834936197     
  -1376.17915472478        688.069975355595       -3843.85325190939     
  -2160.09062846267        1207.95397052951       -7577.31811605077     
  -2297.25732855096        11857.0321755984       -16335.9701619445     
   224.585244264611        4974.47502813464       -14283.9606782720     
   1417.69821634444        3996.42476061190       -12397.2073250086     
   2220.41347038352        3916.82144167928       -10889.5399339778     
   2746.59599521068        3316.47347224592       -12447.9259435982     
   4078.51831570961        2665.98079065367       -14200.2306335161     
   11413.7011900177        3979.21323901236       -16397.9137302523     
   2307.42004020443       -1181.77103970844       -7722.81738991056     
   1198.03389879595       -884.444789646156       -3873.71375989286     
   353.831157191672        967.220076985000       -1005.87568684390     
  0.000000000000000E+000  0.000000000000000E+000  0.000000000000000E+000
  0.000000000000000E+000  0.000000000000000E+000  0.000000000000000E+000
  0.000000000000000E+000  0.000000000000000E+000  0.000000000000000E+000
  0.000000000000000E+000  0.000000000000000E+000  0.000000000000000E+000
  -298.530573335954       -350.348640936382       -483.581603420462     
  -265.376937333374       -3768.25480254818       -1228.59476206047     
  -2510.47098588606        700.435974414645       -4353.25947337879     
  -2570.98008799334        12754.3141878245       -14611.5867147654     
  -770.878804964621        1789.62130857052       -9598.76004016014     
  -1102.14647392031       -2501.57025307428       -4123.92521369084     
  -634.866427636376       -1049.80506767268       -3702.50295641240     
  -1646.65145841613       -2147.07648703817       -4118.25087939862     
   1845.98205967645        237.643203252859       -9550.44418513829     
   12306.0477527801        4175.66398549120       -14672.4485413605     
   1991.60492193955       -1752.00192129025       -4473.57378166185     
  -3170.12784555744       -2143.49540875933       -1260.25042009471     
  -155.343782917377       -433.059312566653       -511.767616028229     
  0.000000000000000E+000  0.000000000000000E+000  0.000000000000000E+000
  0.000000000000000E+000  0.000000000000000E+000  0.000000000000000E+000
  0.000000000000000E+000  0.000000000000000E+000  0.000000000000000E+000
  0.000000000000000E+000  0.000000000000000E+000  0.000000000000000E+000
  -356.869221573280        114.142226522296       -602.719879624862     
  -305.288661232430       -6253.52691144341        1198.43516084478     
  -2968.00217061748        5181.09072957599       -4673.45191742581     
  -2107.02682724163        7139.35715832553       -8224.09125485795     
  -2093.63986128273        2562.32057937639       -6999.54717599895     
  -1312.04777542373        912.660425351793       -6765.42270720101     
   816.402546683210        1435.72496251959       -6656.74823657018     
   1473.12945022783       -595.330951173862       -6846.81862113846     
   3309.29752066504       -464.006779937525       -7075.75570910419     
   7131.44244022072        1717.53075560161       -8206.23307281615     
   5968.96830020228        49.6793414739116       -4716.16819567977     
  -5273.78144183629       -3407.45588731926        1168.02728576092     
   272.171377533107       -258.688660230038       -618.439020946004     
  0.000000000000000E+000  0.000000000000000E+000  0.000000000000000E+000
  0.000000000000000E+000  0.000000000000000E+000  0.000000000000000E+000
  0.000000000000000E+000  0.000000000000000E+000  0.000000000000000E+000
  0.000000000000000E+000  0.000000000000000E+000  0.000000000000000E+000
  -469.711928698521        94.3029845776399       -353.152103930041     
  -653.552518146123       -4598.63237153952        1808.64546619946     
  -2923.55065742455        7524.04763272995       -5957.32112652912     
  -963.148682797859       -215.685663886534        826.111822151990     
  -3182.34041120878        2590.63279664294       -4796.51465910605     
  -1778.25313208495        2103.74784819599       -6267.28621157174     
   1059.24653248874        1803.98823973394       -5814.24009916831     
   2663.42079962940       -491.809834619292       -6166.86316673047     
   4016.77175078784       -1335.60624282934       -5081.89479329978     
   191.605825534919       -991.824581805663        890.331196106174     
   7895.23829489859        1232.30890960996       -5931.49506810598     
  -3669.01840357259       -2875.29182590737        1782.07776641423     
   324.143057833865       -363.781315953590       -349.615569006559     
  0.000000000000000E+000  0.000000000000000E+000  0.000000000000000E+000
  0.000000000000000E+000  0.000000000000000E+000  0.000000000000000E+000
  0.000000000000000E+000  0.000000000000000E+000  0.000000000000000E+000
  0.000000000000000E+000  0.000000000000000E+000  0.000000000000000E+000
  -415.781834226637        268.737565653353        132.156383386084     
  -618.103150321116       -2163.11486052838        824.897678198740     
  -1635.55303554236        5257.62014850393       -4454.68124936537     
   355.740038805260       -4542.57560372874        7210.05764347058     
  -2963.35235903092       -104.076948060506        1026.03634156968     
  -756.609264510089        1432.75509212666       -3081.99896320954     
  -178.823785804342       -328.481401733279        1771.50211925486     
   1623.13104920496        74.3041306115718       -3037.36585369904     
   1546.01559117509       -2525.18275424342        736.075147419442     
  -4124.52464554506       -1986.39019513732        7198.57751739304     
   5311.09853505206        1199.62690882391       -4421.74632868180     
  -1578.24480363126       -1623.56507573425        804.427894740565     
   449.328057928896       -222.302513894144        147.794667173892     
  0.000000000000000E+000  0.000000000000000E+000  0.000000000000000E+000
  0.000000000000000E+000  0.000000000000000E+000  0.000000000000000E+000
  0.000000000000000E+000  0.000000000000000E+000  0.000000000000000E+000
  0.000000000000000E+000  0.000000000000000E+000  0.000000000000000E+000
  -96.7332849529248        3.26269323661089       -190.588419435793     
  -469.417256508117       -227.174096245395        74.7501195004750     
  -167.274183220952        1107.41416585469       -823.677206542650     
  -1201.52305070064       -2408.43001937738        4442.11430338620     
  -827.327139060901       -587.434049594008        1663.93437493327     
   422.989365092033        1884.86547482162       -4518.96273428896     
  -746.490080663353       -1290.05661672249        5835.72879525866     
   1507.17240174966        1331.75627811605       -4656.93980286427     
  -51.5122038424460       -959.196800408096        1565.25082077880     
  -1495.81883472653       -2235.79356762429        4414.45194697233     
   1033.22672393159        397.556205041112       -841.076519420237     
   35.5778207637620       -517.686662668836        85.4611119278200     
   46.9091608544094       -88.3543840123330       -214.725165581255     
  0.000000000000000E+000  0.000000000000000E+000  0.000000000000000E+000
  0.000000000000000E+000  0.000000000000000E+000  0.000000000000000E+000
  0.000000000000000E+000  0.000000000000000E+000  0.000000000000000E+000
  0.000000000000000E+000  0.000000000000000E+000  0.000000000000000E+000
  0.000000000000000E+000  0.000000000000000E+000  0.000000000000000E+000
  0.000000000000000E+000  0.000000000000000E+000  0.000000000000000E+000
  0.000000000000000E+000  0.000000000000000E+000  0.000000000000000E+000
  0.000000000000000E+000  0.000000000000000E+000  0.000000000000000E+000
  0.000000000000000E+000  0.000000000000000E+000  0.000000000000000E+000
  0.000000000000000E+000  0.000000000000000E+000  0.000000000000000E+000
  0.000000000000000E+000  0.000000000000000E+000  0.000000000000000E+000
  0.000000000000000E+000  0.000000000000000E+000  0.000000000000000E+000
  0.000000000000000E+000  0.000000000000000E+000  0.000000000000000E+000
  0.000000000000000E+000  0.000000000000000E+000  0.000000000000000E+000
  0.000000000000000E+000  0.000000000000000E+000  0.000000000000000E+000
  0.000000000000000E+000  0.000000000000000E+000  0.000000000000000E+000
  0.000000000000000E+000  0.000000000000000E+000  0.000000000000000E+000
  0.000000000000000E+000  0.000000000000000E+000  0.000000000000000E+000
  0.000000000000000E+000  0.000000000000000E+000  0.000000000000000E+000
  0.000000000000000E+000  0.000000000000000E+000  0.000000000000000E+000
  0.000000000000000E+000  0.000000000000000E+000  0.000000000000000E+000
  0.000000000000000E+000  0.000000000000000E+000  0.000000000000000E+000
  0.000000000000000E+000  0.000000000000000E+000  0.000000000000000E+000
  0.000000000000000E+000  0.000000000000000E+000  0.000000000000000E+000
  0.000000000000000E+000  0.000000000000000E+000  0.000000000000000E+000
  0.000000000000000E+000  0.000000000000000E+000  0.000000000000000E+000
  0.000000000000000E+000  0.000000000000000E+000  0.000000000000000E+000
  0.000000000000000E+000  0.000000000000000E+000  0.000000000000000E+000
  0.000000000000000E+000  0.000000000000000E+000  0.000000000000000E+000
  0.000000000000000E+000  0.000000000000000E+000  0.000000000000000E+000
  0.000000000000000E+000  0.000000000000000E+000  0.000000000000000E+000
  0.000000000000000E+000  0.000000000000000E+000  0.000000000000000E+000
  0.000000000000000E+000  0.000000000000000E+000  0.000000000000000E+000
  0.000000000000000E+000  0.000000000000000E+000  0.000000000000000E+000
  0.000000000000000E+000  0.000000000000000E+000  0.000000000000000E+000
  0.000000000000000E+000  0.000000000000000E+000  0.000000000000000E+000
