         140  1.399999999999997E-002  1.399999999999997E-002
  0.000000000000000E+000  0.000000000000000E+000  0.000000000000000E+000
  0.000000000000000E+000  0.000000000000000E+000  0.000000000000000E+000
  3.976487609063161E-002  6.400314487179243E-002 -7.141142771800198E-002
  4.271456355884277E-002  8.247388045543105E-002 -0.101651533151010     
  5.673256668929232E-002  0.105599600632076      -0.142514477798146     
  6.240311801752697E-002  0.136468963470610      -0.164107240230489     
  7.178252413354090E-002  0.162265704198163      -0.184786321849200     
  8.173986926453679E-002  0.163798634937730      -0.196184731514728     
  9.204480499048849E-002  0.159477454709239      -0.200062235519014     
  0.100926985001309       0.152687526260916      -0.196172514796642     
  0.104606640345901       0.143325005100144      -0.184792876159941     
  8.702865778951382E-002  0.122344030139241      -0.164131453070717     
  6.312246785871524E-002  0.101989937086793      -0.142554925127957     
  5.007441427562074E-002  7.824648452042454E-002 -0.101689915200662     
  3.556862025362479E-002  6.647506014874813E-002 -7.146395075823307E-002
  0.000000000000000E+000  0.000000000000000E+000  0.000000000000000E+000
  0.000000000000000E+000  0.000000000000000E+000  0.000000000000000E+000
  0.000000000000000E+000  0.000000000000000E+000  0.000000000000000E+000
  0.000000000000000E+000  0.000000000000000E+000  0.000000000000000E+000
  3.082808554714195E-002  6.026992421599466E-002 -6.192808825720551E-002
  3.993342203234142E-002  8.815582522292612E-002 -0.101524253522601     
  4.812764303442746E-002  0.110736696536150      -0.136070161754865     
  5.784165322144293E-002  0.138893919744708      -0.163056817601160     
  6.586808457988266E-002  0.156908860702347      -0.181234236266976     
  7.682557755216343E-002  0.155882246501020      -0.193920429712829     
  8.650501013931554E-002  0.149877914517713      -0.196907230249926     
  9.653269250530898E-002  0.144480804416476      -0.193918660774266     
  0.102914980502600       0.135520406579331      -0.181240812299085     
  9.138392030817234E-002  0.119592185990431      -0.163080215291484     
  7.185957496754052E-002  9.708896698116830E-002 -0.136098030667692     
  5.638328014125216E-002  7.867715730983836E-002 -0.101557920833467     
  3.680433186088025E-002  5.685327082614201E-002 -6.196735439853206E-002
  0.000000000000000E+000  0.000000000000000E+000  0.000000000000000E+000
  0.000000000000000E+000  0.000000000000000E+000  0.000000000000000E+000
  0.000000000000000E+000  0.000000000000000E+000  0.000000000000000E+000
  0.000000000000000E+000  0.000000000000000E+000  0.000000000000000E+000
  2.416280157878801E-002  5.254284367359738E-002 -4.912278273575611E-002
  2.776838996459821E-002  9.910987584531045E-002 -9.492869990397147E-002
  3.904496721090421E-002  0.123263613955062      -0.128610918834117     
  4.506864805171774E-002  0.146494448427742      -0.156431751152156     
  5.655889210725280E-002  0.150649365103667      -0.176196353014593     
  6.520089705688897E-002  0.140030393491457      -0.187097051012668     
  7.589411685278563E-002  0.131495192655679      -0.191019799179072     
  8.860957337550052E-002  0.126490500077626      -0.187113335225463     
  0.102122186960042       0.124317903470692      -0.176205712284349     
  0.104318337807449       0.112302552134906      -0.156445851793462     
  8.722935515705185E-002  9.547077545842229E-002 -0.128624129877203     
  7.194835250174721E-002  7.359235915514480E-002 -9.493586857152943E-002
  3.344073172761298E-002  4.720096973839943E-002 -4.914287914038166E-002
  0.000000000000000E+000  0.000000000000000E+000  0.000000000000000E+000
  0.000000000000000E+000  0.000000000000000E+000  0.000000000000000E+000
  0.000000000000000E+000  0.000000000000000E+000  0.000000000000000E+000
  0.000000000000000E+000  0.000000000000000E+000  0.000000000000000E+000
  2.023505527340233E-002  3.663490802186852E-002 -3.649255169574413E-002
  1.840052865786176E-002  0.104605386903554      -8.439106855957529E-002
  2.378392334991387E-002  0.134716305974530      -0.118879529323878     
  3.270067718680696E-002  0.147129594218382      -0.147637680834727     
  4.087905560204728E-002  0.135019808835387      -0.165352353018048     
  4.989835432901566E-002  0.115798717076064      -0.174459593687833     
  5.889323854290719E-002  0.102038871853382      -0.176985081206231     
  7.527304309611280E-002  0.101137865872515      -0.174503884308576     
  9.643177171950841E-002  0.102932487158371      -0.165375234900901     
  0.111025785055434       0.101888900084070      -0.147636460053704     
  0.104728851087434       8.793592773582141E-002 -0.118864636969729     
  8.134682170870451E-002  6.819271198570678E-002 -8.435587029472010E-002
  2.161803850116836E-002  3.582630457010961E-002 -3.649867050852806E-002
  0.000000000000000E+000  0.000000000000000E+000  0.000000000000000E+000
  0.000000000000000E+000  0.000000000000000E+000  0.000000000000000E+000
  0.000000000000000E+000  0.000000000000000E+000  0.000000000000000E+000
  0.000000000000000E+000  0.000000000000000E+000  0.000000000000000E+000
  2.403194864825763E-002  1.190658422336523E-002 -2.636901082889860E-002
  7.621247997555909E-003  0.101227908251507      -7.244748457631950E-002
  1.784294827836327E-002  0.131445219413133      -0.109488426723864     
  1.920893673700613E-002  0.132993969121173      -0.136664416164831     
  2.893199657046719E-002  0.116328554695312      -0.152309332214065     
  3.523859772434992E-002  9.065313984469953E-002 -0.158432111323263     
  4.415167295657519E-002  7.649600064590850E-002 -0.160017967529702     
  6.086586408121310E-002  7.591122285462404E-002 -0.158515209901319     
  8.624456396006491E-002  8.326350417794080E-002 -0.152357406600033     
  0.105524057701663       8.313148243259338E-002 -0.136655860910185     
  0.104820357559017       8.113282405504438E-002 -0.109440560776595     
  8.375589814971975E-002  5.712176274334620E-002 -7.236948567269755E-002
 -1.725729436517680E-003  2.673218682794395E-002 -2.636500026172422E-002
  0.000000000000000E+000  0.000000000000000E+000  0.000000000000000E+000
  0.000000000000000E+000  0.000000000000000E+000  0.000000000000000E+000
  0.000000000000000E+000  0.000000000000000E+000  0.000000000000000E+000
  0.000000000000000E+000  0.000000000000000E+000  0.000000000000000E+000
  1.219071572958287E-002 -1.147352310977805E-002 -1.405844820788682E-002
  1.353030611682753E-002  0.103920944250451      -6.588856970409057E-002
  7.132871877480150E-003  0.113479507985962      -9.815560042400891E-002
  1.194537265244018E-002  0.117792166119130      -0.124256531200945     
  1.726292598188105E-002  9.415946351433832E-002 -0.136737041007317     
  2.369858759510311E-002  6.947951634682449E-002 -0.140501086441915     
  3.135336119208301E-002  5.431778008720598E-002 -0.140592053189729     
  4.837777793345795E-002  5.539540123112883E-002 -0.140655447757889     
  7.291477584205419E-002  6.209859801792252E-002 -0.136820352163347     
  9.598697764711042E-002  6.925671740555350E-002 -0.124250164159196     
  9.459049592599988E-002  6.285872124732596E-002 -9.808204274158548E-002
  8.312574484224067E-002  6.359637642112929E-002 -6.579282315708297E-002
 -1.606517326087414E-002  4.752217677471482E-003 -1.404623307864641E-002
  0.000000000000000E+000  0.000000000000000E+000  0.000000000000000E+000
  0.000000000000000E+000  0.000000000000000E+000  0.000000000000000E+000
  0.000000000000000E+000  0.000000000000000E+000  0.000000000000000E+000
  0.000000000000000E+000  0.000000000000000E+000  0.000000000000000E+000
  1.847221033467726E-002 -8.717825385038834E-003 -1.450055996967706E-002
  8.047342342729635E-003  8.820842022288171E-002 -5.447629046448538E-002
  3.301326455184249E-003  9.626987599495959E-002 -8.631535768528714E-002
  4.496099244844555E-003  9.603384280078035E-002 -0.108515327559863     
  7.870232653861072E-003  7.285834928847044E-002 -0.118538969442930     
  1.409838481669264E-002  5.077632984332055E-002 -0.120582857619822     
  2.122779385604462E-002  3.676946399227606E-002 -0.119946977598342     
  3.707502815169265E-002  3.779069451598843E-002 -0.120841635532850     
  5.920574223201876E-002  4.333896214558568E-002 -0.118672033371944     
  8.084879464430281E-002  5.193869400660992E-002 -0.108515138095850     
  8.163911763847662E-002  5.097145022505279E-002 -8.624473323401280E-002
  7.224754881091870E-002  5.096875170870496E-002 -5.436851052862097E-002
 -1.679662925124195E-002  1.159421369320103E-002 -1.449058558157817E-002
  0.000000000000000E+000  0.000000000000000E+000  0.000000000000000E+000
  0.000000000000000E+000  0.000000000000000E+000  0.000000000000000E+000
  0.000000000000000E+000  0.000000000000000E+000  0.000000000000000E+000
  0.000000000000000E+000  0.000000000000000E+000  0.000000000000000E+000
  1.221910553653667E-002 -9.696778890011918E-003 -7.318269782567852E-003
  8.931600562567189E-003  6.517995934272262E-002 -4.239577304958570E-002
  6.549849131016536E-004  7.406162355922739E-002 -7.006779714275643E-002
 -1.162004634349214E-003  7.042467236751632E-002 -8.760546784161402E-002
  1.168910854814706E-003  5.369599711124603E-002 -9.687642958539489E-002
  6.611631310032642E-003  3.592441345889497E-002 -9.934902714372382E-002
  1.417722168252627E-002  2.453132878128033E-002 -9.898470688326513E-002
  2.804909908761869E-002  2.391926787346823E-002 -9.976210775959969E-002
  4.597292285755380E-002  2.797025973673869E-002 -9.705181434781318E-002
  6.149188064265811E-002  3.423841339781394E-002 -8.761055304222219E-002
  6.376894602851925E-002  3.762146215353997E-002 -7.003129069468089E-002
  5.191804968372676E-002  4.022885095567946E-002 -4.229649477532623E-002
 -1.454348891809301E-002  5.678910783233973E-003 -7.290298732136455E-003
  0.000000000000000E+000  0.000000000000000E+000  0.000000000000000E+000
  0.000000000000000E+000  0.000000000000000E+000  0.000000000000000E+000
  0.000000000000000E+000  0.000000000000000E+000  0.000000000000000E+000
  0.000000000000000E+000  0.000000000000000E+000  0.000000000000000E+000
  5.219976733910199E-003 -1.016776740109562E-002 -2.413029267715661E-003
  1.035930121858168E-002  4.099453754404261E-002 -2.799898138735992E-002
 -1.126822611524901E-003  4.212223535198206E-002 -4.431235068830132E-002
 -3.468674326314328E-003  4.455881517490929E-002 -5.915315796582448E-002
 -3.092694760666656E-003  3.381884706016475E-002 -6.875492999510809E-002
  8.494047557810953E-004  2.308887442590176E-002 -7.321954755358975E-002
  8.574023781495325E-003  1.478829194071124E-002 -7.510582639452935E-002
  1.981894060849727E-002  1.245155009208184E-002 -7.370047398869739E-002
  3.085446007088878E-002  1.430253398054791E-002 -6.889965674788200E-002
  4.025045926185939E-002  1.931443060353686E-002 -5.917169276442692E-002
  3.702762434597710E-002  2.010506269661082E-002 -4.430377326692940E-002
  3.030116286641540E-002  2.943466103885638E-002 -2.794917510237529E-002
 -1.140632306686883E-002 -6.226366675839489E-004 -2.380317323436226E-003
  0.000000000000000E+000  0.000000000000000E+000  0.000000000000000E+000
  0.000000000000000E+000  0.000000000000000E+000  0.000000000000000E+000
  0.000000000000000E+000  0.000000000000000E+000  0.000000000000000E+000
  0.000000000000000E+000  0.000000000000000E+000  0.000000000000000E+000
 -3.497649720188482E-004 -3.595049633491202E-003 -1.219153590583724E-003
  9.138644903336194E-003  8.939786942027428E-003 -8.619275248241427E-003
  1.254108326121388E-003  1.160647885979196E-002 -1.240986105806963E-002
  1.818004339987315E-003  1.610013717938749E-002 -2.321804355251604E-002
 -2.310749489401617E-003  1.303450370475516E-002 -2.822753128373820E-002
 -4.599014418985208E-004  9.935226597728447E-003 -3.573078983286217E-002
  3.071944804173311E-003  5.161716939478805E-003 -3.730589639184743E-002
  8.979520565173132E-003  4.673903659828796E-003 -3.610840026131876E-002
  1.241438713037039E-002  4.584113341035027E-003 -2.829413862174698E-002
  1.299140379374784E-002  9.615375897791188E-003 -2.321392602013484E-002
  9.462840426352346E-003  6.900066787969111E-003 -1.239944252114025E-002
  3.144789010272285E-003  1.234730302432447E-002 -8.645359001310226E-003
 -2.886361958922392E-003 -2.081603800393410E-003 -1.158444430694757E-003
  0.000000000000000E+000  0.000000000000000E+000  0.000000000000000E+000
  0.000000000000000E+000  0.000000000000000E+000  0.000000000000000E+000
  0.000000000000000E+000  0.000000000000000E+000  0.000000000000000E+000
  0.000000000000000E+000  0.000000000000000E+000  0.000000000000000E+000
  0.000000000000000E+000  0.000000000000000E+000  0.000000000000000E+000
  0.000000000000000E+000  0.000000000000000E+000  0.000000000000000E+000
  0.000000000000000E+000  0.000000000000000E+000  0.000000000000000E+000
  0.000000000000000E+000  0.000000000000000E+000  0.000000000000000E+000
  0.000000000000000E+000  0.000000000000000E+000  0.000000000000000E+000
  0.000000000000000E+000  0.000000000000000E+000  0.000000000000000E+000
  0.000000000000000E+000  0.000000000000000E+000  0.000000000000000E+000
  0.000000000000000E+000  0.000000000000000E+000  0.000000000000000E+000
  0.000000000000000E+000  0.000000000000000E+000  0.000000000000000E+000
  0.000000000000000E+000  0.000000000000000E+000  0.000000000000000E+000
  0.000000000000000E+000  0.000000000000000E+000  0.000000000000000E+000
  0.000000000000000E+000  0.000000000000000E+000  0.000000000000000E+000
  0.000000000000000E+000  0.000000000000000E+000  0.000000000000000E+000
  0.000000000000000E+000  0.000000000000000E+000  0.000000000000000E+000
  0.000000000000000E+000  0.000000000000000E+000  0.000000000000000E+000
  0.000000000000000E+000  0.000000000000000E+000  0.000000000000000E+000
  0.000000000000000E+000  0.000000000000000E+000  0.000000000000000E+000
  0.000000000000000E+000  0.000000000000000E+000  0.000000000000000E+000
  0.000000000000000E+000  0.000000000000000E+000  0.000000000000000E+000
  0.000000000000000E+000  0.000000000000000E+000  0.000000000000000E+000
  0.000000000000000E+000  0.000000000000000E+000  0.000000000000000E+000
  0.000000000000000E+000  0.000000000000000E+000  0.000000000000000E+000
  0.000000000000000E+000  0.000000000000000E+000  0.000000000000000E+000
  0.000000000000000E+000  0.000000000000000E+000  0.000000000000000E+000
  0.000000000000000E+000  0.000000000000000E+000  0.000000000000000E+000
  0.000000000000000E+000  0.000000000000000E+000  0.000000000000000E+000
  0.000000000000000E+000  0.000000000000000E+000  0.000000000000000E+000
  0.000000000000000E+000  0.000000000000000E+000  0.000000000000000E+000
  0.000000000000000E+000  0.000000000000000E+000  0.000000000000000E+000
  0.000000000000000E+000  0.000000000000000E+000  0.000000000000000E+000
  0.000000000000000E+000  0.000000000000000E+000  0.000000000000000E+000
  0.000000000000000E+000  0.000000000000000E+000  0.000000000000000E+000
  0.000000000000000E+000  0.000000000000000E+000  0.000000000000000E+000
  0.000000000000000E+000  0.000000000000000E+000  0.000000000000000E+000
  8.447708653197356E-004 -7.249808444022990E-004  1.436876630453872E-004
  2.286891705855015E-003 -6.144177059738037E-004 -5.729867464906443E-003
  3.344649483653868E-003 -3.633238226608848E-003 -1.185692754069319E-002
  5.034771057147750E-003 -1.576737819760623E-003 -1.813707202024910E-002
  6.671680129026212E-003  2.616508568558887E-003 -2.987054661025871E-002
  3.239472710977826E-003 -5.431078985633915E-003 -4.221882395920986E-002
 -8.130597633589471E-003 -1.432728310534713E-002 -4.442036547966046E-002
 -7.735375633754922E-003 -1.897198734747977E-003 -4.150508880278046E-002
 -1.368169590960189E-003  6.359143488532808E-003 -2.965132887835491E-002
 -3.095656859246526E-003  3.524346691573303E-003 -1.830905323597338E-002
 -4.801491673618812E-003  7.705499124551643E-004 -1.202051316516403E-002
 -1.541273225633432E-003  1.549668208001513E-003 -5.900299939401831E-003
 -1.022259181430525E-003  3.617125869659650E-004  4.843412586328897E-005
  0.000000000000000E+000  0.000000000000000E+000  0.000000000000000E+000
  0.000000000000000E+000  0.000000000000000E+000  0.000000000000000E+000
  0.000000000000000E+000  0.000000000000000E+000  0.000000000000000E+000
  0.000000000000000E+000  0.000000000000000E+000  0.000000000000000E+000
  6.895140091354851E-004 -5.461793466853757E-004  2.543420760407666E-004
  1.286034148783932E-003  1.433922069583301E-003 -5.012781290586232E-003
  1.959374052373190E-003 -2.464088258369368E-003 -1.093413459318643E-002
  2.815797498986253E-003  1.719213213437510E-004 -1.711969805824373E-002
  2.344799446324559E-003  4.220377608528615E-004 -2.835058569614207E-002
 -1.391028221736992E-003 -6.427931833794388E-003 -4.235797669669833E-002
 -5.493446653384536E-003 -9.800961190161514E-003 -4.656250553441693E-002
 -5.492729468464943E-003 -5.494933021333256E-003 -4.182188046773438E-002
 -6.180119096259782E-004  1.922048239224452E-003 -2.823433355711731E-002
 -6.486648103490927E-004  2.419159429194277E-003 -1.731134697644108E-002
 -3.071776916626542E-003  1.460745243183232E-004 -1.111386407845885E-002
  7.031602236178779E-004  1.689759642678571E-003 -5.185195020665602E-003
 -7.877580346580386E-004  3.008731520693836E-004  1.720480378794481E-004
  0.000000000000000E+000  0.000000000000000E+000  0.000000000000000E+000
  0.000000000000000E+000  0.000000000000000E+000  0.000000000000000E+000
  0.000000000000000E+000  0.000000000000000E+000  0.000000000000000E+000
  0.000000000000000E+000  0.000000000000000E+000  0.000000000000000E+000
  4.513474971706755E-004 -9.040216690385546E-004  2.864105978148876E-004
 -8.738182667551527E-005  6.928730710057375E-003 -3.792802304425658E-003
  6.216129523131100E-004 -5.591602635759127E-004 -8.316110792593591E-003
 -1.010841508285570E-003  8.246570348667806E-003 -1.447498460762150E-002
 -3.601083950827458E-003 -5.131575076146140E-003 -2.576974201454192E-002
 -6.650287118673158E-003 -1.099373966073993E-002 -3.891420737826129E-002
  1.505132594446649E-004 -6.998216809707368E-005 -4.730152787168070E-002
 -5.339713982358406E-003 -1.067396519879741E-002 -3.887954922915179E-002
 -1.380916915534222E-003 -4.976462492201829E-003 -2.589115765489646E-002
  8.289990597417276E-003  3.316031437515197E-003 -1.466192693484084E-002
 -8.509636372520195E-004 -7.378719498728250E-005 -8.518504202561096E-003
  6.126496557590560E-003  3.224663567297363E-003 -3.961168896367979E-003
 -9.912854430816798E-004 -1.055816452600789E-004  2.175620879334486E-004
  0.000000000000000E+000  0.000000000000000E+000  0.000000000000000E+000
  0.000000000000000E+000  0.000000000000000E+000  0.000000000000000E+000
  0.000000000000000E+000  0.000000000000000E+000  0.000000000000000E+000
  0.000000000000000E+000  0.000000000000000E+000  0.000000000000000E+000
  5.608500803533207E-004 -4.766544676923070E-004  4.585163036675879E-004
 -2.608573551548885E-003  7.542149979657766E-003 -2.737096827089512E-003
 -4.425578076837514E-003  3.509286502498116E-002 -7.796567261745047E-003
 -3.268414344035130E-003  4.476615982305867E-002 -1.830758053995648E-002
 -4.874175821095836E-003  8.384597840955481E-003 -2.248661027173179E-002
 -1.309990015511220E-003  1.455574195106572E-002 -3.862071603711675E-002
  1.969522449813735E-002  3.406687921351444E-002 -5.541840176546829E-002
  1.318664182616317E-002  6.003164890334977E-003 -3.845037551305052E-002
  9.974670868185882E-003  1.697783917340741E-004 -2.252477706911767E-002
  4.083532254225419E-002  1.968970819707288E-002 -1.851559084655188E-002
  3.262938778859160E-002  1.351791698941470E-002 -7.993766127705334E-003
  7.860645696433558E-003  1.346174957819394E-003 -2.899971527963190E-003
 -6.842782760352289E-004  1.941309373421539E-004  3.984094679535545E-004
  0.000000000000000E+000  0.000000000000000E+000  0.000000000000000E+000
  0.000000000000000E+000  0.000000000000000E+000  0.000000000000000E+000
  0.000000000000000E+000  0.000000000000000E+000  0.000000000000000E+000
  0.000000000000000E+000  0.000000000000000E+000  0.000000000000000E+000
 -8.967740158401386E-005 -4.249407143431869E-004  7.819431531516825E-004
 -2.360634748955617E-003  2.405898693425951E-003  5.194595036473914E-004
 -5.332594066347428E-003  2.003147908672346E-002 -4.109680146704047E-003
 -6.447742145514746E-003  3.852484711548216E-002 -1.421239192470102E-002
 -4.294144091016338E-003  3.696737424866636E-002 -2.489115499313843E-002
 -1.313305881025731E-003  1.973653392522048E-002 -3.205133910666823E-002
  2.707855606334646E-003  4.778273962935397E-003 -3.392826820145825E-002
  1.648190555042095E-002  7.628336139066117E-003 -3.121614289256895E-002
  3.315554846241215E-002  1.421740569583309E-002 -2.440327678091020E-002
  3.609680546436863E-002  1.347892747799842E-002 -1.416122316124799E-002
  1.977236469769726E-002  5.209781961294208E-003 -4.230458575472332E-003
  3.476868082995490E-003 -8.908109045116894E-004  3.059575851095255E-004
 -3.505791194779960E-004 -3.323909376363994E-004  7.159960130703846E-004
  0.000000000000000E+000  0.000000000000000E+000  0.000000000000000E+000
  0.000000000000000E+000  0.000000000000000E+000  0.000000000000000E+000
  0.000000000000000E+000  0.000000000000000E+000  0.000000000000000E+000
  0.000000000000000E+000  0.000000000000000E+000  0.000000000000000E+000
 -1.388463270453362E-003  8.244610492006441E-004  1.276238860668683E-003
 -2.265937557246885E-004 -9.881628835928387E-003  4.179223222872471E-003
 -1.417193021339831E-003 -1.211744208973434E-002  8.977853739189542E-003
 -8.149429926497778E-003  1.785688444533690E-002 -7.379393902315332E-004
 -7.383108591773882E-003  3.976883090581670E-002 -2.100332445437549E-002
 -9.671250267174821E-003 -4.280095955469680E-003 -7.558194535348949E-003
 -1.963317500853032E-002 -3.377235672242499E-002  9.048364125501666E-003
  1.273254568621186E-003 -1.007778587121499E-002 -7.909103025386709E-003
  3.864058270919385E-002  1.401939779850624E-002 -2.145407489790686E-002
  1.930281306520731E-002  1.865500791043036E-003 -7.310456954573983E-004
 -9.913345263400732E-003 -7.329917903941303E-003  8.868243367132283E-003
 -7.916193542765909E-003 -5.082304241041039E-003  3.877089668106082E-003
  1.368668594554791E-003 -7.762848019356094E-004  1.200802479788804E-003
  0.000000000000000E+000  0.000000000000000E+000  0.000000000000000E+000
  0.000000000000000E+000  0.000000000000000E+000  0.000000000000000E+000
  0.000000000000000E+000  0.000000000000000E+000  0.000000000000000E+000
  0.000000000000000E+000  0.000000000000000E+000  0.000000000000000E+000
 -2.908745924200163E-003  1.174809570207378E-003  1.105580162900922E-003
  1.744893222931687E-003 -1.789099675511015E-002  7.346021242871041E-003
 -3.195346663999269E-003 -7.747676167347804E-003  1.006034885464147E-002
 -8.398532780784730E-003  1.081330454769307E-002  5.398605280531829E-003
 -9.374710460272932E-003  2.636198382245534E-003  8.881304486772226E-003
 -1.032586314022372E-002 -8.854375812016060E-003  9.438780114777503E-003
 -7.203978519060843E-004 -1.056907959142746E-003 -4.036673238672821E-003
 -2.690350102497973E-003 -1.339846898440685E-002  9.437395743352828E-003
  7.505010358500065E-003 -6.382238179099628E-003  8.312721835092124E-003
  1.372299243815761E-002 -1.735661947578829E-003  5.271183704281803E-003
 -5.088174609599206E-003 -6.606139366084174E-003  9.928587733035784E-003
 -1.564770434224869E-002 -7.280956483553316E-003  6.976752275409882E-003
  2.407547218047942E-003 -1.920832841149415E-003  1.052766426374392E-003
  0.000000000000000E+000  0.000000000000000E+000  0.000000000000000E+000
  0.000000000000000E+000  0.000000000000000E+000  0.000000000000000E+000
  0.000000000000000E+000  0.000000000000000E+000  0.000000000000000E+000
  0.000000000000000E+000  0.000000000000000E+000  0.000000000000000E+000
 -2.186229311154358E-003  1.353001978740271E-003 -1.386300345035872E-004
  4.669306458485726E-004 -1.376268145270239E-002  8.110591401300962E-003
 -1.175271904938211E-002  2.311637774866702E-002 -8.266167362291710E-003
 -5.772976032143975E-003 -1.491345396204763E-003  1.155952475856734E-002
 -4.072822778784534E-003 -2.836064847574771E-002  4.517830068157732E-002
 -6.941991649305502E-003  8.656173465936261E-004  1.230230809915715E-002
  1.328553637224921E-002  2.300368414329968E-002 -3.689722268048302E-002
  3.505220729761065E-003 -6.076270499113000E-003  1.345252670532847E-002
 -2.299138478117518E-002 -1.794003235358085E-002  4.583828215559932E-002
  1.779319366334591E-003 -5.656295305078794E-003  1.146651961319987E-002
  2.565862051628433E-002  1.361171390245271E-003 -8.164703237682685E-003
 -1.160875161273138E-002 -6.320517917520970E-003  7.778770282608761E-003
  2.203334333525071E-003 -1.208150836338997E-003 -1.651618576725124E-004
  0.000000000000000E+000  0.000000000000000E+000  0.000000000000000E+000
  0.000000000000000E+000  0.000000000000000E+000  0.000000000000000E+000
  0.000000000000000E+000  0.000000000000000E+000  0.000000000000000E+000
  0.000000000000000E+000  0.000000000000000E+000  0.000000000000000E+000
 -7.728924977158786E-004  9.368831280878866E-004 -4.396281149750979E-004
 -1.053433600756225E-003 -4.531067919051382E-003  4.757012676353361E-003
 -1.313205552872264E-002  2.809527571966943E-002 -1.963851442981994E-002
  1.413122588773725E-003 -1.691952012837366E-002  2.460679953285458E-002
  1.760287184083203E-003 -2.169725617129890E-002  4.637000519688784E-002
  7.466639467247720E-004 -5.472016855705250E-003  2.722415224342177E-002
 -2.272542706275255E-003 -3.808177012096189E-003  2.560089347514249E-002
 -5.133799864178426E-003 -2.031408827231852E-003  2.711292878161968E-002
 -1.966561917242397E-002 -9.404549956771386E-003  4.667279469531612E-002
 -1.484937704315355E-002 -7.185714424118902E-003  2.418561999620894E-002
  3.059502837022962E-002  2.646217896374094E-003 -1.936318110164273E-002
 -3.224940970671060E-003 -3.088541897466639E-003  4.592340204349959E-003
  1.185438014731309E-003 -2.041448505394139E-004 -4.557687359891262E-004
  0.000000000000000E+000  0.000000000000000E+000  0.000000000000000E+000
  0.000000000000000E+000  0.000000000000000E+000  0.000000000000000E+000
  0.000000000000000E+000  0.000000000000000E+000  0.000000000000000E+000
  0.000000000000000E+000  0.000000000000000E+000  0.000000000000000E+000
  3.451416250868023E-005  4.036869354044173E-004  9.768670419902616E-005
 -1.339618277011718E-003  1.419033317118678E-005  1.324046401034531E-003
 -3.057529795236249E-003  7.501699910203300E-003 -5.206858650531608E-003
 -1.223758551710635E-003 -1.057252443347564E-002  1.984215203910080E-002
  9.554087422317811E-004 -6.546758096449464E-003  1.650658384273531E-002
  3.440109202214119E-003 -7.575287361241523E-003  2.766046016815333E-002
 -2.494931304755975E-003 -4.082068159446897E-003  6.581969882834458E-002
 -8.124787003730807E-003 -8.066493730863491E-004  2.732388911568793E-002
 -5.918525818794931E-003 -2.501149499093175E-003  1.621579340709240E-002
 -8.164256938800251E-003 -6.279592276877263E-003  1.942721243664226E-002
  7.972416481745037E-003  1.090887037332117E-003 -5.151736430210796E-003
  6.886849137954293E-004 -1.129962791418738E-003  1.316692093380973E-003
  3.242944114719176E-004  2.208839632985310E-004  5.956387653255165E-005
  0.000000000000000E+000  0.000000000000000E+000  0.000000000000000E+000
  0.000000000000000E+000  0.000000000000000E+000  0.000000000000000E+000
  0.000000000000000E+000  0.000000000000000E+000  0.000000000000000E+000
  0.000000000000000E+000  0.000000000000000E+000  0.000000000000000E+000
  0.000000000000000E+000  0.000000000000000E+000  0.000000000000000E+000
  0.000000000000000E+000  0.000000000000000E+000  0.000000000000000E+000
  0.000000000000000E+000  0.000000000000000E+000  0.000000000000000E+000
  0.000000000000000E+000  0.000000000000000E+000  0.000000000000000E+000
  0.000000000000000E+000  0.000000000000000E+000  0.000000000000000E+000
  0.000000000000000E+000  0.000000000000000E+000  0.000000000000000E+000
  0.000000000000000E+000  0.000000000000000E+000  0.000000000000000E+000
  0.000000000000000E+000  0.000000000000000E+000  0.000000000000000E+000
  0.000000000000000E+000  0.000000000000000E+000  0.000000000000000E+000
  0.000000000000000E+000  0.000000000000000E+000  0.000000000000000E+000
  0.000000000000000E+000  0.000000000000000E+000  0.000000000000000E+000
  0.000000000000000E+000  0.000000000000000E+000  0.000000000000000E+000
  0.000000000000000E+000  0.000000000000000E+000  0.000000000000000E+000
  0.000000000000000E+000  0.000000000000000E+000  0.000000000000000E+000
  0.000000000000000E+000  0.000000000000000E+000  0.000000000000000E+000
  0.000000000000000E+000  0.000000000000000E+000  0.000000000000000E+000
  0.000000000000000E+000  0.000000000000000E+000  0.000000000000000E+000
  0.000000000000000E+000  0.000000000000000E+000  0.000000000000000E+000
  0.000000000000000E+000  0.000000000000000E+000  0.000000000000000E+000
  0.000000000000000E+000  0.000000000000000E+000  0.000000000000000E+000
  0.000000000000000E+000  0.000000000000000E+000  0.000000000000000E+000
  0.000000000000000E+000  0.000000000000000E+000  0.000000000000000E+000
  0.000000000000000E+000  0.000000000000000E+000  0.000000000000000E+000
  0.000000000000000E+000  0.000000000000000E+000  0.000000000000000E+000
  0.000000000000000E+000  0.000000000000000E+000  0.000000000000000E+000
  0.000000000000000E+000  0.000000000000000E+000  0.000000000000000E+000
  0.000000000000000E+000  0.000000000000000E+000  0.000000000000000E+000
  0.000000000000000E+000  0.000000000000000E+000  0.000000000000000E+000
  0.000000000000000E+000  0.000000000000000E+000  0.000000000000000E+000
  0.000000000000000E+000  0.000000000000000E+000  0.000000000000000E+000
  0.000000000000000E+000  0.000000000000000E+000  0.000000000000000E+000
  0.000000000000000E+000  0.000000000000000E+000  0.000000000000000E+000
  0.000000000000000E+000  0.000000000000000E+000  0.000000000000000E+000
  0.000000000000000E+000  0.000000000000000E+000  0.000000000000000E+000
   8.59891635636133       -81.2431382318108        32.5560580608464     
   51.0238668988804        45.8730281797574        92.2448773478526     
   90.1223009540738       -15.2224238630513        112.766427595319     
   73.7615476858855       -38.3447526460278        110.841390007973     
   51.4346130280677        124.643012601354        131.050004054481     
   109.667835513268        336.830793684930        95.4098364204793     
   257.767090391553        447.298443428521        88.9626198385590     
   230.882570057029        258.973603611205        100.877303700874     
   80.7379429379071        108.462014979432        136.263547813372     
  -71.1349027152859        46.1863829306265        116.605055380272     
  -59.1867175418620        70.9354654218149        116.547100726722     
   17.8591207715936        68.7121163448602        92.8437003901057     
  -70.9430621653891       -31.4871750079293        29.4121070677907     
  0.000000000000000E+000  0.000000000000000E+000  0.000000000000000E+000
  0.000000000000000E+000  0.000000000000000E+000  0.000000000000000E+000
  0.000000000000000E+000  0.000000000000000E+000  0.000000000000000E+000
  0.000000000000000E+000  0.000000000000000E+000  0.000000000000000E+000
   14.4939974584202       -83.2101605045410        30.1699518291228     
   60.1572686763166       -1.08910416715217        91.9923337219617     
   90.3720937384438        3.38642037714591        114.196964490720     
   73.1130555413968       -7.95955857794374        105.309167564356     
   60.6234066574438        97.1029597277416        126.151881274388     
   51.3869312435997        105.398915116479        136.491030984438     
   78.2634070410572        135.374493640049        156.625983438807     
   65.0286440022491        97.5182691097391        140.746281952632     
   54.3948847853929        103.374614887094        131.251698963848     
  -45.0563004257575        60.9794903270213        111.086840765006     
  -43.8319610119545        80.7022526274643        117.762988625526     
  -28.1814271132621        53.5183636675827        91.9901825001661     
  -75.7670670263427       -27.7092152088863        27.3205146121753     
  0.000000000000000E+000  0.000000000000000E+000  0.000000000000000E+000
  0.000000000000000E+000  0.000000000000000E+000  0.000000000000000E+000
  0.000000000000000E+000  0.000000000000000E+000  0.000000000000000E+000
  0.000000000000000E+000  0.000000000000000E+000  0.000000000000000E+000
   22.2927873125096       -85.3120156818949        30.2502556756948     
   71.0566683645653       -100.153894773426        91.2059240612322     
   91.1051777753963        1.36082909867117        112.568841139329     
   72.8240709855345        116.997569013227        103.230045663601     
   36.8194397460745        59.4717554526616        116.827311784294     
  -118.459296555099       -371.468913084137        250.387792423692     
  -273.382468334833       -476.358781904509        311.431216780601     
  -251.428271126430       -278.252281690295        250.554707756412     
   38.0767496254306        66.9817505380222        120.778317443038     
   62.2353164594395        123.176647256639        108.622584167513     
  -48.3649834338730        80.7133788059055        115.391379330422     
  -120.192523521497        13.7898210954565        90.5544741416841     
  -82.0458918796485       -22.1352881529745        27.6987547403854     
  0.000000000000000E+000  0.000000000000000E+000  0.000000000000000E+000
  0.000000000000000E+000  0.000000000000000E+000  0.000000000000000E+000
  0.000000000000000E+000  0.000000000000000E+000  0.000000000000000E+000
  0.000000000000000E+000  0.000000000000000E+000  0.000000000000000E+000
   17.3532284559565       -50.7903517112351        28.9046113015746     
   88.9855796786945       -174.858782916348        101.650758656777     
   66.3020467479686       -53.5765501512123        123.844888300902     
   44.3242195285407        229.819385347880        79.4361135511836     
   50.4676763935989        429.651836977355        9.41273271854961     
  -17.6323872065884        30.8004759598205        152.649297639207     
  -227.816755015923       -399.064729752129        308.567944169740     
   37.1548362507193       -1.64484713480882        154.054395911409     
   343.377292589867        257.029852083328        13.1994515383085     
   174.216255066507        156.452139285148        82.6936933762864     
  -79.2224052835480        35.5423091447294        125.270209665172     
  -192.002269607560       -5.80523352505720        99.9875437985570     
  -50.8853433707103       -9.36009188779428        26.6525245797228     
  0.000000000000000E+000  0.000000000000000E+000  0.000000000000000E+000
  0.000000000000000E+000  0.000000000000000E+000  0.000000000000000E+000
  0.000000000000000E+000  0.000000000000000E+000  0.000000000000000E+000
  0.000000000000000E+000  0.000000000000000E+000  0.000000000000000E+000
   5.85836609104840       -9.06990566758797        15.9903169745167     
   63.8742646415534       -73.5528055547006        83.4581245499330     
   46.1192132684503       -72.9437044648219        131.743809895886     
   17.2773748202076       -54.0912663868754        170.877904750666     
   17.3939663909377        388.413923328766       -8.23958893339042     
  -24.8005778755260       -28.9966785593726        153.764165670137     
  -381.981910356695       -665.127121204428        533.374316036425     
  -16.1645340823658       -42.6818464457408        155.880081563839     
   322.160515247949        206.737074811710       -6.21549889499317     
  -58.2792108676968       -9.01561848831905        171.575501592876     
  -82.3081342914708        11.4884034118618        131.138283297029     
  -85.7802858596473        24.9715054526535        80.4946416143457     
  -11.5610172633666        1.88396579488295        13.8646793671720     
  0.000000000000000E+000  0.000000000000000E+000  0.000000000000000E+000
  0.000000000000000E+000  0.000000000000000E+000  0.000000000000000E+000
  0.000000000000000E+000  0.000000000000000E+000  0.000000000000000E+000
  0.000000000000000E+000  0.000000000000000E+000  0.000000000000000E+000
   21.8818291973238       -8.30479645100912        14.5474305295817     
   8.19638239725861        72.8306271056511        44.4624967690459     
  -8.00548454117258        41.8264056329356        102.490469419115     
  -1.33930987168228       -92.3359897095835        217.764937136355     
  -39.1917106568740       -146.481362323824        249.354624722252     
  -100.721997759160       -232.360202445764        282.439962623573     
  -139.142242259001       -242.090868710636        321.870099884769     
  -146.518088674093       -200.701274122100        275.501904195481     
  -102.297551182436       -103.077674705472        241.579060780902     
  -85.3090055319356       -46.4730763800826        219.252758937517     
   39.1774755111894        19.2532564818401        102.640218448190     
   73.0194988400697        52.7655440999007        40.1855239020380     
  -19.7327805644237        15.2782362472510        13.1403144127441     
  0.000000000000000E+000  0.000000000000000E+000  0.000000000000000E+000
  0.000000000000000E+000  0.000000000000000E+000  0.000000000000000E+000
  0.000000000000000E+000  0.000000000000000E+000  0.000000000000000E+000
  0.000000000000000E+000  0.000000000000000E+000  0.000000000000000E+000
   31.7074732266683        2.50136307900251        18.9464926575074     
  -28.1623144395881        134.120670629388        16.8703199283845     
  -60.6119718790105        174.151512917513        32.4580041397924     
 -0.470315804642600       -162.819601336201        261.260071427281     
  -42.5559969323203       -261.499237305940        367.901567411611     
  -63.8549786968327        2.90720557772776        151.590174227835     
  -3.21694349065607       -4.65996808339962        48.1046592106325     
   34.8844905891239       -52.7586123507459        145.087020532006     
  -205.862004780604       -169.177692682645        363.590064124660     
  -145.784792506037       -82.4341189914505        263.479923381267     
   172.381326864856        36.1669113860166        36.8101366691989     
   142.794976213599        50.5285674377944        12.7313379889326     
  -15.5047547213399        30.6700181539065        17.2881282730397     
  0.000000000000000E+000  0.000000000000000E+000  0.000000000000000E+000
  0.000000000000000E+000  0.000000000000000E+000  0.000000000000000E+000
  0.000000000000000E+000  0.000000000000000E+000  0.000000000000000E+000
  0.000000000000000E+000  0.000000000000000E+000  0.000000000000000E+000
   26.6508789068074       -10.5811759938232        19.1185232497303     
  -38.0767390218609        140.605225516604        5.43622007677695     
  -59.2670178659236        115.081263578839        12.8967082221188     
   28.6673789648233       -300.655051256842        405.559174691292     
  -79.1536270760770        198.080012778059       -22.5955189935858     
   19.0469166872232        236.176075759942       -210.502518707467     
  -137.792374392454       -236.746445938225        531.281202773912     
   188.516485269407        128.330180873920       -203.129267542911     
   202.367137605509        24.3838017053968       -14.5174128265736     
  -273.645922298988       -126.770939951413        404.530808290359     
   124.864494387408        7.44853317848257        17.1699065888453     
   148.142734393796        42.7171172812656        3.00329991558810     
  -24.2266297370020        18.9649732196879        18.4993838666110     
  0.000000000000000E+000  0.000000000000000E+000  0.000000000000000E+000
  0.000000000000000E+000  0.000000000000000E+000  0.000000000000000E+000
  0.000000000000000E+000  0.000000000000000E+000  0.000000000000000E+000
  0.000000000000000E+000  0.000000000000000E+000  0.000000000000000E+000
   9.93210828509038       -6.35281796564315        19.5555729821996     
  -12.1734648681569        83.0520082552983       -3.51249579121105     
  -34.9384933727525        1.66854773289772        63.9433161924909     
   33.0865814737741       -176.831077097402        310.369235662807     
  -47.6743104606284        136.721936119120       -34.4437872217319     
  -42.9740386382570        41.8273424712030        2.13700914020727     
   41.5989275842984        71.4163125563474        138.030463154840     
   56.8205039062409       -20.2320258820166        8.30111750955798     
   147.153195099849        25.0587711848430       -42.3837624713726     
  -164.664726234102       -61.9110896106306        307.905343789072     
   21.1003081653825       -29.0587963756120        63.9284869414830     
   82.1383731757739        34.9509530318873       -4.54581250984573     
  -12.1406634456258        5.49755461769851        19.3513178786821     
  0.000000000000000E+000  0.000000000000000E+000  0.000000000000000E+000
  0.000000000000000E+000  0.000000000000000E+000  0.000000000000000E+000
  0.000000000000000E+000  0.000000000000000E+000  0.000000000000000E+000
  0.000000000000000E+000  0.000000000000000E+000  0.000000000000000E+000
   1.63053741922597      -0.653924406593775        6.08351738435334     
  -4.04702885221621        24.6164191688260        13.8012397419886     
  -26.7201680869424       -13.4519711212505        52.3729873788257     
  -11.1124868847866       -28.3816561307431        78.9154833809377     
   66.9890457447160       -113.529043353882        272.195561104237     
   52.0192307431787       -65.5549609146305        552.118457732031     
   47.8247643972289        77.3497441692854       -420.622688389286     
  -79.0919934827457        11.3478082491639        542.653745723740     
  -119.847700522113       -1.23996345411962        253.051899949326     
  -16.2879267920214       -24.0456439503249        77.6908718139195     
   3.86297308624371       -30.4271767092056        52.4212962394225     
   24.1368907703224        10.6483190991415        14.5650172275044     
  -1.89533772266473       0.789760806360497        5.94836789164834     
  0.000000000000000E+000  0.000000000000000E+000  0.000000000000000E+000
  0.000000000000000E+000  0.000000000000000E+000  0.000000000000000E+000
  0.000000000000000E+000  0.000000000000000E+000  0.000000000000000E+000
  0.000000000000000E+000  0.000000000000000E+000  0.000000000000000E+000
  0.000000000000000E+000  0.000000000000000E+000  0.000000000000000E+000
  0.000000000000000E+000  0.000000000000000E+000  0.000000000000000E+000
  0.000000000000000E+000  0.000000000000000E+000  0.000000000000000E+000
  0.000000000000000E+000  0.000000000000000E+000  0.000000000000000E+000
  0.000000000000000E+000  0.000000000000000E+000  0.000000000000000E+000
  0.000000000000000E+000  0.000000000000000E+000  0.000000000000000E+000
  0.000000000000000E+000  0.000000000000000E+000  0.000000000000000E+000
  0.000000000000000E+000  0.000000000000000E+000  0.000000000000000E+000
  0.000000000000000E+000  0.000000000000000E+000  0.000000000000000E+000
  0.000000000000000E+000  0.000000000000000E+000  0.000000000000000E+000
  0.000000000000000E+000  0.000000000000000E+000  0.000000000000000E+000
  0.000000000000000E+000  0.000000000000000E+000  0.000000000000000E+000
  0.000000000000000E+000  0.000000000000000E+000  0.000000000000000E+000
  0.000000000000000E+000  0.000000000000000E+000  0.000000000000000E+000
  0.000000000000000E+000  0.000000000000000E+000  0.000000000000000E+000
  0.000000000000000E+000  0.000000000000000E+000  0.000000000000000E+000
  0.000000000000000E+000  0.000000000000000E+000  0.000000000000000E+000
  0.000000000000000E+000  0.000000000000000E+000  0.000000000000000E+000
  0.000000000000000E+000  0.000000000000000E+000  0.000000000000000E+000
  0.000000000000000E+000  0.000000000000000E+000  0.000000000000000E+000
  0.000000000000000E+000  0.000000000000000E+000  0.000000000000000E+000
  0.000000000000000E+000  0.000000000000000E+000  0.000000000000000E+000
  0.000000000000000E+000  0.000000000000000E+000  0.000000000000000E+000
  0.000000000000000E+000  0.000000000000000E+000  0.000000000000000E+000
  0.000000000000000E+000  0.000000000000000E+000  0.000000000000000E+000
  0.000000000000000E+000  0.000000000000000E+000  0.000000000000000E+000
  0.000000000000000E+000  0.000000000000000E+000  0.000000000000000E+000
  0.000000000000000E+000  0.000000000000000E+000  0.000000000000000E+000
  0.000000000000000E+000  0.000000000000000E+000  0.000000000000000E+000
  0.000000000000000E+000  0.000000000000000E+000  0.000000000000000E+000
  0.000000000000000E+000  0.000000000000000E+000  0.000000000000000E+000
  0.000000000000000E+000  0.000000000000000E+000  0.000000000000000E+000
