         140  1.399999999999997E-002  1.399999999999997E-002
  0.000000000000000E+000  0.000000000000000E+000  0.000000000000000E+000
  0.000000000000000E+000  0.000000000000000E+000  0.000000000000000E+000
  4.449102446074727E-002  8.966506901270031E-002 -8.181791908210623E-002
  5.693873401415576E-002  0.138353715798403      -0.132745735852276     
  8.522043741528421E-002  0.194856155467185      -0.193492910444027     
  0.101268513314694       0.248121964022837      -0.230000465081820     
  0.121436971252262       0.273942792515667      -0.262984125954622     
  0.140171449538270       0.279216912507458      -0.279393715925087     
  0.159060558779997       0.275581669094232      -0.286556337233343     
  0.171656273417758       0.261007910211908      -0.279372485007949     
  0.176451750968633       0.242138541870556      -0.262950562303597     
  0.164247980341999       0.211831052189821      -0.230030242915621     
  0.126187368209616       0.171305195612655      -0.193521220620822     
  9.137568482509802E-002  0.118527988464583      -0.132800506361840     
  5.543006481473624E-002  8.340020161771065E-002 -8.188791565977650E-002
  0.000000000000000E+000  0.000000000000000E+000  0.000000000000000E+000
  0.000000000000000E+000  0.000000000000000E+000  0.000000000000000E+000
  0.000000000000000E+000  0.000000000000000E+000  0.000000000000000E+000
  0.000000000000000E+000  0.000000000000000E+000  0.000000000000000E+000
  3.444278457239697E-002  8.664727957436721E-002 -7.109857055766906E-002
  5.293204299926583E-002  0.142454146727661      -0.130479881592137     
  7.436896158605512E-002  0.197310346258078      -0.184157429395651     
  9.389771997585336E-002  0.242817782454448      -0.226609039300153     
  0.111816451508195       0.262078173142889      -0.255650881465594     
  0.131432990834133       0.265471001768948      -0.274610231658788     
  0.149567434441196       0.259131873410773      -0.280026877342366     
  0.164125546146754       0.246574608428144      -0.274605602003226     
  0.170992085625206       0.227880896847093      -0.255624853832586     
  0.163317607465478       0.202777457567889      -0.226631557546544     
  0.133712736438233       0.163107474611021      -0.184170137357264     
  9.692341366753274E-002  0.117098101738615      -0.130525566113166     
  5.784168092100164E-002  7.317224899294596E-002 -7.115183047690021E-002
  0.000000000000000E+000  0.000000000000000E+000  0.000000000000000E+000
  0.000000000000000E+000  0.000000000000000E+000  0.000000000000000E+000
  0.000000000000000E+000  0.000000000000000E+000  0.000000000000000E+000
  0.000000000000000E+000  0.000000000000000E+000  0.000000000000000E+000
  2.759894076178141E-002  8.007264586615323E-002 -5.825546776405018E-002
  4.131401962669693E-002  0.152030574612646      -0.120260653155092     
  6.071824244075803E-002  0.203504428957576      -0.172625221841291     
  7.720160199945193E-002  0.235144015451337      -0.214653728643110     
  9.557816040224894E-002  0.242754925894524      -0.244556769646952     
  0.113213134084084       0.238154225759447      -0.261902659170316     
  0.132119984703130       0.228904504055132      -0.268511278107949     
  0.149573390271227       0.217142281877180      -0.261925370031190     
  0.162371627239382       0.204159047356264      -0.244546023367296     
  0.164993857461889       0.184452226887646      -0.214655998009225     
  0.145862523955249       0.154345543445528      -0.172617994059421     
  0.111014711469355       0.111790224909889      -0.120270455413703     
  5.556429268644672E-002  6.393751385417090E-002 -5.828583400300106E-002
  0.000000000000000E+000  0.000000000000000E+000  0.000000000000000E+000
  0.000000000000000E+000  0.000000000000000E+000  0.000000000000000E+000
  0.000000000000000E+000  0.000000000000000E+000  0.000000000000000E+000
  0.000000000000000E+000  0.000000000000000E+000  0.000000000000000E+000
  2.739521092796249E-002  6.744030965859574E-002 -4.791775795686822E-002
  3.101186386731918E-002  0.152545258635624      -0.107249306672407     
  4.544096110187989E-002  0.196299718487815      -0.156969840737517     
  5.874539191055754E-002  0.216648678500852      -0.197682453857621     
  7.381107695947939E-002  0.213522174867931      -0.225970118318892     
  8.969307007700018E-002  0.199903800714738      -0.242322507214763     
  0.107344938278790       0.185984927016997      -0.247619268650059     
  0.128204669912742       0.177665037309518      -0.242382107585479     
  0.147946349581491       0.170704477299137      -0.225984241900469     
  0.158208761979417       0.159212376851559      -0.197672020731337     
  0.147223818691365       0.137472108163509      -0.156926225779985     
  0.116552408630939       0.103075366866037      -0.107208364307212     
  4.471994443896946E-002  5.743014983706895E-002 -4.793392943623690E-002
  0.000000000000000E+000  0.000000000000000E+000  0.000000000000000E+000
  0.000000000000000E+000  0.000000000000000E+000  0.000000000000000E+000
  0.000000000000000E+000  0.000000000000000E+000  0.000000000000000E+000
  0.000000000000000E+000  0.000000000000000E+000  0.000000000000000E+000
  2.986877466228218E-002  4.477906688637902E-002 -3.894210113805890E-002
  2.404922226779109E-002  0.141597391389504      -9.542459286271579E-002
  3.469807094506074E-002  0.179926915844611      -0.142144097078185     
  4.323908125024978E-002  0.193318093201217      -0.181214121922368     
  5.520984859356010E-002  0.182051619244736      -0.207095974184759     
  6.835200190000509E-002  0.162500969553561      -0.220751903505441     
  8.439428575385598E-002  0.146223215924131      -0.225192396517817     
  0.106520273419099       0.140535575349631      -0.220858701015428     
  0.130019629263288       0.138891555618751      -0.207145430952710     
  0.145761646858938       0.134119889776594      -0.181199086628519     
  0.138390729616159       0.119962087017228      -0.142074147066525     
  0.110493297977157       9.152910019058422E-002 -9.534022786302322E-002
  2.384108917518368E-002  4.821963566690451E-002 -3.895295571192406E-002
  0.000000000000000E+000  0.000000000000000E+000  0.000000000000000E+000
  0.000000000000000E+000  0.000000000000000E+000  0.000000000000000E+000
  0.000000000000000E+000  0.000000000000000E+000  0.000000000000000E+000
  0.000000000000000E+000  0.000000000000000E+000  0.000000000000000E+000
  2.865269931805139E-002  1.655418797807958E-002 -2.874683823045885E-002
  1.868526156016704E-002  0.128773122710025      -8.279555581116785E-002
  2.617759013738886E-002  0.159966151481263      -0.128346849530828     
  2.945431719312941E-002  0.165719310837918      -0.164160886283665     
  3.822704136672315E-002  0.149063640056040      -0.186155400064955     
  4.892827353641474E-002  0.126043979896427      -0.196758802860306     
  6.283434007158473E-002  0.108864599106441      -0.199606996883784     
  8.473688562744307E-002  0.105572021037974      -0.196946610773104     
  0.109983040417295       0.107737394568944      -0.186257729157016     
  0.128759452331482       0.108398720522930      -0.164154910187648     
  0.125357819055645       0.102610007666620      -0.128262416377332     
  0.102040443313428       8.044096618830099E-002 -8.267224258580033E-002
 -1.712538534752133E-005  3.302061449279246E-002 -2.875253996832427E-002
  0.000000000000000E+000  0.000000000000000E+000  0.000000000000000E+000
  0.000000000000000E+000  0.000000000000000E+000  0.000000000000000E+000
  0.000000000000000E+000  0.000000000000000E+000  0.000000000000000E+000
  0.000000000000000E+000  0.000000000000000E+000  0.000000000000000E+000
  2.023307175282167E-002 -6.203147277124787E-003 -1.850696783147176E-002
  1.754901830868118E-002  0.118241690292206      -7.133205677095122E-002
  1.770366189814459E-002  0.132956711475038      -0.113448582878225     
  1.620402719229274E-002  0.134654687054627      -0.143415864880468     
  2.313579996223154E-002  0.114794219187965      -0.161160980662678     
  3.132999573357503E-002  9.176691728773219E-002 -0.168692134923240     
  4.370818732931320E-002  7.571929023788297E-002 -0.170506570909215     
  6.395439722856217E-002  7.327995672709949E-002 -0.168991854536626     
  8.787992741250245E-002  7.756539579373051E-002 -0.161321604479905     
  0.108491125669873       8.141954500721378E-002 -0.143440898047372     
  0.106223356733209       8.179786219676818E-002 -0.113377854415715     
  9.350128462585688E-002  7.421570790782805E-002 -7.119324073014141E-002
 -1.551978255384578E-002  1.430430836974911E-002 -1.850786603198974E-002
  0.000000000000000E+000  0.000000000000000E+000  0.000000000000000E+000
  0.000000000000000E+000  0.000000000000000E+000  0.000000000000000E+000
  0.000000000000000E+000  0.000000000000000E+000  0.000000000000000E+000
  0.000000000000000E+000  0.000000000000000E+000  0.000000000000000E+000
  1.002521328297959E-002 -1.269111566596108E-002 -1.100308814116464E-002
  2.162734691719028E-002  9.615009991195622E-002 -5.929023659469170E-002
  6.460232439606194E-003  0.100847421539551      -9.368726554812574E-002
  6.597966840375471E-003  0.100408342964387      -0.116534639346645     
  9.902770194773071E-003  8.141930232023824E-002 -0.131067281100925     
  1.669062947152243E-002  6.146691739581013E-002 -0.136761342649714     
  2.749216777806602E-002  4.759338288149782E-002 -0.137864656062147     
  4.513351016333727E-002  4.551105636123945E-002 -0.137229193968771     
  6.559670295116367E-002  4.942273431212760E-002 -0.131265558300153     
  8.362186116123761E-002  5.599263598485501E-002 -0.116589571591524     
  8.410835390710565E-002  5.604367827172509E-002 -9.366441424116553E-002
  7.234010682811651E-002  6.674461411014600E-002 -5.916790995206426E-002
 -1.600783144985971E-002  2.220701445571642E-003 -1.100528819214841E-002
  0.000000000000000E+000  0.000000000000000E+000  0.000000000000000E+000
  0.000000000000000E+000  0.000000000000000E+000  0.000000000000000E+000
  0.000000000000000E+000  0.000000000000000E+000  0.000000000000000E+000
  0.000000000000000E+000  0.000000000000000E+000  0.000000000000000E+000
  6.786498257553575E-003 -9.708815048974861E-003 -7.574255511726948E-003
  1.822502042918730E-002  6.229533077415881E-002 -4.067564959386361E-002
 -2.633784045586700E-003  6.110689201755020E-002 -6.210792200126194E-002
  5.730442460238924E-004  6.309639702859374E-002 -8.081353651597320E-002
 -4.397645995520664E-004  4.779546569378403E-002 -9.143203463144320E-002
  5.405353249956373E-003  3.532494427943161E-002 -9.776079527326101E-002
  1.431604351436272E-002  2.472529331176544E-002 -9.945240199215258E-002
  2.812595065397187E-002  2.257392494359698E-002 -9.822257607592486E-002
  4.159022529931446E-002  2.360302517128121E-002 -9.157504275876445E-002
  5.430286098660143E-002  3.210478266598319E-002 -8.087680240188450E-002
  5.428510958885633E-002  2.831685661290525E-002 -6.214985877617517E-002
  4.477414550132175E-002  4.690118654395255E-002 -4.058851293026611E-002
 -1.179988375143529E-002  9.478163543097081E-004 -7.584926537294368E-003
  0.000000000000000E+000  0.000000000000000E+000  0.000000000000000E+000
  0.000000000000000E+000  0.000000000000000E+000  0.000000000000000E+000
  0.000000000000000E+000  0.000000000000000E+000  0.000000000000000E+000
  0.000000000000000E+000  0.000000000000000E+000  0.000000000000000E+000
  1.887139144813445E-003 -5.105796518624075E-003 -5.719232048836599E-003
  1.252637595086151E-002  1.433863984265346E-002 -9.771043852826785E-003
  1.972391203035471E-003  2.110287853035664E-002 -2.225433650230960E-002
  1.922320653115533E-003  2.571032691834164E-002 -3.617053442015897E-002
 -3.390268985862971E-003  2.047451250096128E-002 -4.371503655749154E-002
  6.383239037254482E-005  1.550760737901566E-002 -5.332166390825917E-002
  5.058441249100483E-003  8.540010602059637E-003 -5.433372412024563E-002
  1.354781966452397E-002  7.936603594629544E-003 -5.372145444189409E-002
  1.934201995865356E-002  7.382745712025110E-003 -4.378496658478814E-002
  2.126229235167355E-002  1.453258200793581E-002 -3.616758653086909E-002
  1.734299964445801E-002  1.227009579113217E-002 -2.229074199697064E-002
  6.163283948221257E-003  1.800830216308813E-002 -9.761690914584417E-003
 -5.363193734046745E-003 -9.416618686392354E-004 -5.718710283237944E-003
  0.000000000000000E+000  0.000000000000000E+000  0.000000000000000E+000
  0.000000000000000E+000  0.000000000000000E+000  0.000000000000000E+000
  0.000000000000000E+000  0.000000000000000E+000  0.000000000000000E+000
  0.000000000000000E+000  0.000000000000000E+000  0.000000000000000E+000
  0.000000000000000E+000  0.000000000000000E+000  0.000000000000000E+000
  0.000000000000000E+000  0.000000000000000E+000  0.000000000000000E+000
  0.000000000000000E+000  0.000000000000000E+000  0.000000000000000E+000
  0.000000000000000E+000  0.000000000000000E+000  0.000000000000000E+000
  0.000000000000000E+000  0.000000000000000E+000  0.000000000000000E+000
  0.000000000000000E+000  0.000000000000000E+000  0.000000000000000E+000
  0.000000000000000E+000  0.000000000000000E+000  0.000000000000000E+000
  0.000000000000000E+000  0.000000000000000E+000  0.000000000000000E+000
  0.000000000000000E+000  0.000000000000000E+000  0.000000000000000E+000
  0.000000000000000E+000  0.000000000000000E+000  0.000000000000000E+000
  0.000000000000000E+000  0.000000000000000E+000  0.000000000000000E+000
  0.000000000000000E+000  0.000000000000000E+000  0.000000000000000E+000
  0.000000000000000E+000  0.000000000000000E+000  0.000000000000000E+000
  0.000000000000000E+000  0.000000000000000E+000  0.000000000000000E+000
  0.000000000000000E+000  0.000000000000000E+000  0.000000000000000E+000
  0.000000000000000E+000  0.000000000000000E+000  0.000000000000000E+000
  0.000000000000000E+000  0.000000000000000E+000  0.000000000000000E+000
  0.000000000000000E+000  0.000000000000000E+000  0.000000000000000E+000
  0.000000000000000E+000  0.000000000000000E+000  0.000000000000000E+000
  0.000000000000000E+000  0.000000000000000E+000  0.000000000000000E+000
  0.000000000000000E+000  0.000000000000000E+000  0.000000000000000E+000
  0.000000000000000E+000  0.000000000000000E+000  0.000000000000000E+000
  0.000000000000000E+000  0.000000000000000E+000  0.000000000000000E+000
  0.000000000000000E+000  0.000000000000000E+000  0.000000000000000E+000
  0.000000000000000E+000  0.000000000000000E+000  0.000000000000000E+000
  0.000000000000000E+000  0.000000000000000E+000  0.000000000000000E+000
  0.000000000000000E+000  0.000000000000000E+000  0.000000000000000E+000
  0.000000000000000E+000  0.000000000000000E+000  0.000000000000000E+000
  0.000000000000000E+000  0.000000000000000E+000  0.000000000000000E+000
  0.000000000000000E+000  0.000000000000000E+000  0.000000000000000E+000
  0.000000000000000E+000  0.000000000000000E+000  0.000000000000000E+000
  0.000000000000000E+000  0.000000000000000E+000  0.000000000000000E+000
  0.000000000000000E+000  0.000000000000000E+000  0.000000000000000E+000
  0.000000000000000E+000  0.000000000000000E+000  0.000000000000000E+000
  6.073037578836105E-006  2.974460875296360E-004  4.610245446308874E-004
  1.691126725074714E-004 -1.427692268529649E-004  1.002467827053759E-003
  1.254729582478862E-004  3.737397736785505E-004  1.202842685690261E-003
  2.523365301944465E-005 -3.097178818477771E-004  5.391268856050197E-004
 -4.580418183374008E-004 -1.525383171779546E-003  1.678880186840873E-004
 -1.817219119190293E-003 -4.562900359350243E-003  8.284828324522863E-004
 -3.880916681112138E-003 -6.707368863433149E-003  1.706116384108851E-003
 -3.012192791317714E-003 -3.797790470345450E-003  8.012090211415105E-004
 -1.026930336126602E-003 -1.095704727197866E-003  1.333593334964958E-004
 -2.545658772751970E-004 -1.132795261616711E-004  5.266382585435747E-004
  3.009604390820995E-004  3.174044087340143E-004  1.197511533663964E-003
 -2.194551719943710E-004  6.824315986665414E-005  9.999136585734150E-004
  2.702433217374661E-004  1.640337500799059E-004  4.661155502514723E-004
  0.000000000000000E+000  0.000000000000000E+000  0.000000000000000E+000
  0.000000000000000E+000  0.000000000000000E+000  0.000000000000000E+000
  0.000000000000000E+000  0.000000000000000E+000  0.000000000000000E+000
  0.000000000000000E+000  0.000000000000000E+000  0.000000000000000E+000
  8.414637510411399E-005  2.771456716704203E-004  3.815497909744073E-004
  1.962636837155439E-004 -5.755376586684368E-005  9.739154234043137E-004
  1.192754002272074E-004 -4.009171065681801E-005  1.211000344066087E-003
 -1.946089103419858E-004 -9.776227047792474E-004  7.436766403421901E-004
 -6.900734100269686E-004 -1.635337671925635E-003  2.004536991953040E-004
 -1.628889034240073E-003 -3.615861769496347E-003  4.463394125531445E-004
 -2.784584345726620E-003 -4.808635452307706E-003  8.929115375072292E-004
 -2.316313514924461E-003 -3.197484834125095E-003  4.358291726703439E-004
 -1.056383535733199E-003 -1.393190282903130E-003  1.855005230020391E-004
 -7.554247379377232E-004 -6.586749826027638E-004  7.391135938696834E-004
 -8.183621698943396E-005  8.873723654889107E-005  1.205712767947917E-003
 -1.422931266628405E-004  1.424458249722461E-004  9.715305382022157E-004
  2.155364257349000E-004  2.224694393416713E-004  3.855021616509981E-004
  0.000000000000000E+000  0.000000000000000E+000  0.000000000000000E+000
  0.000000000000000E+000  0.000000000000000E+000  0.000000000000000E+000
  0.000000000000000E+000  0.000000000000000E+000  0.000000000000000E+000
  0.000000000000000E+000  0.000000000000000E+000  0.000000000000000E+000
  1.288181384812607E-004  2.464010011231087E-004  3.276057109050094E-004
  2.010181049503629E-004  9.397916895485491E-005  8.793454386172688E-004
  8.557845396954558E-005 -9.075371466285688E-004  1.197356649092737E-003
 -4.382880552287129E-004 -2.283010239761952E-003  1.045676128681213E-003
 -9.306927200640254E-004 -2.095330143137493E-003  3.714380535363768E-004
 -9.222725092152740E-004 -1.443614919179686E-003 -3.008967325006458E-004
 -8.031885837535255E-004 -1.368843255542739E-003 -4.640978619009921E-004
 -8.482043092521767E-004 -1.561000010722436E-003 -2.801996676926066E-004
 -1.430167650598715E-003 -1.911623627036487E-003  3.939030464341078E-004
 -1.844046741002352E-003 -1.578476685531442E-003  1.062914398610831E-003
 -8.430370360756303E-004 -3.885983712242699E-004  1.196207368770818E-003
  2.075868892853043E-005  2.411298108553492E-004  8.766273832914488E-004
  1.702584819773937E-004  2.468840165961825E-004  3.293813212187568E-004
  0.000000000000000E+000  0.000000000000000E+000  0.000000000000000E+000
  0.000000000000000E+000  0.000000000000000E+000  0.000000000000000E+000
  0.000000000000000E+000  0.000000000000000E+000  0.000000000000000E+000
  0.000000000000000E+000  0.000000000000000E+000  0.000000000000000E+000
  1.273851212362874E-004  2.381513133498402E-004  3.288628029248496E-004
  2.055825138365746E-004 -4.011614089100505E-004  8.428991376112675E-004
  7.687597495154506E-005 -1.900529377842527E-003  1.315731685559988E-003
 -5.201373168524139E-004 -2.500500300425309E-003  1.135118907100378E-003
 -1.024153867645757E-003 -2.162104445691178E-003  5.048563028786006E-004
 -9.894940256066217E-004 -1.375535575329918E-003 -7.202582291547731E-005
 -6.411037053231819E-004 -1.080085118887874E-003 -3.380390848837823E-004
 -7.552098473600758E-004 -1.581546791819625E-003 -4.958827643417366E-005
 -1.391916628138421E-003 -1.986791285844981E-003  5.148654930456619E-004
 -1.859036987099706E-003 -1.671653026979049E-003  1.118560165875053E-003
 -1.597094150067719E-003 -8.385517553333386E-004  1.299065948768421E-003
 -3.784860502028212E-004  8.245346922798228E-006  8.339354865682670E-004
  1.603187772295065E-004  2.413239409781098E-004  3.302936614285502E-004
  0.000000000000000E+000  0.000000000000000E+000  0.000000000000000E+000
  0.000000000000000E+000  0.000000000000000E+000  0.000000000000000E+000
  0.000000000000000E+000  0.000000000000000E+000  0.000000000000000E+000
  0.000000000000000E+000  0.000000000000000E+000  0.000000000000000E+000
  5.345107186051332E-005  1.283235366591303E-004  3.917264734306339E-004
  2.239786983484822E-004 -8.996668990531870E-004  9.231107879570043E-004
  1.325690243437922E-004 -2.647162684957029E-003  1.474672502484019E-003
 -4.850989598972970E-004 -2.412244775554271E-003  1.061526699627557E-003
 -7.684601606218347E-004 -8.066524776150117E-004 -1.612517410851896E-005
 -9.858351023635070E-004 -1.378805946688987E-003  3.346383898627186E-004
 -1.782814948475936E-003 -3.075763851025760E-003  1.340514693468536E-003
 -7.941993274751535E-004 -1.629747337888896E-003  3.991460303436024E-004
 -3.297607480108675E-004 -1.070108160229589E-003 -8.502604281264910E-006
 -1.755282446338361E-003 -1.568062571994852E-003  1.023405204386649E-003
 -2.284064592777958E-003 -1.168610822201609E-003  1.459847349659811E-003
 -8.490756070526686E-004 -2.393392033352753E-004  9.232810871015743E-004
  9.048339897592331E-005  1.201953409733079E-004  3.957238664783140E-004
  0.000000000000000E+000  0.000000000000000E+000  0.000000000000000E+000
  0.000000000000000E+000  0.000000000000000E+000  0.000000000000000E+000
  0.000000000000000E+000  0.000000000000000E+000  0.000000000000000E+000
  0.000000000000000E+000  0.000000000000000E+000  0.000000000000000E+000
 -2.229689822285786E-005  6.141472502134014E-005  4.156351080196492E-004
  1.432047005445343E-004 -6.831087566503367E-004  7.637070301604998E-004
  2.424461542817611E-004 -3.033689970400576E-003  1.627680763995941E-003
 -3.711254517246521E-004 -2.665096799362806E-003  1.260991648799834E-003
 -5.536239339305175E-004  9.917572038291515E-004 -9.553877125063634E-004
 -5.239360596847810E-004 -9.369478444966212E-005 -1.489304559109955E-004
 -2.094581475850539E-003 -3.624708446266551E-003  2.778167961027800E-003
  2.106666270313402E-004 -4.611315634013513E-004 -1.782481269382273E-004
  1.172147112346080E-003  4.785601775947146E-005 -9.760991721215093E-004
 -2.133531739302232E-003 -1.655249232927629E-003  1.274972703770124E-003
 -2.806949441313096E-003 -1.324294004863404E-003  1.661927022620634E-003
 -6.903049410492221E-004 -2.200578917199094E-004  7.855587642606931E-004
  6.824931569487042E-005  1.388832473586831E-005  4.249477864308159E-004
  0.000000000000000E+000  0.000000000000000E+000  0.000000000000000E+000
  0.000000000000000E+000  0.000000000000000E+000  0.000000000000000E+000
  0.000000000000000E+000  0.000000000000000E+000  0.000000000000000E+000
  0.000000000000000E+000  0.000000000000000E+000  0.000000000000000E+000
 -3.638366264004700E-006  5.216888979075734E-005  3.718765418541659E-004
 -6.031638769945542E-005 -1.473162049047273E-004  4.782343947238258E-004
  2.637360924238597E-004 -2.534347171185275E-003  1.589418045290066E-003
 -4.590184318402119E-004 -6.628483360391231E-004  4.147326266000626E-004
 -5.022245658737324E-004  2.261422099525046E-003 -1.853043510222708E-003
 -2.048971011736758E-004  7.432230325899957E-004 -3.845643682047892E-004
 -5.889560241439964E-004 -1.019658206397165E-003  1.933760754208981E-003
  7.610816786000324E-004  2.001869692685152E-004 -4.013314643651234E-004
  2.233193998701176E-003  7.120388749913679E-004 -1.865740912151884E-003
 -3.560002112951837E-004 -7.329023701063233E-004  4.330697135703397E-004
 -2.409888036232810E-003 -1.067606615205458E-003  1.645297261705345E-003
 -1.617918745795163E-004 -1.416512227117204E-004  5.115655499580974E-004
  5.382951803118735E-005  2.305901250227001E-005  3.811433281291075E-004
  0.000000000000000E+000  0.000000000000000E+000  0.000000000000000E+000
  0.000000000000000E+000  0.000000000000000E+000  0.000000000000000E+000
  0.000000000000000E+000  0.000000000000000E+000  0.000000000000000E+000
  0.000000000000000E+000  0.000000000000000E+000  0.000000000000000E+000
 -1.791062217319935E-005  9.688879590549392E-005  3.263346720920130E-004
 -1.219386497137708E-004 -6.014464894930643E-006  2.819676650925631E-004
  7.410915632963495E-005 -1.279961914431693E-003  1.199252801591769E-003
 -8.542849151397917E-004  1.379451724288806E-003 -9.441003359889050E-004
 -7.502078210456995E-004  6.976824108219633E-004 -2.603225537315509E-004
 -1.350716676405583E-004  1.473114230392712E-003 -3.147546622567402E-004
  1.405015287751600E-003  2.418838911430359E-003 -1.832481241609527E-003
  1.278324407001193E-003  5.493069759523276E-004 -1.961408242271570E-004
  9.872448739838748E-004 -3.011293746281881E-004 -2.621469740085856E-004
  1.667552308506873E-003 -3.411438892758027E-005 -9.771717407435327E-004
 -1.200779757951324E-003 -5.900743296817346E-004  1.246106344768182E-003
  8.120655107090750E-006 -1.261545694690170E-004  3.123320341603466E-004
  9.746596211406300E-005  3.442991494177652E-005  3.337986478287712E-004
  0.000000000000000E+000  0.000000000000000E+000  0.000000000000000E+000
  0.000000000000000E+000  0.000000000000000E+000  0.000000000000000E+000
  0.000000000000000E+000  0.000000000000000E+000  0.000000000000000E+000
  0.000000000000000E+000  0.000000000000000E+000  0.000000000000000E+000
 -1.679723192771275E-005  1.219465993076233E-004  1.722892581065599E-004
 -6.877048756126925E-005 -1.689728891797022E-004  2.848934120969126E-004
 -2.219597603946119E-004 -4.619852053502427E-005  4.389524352734976E-004
 -1.092906376096501E-003  1.733999208370811E-003 -1.734656911341786E-003
 -7.477641428545062E-005 -1.215819736801823E-003  2.541095757162501E-003
  1.183698422488940E-005 -1.378756604504155E-004  2.850497700655169E-003
 -9.629069217086319E-006 -1.004053136896746E-005  3.049963807645557E-003
 -1.237928052582390E-004 -6.154033066190207E-005  2.850877039969679E-003
 -9.909812388782669E-004 -6.767274496171634E-004  2.519699644411597E-003
  2.136017963113506E-003 -6.312117312475880E-005 -1.830077716271576E-003
  3.447334625863479E-005 -2.178849128926610E-004  4.764122465289276E-004
 -1.353690283948871E-004 -1.589206313713778E-004  3.020940859044966E-004
  1.177444145192399E-004  4.869670853057394E-005  1.793724304462302E-004
  0.000000000000000E+000  0.000000000000000E+000  0.000000000000000E+000
  0.000000000000000E+000  0.000000000000000E+000  0.000000000000000E+000
  0.000000000000000E+000  0.000000000000000E+000  0.000000000000000E+000
  0.000000000000000E+000  0.000000000000000E+000  0.000000000000000E+000
  1.454057218875185E-006  7.821956621363614E-005  1.069668522648993E-004
 -9.304334076680151E-005 -3.019748377978836E-005  8.207680935301441E-005
 -1.265819039285192E-004  1.774220788272656E-004  1.402921425516394E-004
 -6.965611330405781E-004  7.771712544346145E-004 -9.811358808660311E-004
  1.452330672855962E-004 -6.799987443137530E-004  2.271712738945799E-003
  5.822072257848916E-004 -5.228412032385584E-004  3.333691649814023E-003
 -1.420637571055883E-004 -2.060979226664479E-004  7.948077264409541E-003
 -7.099350573766025E-004  2.429180284156929E-004  3.258397643535069E-003
 -6.512161448235712E-004 -2.204014179646913E-004  2.288161277047863E-003
  1.072728719080885E-003 -2.066244023530382E-004 -1.063725215027003E-003
  2.107918880826749E-004 -1.645161584583568E-005  1.490081839127041E-004
  1.957081325175960E-005 -1.022452732426480E-004  7.982722447384154E-005
  6.816040863742915E-005  4.292605506967749E-005  1.133838607850144E-004
  0.000000000000000E+000  0.000000000000000E+000  0.000000000000000E+000
  0.000000000000000E+000  0.000000000000000E+000  0.000000000000000E+000
  0.000000000000000E+000  0.000000000000000E+000  0.000000000000000E+000
  0.000000000000000E+000  0.000000000000000E+000  0.000000000000000E+000
  0.000000000000000E+000  0.000000000000000E+000  0.000000000000000E+000
  0.000000000000000E+000  0.000000000000000E+000  0.000000000000000E+000
  0.000000000000000E+000  0.000000000000000E+000  0.000000000000000E+000
  0.000000000000000E+000  0.000000000000000E+000  0.000000000000000E+000
  0.000000000000000E+000  0.000000000000000E+000  0.000000000000000E+000
  0.000000000000000E+000  0.000000000000000E+000  0.000000000000000E+000
  0.000000000000000E+000  0.000000000000000E+000  0.000000000000000E+000
  0.000000000000000E+000  0.000000000000000E+000  0.000000000000000E+000
  0.000000000000000E+000  0.000000000000000E+000  0.000000000000000E+000
  0.000000000000000E+000  0.000000000000000E+000  0.000000000000000E+000
  0.000000000000000E+000  0.000000000000000E+000  0.000000000000000E+000
  0.000000000000000E+000  0.000000000000000E+000  0.000000000000000E+000
  0.000000000000000E+000  0.000000000000000E+000  0.000000000000000E+000
  0.000000000000000E+000  0.000000000000000E+000  0.000000000000000E+000
  0.000000000000000E+000  0.000000000000000E+000  0.000000000000000E+000
  0.000000000000000E+000  0.000000000000000E+000  0.000000000000000E+000
  0.000000000000000E+000  0.000000000000000E+000  0.000000000000000E+000
  0.000000000000000E+000  0.000000000000000E+000  0.000000000000000E+000
  0.000000000000000E+000  0.000000000000000E+000  0.000000000000000E+000
  0.000000000000000E+000  0.000000000000000E+000  0.000000000000000E+000
  0.000000000000000E+000  0.000000000000000E+000  0.000000000000000E+000
  0.000000000000000E+000  0.000000000000000E+000  0.000000000000000E+000
  0.000000000000000E+000  0.000000000000000E+000  0.000000000000000E+000
  0.000000000000000E+000  0.000000000000000E+000  0.000000000000000E+000
  0.000000000000000E+000  0.000000000000000E+000  0.000000000000000E+000
  0.000000000000000E+000  0.000000000000000E+000  0.000000000000000E+000
  0.000000000000000E+000  0.000000000000000E+000  0.000000000000000E+000
  0.000000000000000E+000  0.000000000000000E+000  0.000000000000000E+000
  0.000000000000000E+000  0.000000000000000E+000  0.000000000000000E+000
  0.000000000000000E+000  0.000000000000000E+000  0.000000000000000E+000
  0.000000000000000E+000  0.000000000000000E+000  0.000000000000000E+000
  0.000000000000000E+000  0.000000000000000E+000  0.000000000000000E+000
  0.000000000000000E+000  0.000000000000000E+000  0.000000000000000E+000
  0.000000000000000E+000  0.000000000000000E+000  0.000000000000000E+000
  9.841943596726029E-002   8.30396933786920        5.98519698177109     
   2.85312773311174       -6.46079952698234        16.1695117821504     
   3.94703951753266       -5.84422470913596        20.4517344217191     
   3.91609420118431        10.6730314059213        16.4599101047119     
   5.68876532057254        38.8875771914825        1.27204387051954     
   2.19787470295544        14.5402894300282        1.16291710871184     
   5.34609515592140        8.61701805732723       0.484223561946232     
   11.9597650429986        8.65560567649567        1.36053572331336     
   30.8978071753387        23.4695890223296        1.48864933587954     
   7.37155512438992        7.99006132216820        16.4587416732309     
  -6.65113845517053       0.128776248892632        20.2892216979904     
  -6.71345237489875      -0.896835024790632        15.9795280584966     
   7.66641443740014        4.47718499211336        5.90797858782079     
  0.000000000000000E+000  0.000000000000000E+000  0.000000000000000E+000
  0.000000000000000E+000  0.000000000000000E+000  0.000000000000000E+000
  0.000000000000000E+000  0.000000000000000E+000  0.000000000000000E+000
  0.000000000000000E+000  0.000000000000000E+000  0.000000000000000E+000
  0.579448499195306        11.0376435691344        4.44839107394896     
   3.62385410842096        1.80449466133033        14.9385152646540     
   4.12971886801792       -1.08995101765547        20.7715057482055     
   2.95743649176848        22.6107357537393        15.3195873401135     
   1.72300064947297        25.7221816977433        4.77034091997330     
  -4.41409660403501       -1.34833956028547        7.62079486555497     
  -9.28046469326607       -16.7587357012159        10.0277923192421     
   1.63117703804086       -4.84273324352837        7.74844237337436     
   21.5089778189723        13.5248330647258        4.94728389374419     
   18.0794720031194        13.0841947170589        15.2902052012586     
  -2.60012100956361        2.68870896772023        20.5743735896167     
  0.240205462594278        3.98663607640529        14.7348004064155     
   9.73846812903438        6.22403156948551        4.38253863213551     
  0.000000000000000E+000  0.000000000000000E+000  0.000000000000000E+000
  0.000000000000000E+000  0.000000000000000E+000  0.000000000000000E+000
  0.000000000000000E+000  0.000000000000000E+000  0.000000000000000E+000
  0.000000000000000E+000  0.000000000000000E+000  0.000000000000000E+000
  0.341079345087742        15.8234191836605        2.59911551732625     
   4.16323302867487        20.6837299612736        12.5931543145516     
   5.19109851833128        18.4768896166734        19.6533418425593     
   2.50462417733229        37.2533093471447        11.7561381383726     
  -2.90820934759575        16.6420481643350        7.86788293643221     
  -21.8990380118360       -41.1254086451200        23.4212598804588     
  -41.5131347024546       -72.4153035015827        34.5751647124161     
  -23.7553854994141       -39.2417242368792        23.2218701523221     
   15.8892075243652        5.12133052958908        8.01528296584742     
   30.7741661989576        20.0053582370079        11.6920927870622     
   14.0138600051083        13.5698114920446        19.3670567529153     
   16.6435971613372        14.0481347114553        12.3555383937859     
   13.9070827685929        8.35021400140799        2.54377616680377     
  0.000000000000000E+000  0.000000000000000E+000  0.000000000000000E+000
  0.000000000000000E+000  0.000000000000000E+000  0.000000000000000E+000
  0.000000000000000E+000  0.000000000000000E+000  0.000000000000000E+000
  0.000000000000000E+000  0.000000000000000E+000  0.000000000000000E+000
   1.22850590516611        15.4221782868118        1.78211829200671     
   1.85543292953738        40.6041115326526        7.54555596553490     
   6.47802934582608        37.1286777197065        13.7716504049735     
   4.08306159521753        35.2482836951150        8.10366559776303     
  0.415029154887057        25.5753821566883        1.15262135900050     
  -1.55864207226581        6.88980687418773        4.34803355432688     
  -4.99157590040952       -8.64769554187567        11.5907175945295     
   5.96234680561707        1.11711676960691        4.88094104973219     
   21.9958501282303        12.9954094326064        1.06444328445435     
   28.5669751377345        20.8247570125642        7.87180876130931     
   29.1376295788771        23.9365358085062        13.4903889980019     
   34.8824791622884        21.9267687375983        7.29946930437985     
   12.9827392417228        8.86365032631995        1.74896170406961     
  0.000000000000000E+000  0.000000000000000E+000  0.000000000000000E+000
  0.000000000000000E+000  0.000000000000000E+000  0.000000000000000E+000
  0.000000000000000E+000  0.000000000000000E+000  0.000000000000000E+000
  0.000000000000000E+000  0.000000000000000E+000  0.000000000000000E+000
   3.73264267454141        7.89397446675445        3.01829536540562     
   1.15152816169087        36.6734352552772        7.29156671322272     
   9.09218902458481        25.1943938564517        15.0912104213308     
   6.17628539342681        12.0664998960154        10.5956367780847     
 -0.809874074749199       -15.5459027252707        12.8754993175938     
   4.71502593109892        13.0787902469246       -1.78441725508659     
   24.0711471714492        41.9605635594727       -18.8697337059492     
   8.46450846297311        10.3977774289471       -1.38525920968292     
  -13.5587996588396       -8.75512789025968        12.9719492527890     
   6.69154178571385        10.8582129490347        10.5936112514518     
   16.7276572734648        20.0079559083795        15.0142293862794     
   31.4376487154317        19.2664553579707        7.13633121803624     
   5.04555602271211        7.20427606398532        3.02774354616539     
  0.000000000000000E+000  0.000000000000000E+000  0.000000000000000E+000
  0.000000000000000E+000  0.000000000000000E+000  0.000000000000000E+000
  0.000000000000000E+000  0.000000000000000E+000  0.000000000000000E+000
  0.000000000000000E+000  0.000000000000000E+000  0.000000000000000E+000
   2.92710762687290        1.45262146714164        5.02825869669318     
   3.41934841301511        24.6516694326233        10.6699513675749     
   13.1208811986342       -5.36163677015942        23.9723144820892     
   5.58508923930913       -4.67006914325405        15.1923458849741     
  -1.16057545723744       -22.1586714698352        15.1845269548174     
   1.93024772985617       -1.68069798301520        3.11612650886815     
   12.6934012590640        22.2927981757639       -11.4879178002210     
  -1.39046083788703        2.28485248517600        2.13111887430215     
  -18.1404497706895       -11.6405754681463        14.7869986548372     
  -7.02981139330586        2.34971288469441        15.0397025629578     
  -11.3161440133385        8.51126127636642        23.8039009587277     
   19.9520411604363        15.2578846981972        10.5165612485171     
 -0.212786374165307        3.26360780573679        5.04200245252007     
  0.000000000000000E+000  0.000000000000000E+000  0.000000000000000E+000
  0.000000000000000E+000  0.000000000000000E+000  0.000000000000000E+000
  0.000000000000000E+000  0.000000000000000E+000  0.000000000000000E+000
  0.000000000000000E+000  0.000000000000000E+000  0.000000000000000E+000
  0.488746435560333       0.518323585627228        5.49118520832217     
   6.96696183030181        10.3078549540228        12.0630975036463     
   13.1098581201111       -22.3586189371694        34.2522482728941     
  -1.68208361422011        22.9334662385141       -1.26313578666178     
  -4.58963701611277       -16.5990049423601        12.0631277324274     
  -5.09489985497061       -13.0227787592375        13.3864341315489     
   17.2438002241338        29.7542547162911       -26.4155017003587     
  -8.91314530881369       -10.9955124839190        13.9059688041659     
  -12.3131079553786       -12.3411338100721        12.2711462532557     
   21.6095410325085        10.3515046069129       -2.01589118880709     
  -25.5964240857146       0.188805362068222        33.9733301316562     
   5.91550431623061        11.2472925611403        11.8861311369223     
  0.185766117342035       0.667980256821872        5.50486955384034     
  0.000000000000000E+000  0.000000000000000E+000  0.000000000000000E+000
  0.000000000000000E+000  0.000000000000000E+000  0.000000000000000E+000
  0.000000000000000E+000  0.000000000000000E+000  0.000000000000000E+000
  0.000000000000000E+000  0.000000000000000E+000  0.000000000000000E+000
  0.213230609069800        1.06472567687464        4.06614092583568     
   6.48490729648794        1.70806314472619        13.6801556066653     
   6.29659262436102       -3.62740370336102        26.8682581312730     
  -11.2404130914211        31.6262964597971       -11.6348853943704     
  -9.51794285968545       -10.6912708806903        13.4384339179377     
  -9.47351209824392       -17.1222875196006        26.2229383749538     
   4.56237831936006        7.87183090065319       -12.1873104416852     
  -9.90934408203453       -16.4590923515292        26.1559837842882     
  -5.85861331865399       -14.3469719227172        15.1727417733472     
   33.8310244220852        6.30277157331116       -12.4648709957524     
  -6.48546735503144        3.46535198714276        27.0792603225320     
  -1.58596367974453        6.50485193950151        13.5485004560538     
  0.861592946625382       0.711239747420301        4.08727004569701     
  0.000000000000000E+000  0.000000000000000E+000  0.000000000000000E+000
  0.000000000000000E+000  0.000000000000000E+000  0.000000000000000E+000
  0.000000000000000E+000  0.000000000000000E+000  0.000000000000000E+000
  0.000000000000000E+000  0.000000000000000E+000  0.000000000000000E+000
  0.663686546937002       0.335346761920803        2.57657022929444     
   2.62511123293949        3.59849432843240        9.34122960776272     
 -0.256859273244404        6.92409414159084        13.0440649441720     
  -12.9062166780733        19.3121696141054       -4.50149534903325     
  -12.4182005249497        11.1166347197630       -10.9666117179843     
  -2.98068176982845       -9.08789626384256        18.5216869261030     
  -3.53541116987058       -5.88086776781598        21.7698921304841     
  -6.09642406205146       -6.78027546472739        17.6664266242484     
   14.5491122530780       -5.47366989871336       -9.15789293510062     
   23.6734288814977       -1.52290519481037       -5.18153634116253     
   5.76809588968834        3.16620739365582        13.4997036304192     
   1.65408474594339        3.99205443199153        9.41139230136952     
  2.598686784273328E-002  0.753250097360171        2.55388600981449     
  0.000000000000000E+000  0.000000000000000E+000  0.000000000000000E+000
  0.000000000000000E+000  0.000000000000000E+000  0.000000000000000E+000
  0.000000000000000E+000  0.000000000000000E+000  0.000000000000000E+000
  0.000000000000000E+000  0.000000000000000E+000  0.000000000000000E+000
  0.923322050393845       0.113641092867366        2.47799848682502     
 -5.343362357379616E-002   3.60493671782999        3.87472271686787     
  -2.24829755717207        5.59916063528083        5.52072955607772     
  -7.48420957120238        12.7988248169022       -3.84576564910269     
  -10.5774920205234        10.9592479358812       -18.0915203803676     
  -4.45689164940583        4.16731450456438       -6.71987606390030     
   2.34245544584497        4.08472775864147       -32.9688282410634     
   5.78104732721112       -1.72575928609577       -7.38868667487529     
   14.2668940894490       -3.60670256794407       -17.3373558685066     
   14.9017949939327      -0.137280155662185       -4.10865501754780     
   5.95283810268981       0.843876698798676        5.62234191302891     
   3.11653159982273        1.71789164526426        3.89336961306969     
 -0.341587413171895       0.855352266959757        2.47323209238030     
  0.000000000000000E+000  0.000000000000000E+000  0.000000000000000E+000
  0.000000000000000E+000  0.000000000000000E+000  0.000000000000000E+000
  0.000000000000000E+000  0.000000000000000E+000  0.000000000000000E+000
  0.000000000000000E+000  0.000000000000000E+000  0.000000000000000E+000
  0.000000000000000E+000  0.000000000000000E+000  0.000000000000000E+000
  0.000000000000000E+000  0.000000000000000E+000  0.000000000000000E+000
  0.000000000000000E+000  0.000000000000000E+000  0.000000000000000E+000
  0.000000000000000E+000  0.000000000000000E+000  0.000000000000000E+000
  0.000000000000000E+000  0.000000000000000E+000  0.000000000000000E+000
  0.000000000000000E+000  0.000000000000000E+000  0.000000000000000E+000
  0.000000000000000E+000  0.000000000000000E+000  0.000000000000000E+000
  0.000000000000000E+000  0.000000000000000E+000  0.000000000000000E+000
  0.000000000000000E+000  0.000000000000000E+000  0.000000000000000E+000
  0.000000000000000E+000  0.000000000000000E+000  0.000000000000000E+000
  0.000000000000000E+000  0.000000000000000E+000  0.000000000000000E+000
  0.000000000000000E+000  0.000000000000000E+000  0.000000000000000E+000
  0.000000000000000E+000  0.000000000000000E+000  0.000000000000000E+000
  0.000000000000000E+000  0.000000000000000E+000  0.000000000000000E+000
  0.000000000000000E+000  0.000000000000000E+000  0.000000000000000E+000
  0.000000000000000E+000  0.000000000000000E+000  0.000000000000000E+000
  0.000000000000000E+000  0.000000000000000E+000  0.000000000000000E+000
  0.000000000000000E+000  0.000000000000000E+000  0.000000000000000E+000
  0.000000000000000E+000  0.000000000000000E+000  0.000000000000000E+000
  0.000000000000000E+000  0.000000000000000E+000  0.000000000000000E+000
  0.000000000000000E+000  0.000000000000000E+000  0.000000000000000E+000
  0.000000000000000E+000  0.000000000000000E+000  0.000000000000000E+000
  0.000000000000000E+000  0.000000000000000E+000  0.000000000000000E+000
  0.000000000000000E+000  0.000000000000000E+000  0.000000000000000E+000
  0.000000000000000E+000  0.000000000000000E+000  0.000000000000000E+000
  0.000000000000000E+000  0.000000000000000E+000  0.000000000000000E+000
  0.000000000000000E+000  0.000000000000000E+000  0.000000000000000E+000
  0.000000000000000E+000  0.000000000000000E+000  0.000000000000000E+000
  0.000000000000000E+000  0.000000000000000E+000  0.000000000000000E+000
  0.000000000000000E+000  0.000000000000000E+000  0.000000000000000E+000
  0.000000000000000E+000  0.000000000000000E+000  0.000000000000000E+000
  0.000000000000000E+000  0.000000000000000E+000  0.000000000000000E+000
