         140  1.399999999999997E-002  1.399999999999997E-002
  0.000000000000000E+000  0.000000000000000E+000  0.000000000000000E+000
  0.000000000000000E+000  0.000000000000000E+000  0.000000000000000E+000
  3.348143420595207E-002  2.970504897535292E-002 -5.419220004459806E-002
  3.315070412829240E-002  2.324907330247798E-002 -7.365179905235478E-002
  3.999048516637524E-002  1.629720661351637E-002 -0.100649139473549     
  3.883393360864342E-002  1.937046398235250E-002 -0.113196376068959     
  4.009691854976277E-002  1.870895212297309E-002 -0.122649426915659     
  4.034397957093630E-002  6.229715738508405E-002 -0.133725119345095     
  4.927245169773745E-002  8.536721521726891E-002 -0.144128718299476     
  3.372662559014587E-002  6.607730495821128E-002 -0.133710018882423     
 -3.868419801734134E-003  4.409762727746347E-002 -0.122643663356301     
 -2.677425730458205E-003  4.333034456710111E-002 -0.113189618369473     
 -5.913706219097434E-003  4.280148355157113E-002 -0.100650732428204     
  3.498667114832820E-003  4.034889064260355E-002 -7.363706513748422E-002
  9.012584895815761E-003  4.391116669215709E-002 -5.413795123643160E-002
  0.000000000000000E+000  0.000000000000000E+000  0.000000000000000E+000
  0.000000000000000E+000  0.000000000000000E+000  0.000000000000000E+000
  0.000000000000000E+000  0.000000000000000E+000  0.000000000000000E+000
  0.000000000000000E+000  0.000000000000000E+000  0.000000000000000E+000
  2.601900014374524E-002  2.739908003470239E-002 -4.679920795692877E-002
  3.083521774216496E-002  3.142475906238696E-002 -7.466195226719637E-002
  3.426645611309113E-002  2.724758077045684E-002 -9.643360999884257E-002
  3.696201982318547E-002  3.069556341294520E-002 -0.113139390682021     
  3.631960811556179E-002  3.222641382456518E-002 -0.119816057618350     
  3.725129605327861E-002  6.571923079457338E-002 -0.134135937075153     
  4.658735629781061E-002  8.071602346560409E-002 -0.144306375130846     
  3.824964151119875E-002  6.511731431253961E-002 -0.134121348895186     
  9.709835499569271E-003  4.757635597515208E-002 -0.119809426531079     
  8.067764645386022E-003  4.736584252539163E-002 -0.113130724694582     
  6.418420473817607E-003  4.331541447586505E-002 -9.643050442080174E-002
  1.174906091070869E-002  4.242335720336003E-002 -7.463510505903383E-002
  1.073777636653230E-002  3.629129399496718E-002 -4.674025581458072E-002
  0.000000000000000E+000  0.000000000000000E+000  0.000000000000000E+000
  0.000000000000000E+000  0.000000000000000E+000  0.000000000000000E+000
  0.000000000000000E+000  0.000000000000000E+000  0.000000000000000E+000
  0.000000000000000E+000  0.000000000000000E+000  0.000000000000000E+000
  1.752156990340294E-002  2.226111173490441E-002 -3.536995039057059E-002
  2.245046384650350E-002  4.653150674118813E-002 -7.172171547022098E-002
  2.720708517462151E-002  5.117931797639802E-002 -9.398283544570707E-002
  3.026969595877122E-002  5.543267562948458E-002 -0.111881745804558     
  3.326355617584054E-002  5.794427621921148E-002 -0.122307505207056     
  3.746186662345014E-002  7.273364374626434E-002 -0.134904764550866     
  4.493125103711396E-002  7.784064292659174E-002 -0.142632328222055     
  4.422854609496881E-002  6.881034832625629E-002 -0.134892007000306     
  3.348409769312213E-002  5.776518058159797E-002 -0.122293845369595     
  3.282132335972400E-002  5.393290149164774E-002 -0.111868839433320     
  3.066362306917264E-002  4.914645924009672E-002 -9.396587925274001E-002
  2.902625990983988E-002  4.271191094358540E-002 -7.167102828466528E-002
  1.052791962093323E-002  2.634667909629240E-002 -3.530054488020794E-002
  0.000000000000000E+000  0.000000000000000E+000  0.000000000000000E+000
  0.000000000000000E+000  0.000000000000000E+000  0.000000000000000E+000
  0.000000000000000E+000  0.000000000000000E+000  0.000000000000000E+000
  0.000000000000000E+000  0.000000000000000E+000  0.000000000000000E+000
  1.606467723375111E-002  1.241044241927217E-002 -2.585299035393266E-002
  1.255099174557573E-002  5.893434400504697E-002 -6.413897920703460E-002
  1.966259778557489E-002  7.979450201878394E-002 -9.305133830742976E-002
  2.309787142493017E-002  8.694109313950460E-002 -0.115329453634059     
  3.030448203334402E-002  8.392531138692622E-002 -0.127915016705394     
  3.695119518680965E-002  7.888119749120560E-002 -0.135847969604060     
  4.357735950596830E-002  7.549075794111720E-002 -0.138387740551486     
  4.984700530232817E-002  7.147507269156649E-002 -0.135875718353619     
  5.748299269564703E-002  6.820878759618484E-002 -0.127909291221486     
  6.366959892967997E-002  6.345083907056318E-002 -0.115302351562456     
  5.918268066910589E-002  5.690651583501772E-002 -9.300393839243598E-002
  4.469890055848095E-002  4.029922057805331E-002 -6.405780850788510E-002
  2.701330887938106E-003  2.017325197617429E-002 -2.576579838814930E-002
  0.000000000000000E+000  0.000000000000000E+000  0.000000000000000E+000
  0.000000000000000E+000  0.000000000000000E+000  0.000000000000000E+000
  0.000000000000000E+000  0.000000000000000E+000  0.000000000000000E+000
  0.000000000000000E+000  0.000000000000000E+000  0.000000000000000E+000
  1.071392683298616E-002 -2.267078683878330E-003 -1.629225907313165E-002
  1.211092272872766E-002  6.686238503620762E-002 -5.745730831882723E-002
  1.382151585384195E-002  9.001754486212078E-002 -8.994245661541805E-002
  1.964543921707504E-002  0.100112293781631      -0.114473658331999     
  2.736461042291805E-002  9.208051695384889E-002 -0.127118869363318     
  3.491157395298470E-002  8.128283825925345E-002 -0.131468343363085     
  4.271241240978476E-002  7.398028019236423E-002 -0.132708110271264     
  5.299967147479701E-002  7.095982610739977E-002 -0.131564230589840     
  6.607600108159395E-002  6.976750205865326E-002 -0.127157418978886     
  7.678944076333741E-002  6.705472454010020E-002 -0.114431016648940     
  7.093841801155730E-002  5.691234293027288E-002 -8.985719740343974E-002
  5.175360682505355E-002  4.388811075478220E-002 -5.735564655164185E-002
 -7.348018765203004E-003  8.168970037866518E-003 -1.618040104222315E-002
  0.000000000000000E+000  0.000000000000000E+000  0.000000000000000E+000
  0.000000000000000E+000  0.000000000000000E+000  0.000000000000000E+000
  0.000000000000000E+000  0.000000000000000E+000  0.000000000000000E+000
  0.000000000000000E+000  0.000000000000000E+000  0.000000000000000E+000
  1.245600269290780E-002 -7.002402696321240E-003 -1.230943561017425E-002
  1.105317348352727E-002  6.593460431488493E-002 -5.015506483856334E-002
  1.233914004248611E-002  8.861579967533033E-002 -8.357408554120921E-002
  1.778886157783033E-002  0.101236629267597      -0.108832088730114     
  2.517132236361242E-002  9.272344825240997E-002 -0.121425352166308     
  3.340667100195923E-002  8.137243960515098E-002 -0.125547281447584     
  4.213179124039749E-002  7.296761672116735E-002 -0.126238077075345     
  5.389922565816432E-002  6.975053144095920E-002 -0.125730646914407     
  6.778736096382448E-002  6.824901024663488E-002 -0.121525890210127     
  7.871789483921425E-002  6.600387251164751E-002 -0.108792589613821     
  7.046376606339026E-002  5.494873292231853E-002 -8.345253846229055E-002
  5.151653489420916E-002  4.243221378744169E-002 -5.006006146588386E-002
 -1.234438483649963E-002  7.371821597538134E-003 -1.213905184361175E-002
  0.000000000000000E+000  0.000000000000000E+000  0.000000000000000E+000
  0.000000000000000E+000  0.000000000000000E+000  0.000000000000000E+000
  0.000000000000000E+000  0.000000000000000E+000  0.000000000000000E+000
  0.000000000000000E+000  0.000000000000000E+000  0.000000000000000E+000
  9.572127914059486E-003 -2.318687140062588E-003 -7.203813673597266E-003
  1.256009084401732E-002  5.319856202085001E-002 -4.254078933127799E-002
  1.122237394757463E-002  8.033367481684450E-002 -7.314308147818324E-002
  1.638204593103447E-002  9.226581839343942E-002 -9.848349857719131E-002
  2.285722666447671E-002  8.792436125880973E-002 -0.111992302150351     
  3.123130864310255E-002  7.829724450806488E-002 -0.117228546788230     
  4.075732648210127E-002  7.056543953970647E-002 -0.118483432230458     
  5.238163682069197E-002  6.640166153802156E-002 -0.117517831283437     
  6.486591077608317E-002  6.388200027691762E-002 -0.112175771857360     
  7.167010554663127E-002  6.034671075681024E-002 -9.847022495077085E-002
  6.388351992572625E-002  4.983267163146592E-002 -7.301144663386248E-002
  3.978057421083301E-002  3.739245174947796E-002 -4.244457747129957E-002
 -6.757968938351200E-003  7.142286620859388E-003 -6.975276594615317E-003
  0.000000000000000E+000  0.000000000000000E+000  0.000000000000000E+000
  0.000000000000000E+000  0.000000000000000E+000  0.000000000000000E+000
  0.000000000000000E+000  0.000000000000000E+000  0.000000000000000E+000
  0.000000000000000E+000  0.000000000000000E+000  0.000000000000000E+000
  1.013025896199360E-002 -2.746414434734876E-003 -4.158122509947151E-003
  1.103245827861205E-002  3.862204305954450E-002 -3.255798466711515E-002
  1.084320805502230E-002  6.092651139134102E-002 -5.656775023737695E-002
  1.453469451271822E-002  7.557906211041739E-002 -8.121029388943588E-002
  1.968291519380581E-002  7.429217313607170E-002 -9.510891649374857E-002
  2.740763997203666E-002  6.895102380875043E-002 -0.102237830433406     
  3.617115312957858E-002  6.260294846314056E-002 -0.104174018231857     
  4.626714137009320E-002  5.847286205399029E-002 -0.102651641344792     
  5.465956359170639E-002  5.438364732461692E-002 -9.533953045878685E-002
  5.821108521554039E-002  5.040045045800451E-002 -8.131776430907475E-002
  4.728987525328089E-002  3.987867291795817E-002 -5.631121512618644E-002
  2.785199104943135E-002  2.870448398822783E-002 -3.275175494102406E-002
 -7.221010749323779E-003  7.561225695240500E-003 -3.505308678934484E-003
  0.000000000000000E+000  0.000000000000000E+000  0.000000000000000E+000
  0.000000000000000E+000  0.000000000000000E+000  0.000000000000000E+000
  0.000000000000000E+000  0.000000000000000E+000  0.000000000000000E+000
  0.000000000000000E+000  0.000000000000000E+000  0.000000000000000E+000
  6.937140509721791E-003 -3.080132086504566E-003 -4.598958019834197E-003
  7.428610360534198E-003  1.988628034167822E-002 -1.661454365796209E-002
  9.405079848855495E-003  3.680698114577457E-002 -3.567404212165677E-002
  1.076566361788439E-002  4.789293370340488E-002 -5.254847863181154E-002
  1.396050969552380E-002  5.054147335364849E-002 -6.614758741275374E-002
  1.930278056453750E-002  4.833226850812385E-002 -7.322931223195037E-002
  2.584749027726527E-002  4.470683943387966E-002 -7.605149677547415E-002
  3.245550096783930E-002  4.113866662380383E-002 -7.366381355306839E-002
  3.693275758263046E-002  3.752216972168151E-002 -6.644582290906093E-002
  3.611861094016552E-002  3.331128813971525E-002 -5.255542761135295E-002
  2.718854483188396E-002  2.656151613248455E-002 -3.570621640726307E-002
  1.346697729264232E-002  1.629522407000239E-002 -1.643108691578890E-002
 -6.131083762161874E-003  4.504139966980365E-003 -4.655378040660544E-003
  0.000000000000000E+000  0.000000000000000E+000  0.000000000000000E+000
  0.000000000000000E+000  0.000000000000000E+000  0.000000000000000E+000
  0.000000000000000E+000  0.000000000000000E+000  0.000000000000000E+000
  0.000000000000000E+000  0.000000000000000E+000  0.000000000000000E+000
  2.266821916797273E-003 -3.310387648621491E-003 -1.007019983171655E-003
  3.786782743688040E-003  4.907772507509522E-003 -5.517705819963444E-003
  6.112903833533263E-003  8.121473861029484E-003 -9.532782604996251E-003
  7.022789642175402E-003  1.501847621474535E-002 -1.630569683281801E-002
  7.887743185048307E-003  1.730394133373368E-002 -2.147882115822858E-002
  9.076656082606894E-003  1.867383647272543E-002 -2.576619240151183E-002
  1.057339323838539E-002  1.821898500627961E-002 -2.729255785961255E-002
  1.177786460914334E-002  1.740698421202780E-002 -2.603322151532916E-002
  1.108697725961658E-002  1.560407859662753E-002 -2.159558454306228E-002
  9.508446175570888E-003  1.358321728192234E-002 -1.632065462196383E-002
  4.008581298012143E-003  9.374514317169493E-003 -9.514770033651032E-003
  2.374496375604125E-003  5.685937736956461E-003 -5.527033034211279E-003
 -3.997152290711272E-003  3.428684885201678E-004 -9.047295405248607E-004
  0.000000000000000E+000  0.000000000000000E+000  0.000000000000000E+000
  0.000000000000000E+000  0.000000000000000E+000  0.000000000000000E+000
  0.000000000000000E+000  0.000000000000000E+000  0.000000000000000E+000
  0.000000000000000E+000  0.000000000000000E+000  0.000000000000000E+000
  0.000000000000000E+000  0.000000000000000E+000  0.000000000000000E+000
  0.000000000000000E+000  0.000000000000000E+000  0.000000000000000E+000
  0.000000000000000E+000  0.000000000000000E+000  0.000000000000000E+000
  0.000000000000000E+000  0.000000000000000E+000  0.000000000000000E+000
  0.000000000000000E+000  0.000000000000000E+000  0.000000000000000E+000
  0.000000000000000E+000  0.000000000000000E+000  0.000000000000000E+000
  0.000000000000000E+000  0.000000000000000E+000  0.000000000000000E+000
  0.000000000000000E+000  0.000000000000000E+000  0.000000000000000E+000
  0.000000000000000E+000  0.000000000000000E+000  0.000000000000000E+000
  0.000000000000000E+000  0.000000000000000E+000  0.000000000000000E+000
  0.000000000000000E+000  0.000000000000000E+000  0.000000000000000E+000
  0.000000000000000E+000  0.000000000000000E+000  0.000000000000000E+000
  0.000000000000000E+000  0.000000000000000E+000  0.000000000000000E+000
  0.000000000000000E+000  0.000000000000000E+000  0.000000000000000E+000
  0.000000000000000E+000  0.000000000000000E+000  0.000000000000000E+000
  0.000000000000000E+000  0.000000000000000E+000  0.000000000000000E+000
  0.000000000000000E+000  0.000000000000000E+000  0.000000000000000E+000
  0.000000000000000E+000  0.000000000000000E+000  0.000000000000000E+000
  0.000000000000000E+000  0.000000000000000E+000  0.000000000000000E+000
  0.000000000000000E+000  0.000000000000000E+000  0.000000000000000E+000
  0.000000000000000E+000  0.000000000000000E+000  0.000000000000000E+000
  0.000000000000000E+000  0.000000000000000E+000  0.000000000000000E+000
  0.000000000000000E+000  0.000000000000000E+000  0.000000000000000E+000
  0.000000000000000E+000  0.000000000000000E+000  0.000000000000000E+000
  0.000000000000000E+000  0.000000000000000E+000  0.000000000000000E+000
  0.000000000000000E+000  0.000000000000000E+000  0.000000000000000E+000
  0.000000000000000E+000  0.000000000000000E+000  0.000000000000000E+000
  0.000000000000000E+000  0.000000000000000E+000  0.000000000000000E+000
  0.000000000000000E+000  0.000000000000000E+000  0.000000000000000E+000
  0.000000000000000E+000  0.000000000000000E+000  0.000000000000000E+000
  0.000000000000000E+000  0.000000000000000E+000  0.000000000000000E+000
  0.000000000000000E+000  0.000000000000000E+000  0.000000000000000E+000
  0.000000000000000E+000  0.000000000000000E+000  0.000000000000000E+000
  0.000000000000000E+000  0.000000000000000E+000  0.000000000000000E+000
  1.193905656224423E-002  2.397548965426930E-002 -2.493782652490250E-002
  2.662893665744653E-002 -9.957310804700109E-003 -2.703416140918553E-002
  5.794670565436837E-002 -1.185680529592811E-002 -5.097654889785918E-002
  7.728595529911436E-002 -3.429902474438810E-004 -0.100713760942691     
  9.035993028120763E-002 -5.129679336078972E-002 -0.166247199709048     
  6.279493413094610E-002  3.591942725272458E-002 -0.223224231782999     
  9.041227275338345E-002  0.158556445057835      -0.268169943154250     
 -1.666532699323003E-003  7.355641778832080E-002 -0.222251815594051     
 -9.008582321348585E-002  5.372150328992298E-002 -0.165256659850961     
 -3.899955063787882E-002  6.760249966593561E-002 -0.100155567009362     
 -3.966799565814789E-002  4.465929496137232E-002 -5.085149011161458E-002
 -2.237839615697954E-002  1.807863414871397E-002 -2.719806859565319E-002
  1.396431177233975E-002  2.215018212721489E-002 -2.545382181478235E-002
  0.000000000000000E+000  0.000000000000000E+000  0.000000000000000E+000
  0.000000000000000E+000  0.000000000000000E+000  0.000000000000000E+000
  0.000000000000000E+000  0.000000000000000E+000  0.000000000000000E+000
  0.000000000000000E+000  0.000000000000000E+000  0.000000000000000E+000
  8.622421016548702E-003  2.452842365900082E-002 -2.243846939538253E-002
  2.669570700063631E-002  5.850458581340113E-003 -2.634307255198729E-002
  4.894046652175685E-002 -9.853833106178442E-003 -4.152129088653041E-002
  6.365164915319804E-002  3.203124220748086E-003 -9.242569314337078E-002
  6.612877493577231E-002 -2.522426133457106E-002 -0.157971599254860     
  4.442306786189455E-002  4.842008386024364E-002 -0.220397673725908     
  7.691000161219383E-002  0.134793594444394      -0.277455837230975     
  1.882258284228494E-002  6.405818216947663E-002 -0.219288613145188     
 -5.511656348636718E-002  4.609945208903355E-002 -0.156792422743487     
 -2.896809665248766E-002  5.780868259364551E-002 -9.182965100963672E-002
 -3.342071108565800E-002  3.789249689774583E-002 -4.138686497750126E-002
 -8.983540157415818E-003  2.599876573845658E-002 -2.655930753123862E-002
  1.621467370159925E-002  1.952207828563177E-002 -2.288509222445433E-002
  0.000000000000000E+000  0.000000000000000E+000  0.000000000000000E+000
  0.000000000000000E+000  0.000000000000000E+000  0.000000000000000E+000
  0.000000000000000E+000  0.000000000000000E+000  0.000000000000000E+000
  0.000000000000000E+000  0.000000000000000E+000  0.000000000000000E+000
  5.188742505280162E-003  2.385279228491764E-002 -1.865129395508215E-002
  2.147462517253420E-002  3.975596205934667E-002 -2.517505968685132E-002
  3.622089691502856E-002  2.572617523620308E-003 -2.950256598017019E-002
  3.977490388464042E-002  1.562810843814256E-002 -7.610285581384653E-002
  3.299290784237541E-002  2.015701983546219E-002 -0.149144354457385     
  3.447770636460670E-002  8.173429900600207E-002 -0.220685076752514     
  6.210342509183121E-002  0.108336643610976      -0.267551914565770     
  5.392944926809417E-002  7.242108610789827E-002 -0.219953527429920     
  2.018674895712475E-003  4.066877937520068E-002 -0.147958841291547     
 -5.631301873331771E-003  4.372496044500267E-002 -7.547726478459540E-002
 -1.649436935146581E-002  3.300484349226189E-002 -2.939307761966375E-002
  2.253769925569425E-002  3.823723179635249E-002 -2.537796605072013E-002
  1.752824303825466E-002  1.624350360087902E-002 -1.901098935515019E-002
  0.000000000000000E+000  0.000000000000000E+000  0.000000000000000E+000
  0.000000000000000E+000  0.000000000000000E+000  0.000000000000000E+000
  0.000000000000000E+000  0.000000000000000E+000  0.000000000000000E+000
  0.000000000000000E+000  0.000000000000000E+000  0.000000000000000E+000
  9.842282814621255E-003  1.511626825739637E-002 -1.553363914267356E-002
  8.023467561704882E-003  6.939559295065194E-002 -2.639793593068846E-002
  2.374474763567824E-002  2.603317315882592E-002 -2.633717408376809E-002
  1.824539758112548E-002 -1.307675266942092E-002 -5.484918982228015E-002
  1.273230156130726E-002  4.453126325452807E-002 -0.135159696869802     
  3.019075014677265E-002  9.619129508422870E-002 -0.215003116963496     
  5.707236981978583E-002  9.824754039893428E-002 -0.240591225097784     
  6.864983794979461E-002  7.447211884565848E-002 -0.213906446742277     
  3.376631066457047E-002  3.483649825875695E-002 -0.134419235646861     
 -1.922842052599472E-002  1.055764912201133E-002 -5.447988314601500E-002
  9.601403920145761E-003  3.355487129617861E-002 -2.612813271262673E-002
  5.477381975274839E-002  4.138483649445895E-002 -2.655585770897247E-002
  7.911153762058962E-003  1.599024381110765E-002 -1.584137099806272E-002
  0.000000000000000E+000  0.000000000000000E+000  0.000000000000000E+000
  0.000000000000000E+000  0.000000000000000E+000  0.000000000000000E+000
  0.000000000000000E+000  0.000000000000000E+000  0.000000000000000E+000
  0.000000000000000E+000  0.000000000000000E+000  0.000000000000000E+000
  5.590365167014878E-003 -1.149049005788087E-003 -7.506054356881975E-003
  8.113787336441820E-003  6.827124837346342E-002 -2.577346847702278E-002
  1.955763059393337E-002 -1.957785716956943E-002 -1.522917149490758E-002
  1.558779648066871E-002 -9.964825229605787E-002 -7.128676566747917E-003
  5.008116798587417E-003 -3.687210561416070E-002 -7.650926538788398E-002
  2.554937918131138E-002  7.321534209918074E-002 -0.181592700033048     
  6.008206873670591E-002  0.103002115515754      -0.228112753908362     
  5.066994936189033E-002  5.772498258441560E-002 -0.179699384849897     
 -3.428894700133216E-002 -1.402613426156260E-002 -7.525127557336733E-002
 -9.437852873737511E-002 -3.606862614331783E-002 -6.518283916749281E-003
 -2.756391177795448E-002  7.190806420087971E-003 -1.514763584103363E-002
  5.443510221073134E-002  4.118803412246089E-002 -2.609844141117061E-002
 -3.916310409495942E-003  4.304853494609926E-003 -7.803935818587652E-003
  0.000000000000000E+000  0.000000000000000E+000  0.000000000000000E+000
  0.000000000000000E+000  0.000000000000000E+000  0.000000000000000E+000
  0.000000000000000E+000  0.000000000000000E+000  0.000000000000000E+000
  0.000000000000000E+000  0.000000000000000E+000  0.000000000000000E+000
  8.393855809173680E-003 -3.818882734196255E-003 -6.116746813562418E-003
  9.851081661284854E-003  4.143267276502127E-002 -2.000674320275828E-002
  2.458291927665605E-002 -7.564452662022481E-002  8.934762420409316E-003
  1.850514951776583E-002 -0.124183627064984       2.019422571002272E-002
  7.129868079369715E-003 -5.227503260400843E-002 -5.212748280673891E-002
  2.566849776567377E-002  5.064674997925352E-002 -0.158655682357748     
  5.052209205685068E-002  8.658458667508877E-002 -0.205876488422801     
  3.217709148473247E-002  4.792448827849449E-002 -0.158794615068363     
 -4.859910751168012E-002 -1.983932269415946E-002 -5.160668480989940E-002
 -0.117199673640758      -4.596173370024558E-002  2.049725730881210E-002
 -7.727560501321691E-002 -1.593345695781003E-002  8.251517151728619E-003
  3.149182820647271E-002  2.965478146686532E-002 -2.072935413856455E-002
 -7.681001417648267E-003  5.549811574218189E-003 -6.305928372711095E-003
  0.000000000000000E+000  0.000000000000000E+000  0.000000000000000E+000
  0.000000000000000E+000  0.000000000000000E+000  0.000000000000000E+000
  0.000000000000000E+000  0.000000000000000E+000  0.000000000000000E+000
  0.000000000000000E+000  0.000000000000000E+000  0.000000000000000E+000
  5.651118145895672E-003  5.084418688356466E-003 -4.041748672220344E-003
  1.298031049522552E-002  5.763628544714999E-003 -1.212934369136590E-002
  2.318083647454793E-002 -7.051292979972322E-002  1.447690839687048E-002
  1.441387446104214E-002 -3.952856778674398E-002 -2.689719117598729E-002
  1.137526234120772E-002  2.127297231799368E-002 -0.108068864459852     
  1.918588291433863E-002  3.988718181253294E-002 -0.143852520258915     
  2.198573150049090E-002  3.784894103445221E-002 -0.144901173635585     
  2.580495106811555E-002  3.745508237351313E-002 -0.145023758121366     
  1.263347936105710E-002  2.072226145562523E-002 -0.108050375034099     
 -4.172682951841876E-002 -7.050374401765419E-003 -2.707654404840858E-002
 -7.114490280138736E-002 -1.422523571848011E-002  1.300853148113589E-002
 -2.106222878389137E-005  1.493514963723284E-002 -1.323096344223027E-002
  1.300027978370780E-003  7.614187452060527E-003 -4.082373755714686E-003
  0.000000000000000E+000  0.000000000000000E+000  0.000000000000000E+000
  0.000000000000000E+000  0.000000000000000E+000  0.000000000000000E+000
  0.000000000000000E+000  0.000000000000000E+000  0.000000000000000E+000
  0.000000000000000E+000  0.000000000000000E+000  0.000000000000000E+000
  7.939414570577476E-003  2.407945776811923E-003 -3.675540385867840E-003
  9.548999115313777E-003 -5.482998555349730E-003 -5.383279769027215E-003
  1.314855241713372E-002 -2.068200977755969E-002 -6.328922304339736E-003
  2.800808212178954E-003  4.998509638208288E-002 -9.077223805213061E-002
  6.938252684345483E-003  4.779894910759362E-002 -0.129395989695330     
  1.003110118534799E-002  1.882159027363791E-002 -0.106972700414692     
  5.295973967015124E-003  9.701200669018955E-003 -9.040934997237704E-002
  1.063616532499124E-002  1.827222120371698E-002 -0.106850062398474     
  3.707291412591121E-002  3.009667264252279E-002 -0.129172625028264     
  4.061969452033809E-002  2.726599191183746E-002 -9.021946333254886E-002
 -2.353374226708044E-002  1.777462394173851E-003 -7.487775773769076E-003
 -8.058795998178207E-003  6.407753789963513E-003 -6.734197436080473E-003
 -2.077378835629172E-003  8.313175539543917E-003 -3.354707126708849E-003
  0.000000000000000E+000  0.000000000000000E+000  0.000000000000000E+000
  0.000000000000000E+000  0.000000000000000E+000  0.000000000000000E+000
  0.000000000000000E+000  0.000000000000000E+000  0.000000000000000E+000
  0.000000000000000E+000  0.000000000000000E+000  0.000000000000000E+000
  5.527555306647772E-003 -5.919080448785746E-005 -3.640196395890662E-003
  5.011448425558358E-003 -4.231333478691595E-003 -8.413045297270916E-004
  5.588309820830702E-003  1.895889700799332E-002 -2.687246388729429E-002
 -5.426063126951753E-004  5.019659484911237E-002 -8.336275032775689E-002
  1.646377047730142E-003  2.808610013084432E-003 -5.081071658447193E-002
  1.134133827471627E-003  1.625931789894174E-002 -7.690811626854174E-002
  2.198413838605416E-002  3.865892822253478E-002 -0.132250713783329     
  1.264020258700124E-002  9.240360654534424E-003 -7.660962398183499E-002
  1.426605959017096E-003  3.307990856858315E-003 -5.162893709002476E-002
  4.236840188507749E-002  2.436011173976690E-002 -8.231592222534152E-002
  1.343862633947641E-002  1.446942346347174E-002 -2.712540787587092E-002
 -5.342947372969769E-003  2.880574815668340E-003 -1.535520155561624E-003
 -3.084347488235138E-003  4.836957302399796E-003 -3.696428012636967E-003
  0.000000000000000E+000  0.000000000000000E+000  0.000000000000000E+000
  0.000000000000000E+000  0.000000000000000E+000  0.000000000000000E+000
  0.000000000000000E+000  0.000000000000000E+000  0.000000000000000E+000
  0.000000000000000E+000  0.000000000000000E+000  0.000000000000000E+000
  2.030759155383584E-003 -2.563997734698479E-003 -6.135057423711161E-005
  2.942571521797334E-003  4.567409051169941E-004 -9.186157489828799E-004
  4.457659694436375E-003  1.045421408998977E-002 -1.197191357558586E-002
  1.174879167802232E-003  7.052843904792578E-003 -1.657678953696630E-002
 -6.231216221707187E-004 -1.844584692000156E-002  1.194685602674127E-002
  5.334794965801277E-003  9.842684225276241E-003 -3.910354231334045E-002
  1.859324174629365E-002  3.232296554542637E-002 -9.482736378241539E-002
  5.349244305321563E-003  9.892633758829013E-003 -3.938675030189752E-002
 -1.556243267338227E-002 -9.324880718602699E-003  1.123324306873391E-002
  5.197963969125767E-003  4.600527261386892E-003 -1.655358709300004E-002
  6.518060561697987E-003  8.973131362521387E-003 -1.179010912950661E-002
 -9.983506549966655E-004  3.007680829831568E-003 -1.139369400599787E-003
 -3.299124190177229E-003  4.734718919522536E-004 -1.373390232265262E-005
  0.000000000000000E+000  0.000000000000000E+000  0.000000000000000E+000
  0.000000000000000E+000  0.000000000000000E+000  0.000000000000000E+000
  0.000000000000000E+000  0.000000000000000E+000  0.000000000000000E+000
  0.000000000000000E+000  0.000000000000000E+000  0.000000000000000E+000
  0.000000000000000E+000  0.000000000000000E+000  0.000000000000000E+000
  0.000000000000000E+000  0.000000000000000E+000  0.000000000000000E+000
  0.000000000000000E+000  0.000000000000000E+000  0.000000000000000E+000
  0.000000000000000E+000  0.000000000000000E+000  0.000000000000000E+000
  0.000000000000000E+000  0.000000000000000E+000  0.000000000000000E+000
  0.000000000000000E+000  0.000000000000000E+000  0.000000000000000E+000
  0.000000000000000E+000  0.000000000000000E+000  0.000000000000000E+000
  0.000000000000000E+000  0.000000000000000E+000  0.000000000000000E+000
  0.000000000000000E+000  0.000000000000000E+000  0.000000000000000E+000
  0.000000000000000E+000  0.000000000000000E+000  0.000000000000000E+000
  0.000000000000000E+000  0.000000000000000E+000  0.000000000000000E+000
  0.000000000000000E+000  0.000000000000000E+000  0.000000000000000E+000
  0.000000000000000E+000  0.000000000000000E+000  0.000000000000000E+000
  0.000000000000000E+000  0.000000000000000E+000  0.000000000000000E+000
  0.000000000000000E+000  0.000000000000000E+000  0.000000000000000E+000
  0.000000000000000E+000  0.000000000000000E+000  0.000000000000000E+000
  0.000000000000000E+000  0.000000000000000E+000  0.000000000000000E+000
  0.000000000000000E+000  0.000000000000000E+000  0.000000000000000E+000
  0.000000000000000E+000  0.000000000000000E+000  0.000000000000000E+000
  0.000000000000000E+000  0.000000000000000E+000  0.000000000000000E+000
  0.000000000000000E+000  0.000000000000000E+000  0.000000000000000E+000
  0.000000000000000E+000  0.000000000000000E+000  0.000000000000000E+000
  0.000000000000000E+000  0.000000000000000E+000  0.000000000000000E+000
  0.000000000000000E+000  0.000000000000000E+000  0.000000000000000E+000
  0.000000000000000E+000  0.000000000000000E+000  0.000000000000000E+000
  0.000000000000000E+000  0.000000000000000E+000  0.000000000000000E+000
  0.000000000000000E+000  0.000000000000000E+000  0.000000000000000E+000
  0.000000000000000E+000  0.000000000000000E+000  0.000000000000000E+000
  0.000000000000000E+000  0.000000000000000E+000  0.000000000000000E+000
  0.000000000000000E+000  0.000000000000000E+000  0.000000000000000E+000
  0.000000000000000E+000  0.000000000000000E+000  0.000000000000000E+000
  0.000000000000000E+000  0.000000000000000E+000  0.000000000000000E+000
  0.000000000000000E+000  0.000000000000000E+000  0.000000000000000E+000
  0.000000000000000E+000  0.000000000000000E+000  0.000000000000000E+000
   113.336747754768        351.538218880233       -205.572679066073     
   239.823969242014       -90.9996349952948       -371.472986757992     
   258.054200340841       -78.4155872749943       -653.887927898704     
   126.923444194056        131.824769627900       -660.187665418889     
   254.817455307308       -276.056957789685       -423.694969116429     
   278.988005364265        492.894979956162       -492.505727352739     
   1007.02806810935        1741.84376712027       -799.512018959766     
   306.019640222149        499.084862158505       -493.137041747083     
  -363.806293061337        82.6313838484596       -420.044987922713     
   41.8274299316327        169.114216377157       -660.917596232704     
  -192.012161125403        190.118384328968       -652.089299728912     
  -178.812733138825        173.154690493306       -369.047574303441     
   254.588566232784        276.493947338329       -210.058941628909     
  0.000000000000000E+000  0.000000000000000E+000  0.000000000000000E+000
  0.000000000000000E+000  0.000000000000000E+000  0.000000000000000E+000
  0.000000000000000E+000  0.000000000000000E+000  0.000000000000000E+000
  0.000000000000000E+000  0.000000000000000E+000  0.000000000000000E+000
   87.2809648019468        329.080982445154       -175.087338604462     
   210.480424718591        36.2379012894318       -347.980005544892     
   199.956252733330       -60.8756539766787       -626.118433241694     
   192.238905360308        93.4959664636886       -686.915164344433     
   275.550129529894       -153.394843477181       -408.180854920111     
   234.238144272784        369.359835948672       -426.121550745154     
   712.523797887682        1230.21329114342       -785.944816295645     
   216.115788230275        393.769013306947       -426.940784587440     
  -268.973885079825        160.276132210225       -404.325270141378     
  -21.2231814423037        209.172377826950       -688.045193089389     
  -149.013277120755        146.726701305279       -624.451772503020     
  -61.0066097957187        208.292166278264       -345.760187440511     
   246.629595379608        242.178998401587       -179.015719119954     
  0.000000000000000E+000  0.000000000000000E+000  0.000000000000000E+000
  0.000000000000000E+000  0.000000000000000E+000  0.000000000000000E+000
  0.000000000000000E+000  0.000000000000000E+000  0.000000000000000E+000
  0.000000000000000E+000  0.000000000000000E+000  0.000000000000000E+000
   60.4689366253398        279.973670327606       -133.482428153428     
   130.282896957567        289.182384450610       -303.668982762285     
   155.557957989310        43.8856938168187       -565.573615269018     
   186.998137810648        116.536244284562       -675.976790111620     
   249.727447211567       -137.134584213055       -485.552900775257     
   197.370548263980        104.220407735194       -388.690033933382     
   317.363680260436        545.087748003397       -556.103020499566     
  -1.18278722192134        225.269717267192       -388.873638946058     
  -240.076796545061        147.946596530587       -480.102672692492     
   7.78196540902049        220.911290794248       -676.478260276979     
  -42.9510950439048        157.133294214142       -563.448143793470     
   185.149091215911        259.110970000297       -301.255335717080     
   215.079074870496        193.786603324548       -136.492290347628     
  0.000000000000000E+000  0.000000000000000E+000  0.000000000000000E+000
  0.000000000000000E+000  0.000000000000000E+000  0.000000000000000E+000
  0.000000000000000E+000  0.000000000000000E+000  0.000000000000000E+000
  0.000000000000000E+000  0.000000000000000E+000  0.000000000000000E+000
   82.8488274133870        173.536834698060       -98.9688643643001     
   33.9970483202947        362.348970955302       -254.052980571348     
   105.538622692388        38.1239539947082       -464.858216018627     
   136.177787763206       -158.012930127201       -613.132833325448     
   167.659397979746       -681.935619689081       -338.294501634350     
   53.0003020778109       -446.816881648565       -182.656386963969     
   7.66442954696930        10.2061294573232       -319.764505546657     
  -423.779451329704       -187.307808930883       -171.778968719438     
  -648.512130387599       -178.906783052025       -346.719636225531     
  -173.555340948327        56.3030803741918       -620.689037666602     
  -30.9706201291721        107.720778152394       -459.636135043588     
   287.423559479540        209.436525702382       -251.250878893103     
   110.303347311973        159.894378719530       -101.392803685354     
  0.000000000000000E+000  0.000000000000000E+000  0.000000000000000E+000
  0.000000000000000E+000  0.000000000000000E+000  0.000000000000000E+000
  0.000000000000000E+000  0.000000000000000E+000  0.000000000000000E+000
  0.000000000000000E+000  0.000000000000000E+000  0.000000000000000E+000
   33.8065759739272        15.9333834458389       -32.6769145479272     
   61.9761997222284        203.101361690340       -191.817800473564     
   143.467374841324       -564.126007870558       -215.653345186095     
   147.919630332001       -664.846348740179       -330.394611808413     
   135.678039548385       -682.688130684205       -263.702365231155     
   61.9170301826041       -364.494120532243       -325.667950569449     
   47.8382429710424        82.7869836023996       -602.849748145470     
  -368.226919409296       -149.789783845091       -296.583770246576     
  -654.777918739432       -219.261156305089       -263.434286627470     
  -644.388685102653       -198.181697662673       -332.270638677875     
  -575.197886588851       -159.347393901087       -209.027349541682     
   144.832505420528        159.508158980913       -193.025106687802     
  -3.86861081918189        38.2786498546531       -34.8700555404205     
  0.000000000000000E+000  0.000000000000000E+000  0.000000000000000E+000
  0.000000000000000E+000  0.000000000000000E+000  0.000000000000000E+000
  0.000000000000000E+000  0.000000000000000E+000  0.000000000000000E+000
  0.000000000000000E+000  0.000000000000000E+000  0.000000000000000E+000
   41.3978851933680       -29.7260708956956       -27.5345118105022     
   88.8841855734039        4.13624705768955       -129.653353565965     
   209.633139536357       -839.031875710764        11.1293226975790     
   178.758196389333       -505.740993034511       -307.682678852600     
   207.658368121439        180.507393253680       -857.959129245654     
   275.380466247200        418.377427210379       -1081.48524363792     
   277.770353308924        478.859958253762       -1165.05781821386     
   212.875782660504        435.032282684557       -1061.20172140289     
   35.6826507846236        260.675743201735       -840.850718278721     
  -551.839393716645       -106.095475108621       -292.308977850163     
  -831.435198412557       -230.868319441406        9.96361017936327     
  -20.1169324827940        91.7565308210453       -139.586261739974     
  -50.0873794839728        23.8859730162020       -29.0121811424423     
  0.000000000000000E+000  0.000000000000000E+000  0.000000000000000E+000
  0.000000000000000E+000  0.000000000000000E+000  0.000000000000000E+000
  0.000000000000000E+000  0.000000000000000E+000  0.000000000000000E+000
  0.000000000000000E+000  0.000000000000000E+000  0.000000000000000E+000
   38.7914113659921        19.0638531153264       -26.0548000174177     
   85.9593235444698       -83.3503622501524       -99.5961088453459     
   178.439210803184       -372.212849475431       -108.112629717859     
   137.274562199057        100.078750719018       -628.503130382142     
   205.874502120860        636.699121755329       -1227.59473909428     
   286.028510708594        606.627357161714       -1271.30804078802     
   281.844013336512        480.627568361109       -1152.13193952422     
   388.868115745828        549.950184096912       -1275.02104996153     
   439.665712787060        488.367054409193       -1217.86123186915     
  -2.55091726454031        160.961025929017       -613.895480822824     
  -389.085445346038       -15.3829341212680       -124.278422600208     
  -78.7728749816679        53.1885576181427       -117.646115002723     
  -8.48368114892106        46.6701845324405       -26.0719314425434     
  0.000000000000000E+000  0.000000000000000E+000  0.000000000000000E+000
  0.000000000000000E+000  0.000000000000000E+000  0.000000000000000E+000
  0.000000000000000E+000  0.000000000000000E+000  0.000000000000000E+000
  0.000000000000000E+000  0.000000000000000E+000  0.000000000000000E+000
   47.8303773033719       -9.96548695903119       -4.28186571179330     
   70.5445330053846        21.7049558498599       -123.931535865858     
   88.5436358856026        174.183175414133       -358.121736997185     
   74.9508147196717        406.062317684303       -788.406967686372     
   114.030310686315        188.608039316008       -691.043559250202     
  -17.4531169235162       -266.990818338547       -105.611909331948     
  -187.030307678363       -333.231166772017        105.932545746393     
  -214.760393808558       -153.966476599162       -110.158387078287     
   111.513324277108        187.656112811895       -695.879326922519     
   312.967312305781        264.777505901376       -786.776910834949     
   137.594175965461        179.775963121764       -379.415025484284     
   17.8093610060463        94.0151645526998       -144.870907754929     
  -37.6803518376180        40.0646960693947       -1.21113744932768     
  0.000000000000000E+000  0.000000000000000E+000  0.000000000000000E+000
  0.000000000000000E+000  0.000000000000000E+000  0.000000000000000E+000
  0.000000000000000E+000  0.000000000000000E+000  0.000000000000000E+000
  0.000000000000000E+000  0.000000000000000E+000  0.000000000000000E+000
   35.8196951111570       -33.9387554226563       -18.5103275068816     
   61.3021615739151        89.9948268579172       -102.527654697540     
   50.2209722130222        302.503387411043       -382.634587446793     
   21.8768002500169        364.873024916460       -619.139815218564     
   45.2386194764991       -26.2146428626873       -267.594774409611     
  -126.564437672507       -591.483826197176        643.256062234847     
  -362.845514284006       -635.845324698638        894.207982493759     
  -451.071401312682       -416.744059384801        657.951478673993     
  -38.3264976089957        21.8922457223607       -276.289566422569     
   313.209356531253        199.656847437347       -623.656450674344     
   256.018447419693        203.726435514657       -395.472832936354     
   66.9850079194955        114.229809807220       -114.121537652965     
  -52.6284808373211        15.7743507358292       -18.5458561719620     
  0.000000000000000E+000  0.000000000000000E+000  0.000000000000000E+000
  0.000000000000000E+000  0.000000000000000E+000  0.000000000000000E+000
  0.000000000000000E+000  0.000000000000000E+000  0.000000000000000E+000
  0.000000000000000E+000  0.000000000000000E+000  0.000000000000000E+000
   9.47998625614165       -21.7710656860767       0.754296426575076     
   49.2765619716099        27.2147970882237       -40.5963320586835     
   49.2357594101880        87.0822448894205       -107.854230403722     
   21.4807052980081        134.041408118365       -188.687415118782     
  -58.5492965141897        11.4693573523469       -105.828568568708     
  -150.003664860959       -237.088837097252        231.016203852449     
  -183.521586426124       -317.360054914588        324.660942715701     
  -135.356088696573       -257.992281820832        246.896012742715     
   42.2398623864792       -48.6564529548949       -107.407692807343     
   110.990008428845        84.6568192973771       -189.827189859406     
   55.6617611302714        86.7202061803914       -106.489233348864     
   2.66157048433377        62.1841946310442       -42.2751992996338     
  -25.0271521418764       -2.77128896310782        1.50549381573521     
  0.000000000000000E+000  0.000000000000000E+000  0.000000000000000E+000
  0.000000000000000E+000  0.000000000000000E+000  0.000000000000000E+000
  0.000000000000000E+000  0.000000000000000E+000  0.000000000000000E+000
  0.000000000000000E+000  0.000000000000000E+000  0.000000000000000E+000
  0.000000000000000E+000  0.000000000000000E+000  0.000000000000000E+000
  0.000000000000000E+000  0.000000000000000E+000  0.000000000000000E+000
  0.000000000000000E+000  0.000000000000000E+000  0.000000000000000E+000
  0.000000000000000E+000  0.000000000000000E+000  0.000000000000000E+000
  0.000000000000000E+000  0.000000000000000E+000  0.000000000000000E+000
  0.000000000000000E+000  0.000000000000000E+000  0.000000000000000E+000
  0.000000000000000E+000  0.000000000000000E+000  0.000000000000000E+000
  0.000000000000000E+000  0.000000000000000E+000  0.000000000000000E+000
  0.000000000000000E+000  0.000000000000000E+000  0.000000000000000E+000
  0.000000000000000E+000  0.000000000000000E+000  0.000000000000000E+000
  0.000000000000000E+000  0.000000000000000E+000  0.000000000000000E+000
  0.000000000000000E+000  0.000000000000000E+000  0.000000000000000E+000
  0.000000000000000E+000  0.000000000000000E+000  0.000000000000000E+000
  0.000000000000000E+000  0.000000000000000E+000  0.000000000000000E+000
  0.000000000000000E+000  0.000000000000000E+000  0.000000000000000E+000
  0.000000000000000E+000  0.000000000000000E+000  0.000000000000000E+000
  0.000000000000000E+000  0.000000000000000E+000  0.000000000000000E+000
  0.000000000000000E+000  0.000000000000000E+000  0.000000000000000E+000
  0.000000000000000E+000  0.000000000000000E+000  0.000000000000000E+000
  0.000000000000000E+000  0.000000000000000E+000  0.000000000000000E+000
  0.000000000000000E+000  0.000000000000000E+000  0.000000000000000E+000
  0.000000000000000E+000  0.000000000000000E+000  0.000000000000000E+000
  0.000000000000000E+000  0.000000000000000E+000  0.000000000000000E+000
  0.000000000000000E+000  0.000000000000000E+000  0.000000000000000E+000
  0.000000000000000E+000  0.000000000000000E+000  0.000000000000000E+000
  0.000000000000000E+000  0.000000000000000E+000  0.000000000000000E+000
  0.000000000000000E+000  0.000000000000000E+000  0.000000000000000E+000
  0.000000000000000E+000  0.000000000000000E+000  0.000000000000000E+000
  0.000000000000000E+000  0.000000000000000E+000  0.000000000000000E+000
  0.000000000000000E+000  0.000000000000000E+000  0.000000000000000E+000
  0.000000000000000E+000  0.000000000000000E+000  0.000000000000000E+000
  0.000000000000000E+000  0.000000000000000E+000  0.000000000000000E+000
