         140  1.399999999999997E-002  1.399999999999997E-002
  0.000000000000000E+000  0.000000000000000E+000  0.000000000000000E+000
  0.000000000000000E+000  0.000000000000000E+000  0.000000000000000E+000
  2.922915619596357E-002  3.955272183861489E-002 -5.218592895048701E-002
  2.862269774729773E-002  8.648434297607127E-002 -8.346520898962796E-002
  3.825009108386858E-002  0.106919811927997      -0.118186525904678     
  4.183082484971091E-002  0.134651809307448      -0.140289516814135     
  4.736913657441726E-002  0.128910244647716      -0.153095231503407     
  5.271173384237933E-002  0.114508587576184      -0.156219388719528     
  6.003791908971259E-002  0.104021453698225      -0.156815284036576     
  7.276733451508312E-002  0.102904941161735      -0.156218501824620     
  8.791584977522884E-002  0.105489753265985      -0.153098607058727     
  9.566807470348149E-002  0.103583192900617      -0.140303970930309     
  7.348728127900254E-002  8.664204971488203E-002 -0.118222746645350     
  6.056278230528554E-002  6.804631543581406E-002 -8.346220710256247E-002
  1.963538486347268E-002  4.512021395097459E-002 -5.220658871056123E-002
  0.000000000000000E+000  0.000000000000000E+000  0.000000000000000E+000
  0.000000000000000E+000  0.000000000000000E+000  0.000000000000000E+000
  0.000000000000000E+000  0.000000000000000E+000  0.000000000000000E+000
  0.000000000000000E+000  0.000000000000000E+000  0.000000000000000E+000
  2.505872489375169E-002  3.583486967749050E-002 -4.553929621278083E-002
  2.624822173667214E-002  8.434640626217110E-002 -8.173112517842786E-002
  3.325131002784409E-002  0.108712453847667      -0.113654853822903     
  3.828443998751228E-002  0.129556326462081      -0.138591303399030     
  4.479336734835230E-002  0.123547478479281      -0.150550930512968     
  5.079752840240292E-002  0.108719708565766      -0.154640518823261     
  5.735316829680430E-002  9.937199521134031E-002 -0.154525002071573     
  6.871878009824532E-002  9.836096415842141E-002 -0.154649099136248     
  8.456065977363041E-002  0.100584585712162      -0.150559150470263     
  9.302148993617604E-002  9.795043078440022E-002 -0.138603659733194     
  7.751702522206165E-002  8.319764679261946E-002 -0.113680435522505     
  5.989779995335896E-002  6.490424574471787E-002 -8.171886868496626E-002
  1.849149288788629E-002  3.964479552496882E-002 -4.555196347778651E-002
  0.000000000000000E+000  0.000000000000000E+000  0.000000000000000E+000
  0.000000000000000E+000  0.000000000000000E+000  0.000000000000000E+000
  0.000000000000000E+000  0.000000000000000E+000  0.000000000000000E+000
  0.000000000000000E+000  0.000000000000000E+000  0.000000000000000E+000
  1.942080054862202E-002  2.719467312213740E-002 -3.503383268910094E-002
  2.171591226011456E-002  8.196624057735899E-002 -7.570008396156308E-002
  2.572231159994950E-002  0.110634375585935      -0.107477594081681     
  3.235461868616565E-002  0.123552906387334      -0.132421047544761     
  3.911457273458532E-002  0.114173240522338      -0.145085556415734     
  4.533529763172411E-002  9.846919591957004E-002 -0.148998918817841     
  5.143188005236640E-002  8.910735715400959E-002 -0.149742153948028     
  6.257974792286045E-002  8.853029596466576E-002 -0.149024643047454     
  7.928782558137426E-002  9.097397107337671E-002 -0.145104241429998     
  9.076826904721323E-002  8.981416301079936E-002 -0.132424590147955     
  8.292044041460220E-002  7.758688640831435E-002 -0.107480195090570     
  6.007784205167296E-002  5.979532500116370E-002 -7.567398379267647E-002
  1.382407664056673E-002  3.040500228701597E-002 -3.502677327504514E-002
  0.000000000000000E+000  0.000000000000000E+000  0.000000000000000E+000
  0.000000000000000E+000  0.000000000000000E+000  0.000000000000000E+000
  0.000000000000000E+000  0.000000000000000E+000  0.000000000000000E+000
  0.000000000000000E+000  0.000000000000000E+000  0.000000000000000E+000
  1.970608011721535E-002  1.127916144335775E-002 -2.532893693146165E-002
  1.391988887884925E-002  7.830394866889459E-002 -6.493768880283358E-002
  2.124996406297211E-002  0.109310950877856      -9.908204329378002E-002
  2.441624113200097E-002  0.116170254411194      -0.123323726235126     
  3.217936330776768E-002  0.103760970619622      -0.134983932026027     
  3.747082126923982E-002  8.566733835657719E-002 -0.138234134116183     
  4.385380215720251E-002  7.598042718358126E-002 -0.138514079304255     
  5.545908883913475E-002  7.534203098230476E-002 -0.138293191152198     
  7.374958814123760E-002  7.979351624240680E-002 -0.135019901353693     
  8.833696212626550E-002  7.920608501193514E-002 -0.123312750654452     
  8.396630703799292E-002  7.306877857216369E-002 -9.906309904381064E-002
  6.081151786392137E-002  5.113980779982506E-002 -6.487225102600905E-002
 -1.519719017121493E-004  2.271981215832936E-002 -2.531111660107903E-002
  0.000000000000000E+000  0.000000000000000E+000  0.000000000000000E+000
  0.000000000000000E+000  0.000000000000000E+000  0.000000000000000E+000
  0.000000000000000E+000  0.000000000000000E+000  0.000000000000000E+000
  0.000000000000000E+000  0.000000000000000E+000  0.000000000000000E+000
  1.125329934422007E-002 -5.222236825784004E-003 -1.524355410016204E-002
  1.689086919864731E-002  7.780729312721556E-002 -5.736286612339850E-002
  1.517901951550049E-002  0.101641843091045      -9.032633063152677E-002
  2.019622190364843E-002  0.109414099446299      -0.113964447445227     
  2.598154584219167E-002  9.461321999385415E-002 -0.124885805535085     
  3.158159083998198E-002  7.654485772356134E-002 -0.126872087716650     
  3.826540182889578E-002  6.629192572558625E-002 -0.126840121031106     
  5.055576958816162E-002  6.573486238855540E-002 -0.126985936227295     
  6.895477773991085E-002  6.985061251951952E-002 -0.124948826166255     
  8.460228017106207E-002  7.222741577612588E-002 -0.113955518740256     
  8.033168625341844E-002  6.387375282927156E-002 -9.026502110533607E-002
  5.890573419229847E-002  5.357957345635629E-002 -5.732235931111993E-002
 -1.018464756395539E-002  7.052388672001091E-003 -1.519643134909600E-002
  0.000000000000000E+000  0.000000000000000E+000  0.000000000000000E+000
  0.000000000000000E+000  0.000000000000000E+000  0.000000000000000E+000
  0.000000000000000E+000  0.000000000000000E+000  0.000000000000000E+000
  0.000000000000000E+000  0.000000000000000E+000  0.000000000000000E+000
  1.334653985140253E-002 -8.670106970618719E-003 -1.294172574043804E-002
  1.519993198313757E-002  7.077891428483769E-002 -4.862431209136062E-002
  1.292655204078948E-002  9.075033008564044E-002 -8.077874482366069E-002
  1.656156381529580E-002  0.100206658557266      -0.103713223480180     
  2.097813757325470E-002  8.581539989573264E-002 -0.114097160711493     
  2.713923557323922E-002  6.968793867703754E-002 -0.115931111982409     
  3.424720407550386E-002  5.932109134399612E-002 -0.115662719429008     
  4.690143087880380E-002  5.850380147587098E-002 -0.116126223317070     
  6.388943804419064E-002  6.117465987202090E-002 -0.114211901935764     
  7.844087893357034E-002  6.444729289079756E-002 -0.103706823189536     
  7.205933471768948E-002  5.657518283033781E-002 -8.071573397660652E-002
  5.363088523155599E-002  4.841169296129842E-002 -4.854627626188725E-002
 -1.416043438564537E-002  7.373776584872487E-003 -1.293397127288995E-002
  0.000000000000000E+000  0.000000000000000E+000  0.000000000000000E+000
  0.000000000000000E+000  0.000000000000000E+000  0.000000000000000E+000
  0.000000000000000E+000  0.000000000000000E+000  0.000000000000000E+000
  0.000000000000000E+000  0.000000000000000E+000  0.000000000000000E+000
  1.034444728611309E-002 -4.767371304039034E-003 -7.775746124653629E-003
  1.544336744075344E-002  5.476575428451641E-002 -4.037546247935089E-002
  1.094078152113666E-002  7.741786868562027E-002 -6.818734809943906E-002
  1.315423993808592E-002  8.545758153937162E-002 -9.033964713151021E-002
  1.681214861401716E-002  7.572748172049218E-002 -0.100956100488328     
  2.276110908429017E-002  6.210001499880091E-002 -0.103770128980646     
  3.063803938627859E-002  5.305733050152483E-002 -0.103892760759985     
  4.258507513625255E-002  5.096599086214802E-002 -0.104067217692458     
  5.727743170384365E-002  5.255032592712219E-002 -0.101134579928888     
  6.739145898917764E-002  5.415261678549377E-002 -9.034982586665381E-002
  6.153177828161138E-002  4.817280790995230E-002 -6.812909376318751E-002
  3.964287133991490E-002  4.068744763018985E-002 -4.031036000254446E-002
 -9.262648819691759E-003  6.594923779391842E-003 -7.720042524034124E-003
  0.000000000000000E+000  0.000000000000000E+000  0.000000000000000E+000
  0.000000000000000E+000  0.000000000000000E+000  0.000000000000000E+000
  0.000000000000000E+000  0.000000000000000E+000  0.000000000000000E+000
  0.000000000000000E+000  0.000000000000000E+000  0.000000000000000E+000
  9.546072334070517E-003 -5.474619292510457E-003 -6.136116344054441E-003
  1.348185990373282E-002  3.877402438246112E-002 -2.932608074936477E-002
  9.275987203841906E-003  5.588972333064589E-002 -5.124579994258015E-002
  1.084257018910690E-002  6.617109469541925E-002 -7.115860772656496E-002
  1.266848184232352E-002  6.019221127735029E-002 -8.206381070073986E-002
  1.816922070801170E-002  5.147107235442835E-002 -8.642396690609826E-002
  2.541473013838338E-002  4.397494560613747E-002 -8.742788222758717E-002
  3.571885038664122E-002  4.170605654354198E-002 -8.681532793315545E-002
  4.590176405213425E-002  4.121243279867614E-002 -8.227812102414407E-002
  5.187311718768375E-002  4.251560038254281E-002 -7.121313515861451E-002
  4.374698397733395E-002  3.599405825136095E-002 -5.116760222421902E-002
  2.678616185266807E-002  3.095577658247358E-002 -2.932381633779054E-002
 -9.470344080921726E-003  5.609657623742557E-003 -6.000239018175568E-003
  0.000000000000000E+000  0.000000000000000E+000  0.000000000000000E+000
  0.000000000000000E+000  0.000000000000000E+000  0.000000000000000E+000
  0.000000000000000E+000  0.000000000000000E+000  0.000000000000000E+000
  0.000000000000000E+000  0.000000000000000E+000  0.000000000000000E+000
  6.473043820455536E-003 -4.469516705695995E-003 -4.417198930094419E-003
  8.558799600366608E-003  1.992177378643011E-002 -1.542785779236144E-002
  7.961300877051481E-003  3.157248926824628E-002 -3.029830030691946E-002
  7.574344835337194E-003  3.996207830069082E-002 -4.420500637172198E-002
  8.329069311389587E-003  3.852306369641445E-002 -5.402257206194378E-002
  1.172504276993507E-002  3.396984295113766E-002 -5.880276785767861E-002
  1.706520317206126E-002  2.949262173646966E-002 -6.064980065944005E-002
  2.376253695431561E-002  2.733887458367539E-002 -5.919272002945732E-002
  2.928001431678397E-002  2.659450139379694E-002 -5.423443188311396E-002
  3.081638794956615E-002  2.656353008116298E-002 -4.422651866308548E-002
  2.337610466494520E-002  2.271014813482213E-002 -3.030700685693526E-002
  1.294587882195869E-002  1.729463105341844E-002 -1.535650992898572E-002
 -7.108061640121395E-003  3.397785366299176E-003 -4.410903265298316E-003
  0.000000000000000E+000  0.000000000000000E+000  0.000000000000000E+000
  0.000000000000000E+000  0.000000000000000E+000  0.000000000000000E+000
  0.000000000000000E+000  0.000000000000000E+000  0.000000000000000E+000
  0.000000000000000E+000  0.000000000000000E+000  0.000000000000000E+000
  1.786069904879373E-003 -3.389884868406229E-003 -1.410563980443119E-003
  4.280775651422672E-003  4.566221823923821E-003 -4.580082205548521E-003
  4.821279892575161E-003  6.342136897247283E-003 -7.649243290569870E-003
  5.345086853908196E-003  1.201508836882208E-002 -1.310335813354608E-002
  4.778528965055840E-003  1.230215784293895E-002 -1.647928974387742E-002
  5.419294661736324E-003  1.246732221001840E-002 -1.964953777497125E-002
  6.550655648475403E-003  1.127007152571058E-002 -2.060898565897798E-002
  8.194552468263717E-003  1.108115333115152E-002 -1.985290385782461E-002
  8.280628013260429E-003  1.036826312774440E-002 -1.655797843008882E-002
  7.741787965206953E-003  1.062805220545511E-002 -1.310612286030183E-002
  3.099598529066903E-003  7.352197369175948E-003 -7.646351294331514E-003
  1.827908462374436E-003  5.968110174559307E-003 -4.579303264897142E-003
 -3.833706124112680E-003 -1.432033690141301E-004 -1.377267362304899E-003
  0.000000000000000E+000  0.000000000000000E+000  0.000000000000000E+000
  0.000000000000000E+000  0.000000000000000E+000  0.000000000000000E+000
  0.000000000000000E+000  0.000000000000000E+000  0.000000000000000E+000
  0.000000000000000E+000  0.000000000000000E+000  0.000000000000000E+000
  0.000000000000000E+000  0.000000000000000E+000  0.000000000000000E+000
  0.000000000000000E+000  0.000000000000000E+000  0.000000000000000E+000
  0.000000000000000E+000  0.000000000000000E+000  0.000000000000000E+000
  0.000000000000000E+000  0.000000000000000E+000  0.000000000000000E+000
  0.000000000000000E+000  0.000000000000000E+000  0.000000000000000E+000
  0.000000000000000E+000  0.000000000000000E+000  0.000000000000000E+000
  0.000000000000000E+000  0.000000000000000E+000  0.000000000000000E+000
  0.000000000000000E+000  0.000000000000000E+000  0.000000000000000E+000
  0.000000000000000E+000  0.000000000000000E+000  0.000000000000000E+000
  0.000000000000000E+000  0.000000000000000E+000  0.000000000000000E+000
  0.000000000000000E+000  0.000000000000000E+000  0.000000000000000E+000
  0.000000000000000E+000  0.000000000000000E+000  0.000000000000000E+000
  0.000000000000000E+000  0.000000000000000E+000  0.000000000000000E+000
  0.000000000000000E+000  0.000000000000000E+000  0.000000000000000E+000
  0.000000000000000E+000  0.000000000000000E+000  0.000000000000000E+000
  0.000000000000000E+000  0.000000000000000E+000  0.000000000000000E+000
  0.000000000000000E+000  0.000000000000000E+000  0.000000000000000E+000
  0.000000000000000E+000  0.000000000000000E+000  0.000000000000000E+000
  0.000000000000000E+000  0.000000000000000E+000  0.000000000000000E+000
  0.000000000000000E+000  0.000000000000000E+000  0.000000000000000E+000
  0.000000000000000E+000  0.000000000000000E+000  0.000000000000000E+000
  0.000000000000000E+000  0.000000000000000E+000  0.000000000000000E+000
  0.000000000000000E+000  0.000000000000000E+000  0.000000000000000E+000
  0.000000000000000E+000  0.000000000000000E+000  0.000000000000000E+000
  0.000000000000000E+000  0.000000000000000E+000  0.000000000000000E+000
  0.000000000000000E+000  0.000000000000000E+000  0.000000000000000E+000
  0.000000000000000E+000  0.000000000000000E+000  0.000000000000000E+000
  0.000000000000000E+000  0.000000000000000E+000  0.000000000000000E+000
  0.000000000000000E+000  0.000000000000000E+000  0.000000000000000E+000
  0.000000000000000E+000  0.000000000000000E+000  0.000000000000000E+000
  0.000000000000000E+000  0.000000000000000E+000  0.000000000000000E+000
  0.000000000000000E+000  0.000000000000000E+000  0.000000000000000E+000
  0.000000000000000E+000  0.000000000000000E+000  0.000000000000000E+000
  0.000000000000000E+000  0.000000000000000E+000  0.000000000000000E+000
  2.236750285405539E-002  2.032216550764578E-003 -5.341266874422015E-002
  4.120308589924251E-002 -3.971174805624325E-003 -9.039520758015310E-002
  5.743973848667193E-002 -2.464965507091097E-003 -0.156547924987566     
  5.625076796826577E-002  7.092344323214226E-003 -0.211290821681024     
  5.989291375852319E-002  6.389159418637984E-002 -0.274724829115091     
  8.740379078121481E-002  0.153557559104251      -0.337588691877761     
  0.117813377287864       0.203249178123384      -0.368535954805444     
  9.069924495756088E-002  0.153118455636062      -0.337959840023256     
  2.691096959150397E-002  8.445300645100907E-002 -0.275076128133286     
 -2.117084773176052E-002  5.232793861491095E-002 -0.211296155270436     
 -3.138567774752108E-002  4.785558193522137E-002 -0.156433868096414     
 -2.391843706896419E-002  3.364705962352818E-002 -9.046125203072261E-002
 -8.527606255914415E-003  2.085057828643389E-002 -5.343479251135100E-002
  0.000000000000000E+000  0.000000000000000E+000  0.000000000000000E+000
  0.000000000000000E+000  0.000000000000000E+000  0.000000000000000E+000
  0.000000000000000E+000  0.000000000000000E+000  0.000000000000000E+000
  0.000000000000000E+000  0.000000000000000E+000  0.000000000000000E+000
  1.703844360181458E-002  2.085601702562290E-003 -4.592802121983598E-002
  3.806335449984016E-002 -5.301848699100991E-003 -8.560917806391717E-002
  4.682052924069174E-002 -3.817043061050194E-003 -0.146436568706234     
  4.526952305634804E-002  8.197428175026871E-003 -0.206619071195014     
  4.656007761816416E-002  6.146599304437220E-002 -0.269510115431407     
  7.059719259843461E-002  0.141784054590315      -0.334232837810448     
  0.103638791396085       0.178760707863090      -0.365106822708694     
  8.863361374019146E-002  0.132312732511005      -0.334591946177560     
  3.108861836053191E-002  7.130795328441006E-002 -0.269758257580010     
 -1.488978928705146E-002  4.325697255872852E-002 -0.206580266301848     
 -2.683433630256914E-002  3.826393137368749E-002 -0.146391943209883     
 -2.310857991245163E-002  3.034947906283695E-002 -8.572725783550245E-002
 -5.975275806954539E-003  1.621658565452020E-002 -4.592210573503685E-002
  0.000000000000000E+000  0.000000000000000E+000  0.000000000000000E+000
  0.000000000000000E+000  0.000000000000000E+000  0.000000000000000E+000
  0.000000000000000E+000  0.000000000000000E+000  0.000000000000000E+000
  0.000000000000000E+000  0.000000000000000E+000  0.000000000000000E+000
  1.314283728733627E-002  2.321009042832269E-003 -3.667622160669749E-002
  3.046372248495505E-002 -7.647105932463522E-003 -7.341114446684412E-002
  3.077174916038344E-002 -7.405178413909220E-003 -0.130711931176165     
  2.510615636313322E-002  5.205014778061220E-003 -0.192426266763260     
  2.475265960643439E-002  4.828939947118457E-002 -0.256533324364773     
  4.885158772267228E-002  0.119237836472899      -0.321424444505214     
  8.612093460034741E-002  0.148437667241852      -0.352830847491860     
  7.946366963748665E-002  0.101620781359739      -0.321587362185188     
  2.974766500130502E-002  4.511411825506607E-002 -0.256500818251142     
 -7.785178156801168E-003  2.406698470874549E-002 -0.192324513647288     
 -2.102559511471337E-002  2.298295247230795E-002 -0.130812725666773     
 -2.064352507309606E-002  2.285503331698641E-002 -7.365738250410553E-002
 -4.107521599584743E-003  1.281931116687711E-002 -3.660679096632449E-002
  0.000000000000000E+000  0.000000000000000E+000  0.000000000000000E+000
  0.000000000000000E+000  0.000000000000000E+000  0.000000000000000E+000
  0.000000000000000E+000  0.000000000000000E+000  0.000000000000000E+000
  0.000000000000000E+000  0.000000000000000E+000  0.000000000000000E+000
  1.210241350287248E-002 -3.154641807388102E-005 -2.853245126019519E-002
  1.969355934946746E-002 -3.602601301667373E-003 -5.918711543166805E-002
  1.470172930486852E-002  2.547987040637978E-003 -0.114139957769180     
  3.363662334213845E-003  1.467934299173701E-002 -0.175873291712836     
  2.661033741348351E-003  3.184080588841156E-002 -0.228822056052621     
  1.737612593815642E-002  6.349793394058288E-002 -0.277809872962253     
  4.344695776783555E-002  7.457162009977017E-002 -0.301988720471221     
  4.703600236924324E-002  4.666043067764707E-002 -0.278136999709265     
  2.577010707938910E-002  1.723389713899856E-002 -0.228396534480513     
  1.047987351523860E-002  9.440178666450715E-003 -0.175450986453279     
 -4.168024444612179E-003  1.414580561870341E-002 -0.114345825553742     
 -1.133064956378536E-002  1.557431119287748E-002 -5.943266552543540E-002
 -6.004733358487564E-003  1.065747961743661E-002 -2.841091172376180E-002
  0.000000000000000E+000  0.000000000000000E+000  0.000000000000000E+000
  0.000000000000000E+000  0.000000000000000E+000  0.000000000000000E+000
  0.000000000000000E+000  0.000000000000000E+000  0.000000000000000E+000
  0.000000000000000E+000  0.000000000000000E+000  0.000000000000000E+000
  7.864893969410218E-003 -5.357323651197146E-003 -1.974931696561251E-002
  1.469565238368692E-002  8.028472023007856E-003 -5.057762437132225E-002
  5.602817336643193E-005  2.634213359509907E-002 -0.105845427165060     
 -1.114104793054351E-002  5.761057473533564E-002 -0.176784054345766     
 -1.148802036336126E-002  4.427573082412409E-002 -0.215615683275306     
 -1.005087109566501E-002  5.419970793550742E-003 -0.215947823917143     
 -7.817762178216210E-003 -1.422352102284785E-002 -0.211890351214390     
  1.111953751285126E-002 -5.396196027975359E-003 -0.217174694691879     
  4.398251765551343E-002  1.147746738799772E-002 -0.215424131682119     
  5.434833126790709E-002  1.812945369319629E-002 -0.176017668108753     
  2.271554744760083E-002  1.278828383171660E-002 -0.105663059658212     
  8.328140226862942E-004  1.705562418716939E-002 -5.071725956152032E-002
 -8.576691341016842E-003  4.094553981415342E-003 -1.953610045940751E-002
  0.000000000000000E+000  0.000000000000000E+000  0.000000000000000E+000
  0.000000000000000E+000  0.000000000000000E+000  0.000000000000000E+000
  0.000000000000000E+000  0.000000000000000E+000  0.000000000000000E+000
  0.000000000000000E+000  0.000000000000000E+000  0.000000000000000E+000
  1.117420296700468E-002 -6.981725652013730E-003 -1.599864386779130E-002
  7.678240023275557E-003  1.784433512810469E-002 -4.286021720841995E-002
 -8.473699612821418E-003  4.888666122099000E-002 -0.100167616905901     
 -2.255111359189899E-002  0.106823571983429      -0.188086864348902     
 -1.792305477832167E-002  8.732411995846390E-002 -0.227740022330411     
 -1.590798091691606E-002  7.475385714747328E-003 -0.191436660212789     
 -1.963576012421371E-002 -3.470449264297961E-002 -0.161472685251709     
  1.560240765348495E-002 -9.742870089764167E-003 -0.192658299749435     
  8.522441491598175E-002  2.800931133928297E-002 -0.228258997546706     
  0.103166277542001       3.314064860335730E-002 -0.187531234538442     
  4.529504915841326E-002  1.626586267375659E-002 -9.933344000885462E-002
  1.195024188718047E-002  1.542242530375891E-002 -4.271097013838871E-002
 -1.158035284204198E-002  6.258569469398581E-003 -1.585625583869050E-002
  0.000000000000000E+000  0.000000000000000E+000  0.000000000000000E+000
  0.000000000000000E+000  0.000000000000000E+000  0.000000000000000E+000
  0.000000000000000E+000  0.000000000000000E+000  0.000000000000000E+000
  0.000000000000000E+000  0.000000000000000E+000  0.000000000000000E+000
  9.055334642372433E-003 -3.193651222029730E-003 -1.052928688718990E-002
  5.018403045079067E-003  1.804781144432935E-002 -3.503789266929785E-002
 -1.128728279331915E-002  5.426511716562870E-002 -8.712144747055983E-002
 -2.721660962328398E-002  0.118194735839253      -0.180195978207153     
 -2.019663778151222E-002  0.115173207528063      -0.233466353788806     
 -9.058502685183378E-003  4.244126017820618E-002 -0.200277293841047     
 -5.907071489165226E-004 -1.621357379774406E-003 -0.168441050489068     
  4.147604678852310E-002  1.274120384531510E-002 -0.200182966291050     
  0.110793008856040       4.019245323751446E-002 -0.234489720011266     
  0.116786800107856       3.552349729854522E-002 -0.180717095988907     
  5.123409304101145E-002  1.648240332702057E-002 -8.600392154414160E-002
  1.260287138337977E-002  1.295842910000242E-002 -3.460205589176214E-002
 -7.060783050612615E-003  6.159371727019709E-003 -1.035765091700783E-002
  0.000000000000000E+000  0.000000000000000E+000  0.000000000000000E+000
  0.000000000000000E+000  0.000000000000000E+000  0.000000000000000E+000
  0.000000000000000E+000  0.000000000000000E+000  0.000000000000000E+000
  0.000000000000000E+000  0.000000000000000E+000  0.000000000000000E+000
  7.696043487467732E-003 -3.416205421871658E-003 -6.100420741642266E-003
  3.690201515111339E-003  1.401163433977513E-002 -2.580309219136851E-002
 -8.022986565331153E-003  3.681394516092040E-002 -6.069927051651254E-002
 -2.255601596663622E-002  8.733655742886667E-002 -0.136781985511112     
 -2.019350073194877E-002  8.883410313368408E-002 -0.185307467693931     
 -9.298902529400712E-003  3.777041100399424E-002 -0.162622170013796     
  4.289210564006809E-003  7.138072535088334E-003 -0.143012409634823     
  3.679826080206763E-002  9.696912601826964E-003 -0.161192028500276     
  8.748725483489572E-002  2.674324228874044E-002 -0.185903808703846     
  8.881028607096174E-002  2.455853819991635E-002 -0.138468558634699     
  3.533498216321504E-002  1.098020294563704E-002 -5.991233831620223E-002
  9.558438013480114E-003  9.601296501435869E-003 -2.535515620414095E-002
 -6.549332806212979E-003  4.996176049946935E-003 -5.834981825963687E-003
  0.000000000000000E+000  0.000000000000000E+000  0.000000000000000E+000
  0.000000000000000E+000  0.000000000000000E+000  0.000000000000000E+000
  0.000000000000000E+000  0.000000000000000E+000  0.000000000000000E+000
  0.000000000000000E+000  0.000000000000000E+000  0.000000000000000E+000
  4.916679128078430E-003 -3.920328305545530E-003 -5.477014948907346E-003
  1.999494028502511E-003  6.498880049251864E-003 -1.208885971405993E-002
 -1.208524767748352E-003  1.336706071523902E-002 -2.947180568101143E-002
 -1.018839942811215E-002  4.103563838684950E-002 -7.049459963821832E-002
 -1.167811118929734E-002  3.484038349960490E-002 -9.035188337545662E-002
 -1.042467330114200E-002  3.765618416844195E-003 -6.447189152421019E-002
 -4.356349309751795E-003 -7.545341981229225E-003 -6.065036170945868E-002
  7.777632242354375E-003 -8.027131764605594E-003 -6.263687840005489E-002
  3.576126674544643E-002  6.854471192445102E-003 -8.987518195690176E-002
  4.210685386066047E-002  1.201160043633303E-002 -7.198537696279007E-002
  1.240215946003301E-002  5.554749326958903E-003 -2.944365394101663E-002
  4.204217476750065E-003  4.525047353689887E-003 -1.162190985883007E-002
 -5.709112319324729E-003  2.302995005376183E-003 -5.504099390372641E-003
  0.000000000000000E+000  0.000000000000000E+000  0.000000000000000E+000
  0.000000000000000E+000  0.000000000000000E+000  0.000000000000000E+000
  0.000000000000000E+000  0.000000000000000E+000  0.000000000000000E+000
  0.000000000000000E+000  0.000000000000000E+000  0.000000000000000E+000
  1.002704056881028E-003 -2.433469187200410E-003 -1.580241501146854E-003
  9.067010787658325E-004  6.918280307790696E-004 -4.017984576581170E-003
 -1.217369673548271E-004 -1.378018327759651E-003 -5.948643383928358E-003
 -7.983268325706736E-004  5.185146674666402E-003 -1.377338596936055E-002
 -4.897895427825970E-003 -5.260120284622602E-004 -1.023808796971056E-002
 -8.060851918674922E-003 -1.002129590097389E-002  2.526778571966885E-003
 -6.909713612583181E-003 -1.167570338894991E-002 -1.318456618923383E-003
 -5.013850684618111E-003 -1.228865304991297E-002  3.442078742142776E-003
  1.822480073625783E-003 -4.822425976625415E-003 -9.628282987716053E-003
  5.267661814099641E-003  1.910859565735824E-003 -1.408083944769258E-002
 -8.996129317163962E-004 -7.663277286431626E-004 -6.023373969133339E-003
  1.513273557643513E-004  9.660900539526391E-004 -3.931397751733946E-003
 -2.572307810711234E-003 -3.216362337534204E-004 -1.528071529334641E-003
  0.000000000000000E+000  0.000000000000000E+000  0.000000000000000E+000
  0.000000000000000E+000  0.000000000000000E+000  0.000000000000000E+000
  0.000000000000000E+000  0.000000000000000E+000  0.000000000000000E+000
  0.000000000000000E+000  0.000000000000000E+000  0.000000000000000E+000
  0.000000000000000E+000  0.000000000000000E+000  0.000000000000000E+000
  0.000000000000000E+000  0.000000000000000E+000  0.000000000000000E+000
  0.000000000000000E+000  0.000000000000000E+000  0.000000000000000E+000
  0.000000000000000E+000  0.000000000000000E+000  0.000000000000000E+000
  0.000000000000000E+000  0.000000000000000E+000  0.000000000000000E+000
  0.000000000000000E+000  0.000000000000000E+000  0.000000000000000E+000
  0.000000000000000E+000  0.000000000000000E+000  0.000000000000000E+000
  0.000000000000000E+000  0.000000000000000E+000  0.000000000000000E+000
  0.000000000000000E+000  0.000000000000000E+000  0.000000000000000E+000
  0.000000000000000E+000  0.000000000000000E+000  0.000000000000000E+000
  0.000000000000000E+000  0.000000000000000E+000  0.000000000000000E+000
  0.000000000000000E+000  0.000000000000000E+000  0.000000000000000E+000
  0.000000000000000E+000  0.000000000000000E+000  0.000000000000000E+000
  0.000000000000000E+000  0.000000000000000E+000  0.000000000000000E+000
  0.000000000000000E+000  0.000000000000000E+000  0.000000000000000E+000
  0.000000000000000E+000  0.000000000000000E+000  0.000000000000000E+000
  0.000000000000000E+000  0.000000000000000E+000  0.000000000000000E+000
  0.000000000000000E+000  0.000000000000000E+000  0.000000000000000E+000
  0.000000000000000E+000  0.000000000000000E+000  0.000000000000000E+000
  0.000000000000000E+000  0.000000000000000E+000  0.000000000000000E+000
  0.000000000000000E+000  0.000000000000000E+000  0.000000000000000E+000
  0.000000000000000E+000  0.000000000000000E+000  0.000000000000000E+000
  0.000000000000000E+000  0.000000000000000E+000  0.000000000000000E+000
  0.000000000000000E+000  0.000000000000000E+000  0.000000000000000E+000
  0.000000000000000E+000  0.000000000000000E+000  0.000000000000000E+000
  0.000000000000000E+000  0.000000000000000E+000  0.000000000000000E+000
  0.000000000000000E+000  0.000000000000000E+000  0.000000000000000E+000
  0.000000000000000E+000  0.000000000000000E+000  0.000000000000000E+000
  0.000000000000000E+000  0.000000000000000E+000  0.000000000000000E+000
  0.000000000000000E+000  0.000000000000000E+000  0.000000000000000E+000
  0.000000000000000E+000  0.000000000000000E+000  0.000000000000000E+000
  0.000000000000000E+000  0.000000000000000E+000  0.000000000000000E+000
  0.000000000000000E+000  0.000000000000000E+000  0.000000000000000E+000
  0.000000000000000E+000  0.000000000000000E+000  0.000000000000000E+000
  -3.99380006604484       -78.6271322322719        34.9005953884429     
   68.7688907141443        8.58404041753179        165.186737707884     
   133.828567311379       -39.7340959157986        249.210291355501     
   147.034117056601        366.844681813093        221.036365381352     
   205.851715384523        677.523735555812        176.332101487430     
   230.887418556145        552.031875117483        302.577675018549     
   234.307270895386        415.609466873172        401.819870991941     
   355.836978221938        480.199340591935        316.127493542653     
   473.694088196657        512.176236679843        196.647003431857     
   253.489898373086        312.063418976003        229.352990455585     
  -86.5081761754573        96.9859233658266        244.599222561990     
  -16.6518857793543        64.7408273174744        155.017019575433     
  -55.4423442919057       -36.5084140202281        27.0066063515032     
  0.000000000000000E+000  0.000000000000000E+000  0.000000000000000E+000
  0.000000000000000E+000  0.000000000000000E+000  0.000000000000000E+000
  0.000000000000000E+000  0.000000000000000E+000  0.000000000000000E+000
  0.000000000000000E+000  0.000000000000000E+000  0.000000000000000E+000
 -1.897404422237121E-002  -61.9180319635463        24.5623644644552     
   87.3674220047671        18.6757815827291        152.141755151933     
   146.392656743627       -15.1341343377508        243.425359415688     
   156.436338718232        241.792095737031        239.159849389961     
   166.662423014645        396.059294185017        221.250725320760     
   162.798439634366        287.824261227530        338.443737282149     
   128.610717858822        228.433912438427        432.199219201505     
   165.124582452948        289.719610407672        352.154992133843     
   251.521370909439        340.829241380571        241.762233100996     
   135.292111468531        258.078194479634        247.066158172882     
  -73.9315614769271        120.780854624674        237.651625278278     
  -17.8480088652097        85.3892082460566        141.794743159379     
  -44.7947728707643       -26.0504495439368        17.9034216846427     
  0.000000000000000E+000  0.000000000000000E+000  0.000000000000000E+000
  0.000000000000000E+000  0.000000000000000E+000  0.000000000000000E+000
  0.000000000000000E+000  0.000000000000000E+000  0.000000000000000E+000
  0.000000000000000E+000  0.000000000000000E+000  0.000000000000000E+000
   4.61041854551595       -31.4602005378986        11.6148193774514     
   109.625255823175        46.4368842791848        127.295937650589     
   160.028852909776        19.5321725733180        226.214521763847     
   150.322496115032       -26.3804192701048        283.455004401942     
   76.2673308608205       -149.165824872301        357.984960807339     
  -14.5718134843627       -210.851885523116        472.154555820566     
  -95.4579598976497       -165.930867766776        530.983823444525     
  -169.948075816784       -109.791540976313        483.499524336648     
  -173.142751398587       -7.17062324595341        377.159547311432     
  -101.472626687620        118.797688287097        291.102387269041     
  -55.2404055788491        150.392608677775        218.895579905862     
  -6.78023480026703        118.292852543537        117.235263177179     
  -24.3272515821608       -9.27856560919295        6.73888788574033     
  0.000000000000000E+000  0.000000000000000E+000  0.000000000000000E+000
  0.000000000000000E+000  0.000000000000000E+000  0.000000000000000E+000
  0.000000000000000E+000  0.000000000000000E+000  0.000000000000000E+000
  0.000000000000000E+000  0.000000000000000E+000  0.000000000000000E+000
   18.0900606722878       -6.85471483246756       -1.74312847198250     
   103.086592855726        108.690508748916        99.2611656110690     
   170.113565186615       -58.3884204605749        207.597388402021     
   117.932883564720       -411.110190068113        365.812210485588     
  -28.6140307329249       -716.329710324213        569.964471765250     
  -199.983382527029       -715.470536093534        705.638008169835     
  -326.915313153056       -570.622205633606        724.337550732763     
  -506.318350558352       -518.159530928371        708.314038640736     
  -605.808925412552       -375.631638564482        582.191335007419     
  -420.678046628862       -99.6446154102638        370.814493007944     
  -138.066354658047        119.064940927634        200.916840433503     
   42.7039909594830        141.205946358479        91.8166273576275     
  -13.5914711229785        12.9593928480060       -5.08139213163644     
  0.000000000000000E+000  0.000000000000000E+000  0.000000000000000E+000
  0.000000000000000E+000  0.000000000000000E+000  0.000000000000000E+000
  0.000000000000000E+000  0.000000000000000E+000  0.000000000000000E+000
  0.000000000000000E+000  0.000000000000000E+000  0.000000000000000E+000
   9.29780596909463       -5.94544681500627        7.00885925019298     
   106.584846826216        135.264970997932        74.1104443937976     
   174.613562244592       -325.419883586666        252.407915575932     
   97.8228216971275       -658.231342831119        422.242527801213     
  -40.3866056574297       -708.657237365551        509.038666956513     
  -175.149114508075       -644.986614948876        608.228732102964     
  -306.228281199780       -533.576942545365        644.077693109554     
  -464.766160741228       -466.839815042685        610.469722685603     
  -590.606385195281       -378.183629629417        512.761359891547     
  -615.222848841445       -232.616608200651        418.428674748013     
  -378.451756121761       -12.2629290116401        248.120610447944     
   54.4330518224892        156.694176273113        69.5074329600189     
  -8.66227482049959        3.55135503096578        4.53787730351854     
  0.000000000000000E+000  0.000000000000000E+000  0.000000000000000E+000
  0.000000000000000E+000  0.000000000000000E+000  0.000000000000000E+000
  0.000000000000000E+000  0.000000000000000E+000  0.000000000000000E+000
  0.000000000000000E+000  0.000000000000000E+000  0.000000000000000E+000
   23.0300326299350        9.41384686712426        6.36736598595111     
   95.0144194145324        76.3858613066084        64.5625788902156     
   197.871264485338       -718.500320619159        390.903961945562     
   96.5575566624595       -741.263476969139        429.859156540715     
   9.12994789700001       -375.635862265784        185.788185327779     
  -45.9543551236117       -310.031627827826        219.727255645068     
  -164.841585226419       -284.663066745871        323.235066903197     
  -251.095440196089       -195.133559728069        228.895922867949     
  -331.541903237541       -170.089116711460        186.992528989363     
  -677.969313558594       -270.354202826705        416.873325962701     
  -728.309338652785       -185.631430310487        386.852884111076     
   3.28592338041403        114.422338418618        63.3353353538318     
  -1.90056093458393        24.5247484286673        3.20829042962127     
  0.000000000000000E+000  0.000000000000000E+000  0.000000000000000E+000
  0.000000000000000E+000  0.000000000000000E+000  0.000000000000000E+000
  0.000000000000000E+000  0.000000000000000E+000  0.000000000000000E+000
  0.000000000000000E+000  0.000000000000000E+000  0.000000000000000E+000
   21.1023099315767        41.4876153102845        9.24588276057211     
   76.1691363253171       -57.5541678179300        72.0822205015593     
   206.868949137189       -947.413084926911        532.251272512585     
   91.4290270559527       -537.238756244739        279.625339076849     
   67.7507535109892       -134.735137430644       -117.361418953720     
   20.5912962539431       -187.600466317222       -17.2165822969739     
  -65.5849675285670       -109.958917489979        36.1679365886439     
  -177.098932633832       -74.6191712906741       -12.3922849646608     
  -156.986481799595       -3.29810292363371       -112.941255894288     
  -503.883556965853       -176.584498232099        269.077467009015     
  -924.352434619018       -289.404620754992        526.262736072402     
  -101.755582104010        32.3374526269072        72.4433270371455     
   26.3703305147991        37.9238082649669        6.48987342364924     
  0.000000000000000E+000  0.000000000000000E+000  0.000000000000000E+000
  0.000000000000000E+000  0.000000000000000E+000  0.000000000000000E+000
  0.000000000000000E+000  0.000000000000000E+000  0.000000000000000E+000
  0.000000000000000E+000  0.000000000000000E+000  0.000000000000000E+000
   28.8509383745260        32.6481728726199       -4.93535134112249     
   37.4732617633046       -132.934593382115        88.9377421718412     
   155.805174717040       -800.501162632168        499.412906618067     
   53.2339288712292       -71.8358685033311       -109.751796601617     
   101.424164752787       -151.874032754490       -159.109199343851     
   47.9980463516984       -167.719480823984       -82.2363974822797     
   143.836510752747        248.973401766641       -639.771370859013     
  -162.446438215670       -35.2806231826371       -94.0704057682361     
  -187.673543014179        13.6820232821835       -151.795149185014     
  -97.0336800389238        13.6772162656693       -104.301684501698     
  -768.518310061087       -259.608041844364        493.025585362593     
  -141.609516644867       -36.7299866615723        88.8908454018915     
   13.9685236207533        40.5961788566337       -6.97868325912129     
  0.000000000000000E+000  0.000000000000000E+000  0.000000000000000E+000
  0.000000000000000E+000  0.000000000000000E+000  0.000000000000000E+000
  0.000000000000000E+000  0.000000000000000E+000  0.000000000000000E+000
  0.000000000000000E+000  0.000000000000000E+000  0.000000000000000E+000
   25.9956972702854        25.7374623384490        2.13525060075658     
  -8.13593079495631       -120.155665506155        70.4039287601416     
   64.1417421867124       -362.528585050782        244.288199469785     
   8.59755025826229        213.550112222029       -411.658536146142     
   105.925872454639       -278.923666734041        87.8460069462877     
   20.4714272548784       -49.8900802141935       -147.971109235581     
   318.206549453368        544.691844511162       -1552.06361414561     
  -39.8376303688111        1.33672593320044       -175.492002802841     
  -292.894989448276       -47.0946776368393        91.1767123728525     
   165.883504503319        111.973367523789       -395.166570618546     
  -345.608880884613       -122.764241687762        241.631241546658     
  -102.272095500232       -67.2567674163292        69.4338688343147     
   8.81909510220131        34.6057900746235       0.846660790693179     
  0.000000000000000E+000  0.000000000000000E+000  0.000000000000000E+000
  0.000000000000000E+000  0.000000000000000E+000  0.000000000000000E+000
  0.000000000000000E+000  0.000000000000000E+000  0.000000000000000E+000
  0.000000000000000E+000  0.000000000000000E+000  0.000000000000000E+000
   12.1128170253387       -5.62955280833695        6.44517910295866     
  -6.42927069296757       -21.8912329541449        18.6694103589227     
   12.2236941887086       -45.3609346065589        4.82373200857177     
   31.9452969879708        96.1754040835367       -205.958434030018     
   29.0414253364555       -206.917458644568        158.458938071573     
   66.3840626054064       -16.8763373381236       -110.391974387543     
   186.553429424563        312.956770956032       -964.982264637500     
  -40.7403205331889        55.0455595760254       -128.376327725018     
  -190.031999671501       -76.9730575707104        157.404782190781     
   62.7243210536984        73.3505479833241       -199.320775421527     
  -46.0523100133472       -11.4972311907036        5.49198087968120     
  -16.5092365870501       -16.0738905254662        17.8807422295989     
  -11.1736723626602        7.36979768329973        5.94446630543834     
  0.000000000000000E+000  0.000000000000000E+000  0.000000000000000E+000
  0.000000000000000E+000  0.000000000000000E+000  0.000000000000000E+000
  0.000000000000000E+000  0.000000000000000E+000  0.000000000000000E+000
  0.000000000000000E+000  0.000000000000000E+000  0.000000000000000E+000
  0.000000000000000E+000  0.000000000000000E+000  0.000000000000000E+000
  0.000000000000000E+000  0.000000000000000E+000  0.000000000000000E+000
  0.000000000000000E+000  0.000000000000000E+000  0.000000000000000E+000
  0.000000000000000E+000  0.000000000000000E+000  0.000000000000000E+000
  0.000000000000000E+000  0.000000000000000E+000  0.000000000000000E+000
  0.000000000000000E+000  0.000000000000000E+000  0.000000000000000E+000
  0.000000000000000E+000  0.000000000000000E+000  0.000000000000000E+000
  0.000000000000000E+000  0.000000000000000E+000  0.000000000000000E+000
  0.000000000000000E+000  0.000000000000000E+000  0.000000000000000E+000
  0.000000000000000E+000  0.000000000000000E+000  0.000000000000000E+000
  0.000000000000000E+000  0.000000000000000E+000  0.000000000000000E+000
  0.000000000000000E+000  0.000000000000000E+000  0.000000000000000E+000
  0.000000000000000E+000  0.000000000000000E+000  0.000000000000000E+000
  0.000000000000000E+000  0.000000000000000E+000  0.000000000000000E+000
  0.000000000000000E+000  0.000000000000000E+000  0.000000000000000E+000
  0.000000000000000E+000  0.000000000000000E+000  0.000000000000000E+000
  0.000000000000000E+000  0.000000000000000E+000  0.000000000000000E+000
  0.000000000000000E+000  0.000000000000000E+000  0.000000000000000E+000
  0.000000000000000E+000  0.000000000000000E+000  0.000000000000000E+000
  0.000000000000000E+000  0.000000000000000E+000  0.000000000000000E+000
  0.000000000000000E+000  0.000000000000000E+000  0.000000000000000E+000
  0.000000000000000E+000  0.000000000000000E+000  0.000000000000000E+000
  0.000000000000000E+000  0.000000000000000E+000  0.000000000000000E+000
  0.000000000000000E+000  0.000000000000000E+000  0.000000000000000E+000
  0.000000000000000E+000  0.000000000000000E+000  0.000000000000000E+000
  0.000000000000000E+000  0.000000000000000E+000  0.000000000000000E+000
  0.000000000000000E+000  0.000000000000000E+000  0.000000000000000E+000
  0.000000000000000E+000  0.000000000000000E+000  0.000000000000000E+000
  0.000000000000000E+000  0.000000000000000E+000  0.000000000000000E+000
  0.000000000000000E+000  0.000000000000000E+000  0.000000000000000E+000
  0.000000000000000E+000  0.000000000000000E+000  0.000000000000000E+000
  0.000000000000000E+000  0.000000000000000E+000  0.000000000000000E+000
