          80  8.000000000000007E-003  8.000000000000007E-003
  0.000000000000000E+000  0.000000000000000E+000  0.000000000000000E+000
  0.000000000000000E+000  0.000000000000000E+000  0.000000000000000E+000
  5.313342104747196E-002  6.627101982984868E-002 -9.201340748225738E-002
  5.977142319647410E-002  7.893706361859318E-002 -0.133865511239912     
  8.403460280933012E-002  0.109914856188546      -0.186318465703872     
  9.200625116701011E-002  0.135897523802729      -0.213977574680730     
  0.103226775083355       0.161840224343673      -0.240764527034894     
  0.115814401738596       0.213967039133829      -0.261589527023797     
  0.135120687698184       0.234090258908642      -0.275730442770140     
  0.127373926457618       0.207319823675836      -0.261588428569694     
  8.857207893792766E-002  0.170375925650238      -0.240772711484205     
  7.173500139507942E-002  0.147700082726404      -0.214007133174298     
  5.321799256042550E-002  0.127802641810949      -0.186374050854227     
  3.848674734569581E-002  9.125973610094952E-002 -0.133921514990718     
  3.083245369391827E-002  7.918886787730250E-002 -9.209378226891932E-002
  0.000000000000000E+000  0.000000000000000E+000  0.000000000000000E+000
  0.000000000000000E+000  0.000000000000000E+000  0.000000000000000E+000
  0.000000000000000E+000  0.000000000000000E+000  0.000000000000000E+000
  0.000000000000000E+000  0.000000000000000E+000  0.000000000000000E+000
  3.725817557745253E-002  6.906623899408512E-002 -7.911700412000831E-002
  5.607094168548200E-002  8.482731618822924E-002 -0.133791449214410     
  7.019506377627772E-002  0.114269712153437      -0.176832645591712     
  8.458296443954660E-002  0.138620855417835      -0.213162354676656     
  9.329126726673033E-002  0.164310994855743      -0.236250988067281     
  0.108745204053272       0.205884450363316      -0.260424676134377     
  0.124180004587860       0.215132881597617      -0.270502426449870     
  0.123892998367207       0.197142381618952      -0.260428041139908     
  9.564580380970879E-002  0.162991622978366      -0.236258717518498     
  7.778373919658639E-002  0.142619850313120      -0.213192210598563     
  6.388770898546788E-002  0.117971791102845      -0.176872601504479     
  4.542689604890149E-002  9.099196281261636E-002 -0.133844675539218     
  4.119495297115174E-002  6.681981389873821E-002 -7.917744604221884E-002
  0.000000000000000E+000  0.000000000000000E+000  0.000000000000000E+000
  0.000000000000000E+000  0.000000000000000E+000  0.000000000000000E+000
  0.000000000000000E+000  0.000000000000000E+000  0.000000000000000E+000
  0.000000000000000E+000  0.000000000000000E+000  0.000000000000000E+000
  2.414070952460189E-002  7.323713454188879E-002 -6.319638958580343E-002
  3.851221811823140E-002  9.973405155658996E-002 -0.122339602258193     
  5.422177284651647E-002  0.121257334428645      -0.167225873776276     
  6.463551101693263E-002  0.142308409600356      -0.202383292538969     
  7.811345849894767E-002  0.173574411737584      -0.230910852982256     
  9.357329720731006E-002  0.190462906539789      -0.253655628164513     
  0.108915935147317       0.188692306439988      -0.262892208716189     
  0.118084243440440       0.176263529365279      -0.253666417544457     
  0.111192751940266       0.154448103340850      -0.230925447947640     
  9.092011927354571E-002  0.127160654671952      -0.202400422112935     
  7.788433597837317E-002  0.107598526518084      -0.167252088428585     
  6.710922732975072E-002  8.320325767283782E-002 -0.122360327341141     
  5.136736879400377E-002  5.752023146406365E-002 -6.322584355550735E-002
  0.000000000000000E+000  0.000000000000000E+000  0.000000000000000E+000
  0.000000000000000E+000  0.000000000000000E+000  0.000000000000000E+000
  0.000000000000000E+000  0.000000000000000E+000  0.000000000000000E+000
  0.000000000000000E+000  0.000000000000000E+000  0.000000000000000E+000
  1.945352112010362E-002  7.057867073431295E-002 -5.130894713786056E-002
  2.213109596325282E-002  0.124842879889281      -0.106784144263542     
  3.414256886151355E-002  0.141830511814877      -0.152351431158453     
  4.415261380273705E-002  0.169358398545700      -0.190043292719931     
  5.830700116582490E-002  0.174558044139246      -0.220328897028304     
  7.254450210445182E-002  0.162454909615354      -0.238674689880280     
  8.707591223404647E-002  0.150861572354215      -0.244495989274875     
  0.104323256300412       0.144055249511762      -0.238713385702819     
  0.121919430055423       0.137773900066529      -0.220344586782541     
  0.124558418641089       0.122921086570453      -0.190049926616894     
  0.105740801232426       0.100474536340027      -0.152340594788698     
  9.702927146118870E-002  8.153061940577445E-002 -0.106750386813161     
  5.139852199275482E-002  5.211242325039638E-002 -5.131492595452274E-002
  0.000000000000000E+000  0.000000000000000E+000  0.000000000000000E+000
  0.000000000000000E+000  0.000000000000000E+000  0.000000000000000E+000
  0.000000000000000E+000  0.000000000000000E+000  0.000000000000000E+000
  0.000000000000000E+000  0.000000000000000E+000  0.000000000000000E+000
  2.183167806240059E-002  5.227469277914135E-002 -4.229834362235118E-002
  1.074151621949668E-002  0.131750337895495      -9.718827905193124E-002
  1.956679112004707E-002  0.161863843523174      -0.141587973143811     
  2.814261933622131E-002  0.170917883291338      -0.180071962652491     
  4.085551961715581E-002  0.155871886054969      -0.205645865226546     
  5.353885580905633E-002  0.134072959664757      -0.219319642700017     
  6.766763300403207E-002  0.117238003210612      -0.223759211158462     
  8.927219825388306E-002  0.113445091308907      -0.219393770092290     
  0.114503976285634       0.113353313129608      -0.205689304980564     
  0.133891111900145       0.109821140958215      -0.180058926080363     
  0.130318787558234       9.782694360721092E-002 -0.141541629997190     
  0.108628839676036       7.507811370603991E-002 -9.710966192013284E-002
  3.434983601008196E-002  4.500009650833230E-002 -4.229610136391683E-002
  0.000000000000000E+000  0.000000000000000E+000  0.000000000000000E+000
  0.000000000000000E+000  0.000000000000000E+000  0.000000000000000E+000
  0.000000000000000E+000  0.000000000000000E+000  0.000000000000000E+000
  0.000000000000000E+000  0.000000000000000E+000  0.000000000000000E+000
  2.460701609214993E-002  2.114598169942379E-002 -3.147517405819524E-002
  3.993026304686935E-003  0.122672269292829      -8.514304473663818E-002
  1.126836257525855E-002  0.149206839687787      -0.129655086371548     
  1.529572071488111E-002  0.150818869237815      -0.165375096238441     
  2.586652030541296E-002  0.130983243116613      -0.187297373763863     
  3.688557857482441E-002  0.104079018165343      -0.197015527956325     
  4.965907348797746E-002  8.603634951054581E-002 -0.199101419244642     
  7.170706307094331E-002  8.410456445015935E-002 -0.197162060240857     
  0.100499133032496       8.797607724625096E-002 -0.187388070218433     
  0.122905559222737       8.865545268161731E-002 -0.165358205866996     
  0.123449877415901       8.429905762474145E-002 -0.129570188470415     
  0.104060960578878       6.464421191753607E-002 -8.500912688477334E-002
  5.978282404897162E-003  3.181254378750791E-002 -3.147019110146360E-002
  0.000000000000000E+000  0.000000000000000E+000  0.000000000000000E+000
  0.000000000000000E+000  0.000000000000000E+000  0.000000000000000E+000
  0.000000000000000E+000  0.000000000000000E+000  0.000000000000000E+000
  0.000000000000000E+000  0.000000000000000E+000  0.000000000000000E+000
  1.729575682980971E-002 -7.804152212614029E-003 -1.938921439299637E-002
  3.675887238021816E-003  0.115355806974905      -7.293606074085382E-002
  5.469535902533594E-003  0.127322452312609      -0.116008111469455     
  4.583384198146173E-003  0.126252332955604      -0.147837613055114     
  1.334581402395925E-002  0.102920939904564      -0.164996725365422     
  2.251310119050404E-002  7.697086197330663E-002 -0.171276540250057     
  3.455428063984269E-002  5.986053714334321E-002 -0.172181949315868     
  5.554480995493750E-002  5.820376455760751E-002 -0.171545182225256     
  8.250730684081946E-002  6.314208976948631E-002 -0.165151293849902     
  0.106977777199902       6.712573995933063E-002 -0.147835889280578     
  0.107386426103781       6.835193578788598E-002 -0.115910991718844     
  9.788394636494237E-002  6.073836292241570E-002 -7.277924757512548E-002
 -1.543819985766257E-002  1.094159668038672E-002 -1.937538215550883E-002
  0.000000000000000E+000  0.000000000000000E+000  0.000000000000000E+000
  0.000000000000000E+000  0.000000000000000E+000  0.000000000000000E+000
  0.000000000000000E+000  0.000000000000000E+000  0.000000000000000E+000
  0.000000000000000E+000  0.000000000000000E+000  0.000000000000000E+000
  6.296132373429420E-003 -1.576720522030289E-002 -1.072994812743220E-002
  1.262117355600782E-002  9.707028779081016E-002 -6.171952980046707E-002
 -3.193036345024710E-003  0.101148752059189      -0.100443827401211     
 -2.798838163594337E-003  9.706143274859150E-002 -0.124062006212734     
  2.580011860461070E-003  7.565675038477501E-002 -0.138290023620264     
  1.079289567641613E-002  5.315976315022745E-002 -0.142735732616571     
  2.204016254436679E-002  3.815031226537338E-002 -0.142583872668885     
  4.092562949182586E-002  3.623265296830584E-002 -0.143235381249471     
  6.431579657585318E-002  4.021530850141901E-002 -0.138520763318356     
  8.537314355497280E-002  4.616911151132298E-002 -0.124089178013337     
  8.912209779832109E-002  4.781583283188033E-002 -0.100381533462446     
  7.758673693692021E-002  5.938175821887409E-002 -6.157770276175405E-002
 -1.679585607810593E-002 -2.553252791308557E-003 -1.072176051713748E-002
  0.000000000000000E+000  0.000000000000000E+000  0.000000000000000E+000
  0.000000000000000E+000  0.000000000000000E+000  0.000000000000000E+000
  0.000000000000000E+000  0.000000000000000E+000  0.000000000000000E+000
  0.000000000000000E+000  0.000000000000000E+000  0.000000000000000E+000
  4.168297239465686E-003 -1.151230899807112E-002 -7.481193833671712E-003
  1.350490074889226E-002  6.706216703959292E-002 -4.497327286702395E-002
 -1.090593000218625E-002  6.361547007372050E-002 -7.084632428297863E-002
 -6.162170249161294E-003  6.344723965649404E-002 -8.943230846367636E-002
 -5.611636210474664E-003  4.649386802103350E-002 -0.101398182318550     
  1.897306186527193E-003  3.246350490733498E-002 -0.106951873899060     
  1.208788549814856E-002  2.088271216513285E-002 -0.108315231338261     
  2.747544208860696E-002  1.811481399622755E-002 -0.107535529391376     
  4.311703561716964E-002  1.848975420464655E-002 -0.101609785419483     
  5.793124364906095E-002  2.644766415992020E-002 -8.947981752919996E-002
  6.055622970999176E-002  2.241223508498347E-002 -7.087708465883008E-002
  5.123049731101412E-002  4.518397989264920E-002 -4.486930313291634E-002
 -1.204213207285417E-002 -2.224655035539355E-003 -7.486415101921208E-003
  0.000000000000000E+000  0.000000000000000E+000  0.000000000000000E+000
  0.000000000000000E+000  0.000000000000000E+000  0.000000000000000E+000
  0.000000000000000E+000  0.000000000000000E+000  0.000000000000000E+000
  0.000000000000000E+000  0.000000000000000E+000  0.000000000000000E+000
  1.926508651361159E-003 -5.635074491017513E-003 -6.428368888323998E-003
  1.205703770314777E-002  1.802368693129625E-002 -1.287633327026946E-002
 -2.015534220592401E-003  2.405668454304522E-002 -2.844132823982123E-002
 -2.133194141912843E-003  2.859488493316549E-002 -4.500592422250541E-002
 -7.486411970193611E-003  2.221846331139467E-002 -5.532896823410303E-002
 -2.555805659180931E-003  1.611486116441807E-002 -6.687829982547394E-002
  4.524586844962869E-003  7.571141707558039E-003 -6.825210156094898E-002
  1.545749284925672E-002  5.942979436661589E-003 -6.747154324849493E-002
  2.291657290672910E-002  4.732763423068648E-003 -5.546856294842503E-002
  2.575436795710594E-002  1.247398471914241E-002 -4.500102902331569E-002
  2.188031977877692E-002  1.029177436896151E-002 -2.847754850985170E-002
  9.593173078508212E-003  1.943375473461650E-002 -1.286793109834085E-002
 -5.838551829844193E-003 -1.169919826102712E-003 -6.423592072525749E-003
  0.000000000000000E+000  0.000000000000000E+000  0.000000000000000E+000
  0.000000000000000E+000  0.000000000000000E+000  0.000000000000000E+000
  0.000000000000000E+000  0.000000000000000E+000  0.000000000000000E+000
  0.000000000000000E+000  0.000000000000000E+000  0.000000000000000E+000
  0.000000000000000E+000  0.000000000000000E+000  0.000000000000000E+000
  0.000000000000000E+000  0.000000000000000E+000  0.000000000000000E+000
  0.000000000000000E+000  0.000000000000000E+000  0.000000000000000E+000
  0.000000000000000E+000  0.000000000000000E+000  0.000000000000000E+000
  0.000000000000000E+000  0.000000000000000E+000  0.000000000000000E+000
  0.000000000000000E+000  0.000000000000000E+000  0.000000000000000E+000
  0.000000000000000E+000  0.000000000000000E+000  0.000000000000000E+000
  0.000000000000000E+000  0.000000000000000E+000  0.000000000000000E+000
  0.000000000000000E+000  0.000000000000000E+000  0.000000000000000E+000
  0.000000000000000E+000  0.000000000000000E+000  0.000000000000000E+000
  0.000000000000000E+000  0.000000000000000E+000  0.000000000000000E+000
  0.000000000000000E+000  0.000000000000000E+000  0.000000000000000E+000
  0.000000000000000E+000  0.000000000000000E+000  0.000000000000000E+000
  0.000000000000000E+000  0.000000000000000E+000  0.000000000000000E+000
  0.000000000000000E+000  0.000000000000000E+000  0.000000000000000E+000
  0.000000000000000E+000  0.000000000000000E+000  0.000000000000000E+000
  0.000000000000000E+000  0.000000000000000E+000  0.000000000000000E+000
  0.000000000000000E+000  0.000000000000000E+000  0.000000000000000E+000
  0.000000000000000E+000  0.000000000000000E+000  0.000000000000000E+000
  0.000000000000000E+000  0.000000000000000E+000  0.000000000000000E+000
  0.000000000000000E+000  0.000000000000000E+000  0.000000000000000E+000
  0.000000000000000E+000  0.000000000000000E+000  0.000000000000000E+000
  0.000000000000000E+000  0.000000000000000E+000  0.000000000000000E+000
  0.000000000000000E+000  0.000000000000000E+000  0.000000000000000E+000
  0.000000000000000E+000  0.000000000000000E+000  0.000000000000000E+000
  0.000000000000000E+000  0.000000000000000E+000  0.000000000000000E+000
  0.000000000000000E+000  0.000000000000000E+000  0.000000000000000E+000
  0.000000000000000E+000  0.000000000000000E+000  0.000000000000000E+000
  0.000000000000000E+000  0.000000000000000E+000  0.000000000000000E+000
  0.000000000000000E+000  0.000000000000000E+000  0.000000000000000E+000
  0.000000000000000E+000  0.000000000000000E+000  0.000000000000000E+000
  0.000000000000000E+000  0.000000000000000E+000  0.000000000000000E+000
  0.000000000000000E+000  0.000000000000000E+000  0.000000000000000E+000
  0.000000000000000E+000  0.000000000000000E+000  0.000000000000000E+000
  1.427569831926085E-003  3.261227708763791E-002 -0.164171932989864     
 -9.460925733588613E-002 -3.573969820037876E-002 -0.448231132889386     
 -0.189108812948499       2.587065590384453E-002 -0.620272645443700     
 -0.320193503809407      -4.483406971169444E-002 -0.622727678672927     
 -0.311170651825620       9.580277748370764E-002 -0.443670326745914     
 -0.171712146058615      -7.135699323618448E-002 -0.550245179488098     
 -0.243719704751425      -0.423319031788128      -0.462342722189179     
  2.956340734495659E-002 -0.180318933804354      -0.552577354288806     
  0.240205779037268      -0.220282367496069      -0.443763945518114     
  0.124745211044404      -0.298746246598254      -0.620026459978169     
  0.120471545568998      -0.151771764537285      -0.617046075570543     
  2.590904182211359E-002 -9.659793050354633E-002 -0.446506079048978     
  2.828643283231519E-002  1.734156921408746E-002 -0.165014845816909     
  0.000000000000000E+000  0.000000000000000E+000  0.000000000000000E+000
  0.000000000000000E+000  0.000000000000000E+000  0.000000000000000E+000
  0.000000000000000E+000  0.000000000000000E+000  0.000000000000000E+000
  0.000000000000000E+000  0.000000000000000E+000  0.000000000000000E+000
 -2.917644995971253E-002  2.496137323182792E-002 -0.130362089456479     
 -0.122514113427683      -2.317295863046176E-002 -0.431078880638588     
 -0.213209267699751       1.025486192337614E-002 -0.615174426098988     
 -0.288562112479546      -1.283761891491781E-002 -0.654704139693016     
 -0.273806136008659       0.119397358950773      -0.443918381664830     
 -0.256601176448475      -0.388296717276728      -0.506686416675963     
 -0.196616388293579      -0.341153151787448      -0.433320712929965     
 -0.201427370119435      -0.411585246440768      -0.509382678415253     
  0.242233509618049      -0.177204805252927      -0.443277643149176     
  0.133052476449643      -0.257965982540026      -0.651633909007853     
  0.118219390348140      -0.180696369292002      -0.611902253403167     
  4.953944811410296E-002 -0.114646411657349      -0.429839008845472     
  3.635223399065174E-002 -1.328818823937219E-002 -0.131152571111040     
  0.000000000000000E+000  0.000000000000000E+000  0.000000000000000E+000
  0.000000000000000E+000  0.000000000000000E+000  0.000000000000000E+000
  0.000000000000000E+000  0.000000000000000E+000  0.000000000000000E+000
  0.000000000000000E+000  0.000000000000000E+000  0.000000000000000E+000
 -4.899276420217929E-002  1.605075776476412E-002 -0.103748619523068     
 -0.166886849569670      -8.049926700632089E-003 -0.367865368223244     
 -0.241496813572647      -1.971400180726108E-002 -0.600135123052687     
 -0.279750523657594      -4.533619489523345E-002 -0.660914237280174     
 -0.254550312571186      -0.214840684479156      -0.492874557977925     
 -0.457606752058151      -0.989444373687334      -0.268306423440154     
 -0.181895942497755      -0.315468642702081      -0.466492469787755     
 -0.626212152972032      -0.891043925940847      -0.269375088456819     
 -5.912045586227554E-002 -0.330719887409616      -0.491865354209553     
  9.527668146404612E-002 -0.270438867774005      -0.657282822236204     
  0.104312594321212      -0.220519023019727      -0.597470932146670     
  8.376547148677856E-002 -0.145710099784923      -0.367238850684686     
  3.712654346561475E-002 -3.566856130398285E-002 -0.104439410103050     
  0.000000000000000E+000  0.000000000000000E+000  0.000000000000000E+000
  0.000000000000000E+000  0.000000000000000E+000  0.000000000000000E+000
  0.000000000000000E+000  0.000000000000000E+000  0.000000000000000E+000
  0.000000000000000E+000  0.000000000000000E+000  0.000000000000000E+000
 -6.207665166145390E-002 -3.838090990776474E-002 -8.901997505520812E-002
 -0.201992784503743       7.372966052598148E-002 -0.313901473559324     
 -0.278205190167344      -2.342847768249263E-002 -0.522900324534001     
 -0.283696684931360       0.136639950970471      -0.615535098560894     
 -0.169210697220086       0.507127452023112      -0.628922849570301     
 -0.185641509540928      -7.748984339891209E-002 -0.458229536877781     
 -0.149683673942312      -0.259422662714337      -0.449034977797958     
  2.758047875977182E-002 -0.197252243906838      -0.458857738284730     
  0.517488884432701       0.103431312357906      -0.626189432066975     
  0.258299828916194      -0.177501963628851      -0.613563272139915     
  0.121302829297528      -0.251351670309900      -0.521058554659651     
  0.165728900531907      -0.138533198670869      -0.314026227061758     
 -4.438812308621762E-003 -7.432943667817268E-002 -8.939519068519429E-002
  0.000000000000000E+000  0.000000000000000E+000  0.000000000000000E+000
  0.000000000000000E+000  0.000000000000000E+000  0.000000000000000E+000
  0.000000000000000E+000  0.000000000000000E+000  0.000000000000000E+000
  0.000000000000000E+000  0.000000000000000E+000  0.000000000000000E+000
 -4.740405051136508E-002 -7.467761146258792E-002 -7.415179411021204E-002
 -0.206805826370480      -5.705292042331274E-002 -0.275116805171800     
 -0.270694529229369      -4.535685944076698E-002 -0.473340090712556     
 -0.256215992460505      -0.162291557297633      -0.516357733399947     
 -0.197885763925294      -0.317974072669556      -0.449243206490353     
 -0.303644045862458      -0.695130806371335      -0.167537063111798     
 -0.217022726009059      -0.372610605696041      -0.289702281567044     
 -0.443435910082178      -0.601130473957238      -0.174323357100974     
 -0.167030325396278      -0.322403744794389      -0.452830017003546     
 -1.526189782869347E-002 -0.302831741450582      -0.513845920728042     
  9.430660421751422E-002 -0.256537914468537      -0.472402422969220     
  5.086310916742894E-002 -0.208527476569311      -0.274820953498684     
 -4.208732689728712E-002 -7.931775210951378E-002 -7.476244611058337E-002
  0.000000000000000E+000  0.000000000000000E+000  0.000000000000000E+000
  0.000000000000000E+000  0.000000000000000E+000  0.000000000000000E+000
  0.000000000000000E+000  0.000000000000000E+000  0.000000000000000E+000
  0.000000000000000E+000  0.000000000000000E+000  0.000000000000000E+000
 -5.439429660546145E-002 -1.589826771031347E-002 -6.870851556220489E-002
 -6.625857741285696E-002 -0.386887615135750      -0.192573362134678     
 -0.211301491089014      -0.317784755393692      -0.368553965588674     
 -0.161932848238965      -0.482762184073704      -0.355324260666153     
 -0.159738948835482      -0.806380560478383      -0.139700369727913     
 -9.841236634332623E-002 -0.203663007971782      -0.385958860399990     
  9.353151006615212E-002  0.160690241606679      -0.718638118957526     
 -0.143875566098839      -0.204764315887016      -0.370135182816599     
 -0.622835522442453      -0.543793794533906      -0.137513114901906     
 -0.335182908727025      -0.378648238094532      -0.355298762778527     
 -0.174597091696448      -0.341892342719411      -0.366429806326807     
 -0.301649889277547      -0.249634396140716      -0.193959437531605     
  1.343772326500795E-002 -5.544843954234868E-002 -6.972193777760233E-002
  0.000000000000000E+000  0.000000000000000E+000  0.000000000000000E+000
  0.000000000000000E+000  0.000000000000000E+000  0.000000000000000E+000
  0.000000000000000E+000  0.000000000000000E+000  0.000000000000000E+000
  0.000000000000000E+000  0.000000000000000E+000  0.000000000000000E+000
 -3.384132505224759E-002  1.728234973688170E-002 -7.247008380423767E-002
 -4.666374278410681E-002 -0.398932730434331      -0.163071802077240     
 -0.101596354504705      -0.387601252688487      -0.310112140673697     
 -7.300254933764597E-002 -0.465927686508961      -0.257563915579027     
 -7.004637360676838E-002  2.369524438278321E-002 -0.541686327125271     
  5.469162193576840E-002  0.157452774698159      -0.713082390916365     
 -2.888844392480328E-002 -5.049848198050438E-002 -0.486979222018911     
  0.117260943930609       0.133236361179369      -0.720803679525823     
  6.113892947036783E-002 -4.813818734059869E-002 -0.544369549640445     
 -0.366281497226747      -0.297427224546278      -0.256629661122204     
 -0.274818294604190      -0.276486741071108      -0.314400449648305     
 -0.316236150368118      -0.237752650337527      -0.165668294164735     
  3.084766355310815E-002 -2.020067735230626E-002 -7.399233968621971E-002
  0.000000000000000E+000  0.000000000000000E+000  0.000000000000000E+000
  0.000000000000000E+000  0.000000000000000E+000  0.000000000000000E+000
  0.000000000000000E+000  0.000000000000000E+000  0.000000000000000E+000
  0.000000000000000E+000  0.000000000000000E+000  0.000000000000000E+000
 -1.391568596903155E-002  1.014867704830140E-002 -6.298536419441239E-002
 -7.183734419800961E-002 -0.264329822786631      -0.165548308853161     
 -0.105910939532850      -8.302963715517446E-002 -0.359757393895472     
 -0.197831576383402       0.553355370607688      -0.942445821803197     
 -3.788222063169715E-002  0.323875560896385      -0.807641536718117     
 -8.422688737258105E-003  0.247128807308983      -0.708211977921930     
  0.291338264465181       0.500872403400574       -1.10390351400706     
  0.219033477327309       0.112932116748532      -0.705857586494141     
  0.293242523618172       0.125576737757069      -0.799807911534877     
  0.569790820948874       0.103554068663922      -0.937505929006692     
 -1.035419862715633E-002 -0.130234667274104      -0.365854842321413     
 -0.182093842109705      -0.190418545285750      -0.169617937652653     
  1.407972787916757E-002 -7.061533306925360E-003 -6.355006620655893E-002
  0.000000000000000E+000  0.000000000000000E+000  0.000000000000000E+000
  0.000000000000000E+000  0.000000000000000E+000  0.000000000000000E+000
  0.000000000000000E+000  0.000000000000000E+000  0.000000000000000E+000
  0.000000000000000E+000  0.000000000000000E+000  0.000000000000000E+000
 -9.462494965159968E-003  4.284761388358689E-003 -4.114793471598992E-002
 -5.184195491751075E-002 -0.166651919428417      -0.110188345243645     
 -6.932268495567080E-002  4.936780162233520E-002 -0.356829764011700     
 -9.588696268761683E-002  9.780792356575030E-002 -0.517350895648035     
 -4.523255519539190E-002  0.188827076109311      -0.553739069358182     
 -6.403176078206472E-003  1.854400540831960E-002 -0.258197317370457     
  8.399679934842258E-002  0.142069906862450      -0.496171118781832     
  1.920790351158946E-002  4.275085342315365E-003 -0.256811094318617     
  0.192427353500380       5.688865002864964E-002 -0.567651459129138     
  0.140312443413613      -3.359050763611462E-002 -0.525245525286707     
  5.857698811899526E-002 -3.770826283921437E-002 -0.341740207073704     
 -0.111158760131590      -0.124557618423343      -0.115474801593762     
  7.499616427044965E-003 -6.209626193545631E-003 -4.078763985206685E-002
  0.000000000000000E+000  0.000000000000000E+000  0.000000000000000E+000
  0.000000000000000E+000  0.000000000000000E+000  0.000000000000000E+000
  0.000000000000000E+000  0.000000000000000E+000  0.000000000000000E+000
  0.000000000000000E+000  0.000000000000000E+000  0.000000000000000E+000
 -1.449680788371211E-002 -4.916593878202792E-003 -3.206509294223230E-002
 -1.707152684990624E-002 -6.274808608419749E-002 -7.137060809706681E-002
  6.451669525186067E-002 -0.165310735766317      -5.811859838564582E-002
  0.211063224165721      -0.282137343172906       0.315178032288516     
 -7.327085733505671E-002  0.133028945133742      -0.529814816522104     
  6.956692873340913E-002 -7.980492237394816E-002  0.115090819077805     
  5.426648100800788E-003  1.063110640117090E-002  0.365709841682489     
 -9.704638949559333E-002  1.956346112370008E-002  9.630402855633503E-002
  0.145737186772259       3.606489369018527E-003 -0.523514354314433     
 -0.345692140737088       4.233262833061203E-002  0.305657207230772     
 -0.187191782088032      -2.878090755866145E-002 -4.466429788342734E-002
 -4.447439749924120E-002 -4.587818452428680E-002 -7.238414658535054E-002
  2.696683282051963E-003 -1.470724433581263E-002 -3.216725192394183E-002
  0.000000000000000E+000  0.000000000000000E+000  0.000000000000000E+000
  0.000000000000000E+000  0.000000000000000E+000  0.000000000000000E+000
  0.000000000000000E+000  0.000000000000000E+000  0.000000000000000E+000
  0.000000000000000E+000  0.000000000000000E+000  0.000000000000000E+000
  0.000000000000000E+000  0.000000000000000E+000  0.000000000000000E+000
  0.000000000000000E+000  0.000000000000000E+000  0.000000000000000E+000
  0.000000000000000E+000  0.000000000000000E+000  0.000000000000000E+000
  0.000000000000000E+000  0.000000000000000E+000  0.000000000000000E+000
  0.000000000000000E+000  0.000000000000000E+000  0.000000000000000E+000
  0.000000000000000E+000  0.000000000000000E+000  0.000000000000000E+000
  0.000000000000000E+000  0.000000000000000E+000  0.000000000000000E+000
  0.000000000000000E+000  0.000000000000000E+000  0.000000000000000E+000
  0.000000000000000E+000  0.000000000000000E+000  0.000000000000000E+000
  0.000000000000000E+000  0.000000000000000E+000  0.000000000000000E+000
  0.000000000000000E+000  0.000000000000000E+000  0.000000000000000E+000
  0.000000000000000E+000  0.000000000000000E+000  0.000000000000000E+000
  0.000000000000000E+000  0.000000000000000E+000  0.000000000000000E+000
  0.000000000000000E+000  0.000000000000000E+000  0.000000000000000E+000
  0.000000000000000E+000  0.000000000000000E+000  0.000000000000000E+000
  0.000000000000000E+000  0.000000000000000E+000  0.000000000000000E+000
  0.000000000000000E+000  0.000000000000000E+000  0.000000000000000E+000
  0.000000000000000E+000  0.000000000000000E+000  0.000000000000000E+000
  0.000000000000000E+000  0.000000000000000E+000  0.000000000000000E+000
  0.000000000000000E+000  0.000000000000000E+000  0.000000000000000E+000
  0.000000000000000E+000  0.000000000000000E+000  0.000000000000000E+000
  0.000000000000000E+000  0.000000000000000E+000  0.000000000000000E+000
  0.000000000000000E+000  0.000000000000000E+000  0.000000000000000E+000
  0.000000000000000E+000  0.000000000000000E+000  0.000000000000000E+000
  0.000000000000000E+000  0.000000000000000E+000  0.000000000000000E+000
  0.000000000000000E+000  0.000000000000000E+000  0.000000000000000E+000
  0.000000000000000E+000  0.000000000000000E+000  0.000000000000000E+000
  0.000000000000000E+000  0.000000000000000E+000  0.000000000000000E+000
  0.000000000000000E+000  0.000000000000000E+000  0.000000000000000E+000
  0.000000000000000E+000  0.000000000000000E+000  0.000000000000000E+000
  0.000000000000000E+000  0.000000000000000E+000  0.000000000000000E+000
  0.000000000000000E+000  0.000000000000000E+000  0.000000000000000E+000
  0.000000000000000E+000  0.000000000000000E+000  0.000000000000000E+000
  0.000000000000000E+000  0.000000000000000E+000  0.000000000000000E+000
   207.222634023029       -494.857814912147       -644.234029933748     
   378.880176924905        355.193600678179       -2526.17865322019     
   990.707161239715       -956.552278510619       -2195.90108037803     
   2141.19299986248        1125.15761686445       -816.539524859930     
   5574.77941780226       -2838.68231118026       -1563.20581566204     
   4665.63939652353        5061.66424985532       -5785.68535291991     
   12778.4436417046        22021.4174084655       -11499.8532014343     
   2186.55861017410        6542.04160688736       -5831.06299180772     
  -5209.30980145056        3321.84641968286       -1564.57880200982     
  0.802191766878635        2390.54435935319       -810.823387298381     
  -1453.14597273708        244.657770762060       -2167.44426411042     
   275.698108109850        570.738180188840       -2502.85467046909     
  -534.218249430669       -72.7119658176616       -646.598362151257     
  0.000000000000000E+000  0.000000000000000E+000  0.000000000000000E+000
  0.000000000000000E+000  0.000000000000000E+000  0.000000000000000E+000
  0.000000000000000E+000  0.000000000000000E+000  0.000000000000000E+000
  0.000000000000000E+000  0.000000000000000E+000  0.000000000000000E+000
  -7.76130274981018       -221.709030696703       -468.748263923849     
   270.895096329783        77.5718951606245       -2308.83878986485     
   1139.93894988206       -410.040012451807       -2390.31684434765     
   2558.57482149598        518.962594945329       -418.972262295873     
   4046.00091760073       -994.591776946815       -1028.49756276694     
   4070.52062476435        5635.00666328143       -5352.60741381063     
   9195.46450908022        15816.0912212251       -10235.8736303363     
   2881.61922176502        6244.33617116830       -5387.64742087548     
  -2821.26585716800        2924.91097260168       -1036.31504728994     
  -772.648385981306        2419.20276897262       -411.485546812365     
  -969.245093506714        695.982238613082       -2364.20330362023     
   72.7112337443096        333.220547419158       -2290.60067693290     
  -218.140004963538       -134.920100082075       -470.462540537799     
  0.000000000000000E+000  0.000000000000000E+000  0.000000000000000E+000
  0.000000000000000E+000  0.000000000000000E+000  0.000000000000000E+000
  0.000000000000000E+000  0.000000000000000E+000  0.000000000000000E+000
  0.000000000000000E+000  0.000000000000000E+000  0.000000000000000E+000
  -16.2377458161208        498.772067087180       -368.652204525253     
  -161.652153805503       -1096.21926015842       -1837.44183673568     
   1087.02033887999        183.911974727527       -2340.84594650406     
   2124.90719705393        462.727907946866       -545.795135359688     
   1799.56659628998       -2409.36779018465       -185.516255178782     
   2016.32639873319        4013.87679992458       -4464.36678611253     
   4422.27577057171        7603.89327880622       -7570.39309245900     
   2377.53527856457        3570.15357714421       -4446.35237923077     
  -2994.81674894103        261.005815999035       -201.991967444268     
  -629.396922007013        2012.23010025668       -544.736942637093     
  -317.295577659463        1025.66880869405       -2323.71186289614     
  -752.469424541104       -631.976548796045       -1830.20084298272     
   351.235504257523        187.557926512543       -367.605244234315     
  0.000000000000000E+000  0.000000000000000E+000  0.000000000000000E+000
  0.000000000000000E+000  0.000000000000000E+000  0.000000000000000E+000
  0.000000000000000E+000  0.000000000000000E+000  0.000000000000000E+000
  0.000000000000000E+000  0.000000000000000E+000  0.000000000000000E+000
  -398.640796740909        1163.50770112136       -452.265649309106     
   203.141798603751        2469.94329485416       -1256.79135055339     
   995.258327852021       -1637.45657085881       -1429.58556997964     
   1752.35120762853        1504.16726340639       -973.771574345837     
   1270.02642881624       -1238.08199169255       -732.280505032328     
  -1191.44078649038       -4629.79759118002       -1864.20898446921     
   202.873119568980        383.424512900920       -3401.25661528811     
  -3299.09217460015       -3208.58627870756       -1950.22510663432     
  -1593.16572274475        548.569015823754       -760.021511348739     
   366.872974362595        2221.71742454683       -981.122465052264     
  -1997.87258980568       0.267874413164001       -1435.90545940752     
   1983.27744764540        1381.07756640193       -1258.03974819456     
   1069.02877392627        177.971441908739       -443.394690979126     
  0.000000000000000E+000  0.000000000000000E+000  0.000000000000000E+000
  0.000000000000000E+000  0.000000000000000E+000  0.000000000000000E+000
  0.000000000000000E+000  0.000000000000000E+000  0.000000000000000E+000
  0.000000000000000E+000  0.000000000000000E+000  0.000000000000000E+000
  -25.4800389745988        150.381507917321       -530.458450117353     
  -1126.70932593421        6368.94194642469       -1453.07774114224     
   1616.38033598922        3214.54286217470       -1412.27581582241     
   1648.71840714135        12.1210881370353       -1187.74297599618     
   1201.69091957286        2422.31690276662       -2049.21124045933     
  -764.157382261104       -3141.85869687973       -1398.31933731661     
   2149.90532250045        3747.02969284922       -4538.23270393485     
  -2534.25826812633       -2391.10544831484       -1308.65784248319     
   1490.34358287044        2308.24621497947       -2077.15928055575     
  -823.349462801054        1468.15357096118       -1208.68402444360     
   1937.82726016681        3013.05361987339       -1425.99064482865     
   5901.78568180478        2164.13362882086       -1434.90431712927     
   85.1233389889827        17.6967197071509       -528.938092223885     
  0.000000000000000E+000  0.000000000000000E+000  0.000000000000000E+000
  0.000000000000000E+000  0.000000000000000E+000  0.000000000000000E+000
  0.000000000000000E+000  0.000000000000000E+000  0.000000000000000E+000
  0.000000000000000E+000  0.000000000000000E+000  0.000000000000000E+000
  -485.852697820220        466.732819220267       -225.334413825557     
   2608.98876736974       -4760.42170055844        1127.06154267667     
   2616.58651124512       -4163.31115709046        267.655818293944     
   1230.11944475777        2381.21966253245       -2228.81300000914     
   1571.37285471849        10544.5124592863       -6890.42411153475     
   373.153077626252        4014.57654282500       -4110.55479235848     
   4864.67404827907        8446.79462671516       -8026.84175887605     
   3275.29618328115        2340.49319477953       -4091.46320997070     
   8336.69767233934        6645.28382923257       -6894.83593867843     
   1378.54492869249        2280.33781033963       -2227.51518622427     
  -4846.81763093006        248.263241895679        233.145563002853     
  -5446.82006450418       -114.913301784631        1121.64122146369     
   638.199026049983       -205.988948375484       -244.880923649309     
  0.000000000000000E+000  0.000000000000000E+000  0.000000000000000E+000
  0.000000000000000E+000  0.000000000000000E+000  0.000000000000000E+000
  0.000000000000000E+000  0.000000000000000E+000  0.000000000000000E+000
  0.000000000000000E+000  0.000000000000000E+000  0.000000000000000E+000
  -759.766229403645        641.521405960386       -378.135851703737     
   4242.37353171043       -8686.27237032894        2513.66416502328     
   3329.75423874149       -7874.90633211670        2467.33325015159     
   568.435733890168        4663.08229706465       -4025.30868717358     
   555.456556858849        9092.57313014700       -8031.13758714606     
  -914.420201974551       -6705.27968685490        4458.02026839961     
   84.8874949524877        95.8981113239383        256.085118483708     
  -5133.11879626565       -4021.03936258131        4305.82347648137     
   7569.74834651985        4961.60835375958       -7982.93927740945     
   3704.84450073191        2790.04091107202       -3977.48637899800     
  -8536.90649838408       -1032.41235715588        2496.34511337029     
  -9653.03367609367       -656.599882459068        2501.95175453495     
   945.997694214857       -344.135664297213       -394.603856398192     
  0.000000000000000E+000  0.000000000000000E+000  0.000000000000000E+000
  0.000000000000000E+000  0.000000000000000E+000  0.000000000000000E+000
  0.000000000000000E+000  0.000000000000000E+000  0.000000000000000E+000
  0.000000000000000E+000  0.000000000000000E+000  0.000000000000000E+000
  -189.326028821019        375.702433136872       -711.674500247309     
   2512.21074060303       -5698.50386661899        2270.45852871655     
   251.468644333785        1924.21615192645       -1200.94893538030     
  -1333.56403962515        7051.24116268037       -6548.50070252828     
   880.647923115749       -2574.49932329849        685.043515649867     
  -1828.73277216427       -4546.84224041592        7121.76203372150     
   4195.36306920053        7158.62602125617       -14707.8799567930     
  -3004.87692526913       -3941.00443679033        7229.10973877780     
  -2698.01561697251       -636.073735089201        837.015977683635     
   6775.83498666047        2330.57945734668       -6564.15440112194     
   1530.57359161529        1189.65093527315       -1166.96270489725     
  -6246.33282311048       -670.582070797810        2288.12481336565     
   432.235419922516        23.0929370013149       -731.023720802604     
  0.000000000000000E+000  0.000000000000000E+000  0.000000000000000E+000
  0.000000000000000E+000  0.000000000000000E+000  0.000000000000000E+000
  0.000000000000000E+000  0.000000000000000E+000  0.000000000000000E+000
  0.000000000000000E+000  0.000000000000000E+000  0.000000000000000E+000
   78.7349917427206       -106.938622646447       -463.239683495275     
   791.327689294923       -1548.56117394046        1434.96477382994     
  -3719.17525731725        9072.81286272650       -7967.44420760944     
   903.782938539502       -1537.70583849519        1427.64612055656     
  -529.634774417645       -444.929187255147        1255.62614900334     
   1779.30036104757        967.603145660458       -5182.20975493168     
  -2393.62739499904       -4172.13872001879        6851.43988919828     
  -115.061582396158        2006.75130006255       -4923.87023644416     
  -123.304291999306       -698.069369405689        1215.54502565168     
  -1538.56116777086       -41.9019389644779        1208.13069042555     
   9488.49295340152        1305.16277372929       -7762.20305622212     
  -1788.34687099152       -98.8076496062058        1464.32534235223     
  -126.737156698198        17.7183155766107       -476.405190737203     
  0.000000000000000E+000  0.000000000000000E+000  0.000000000000000E+000
  0.000000000000000E+000  0.000000000000000E+000  0.000000000000000E+000
  0.000000000000000E+000  0.000000000000000E+000  0.000000000000000E+000
  0.000000000000000E+000  0.000000000000000E+000  0.000000000000000E+000
   121.695462665641       -217.226599941075       -124.759691960771     
   376.279936513904        56.1893342589855        320.109643540749     
  -1559.14364286968        4547.44520118868       -5022.40828617761     
   807.241030304079       -1910.92821742811        3364.08452875872     
   1741.29635971740       -657.281174754286        1579.99188224382     
  -1565.95669623689        894.199908029910       -5700.37556333355     
   467.412106055722        796.247502915619       -13757.4099279374     
   1641.93019449913       -912.222676281050       -6117.80222599441     
  -1620.87436189766        1211.23654241337        1951.05702160570     
  -2032.60669197501       -275.553388397056        3235.40698502681     
   4553.35497481874        903.979867649095       -4835.58898843801     
  -124.797816288970        338.148527408457        304.371858810463     
  -254.764579123016        1.37981292297042       -115.397421962346     
  0.000000000000000E+000  0.000000000000000E+000  0.000000000000000E+000
  0.000000000000000E+000  0.000000000000000E+000  0.000000000000000E+000
  0.000000000000000E+000  0.000000000000000E+000  0.000000000000000E+000
  0.000000000000000E+000  0.000000000000000E+000  0.000000000000000E+000
  0.000000000000000E+000  0.000000000000000E+000  0.000000000000000E+000
  0.000000000000000E+000  0.000000000000000E+000  0.000000000000000E+000
  0.000000000000000E+000  0.000000000000000E+000  0.000000000000000E+000
  0.000000000000000E+000  0.000000000000000E+000  0.000000000000000E+000
  0.000000000000000E+000  0.000000000000000E+000  0.000000000000000E+000
  0.000000000000000E+000  0.000000000000000E+000  0.000000000000000E+000
  0.000000000000000E+000  0.000000000000000E+000  0.000000000000000E+000
  0.000000000000000E+000  0.000000000000000E+000  0.000000000000000E+000
  0.000000000000000E+000  0.000000000000000E+000  0.000000000000000E+000
  0.000000000000000E+000  0.000000000000000E+000  0.000000000000000E+000
  0.000000000000000E+000  0.000000000000000E+000  0.000000000000000E+000
  0.000000000000000E+000  0.000000000000000E+000  0.000000000000000E+000
  0.000000000000000E+000  0.000000000000000E+000  0.000000000000000E+000
  0.000000000000000E+000  0.000000000000000E+000  0.000000000000000E+000
  0.000000000000000E+000  0.000000000000000E+000  0.000000000000000E+000
  0.000000000000000E+000  0.000000000000000E+000  0.000000000000000E+000
  0.000000000000000E+000  0.000000000000000E+000  0.000000000000000E+000
  0.000000000000000E+000  0.000000000000000E+000  0.000000000000000E+000
  0.000000000000000E+000  0.000000000000000E+000  0.000000000000000E+000
  0.000000000000000E+000  0.000000000000000E+000  0.000000000000000E+000
  0.000000000000000E+000  0.000000000000000E+000  0.000000000000000E+000
  0.000000000000000E+000  0.000000000000000E+000  0.000000000000000E+000
  0.000000000000000E+000  0.000000000000000E+000  0.000000000000000E+000
  0.000000000000000E+000  0.000000000000000E+000  0.000000000000000E+000
  0.000000000000000E+000  0.000000000000000E+000  0.000000000000000E+000
  0.000000000000000E+000  0.000000000000000E+000  0.000000000000000E+000
  0.000000000000000E+000  0.000000000000000E+000  0.000000000000000E+000
  0.000000000000000E+000  0.000000000000000E+000  0.000000000000000E+000
  0.000000000000000E+000  0.000000000000000E+000  0.000000000000000E+000
  0.000000000000000E+000  0.000000000000000E+000  0.000000000000000E+000
  0.000000000000000E+000  0.000000000000000E+000  0.000000000000000E+000
  0.000000000000000E+000  0.000000000000000E+000  0.000000000000000E+000
