         140  1.399999999999997E-002  1.399999999999997E-002
  0.000000000000000E+000  0.000000000000000E+000  0.000000000000000E+000
  0.000000000000000E+000  0.000000000000000E+000  0.000000000000000E+000
  2.311411468000342E-002  2.929223652116957E-002 -4.661334430150319E-002
  2.091053911352215E-002  2.380631847560341E-002 -6.300892631240372E-002
  2.261791944631987E-002  1.816255493359775E-002 -8.766504371057282E-002
  2.086896780886843E-002  2.067910611328655E-002 -9.835735784077496E-002
  2.079900385697841E-002  2.461403536676389E-002 -0.107304525042269     
  2.362962567714153E-002  4.726748408050591E-002 -0.112956755274822     
  3.144397325140751E-002  5.448894761856172E-002 -0.117996772137454     
  2.910143397011103E-002  4.410936199074712E-002 -0.112960396621179     
  1.091953043839636E-002  3.034672234932581E-002 -0.107313536473369     
  7.472395533651028E-003  2.843704868683651E-002 -9.836308266823733E-002
  4.409714880988893E-003  2.868315712881848E-002 -8.768529191321220E-002
  1.014065644873459E-002  3.001732083954279E-002 -6.301132289764864E-002
  1.384377574671315E-002  3.470569955704164E-002 -4.662674112045612E-002
  0.000000000000000E+000  0.000000000000000E+000  0.000000000000000E+000
  0.000000000000000E+000  0.000000000000000E+000  0.000000000000000E+000
  0.000000000000000E+000  0.000000000000000E+000  0.000000000000000E+000
  0.000000000000000E+000  0.000000000000000E+000  0.000000000000000E+000
  1.886710301519413E-002  2.650708140929597E-002 -4.088287538745179E-002
  1.809245113905807E-002  3.030345498122692E-002 -6.335218382839232E-002
  1.829168001402456E-002  2.601139583242911E-002 -8.453107561165482E-002
  1.844142006704801E-002  2.706373773536528E-002 -9.854948783893239E-002
  1.886021378726354E-002  3.018991985839092E-002 -0.105983890156890     
  2.254956130398014E-002  4.771950771474993E-002 -0.112872717260346     
  2.916159335919389E-002  5.053652110438029E-002 -0.116988185643166     
  3.003012513429044E-002  4.339812310431974E-002 -0.112878767879722     
  1.670170177518753E-002  3.144806274792025E-002 -0.105992765673899     
  1.420517525332539E-002  2.951948179282793E-002 -9.855509697228917E-002
  1.335888618849156E-002  2.885620027739842E-002 -8.454476206458007E-002
  1.717884177193366E-002  3.082168397282674E-002 -6.334843671501098E-002
  1.354960327829340E-002  2.962764473496961E-002 -4.088853859464205E-002
  0.000000000000000E+000  0.000000000000000E+000  0.000000000000000E+000
  0.000000000000000E+000  0.000000000000000E+000  0.000000000000000E+000
  0.000000000000000E+000  0.000000000000000E+000  0.000000000000000E+000
  0.000000000000000E+000  0.000000000000000E+000  0.000000000000000E+000
  1.299541701425952E-002  2.049738571331127E-002 -3.179198532599089E-002
  1.222559728771671E-002  4.331480495323851E-002 -6.138704084669035E-002
  1.186596585308367E-002  4.189996390883736E-002 -8.126928843599115E-002
  1.350186349602843E-002  3.909511495624231E-002 -9.628358217887691E-002
  1.544610962009754E-002  4.043164570711867E-002 -0.104443669416532     
  2.047005024220495E-002  4.892016470957138E-002 -0.111552985482753     
  2.604340613513854E-002  4.513239649727074E-002 -0.114993846794335     
  3.209617513202627E-002  4.219123472966075E-002 -0.111562069589010     
  2.724557062732841E-002  3.359303169513608E-002 -0.104454454810913     
  2.707510457994314E-002  3.124828791110128E-002 -9.628463820344017E-002
  3.031532690904822E-002  3.122073835749683E-002 -8.127177344841023E-002
  3.137487885325822E-002  3.224429150979813E-002 -6.136754484991129E-002
  1.127320911864225E-002  2.152067209224406E-002 -3.178387571155664E-002
  0.000000000000000E+000  0.000000000000000E+000  0.000000000000000E+000
  0.000000000000000E+000  0.000000000000000E+000  0.000000000000000E+000
  0.000000000000000E+000  0.000000000000000E+000  0.000000000000000E+000
  0.000000000000000E+000  0.000000000000000E+000  0.000000000000000E+000
  1.407803548340760E-002  9.515605492805059E-003 -2.371920001749288E-002
  1.863250389381596E-003  5.671912221200717E-002 -5.598055917390325E-002
  5.757367788068553E-003  6.883274243395990E-002 -7.878104457590292E-002
  5.521553994222598E-003  6.643482618100253E-002 -9.520007448179900E-002
  1.157179333902760E-002  5.975367193705779E-002 -0.103938716999873     
  1.647866135822661E-002  4.432444578952460E-002 -0.108211316019665     
  2.061352946912418E-002  3.571799717634995E-002 -0.108650128034472     
  3.011457925489637E-002  3.644667133383014E-002 -0.108234598973636     
  4.588907480530670E-002  3.988920216821563E-002 -0.103948503685330     
  5.471463632167346E-002  3.798975740660546E-002 -9.519480022675640E-002
  5.667148725449216E-002  3.939665391397310E-002 -7.876336948110559E-002
  4.814475770523157E-002  2.994151754365104E-002 -5.593354549332820E-002
  1.199493848723430E-003  1.697083580955673E-002 -2.370017316980127E-002
  0.000000000000000E+000  0.000000000000000E+000  0.000000000000000E+000
  0.000000000000000E+000  0.000000000000000E+000  0.000000000000000E+000
  0.000000000000000E+000  0.000000000000000E+000  0.000000000000000E+000
  0.000000000000000E+000  0.000000000000000E+000  0.000000000000000E+000
  8.799668412389277E-003 -5.381289273210877E-003 -1.474128363563388E-002
  1.676474133001750E-003  6.905630470127223E-002 -5.230185223212201E-002
 -2.733451817167868E-003  7.917978462975235E-002 -7.700416079925217E-002
  1.771150799906153E-005  7.947026532874357E-002 -9.500598841880073E-002
  6.360179991536675E-003  5.957595486815879E-002 -0.101801233074042     
  1.160110610178662E-002  3.711536798288936E-002 -0.100963542176279     
  1.482138591798281E-002  2.567840939431233E-002 -9.972622131764471E-002
  2.635905161144980E-002  2.866082158570003E-002 -0.101028765894272     
  4.836960462825146E-002  3.529970936355818E-002 -0.101827407381965     
  6.871926933282564E-002  3.974391294384781E-002 -9.498995402598202E-002
  6.984165824841980E-002  3.718834660705049E-002 -7.695890538532685E-002
  5.890897100967724E-002  3.596255848991459E-002 -5.224191533652561E-002
 -9.076972636223214E-003  4.920074133203964E-003 -1.470357154615924E-002
  0.000000000000000E+000  0.000000000000000E+000  0.000000000000000E+000
  0.000000000000000E+000  0.000000000000000E+000  0.000000000000000E+000
  0.000000000000000E+000  0.000000000000000E+000  0.000000000000000E+000
  0.000000000000000E+000  0.000000000000000E+000  0.000000000000000E+000
  1.307515398417474E-002 -5.214599428826195E-003 -1.296430599373356E-002
 -1.014400331093341E-003  6.650616301128749E-002 -4.611199088986578E-002
 -5.641557056451601E-003  7.821389297512421E-002 -7.318879806323432E-002
 -4.443007690670535E-003  7.576117896649828E-002 -9.000185031438519E-002
  1.343707638733237E-003  5.302392466595224E-002 -9.433581585641970E-002
  6.908297994608442E-003  2.959939888849638E-002 -9.081747786283531E-002
  1.037508784598255E-002  1.797516551571844E-002 -8.801352495002167E-002
  2.227870520751409E-002  2.088150377145971E-002 -9.096735330462379E-002
  4.524636350959176E-002  2.771237029369595E-002 -9.440173485803216E-002
  6.771332963593926E-002  3.402222909013244E-002 -8.997475006430355E-002
  7.043390336842090E-002  3.420610547937930E-002 -7.311728608317476E-002
  5.804725615917335E-002  3.231078819664589E-002 -4.604302542716002E-002
 -1.106144328477981E-002  8.751218391132876E-003 -1.291278715796983E-002
  0.000000000000000E+000  0.000000000000000E+000  0.000000000000000E+000
  0.000000000000000E+000  0.000000000000000E+000  0.000000000000000E+000
  0.000000000000000E+000  0.000000000000000E+000  0.000000000000000E+000
  0.000000000000000E+000  0.000000000000000E+000  0.000000000000000E+000
  9.811931546923995E-003 -2.404833913111989E-003 -8.049713987426189E-003
  2.070135933134201E-003  5.411288843101363E-002 -3.972541762138369E-002
 -6.869773026190744E-003  6.806150577038694E-002 -6.415880034955020E-002
 -6.643690695518301E-003  6.373398195179131E-002 -7.964865788105714E-002
 -2.320099403983950E-003  4.421511848942013E-002 -8.303925213967055E-002
  2.956512059677315E-003  2.365984381243598E-002 -7.904590987748600E-002
  7.655273941856254E-003  1.325590523999487E-002 -7.610127071623837E-002
  1.919122834387619E-002  1.452419898338894E-002 -7.931502173432663E-002
  3.949607162434746E-002  2.014899569506801E-002 -8.315277815886156E-002
  5.838372743381847E-002  2.612572691421669E-002 -7.962168405236061E-002
  6.226734736422263E-002  2.806725465663145E-002 -6.407343364962956E-002
  4.576412989316244E-002  2.879290628846057E-002 -3.965978750238713E-002
 -6.947413834659165E-003  7.302076976522333E-003 -7.966555607540594E-003
  0.000000000000000E+000  0.000000000000000E+000  0.000000000000000E+000
  0.000000000000000E+000  0.000000000000000E+000  0.000000000000000E+000
  0.000000000000000E+000  0.000000000000000E+000  0.000000000000000E+000
  0.000000000000000E+000  0.000000000000000E+000  0.000000000000000E+000
  9.662264103110862E-003 -3.124235508163573E-003 -6.035965670969492E-003
  3.695701015067305E-003  3.902925415178887E-002 -3.010956832464643E-002
 -5.120186094221796E-003  4.909304009146756E-002 -4.945794477008607E-002
 -6.377947606184329E-003  4.828842090967208E-002 -6.373162281427500E-002
 -4.500172669197208E-003  3.365624026707131E-002 -6.769579712115631E-002
  3.562997255577365E-004  1.919751745255196E-002 -6.617158937905537E-002
  5.936436442766138E-003  1.025632553372254E-002 -6.439971630572934E-002
  1.668481391658220E-002  1.004640858406051E-002 -6.657010970375703E-002
  3.145252914655885E-002  1.299908005688648E-002 -6.783919139769254E-002
  4.490147344589555E-002  1.863141592689667E-002 -6.373838214893823E-002
  4.498896732388678E-002  2.013669474916005E-002 -4.933647114771872E-002
  3.188220459454884E-002  2.261230413372947E-002 -3.013437000069806E-002
 -7.458614227412576E-003  6.882863532913393E-003 -5.824917050295095E-003
  0.000000000000000E+000  0.000000000000000E+000  0.000000000000000E+000
  0.000000000000000E+000  0.000000000000000E+000  0.000000000000000E+000
  0.000000000000000E+000  0.000000000000000E+000  0.000000000000000E+000
  0.000000000000000E+000  0.000000000000000E+000  0.000000000000000E+000
  6.604628721801795E-003 -3.076816971456508E-003 -4.818554932789210E-003
  3.715632989905334E-003  2.006243036633195E-002 -1.608968189099563E-002
 -1.344833690448842E-003  2.793439430789006E-002 -3.041387476637716E-002
 -4.388567464820265E-003  2.858509567807148E-002 -4.044640874253889E-002
 -4.515613623766759E-003  2.149480479258272E-002 -4.623390711473049E-002
 -1.517462761493892E-003  1.301749837373670E-002 -4.802885196131159E-002
  3.961783642680364E-003  6.804589515903651E-003 -4.866157861947244E-002
  1.224082156531893E-002  5.288777553684980E-003 -4.844181109053942E-002
  2.091334150536342E-002  6.885139500223902E-003 -4.638783513174049E-002
  2.686611888690355E-002  1.050624818240465E-002 -4.041629301119538E-002
  2.483978002274884E-002  1.282111516197894E-002 -3.041413922360430E-002
  1.547066729073119E-002  1.318303325271643E-002 -1.599327569432660E-002
 -5.958995841139129E-003  4.201202669319871E-003 -4.830902373829853E-003
  0.000000000000000E+000  0.000000000000000E+000  0.000000000000000E+000
  0.000000000000000E+000  0.000000000000000E+000  0.000000000000000E+000
  0.000000000000000E+000  0.000000000000000E+000  0.000000000000000E+000
  0.000000000000000E+000  0.000000000000000E+000  0.000000000000000E+000
  2.014711243653170E-003 -2.983327007386069E-003 -1.512037092160981E-003
  3.205165136977519E-003  4.723973040159828E-003 -5.128494664378633E-003
  2.182537393443323E-003  6.145294733190677E-003 -8.326903942120836E-003
  5.814291599269896E-004  9.107485584084123E-003 -1.329829437863499E-002
 -9.219269761243197E-004  7.524684602836219E-003 -1.643113737357042E-002
 -6.397744421121726E-004  5.500429538444753E-003 -1.986332402601550E-002
  1.657238103814566E-003  2.767693087325369E-003 -2.134489417027880E-002
  5.190186361359238E-003  2.267377122410285E-003 -2.011687408389440E-002
  6.972236753984518E-003  3.005234355378386E-003 -1.649151799939186E-002
  7.571940569988673E-003  5.044451043204222E-003 -1.328714598681927E-002
  4.234018765894326E-003  4.964054475421005E-003 -8.317525525605864E-003
  2.499220736678126E-003  5.109679525490707E-003 -5.127873461493676E-003
 -3.595228597236110E-003  2.634648656497704E-004 -1.471812140768799E-003
  0.000000000000000E+000  0.000000000000000E+000  0.000000000000000E+000
  0.000000000000000E+000  0.000000000000000E+000  0.000000000000000E+000
  0.000000000000000E+000  0.000000000000000E+000  0.000000000000000E+000
  0.000000000000000E+000  0.000000000000000E+000  0.000000000000000E+000
  0.000000000000000E+000  0.000000000000000E+000  0.000000000000000E+000
  0.000000000000000E+000  0.000000000000000E+000  0.000000000000000E+000
  0.000000000000000E+000  0.000000000000000E+000  0.000000000000000E+000
  0.000000000000000E+000  0.000000000000000E+000  0.000000000000000E+000
  0.000000000000000E+000  0.000000000000000E+000  0.000000000000000E+000
  0.000000000000000E+000  0.000000000000000E+000  0.000000000000000E+000
  0.000000000000000E+000  0.000000000000000E+000  0.000000000000000E+000
  0.000000000000000E+000  0.000000000000000E+000  0.000000000000000E+000
  0.000000000000000E+000  0.000000000000000E+000  0.000000000000000E+000
  0.000000000000000E+000  0.000000000000000E+000  0.000000000000000E+000
  0.000000000000000E+000  0.000000000000000E+000  0.000000000000000E+000
  0.000000000000000E+000  0.000000000000000E+000  0.000000000000000E+000
  0.000000000000000E+000  0.000000000000000E+000  0.000000000000000E+000
  0.000000000000000E+000  0.000000000000000E+000  0.000000000000000E+000
  0.000000000000000E+000  0.000000000000000E+000  0.000000000000000E+000
  0.000000000000000E+000  0.000000000000000E+000  0.000000000000000E+000
  0.000000000000000E+000  0.000000000000000E+000  0.000000000000000E+000
  0.000000000000000E+000  0.000000000000000E+000  0.000000000000000E+000
  0.000000000000000E+000  0.000000000000000E+000  0.000000000000000E+000
  0.000000000000000E+000  0.000000000000000E+000  0.000000000000000E+000
  0.000000000000000E+000  0.000000000000000E+000  0.000000000000000E+000
  0.000000000000000E+000  0.000000000000000E+000  0.000000000000000E+000
  0.000000000000000E+000  0.000000000000000E+000  0.000000000000000E+000
  0.000000000000000E+000  0.000000000000000E+000  0.000000000000000E+000
  0.000000000000000E+000  0.000000000000000E+000  0.000000000000000E+000
  0.000000000000000E+000  0.000000000000000E+000  0.000000000000000E+000
  0.000000000000000E+000  0.000000000000000E+000  0.000000000000000E+000
  0.000000000000000E+000  0.000000000000000E+000  0.000000000000000E+000
  0.000000000000000E+000  0.000000000000000E+000  0.000000000000000E+000
  0.000000000000000E+000  0.000000000000000E+000  0.000000000000000E+000
  0.000000000000000E+000  0.000000000000000E+000  0.000000000000000E+000
  0.000000000000000E+000  0.000000000000000E+000  0.000000000000000E+000
  0.000000000000000E+000  0.000000000000000E+000  0.000000000000000E+000
  0.000000000000000E+000  0.000000000000000E+000  0.000000000000000E+000
 -2.458440255437470E-002  9.725358802715193E-003  5.197031433705269E-002
 -2.584442101987190E-002 -7.635671166251413E-003  7.539957023298417E-002
 -3.426086011013641E-002 -7.463725248617607E-003  0.113535374526159     
 -2.816542461939329E-002 -3.316250575060751E-003  0.141206360220536     
 -2.065505764283899E-002  3.774600260410475E-003  0.166097740194144     
 -1.526337891390574E-002 -2.955660854629564E-002  0.182320953421073     
 -2.077196277166136E-002 -3.784067792659939E-002  0.195952865150181     
 -1.953494309319054E-002 -3.149336017104910E-002  0.182668886375538     
  1.433312468743942E-002 -1.726435664186226E-002  0.165829551487705     
  1.411074696607161E-002 -2.546753452726118E-002  0.141046136191664     
  1.232725076798560E-002 -3.284924793903998E-002  0.113759539035060     
  6.939503318602176E-003 -2.601838259320132E-002  7.593069264545126E-002
  2.207574935588960E-002 -1.602120643102487E-002  5.242577966237274E-002
  0.000000000000000E+000  0.000000000000000E+000  0.000000000000000E+000
  0.000000000000000E+000  0.000000000000000E+000  0.000000000000000E+000
  0.000000000000000E+000  0.000000000000000E+000  0.000000000000000E+000
  0.000000000000000E+000  0.000000000000000E+000  0.000000000000000E+000
 -1.943001537313314E-002  1.104821971741431E-002  4.428319378216374E-002
 -2.379139626149493E-002  4.512622081067684E-003  7.299098572137688E-002
 -2.628536583988857E-002 -7.359927185766032E-003  0.107747605360477     
 -2.096922527001243E-002 -6.416820356714941E-004  0.140060328930280     
 -1.354465487793451E-002  9.745138094431173E-004  0.164811075739856     
 -9.446266504842505E-003 -1.742686557753973E-002  0.183199816321178     
 -8.754043086812536E-003 -1.690138342678464E-002  0.194051033216319     
 -1.094990924054230E-002 -1.951372021260306E-002  0.183503753833744     
  8.398598643483392E-003 -1.246349643074620E-002  0.164418906275837     
  1.242285596275634E-002 -1.830954190141327E-002  0.139834597954865     
  8.225369990015524E-003 -2.615606019247006E-002  0.107969545979418     
  1.638188514393515E-002 -1.821271546401790E-002  7.356496758366184E-002
  2.042877941035397E-002 -1.090157878495173E-002  4.469158510007075E-002
  0.000000000000000E+000  0.000000000000000E+000  0.000000000000000E+000
  0.000000000000000E+000  0.000000000000000E+000  0.000000000000000E+000
  0.000000000000000E+000  0.000000000000000E+000  0.000000000000000E+000
  0.000000000000000E+000  0.000000000000000E+000  0.000000000000000E+000
 -1.486223003237047E-002  1.156157185062806E-002  3.311989849693961E-002
 -1.625179295463874E-002  3.291068641498098E-002  6.418886638146626E-002
 -1.577955225881592E-002 -1.430379748605180E-002  0.100244479855781     
 -9.151205812036441E-003 -1.144441877216352E-005  0.134728046076789     
 -1.099520559310624E-003  1.497252491809673E-003  0.162170856444442     
  4.384933704337697E-003  6.195135400073520E-003  0.179448066429066     
  1.675983833534446E-002  2.727274486166448E-002  0.185286338566865     
  4.026233399388461E-003  5.485777617701852E-003  0.179626874474480     
  2.785046822098896E-003 -1.287694187476092E-003  0.161732222006147     
  6.436109547689733E-003 -8.156659993430796E-003  0.134399287194181     
 -3.498556824965218E-003 -2.100275298118862E-002  0.100442496262505     
  3.703576892430532E-002  2.443642069862877E-003  6.476201868087589E-002
  1.825159800249080E-002 -6.766701568324019E-003  3.347860506443079E-002
  0.000000000000000E+000  0.000000000000000E+000  0.000000000000000E+000
  0.000000000000000E+000  0.000000000000000E+000  0.000000000000000E+000
  0.000000000000000E+000  0.000000000000000E+000  0.000000000000000E+000
  0.000000000000000E+000  0.000000000000000E+000  0.000000000000000E+000
 -5.527973250169529E-003  7.688644161853791E-003  2.211342937860592E-002
 -1.612020696014951E-002  7.140446662055203E-002  4.715577873083150E-002
 -2.574468819766153E-003  4.734311521319935E-002  8.740011955374898E-002
  3.974217426837311E-003  1.220371402394912E-002  0.122513319906203     
  1.008880469384762E-002 -2.794697215624138E-002  0.157806684313080     
  7.956564167303079E-003 -7.480942021593672E-003  0.175288948468408     
  1.557527423479181E-002  2.568951102794620E-002  0.170339813166120     
 -8.158993650994121E-003  3.487918733917629E-003  0.174614843514395     
 -2.733046431880949E-002 -5.516399828835104E-003  0.157190160346445     
  9.424770754059080E-003  8.764456641720358E-003  0.122118221566493     
  4.256109885787173E-002  2.085441219073105E-002  8.754030312114247E-002
  7.018835222580858E-002  2.172444850096926E-002  4.765509215986626E-002
  9.775361828190280E-003 -7.501785055198820E-004  2.244051717374024E-002
  0.000000000000000E+000  0.000000000000000E+000  0.000000000000000E+000
  0.000000000000000E+000  0.000000000000000E+000  0.000000000000000E+000
  0.000000000000000E+000  0.000000000000000E+000  0.000000000000000E+000
  0.000000000000000E+000  0.000000000000000E+000  0.000000000000000E+000
 -1.402266455546146E-003  1.859191300977319E-003  1.674613474129150E-002
 -1.414900696770370E-002  8.930319568198078E-002  3.285116186602195E-002
 -1.269064445934172E-003  8.244949881287295E-002  6.446642781975630E-002
  1.327028287265235E-002  2.725831812178397E-002  0.102628270649566     
  1.826457569910684E-002 -2.950111175361219E-002  0.150517840069894     
  1.118270395037045E-002 -1.186035562362368E-002  0.167324437277822     
  1.011096438032272E-002  1.701459318571326E-002  0.159210267939864     
 -1.554404691514650E-002  3.239096341512750E-003  0.167174468733248     
 -3.431965573090931E-002  3.804820959958937E-004  0.150164862666013     
  1.698254856794022E-002  2.415904554974563E-002  0.102385493821786     
  7.188039265710408E-002  3.948546243513172E-002  6.455509536507735E-002
  8.464805811198085E-002  3.238621900973139E-002  3.325500640336795E-002
  2.369007845483536E-003 -2.635546946511546E-004  1.703558771003452E-002
  0.000000000000000E+000  0.000000000000000E+000  0.000000000000000E+000
  0.000000000000000E+000  0.000000000000000E+000  0.000000000000000E+000
  0.000000000000000E+000  0.000000000000000E+000  0.000000000000000E+000
  0.000000000000000E+000  0.000000000000000E+000  0.000000000000000E+000
  3.246141760249657E-003  2.270578683394316E-003  1.122479081528206E-002
 -8.557096399883057E-003  7.798806693744618E-002  2.414902014747674E-002
  7.971618938900631E-003  4.514455271116202E-002  5.722187025285503E-002
  1.479955609073405E-002  3.689833601520610E-002  8.297140766017408E-002
  1.956532649689038E-002  3.808561200833854E-002  9.878098575212439E-002
  2.463409238394309E-002  4.127860831202831E-002  0.112624097741930     
  2.627223853948233E-002  4.586700126083996E-002  0.112736898695119     
  2.158821118634444E-002  4.079716510471427E-002  0.114176573488186     
  2.167801054114454E-002  3.502167435772183E-002  9.943013185653007E-002
  2.464426135689908E-002  3.073379660369452E-002  8.255073611115900E-002
  3.539781807409185E-002  2.907223564884448E-002  5.708123395358542E-002
  7.196550390427071E-002  3.161162015239590E-002  2.446327666408261E-002
  3.551737687008431E-004  3.911239140747724E-003  1.136610019655048E-002
  0.000000000000000E+000  0.000000000000000E+000  0.000000000000000E+000
  0.000000000000000E+000  0.000000000000000E+000  0.000000000000000E+000
  0.000000000000000E+000  0.000000000000000E+000  0.000000000000000E+000
  0.000000000000000E+000  0.000000000000000E+000  0.000000000000000E+000
  1.849334442735973E-003  3.951131628133208E-003  9.246878045280632E-003
  2.287360001668345E-003  4.463207863181484E-002  2.024318735959333E-002
  2.261260446602394E-002 -1.019876852346379E-002  7.127114976521674E-002
  1.102594999862166E-002  5.423498492320603E-002  5.602424625794659E-002
  1.130832086053814E-002  0.103096605767607       2.060464182999548E-002
  2.879963014731385E-002  7.232691617739367E-002  5.472915706400103E-002
  2.762780815979478E-002  4.882149686285096E-002  8.567072558064488E-002
  4.706592234230222E-002  6.101589877378179E-002  5.536236087340204E-002
  8.255715212310213E-002  6.101991235603566E-002  2.097726171813395E-002
  4.191419203298023E-002  3.647805264685185E-002  5.528890437022087E-002
 -1.911567088318422E-002  1.433865361121837E-002  7.072438562897000E-002
  3.762166705180200E-002  2.431340489071324E-002  2.042146733005623E-002
  2.479220820172586E-003  3.610585206624861E-003  9.278056940709257E-003
  0.000000000000000E+000  0.000000000000000E+000  0.000000000000000E+000
  0.000000000000000E+000  0.000000000000000E+000  0.000000000000000E+000
  0.000000000000000E+000  0.000000000000000E+000  0.000000000000000E+000
  0.000000000000000E+000  0.000000000000000E+000  0.000000000000000E+000
  3.042426734354175E-003  3.262393118323903E-003  2.528407289548954E-003
  6.097877201075532E-003  1.598573308230396E-002  2.262913758421280E-002
  2.783685321055674E-002 -2.999189744315490E-002  7.208874107811770E-002
  5.788094118658669E-003  6.128865949494292E-002  2.776178767811115E-002
  6.498464121552313E-003  8.417518775892052E-002  7.365295209972799E-003
  2.094382141829108E-002  4.848760998373942E-002  6.628503142576178E-002
  1.610282302319686E-002  2.874491630165010E-002  0.106966114320281     
  3.111540884425184E-002  4.256232846153017E-002  6.619329217487958E-002
  6.926909697189576E-002  4.766001817248956E-002  7.372049049362106E-003
  5.007135629038616E-002  3.546359037415137E-002  2.767205336076710E-002
 -3.890165797241021E-002  8.994002319483170E-003  7.132753630158725E-002
  1.111422680407696E-002  1.336653274777985E-002  2.292631619384787E-002
  1.086865916202246E-003  4.187815437518145E-003  2.158178007214527E-003
  0.000000000000000E+000  0.000000000000000E+000  0.000000000000000E+000
  0.000000000000000E+000  0.000000000000000E+000  0.000000000000000E+000
  0.000000000000000E+000  0.000000000000000E+000  0.000000000000000E+000
  0.000000000000000E+000  0.000000000000000E+000  0.000000000000000E+000
  2.287472374706727E-003  4.761138540916700E-003  5.205670653964532E-003
  3.136451803044441E-003  9.193300219987959E-005  1.583228349056202E-002
  1.644092930587662E-002 -1.205869327391019E-002  4.602918448002748E-002
  3.720464490104505E-003  4.068145264504535E-002  1.014308384587074E-002
  1.427973077125608E-002  2.912173922734465E-002  4.863162447704313E-002
  1.509436391033049E-002  2.014923489024387E-002  9.552295216907467E-002
  9.663056381971796E-003  1.705539228558337E-002  0.113791768161333     
  9.517792887813514E-003  2.314253912116462E-002  9.664727236337402E-002
  1.790688371853256E-002  2.689602032278141E-002  4.903925473057369E-002
  3.269942165551069E-002  2.335562846322618E-002  1.078810930692467E-002
 -1.834565418518315E-002  8.124299322478240E-003  4.590236780921458E-002
 -1.267876045908080E-003  2.840725921961876E-003  1.566422653522282E-002
  2.968592971933391E-003  4.332069218532938E-003  5.435282864944994E-003
  0.000000000000000E+000  0.000000000000000E+000  0.000000000000000E+000
  0.000000000000000E+000  0.000000000000000E+000  0.000000000000000E+000
  0.000000000000000E+000  0.000000000000000E+000  0.000000000000000E+000
  0.000000000000000E+000  0.000000000000000E+000  0.000000000000000E+000
  1.263639742928745E-003  5.762231063700554E-004  2.484929135868010E-003
  1.170593449460889E-003  1.758033974444274E-003  7.857196990534603E-003
  4.012308844048885E-003  4.136711375517137E-003  1.183039855729688E-002
  3.478564127055542E-003  1.722960592358701E-002  3.937344561465216E-003
  8.000597116863069E-003  1.164425997485087E-002  3.793430931464838E-002
  6.439016234851600E-003  1.639407870811318E-002  4.788133567542895E-002
  8.395726088264943E-003  1.471827564250382E-002  5.175867010618260E-002
  1.097054186244047E-002  1.372156373920361E-002  4.874080608176650E-002
  6.118175592098840E-003  1.268923795501662E-002  3.809128667091028E-002
  1.281944697435525E-002  1.152825032304785E-002  4.354791306563193E-003
  1.549752193731928E-003  5.449946745291892E-003  1.190621856144658E-002
  9.837071230985657E-004  1.937233310656991E-003  7.866881729718488E-003
 -1.127197014756944E-004  1.359476781303975E-003  2.467356281097655E-003
  0.000000000000000E+000  0.000000000000000E+000  0.000000000000000E+000
  0.000000000000000E+000  0.000000000000000E+000  0.000000000000000E+000
  0.000000000000000E+000  0.000000000000000E+000  0.000000000000000E+000
  0.000000000000000E+000  0.000000000000000E+000  0.000000000000000E+000
  0.000000000000000E+000  0.000000000000000E+000  0.000000000000000E+000
  0.000000000000000E+000  0.000000000000000E+000  0.000000000000000E+000
  0.000000000000000E+000  0.000000000000000E+000  0.000000000000000E+000
  0.000000000000000E+000  0.000000000000000E+000  0.000000000000000E+000
  0.000000000000000E+000  0.000000000000000E+000  0.000000000000000E+000
  0.000000000000000E+000  0.000000000000000E+000  0.000000000000000E+000
  0.000000000000000E+000  0.000000000000000E+000  0.000000000000000E+000
  0.000000000000000E+000  0.000000000000000E+000  0.000000000000000E+000
  0.000000000000000E+000  0.000000000000000E+000  0.000000000000000E+000
  0.000000000000000E+000  0.000000000000000E+000  0.000000000000000E+000
  0.000000000000000E+000  0.000000000000000E+000  0.000000000000000E+000
  0.000000000000000E+000  0.000000000000000E+000  0.000000000000000E+000
  0.000000000000000E+000  0.000000000000000E+000  0.000000000000000E+000
  0.000000000000000E+000  0.000000000000000E+000  0.000000000000000E+000
  0.000000000000000E+000  0.000000000000000E+000  0.000000000000000E+000
  0.000000000000000E+000  0.000000000000000E+000  0.000000000000000E+000
  0.000000000000000E+000  0.000000000000000E+000  0.000000000000000E+000
  0.000000000000000E+000  0.000000000000000E+000  0.000000000000000E+000
  0.000000000000000E+000  0.000000000000000E+000  0.000000000000000E+000
  0.000000000000000E+000  0.000000000000000E+000  0.000000000000000E+000
  0.000000000000000E+000  0.000000000000000E+000  0.000000000000000E+000
  0.000000000000000E+000  0.000000000000000E+000  0.000000000000000E+000
  0.000000000000000E+000  0.000000000000000E+000  0.000000000000000E+000
  0.000000000000000E+000  0.000000000000000E+000  0.000000000000000E+000
  0.000000000000000E+000  0.000000000000000E+000  0.000000000000000E+000
  0.000000000000000E+000  0.000000000000000E+000  0.000000000000000E+000
  0.000000000000000E+000  0.000000000000000E+000  0.000000000000000E+000
  0.000000000000000E+000  0.000000000000000E+000  0.000000000000000E+000
  0.000000000000000E+000  0.000000000000000E+000  0.000000000000000E+000
  0.000000000000000E+000  0.000000000000000E+000  0.000000000000000E+000
  0.000000000000000E+000  0.000000000000000E+000  0.000000000000000E+000
  0.000000000000000E+000  0.000000000000000E+000  0.000000000000000E+000
  0.000000000000000E+000  0.000000000000000E+000  0.000000000000000E+000
  0.000000000000000E+000  0.000000000000000E+000  0.000000000000000E+000
   41.6040314077709        448.469257074086       -48.7760887410190     
   172.528067630606       -144.903410865188       -81.1519101985579     
   216.218777519272       -39.2319420203919       -150.641404406380     
   337.166706156014       -6.74994453104347       -194.458518494081     
   439.436484704759       -179.593534878742       -393.934408433488     
   433.612804392765        564.988393706868       -742.508587517472     
   704.711484585264        1203.77819850729       -1087.13870044699     
   286.980815928949        647.689211996392       -736.638773872603     
  -377.528570451804        270.496221322093       -388.105930195239     
  -168.983994930352        277.258787034035       -191.913469542047     
  -143.276061576500        159.384670663042       -149.849855753357     
  -218.864429167070        71.0694461007297       -78.9440868076976     
   367.612893511467        259.760726985331       -47.5308727398077     
  0.000000000000000E+000  0.000000000000000E+000  0.000000000000000E+000
  0.000000000000000E+000  0.000000000000000E+000  0.000000000000000E+000
  0.000000000000000E+000  0.000000000000000E+000  0.000000000000000E+000
  0.000000000000000E+000  0.000000000000000E+000  0.000000000000000E+000
   47.6485640651298        417.734736174136       -44.8677008636563     
   154.164961505243        25.5410373901172       -77.4133170321160     
   219.438784066068       -59.0841239686514       -134.949235215410     
   326.985195013177        9.91456951746262       -169.753885950693     
   357.695997961174       -109.476745200450       -360.252338214990     
   316.589227668616        480.300206039454       -728.207496589749     
   494.520315441558        837.199954077676       -1091.54866738590     
   272.693693052901        503.339548721016       -722.385805033124     
  -274.490856039305        236.203677866111       -354.786366533808     
  -148.008479073087        277.704834941994       -168.186781833487     
  -159.658155142294        152.999332542160       -134.469043343932     
  -60.3859619923793        141.217962394336       -75.3565841563459     
   337.921394819513        249.592244032764       -43.8058396659883     
  0.000000000000000E+000  0.000000000000000E+000  0.000000000000000E+000
  0.000000000000000E+000  0.000000000000000E+000  0.000000000000000E+000
  0.000000000000000E+000  0.000000000000000E+000  0.000000000000000E+000
  0.000000000000000E+000  0.000000000000000E+000  0.000000000000000E+000
   25.9309874834282        351.524258148526       -29.4692587861323     
   139.827227777178        372.161421705215       -79.0466318115655     
   207.724132385895       -101.546103374502       -89.3312650747825     
   294.344493307058       -4.57482695072893       -138.012273401977     
   213.941713096578       -58.2286384529532       -316.005009383088     
   143.449186516458        297.916162403541       -694.617653604752     
   122.996000087404        192.675783200537       -962.269679517783     
   206.128347199925        264.096495523757       -690.501014347475     
  -158.891426592033        136.599783969898       -310.370156683119     
  -141.429579378948        244.130558927091       -138.081278050042     
  -184.737667646676        124.710360987453       -89.6142523958219     
   249.079857913001        303.089974873293       -77.5756925633993     
   291.578375196113        197.814500251521       -28.6619009950305     
  0.000000000000000E+000  0.000000000000000E+000  0.000000000000000E+000
  0.000000000000000E+000  0.000000000000000E+000  0.000000000000000E+000
  0.000000000000000E+000  0.000000000000000E+000  0.000000000000000E+000
  0.000000000000000E+000  0.000000000000000E+000  0.000000000000000E+000
   97.2743295003550        190.115146066906       -16.0280443876147     
  -1.58626948211183        711.191505646970       -71.7331118590534     
   228.368904183943        227.001471938142       -45.8247357465368     
   204.922841325317        93.9787742371003       -117.521816883209     
   153.246005832872        422.060232448373       -367.325515812957     
   104.157149745775        244.725445805407       -693.697814342236     
   27.2864553339354        27.6823975906217       -728.732813277057     
   173.942762520863        201.786412935214       -690.957876798700     
   304.276509118321        335.532742522605       -366.259464245963     
  -8.00060701812594        217.934017689182       -120.500465887447     
   90.6543372519692        307.293148635781       -48.2187427960780     
   614.526645271896        351.301075504169       -70.8878095636609     
   116.327847535665        178.742188358202       -15.5575188929640     
  0.000000000000000E+000  0.000000000000000E+000  0.000000000000000E+000
  0.000000000000000E+000  0.000000000000000E+000  0.000000000000000E+000
  0.000000000000000E+000  0.000000000000000E+000  0.000000000000000E+000
  0.000000000000000E+000  0.000000000000000E+000  0.000000000000000E+000
   38.2919764184307       -11.7980078018597        55.9380776007125     
   8.39623239126803        726.293080686599       -51.0745800023375     
   172.010337307778        85.9630623905509        4.17038089357018     
   182.245149067138        89.7856580966322       -95.2133902547357     
   164.686922951990       -18.4398085481159       -277.410985371493     
   64.5554864014893        16.4533608594744       -584.807269609230     
   172.887770011435        287.015705760467       -849.602953548930     
  -11.8388685412193        52.4489280030469       -580.646004059552     
  -95.2327656516799        122.128331672313       -277.713095689382     
  -12.0319449349509        192.521088942634       -99.4079599240633     
  -8.94938316481228        186.728426004444       0.434625446900668     
   623.534790945922        368.314330248618       -50.7563886804873     
  -29.1604030188273        27.1160760302523        55.9095185712032     
  0.000000000000000E+000  0.000000000000000E+000  0.000000000000000E+000
  0.000000000000000E+000  0.000000000000000E+000  0.000000000000000E+000
  0.000000000000000E+000  0.000000000000000E+000  0.000000000000000E+000
  0.000000000000000E+000  0.000000000000000E+000  0.000000000000000E+000
   70.7313542510696        8.41005592669225        30.4854987618546     
   45.6221995972350        348.497505521470        52.0152715021633     
   226.523900413386       -325.590188707175        216.135095765097     
   182.916030930352        77.6377036351735       -38.2517375191177     
   253.533245655124       -491.294609071237        54.1620966656553     
   63.5263023009211       -314.338254317224       -328.617543007090     
   168.994112924914        290.485547688152       -1025.55810695244     
  -308.564375302769       -109.540698276104       -323.660671814662     
  -564.108273176111       -37.7551386613694        56.7624639755842     
  -38.8678117267667        185.260722883499       -38.9603320378651     
  -395.852275056580        28.3260269970671        211.749345698516     
   279.733388455587        212.891889198261        51.3315807487609     
  -27.9476214495043        65.1584165428751        30.1693104684288     
  0.000000000000000E+000  0.000000000000000E+000  0.000000000000000E+000
  0.000000000000000E+000  0.000000000000000E+000  0.000000000000000E+000
  0.000000000000000E+000  0.000000000000000E+000  0.000000000000000E+000
  0.000000000000000E+000  0.000000000000000E+000  0.000000000000000E+000
   8.73245441464380        69.1691705516594        38.0291318576424     
   139.260210006803       -91.5936976459631        165.968823664479     
   236.667508622117       -411.759381933045        401.500471778647     
   92.3371147249461        408.617028531919       -188.003068265244     
   261.604355175671       -182.338196223894       -56.1101922917861     
   153.568896573524        100.459418265185       -724.922704410662     
   376.871015674818        658.289021196603       -1853.11857203254     
  0.770537267488441        184.640746122108       -726.460242194251     
  -305.092599346361        130.251983467328       -57.6391892414305     
   284.085959498115        274.426247211649       -184.168849146688     
  -478.849827862024       -5.92664067704163        397.710251331718     
  -145.304718068127        74.5773584338710        163.908487185173     
   55.0148984661672        42.4607051193197        37.5254273512153     
  0.000000000000000E+000  0.000000000000000E+000  0.000000000000000E+000
  0.000000000000000E+000  0.000000000000000E+000  0.000000000000000E+000
  0.000000000000000E+000  0.000000000000000E+000  0.000000000000000E+000
  0.000000000000000E+000  0.000000000000000E+000  0.000000000000000E+000
   26.4105861907926        42.4960376273216       -8.11075153946608     
   105.570851453384       -220.349461109589        244.850726540167     
   144.469949122380       -143.294173655462        298.710075282109     
   42.0718594650398        398.055790797630       -157.710611164043     
   162.328077183527      -0.516802956208671       -6.48886051701136     
   79.0379953065510        600.880471462311       -1340.50591692714     
   439.568739882142        770.988703170129       -2677.36428829614     
   474.437981745689        378.963717095662       -1363.75852783615     
  -93.6621739285042        140.503708503396       -14.8994364949338     
   296.298587077614        229.110535620653       -147.761363478166     
  -207.236209558761        48.1543477491163        299.295921707748     
  -238.911207164867       -18.5854512400612        242.758747643076     
   22.6132012779962        44.1774682069782       -9.47751436586186     
  0.000000000000000E+000  0.000000000000000E+000  0.000000000000000E+000
  0.000000000000000E+000  0.000000000000000E+000  0.000000000000000E+000
  0.000000000000000E+000  0.000000000000000E+000  0.000000000000000E+000
  0.000000000000000E+000  0.000000000000000E+000  0.000000000000000E+000
   18.9122798329017        35.0913149276222        13.9339461797772     
   24.6439791997482       -140.761206111589        174.456370028463     
   40.7244682336136        92.2170632016133        73.5065978414095     
   149.545574398838       -33.9018426684202        262.424996249043     
   179.571379709157       -159.342815901151        587.237728069563     
   8.56560333898801        313.792945930663       -651.055026667771     
   61.0446126483754        117.139762391675       -867.069414810507     
   255.584044531649        171.938639999584       -666.142516869044     
  -235.382392310305        77.6398291810986        579.242727522057     
  -121.338156736819        109.355851962625        269.449951099217     
   46.5047841155434        77.1104038208802        79.7912513100925     
  -132.103235597999       -49.1827324383909        171.853003758451     
   20.9559076866225        34.0419633796694        14.7338244465131     
  0.000000000000000E+000  0.000000000000000E+000  0.000000000000000E+000
  0.000000000000000E+000  0.000000000000000E+000  0.000000000000000E+000
  0.000000000000000E+000  0.000000000000000E+000  0.000000000000000E+000
  0.000000000000000E+000  0.000000000000000E+000  0.000000000000000E+000
   15.7158158640981       -1.68445220231681        18.9692783602232     
  -7.82459259144657      -0.446274338768325        55.3897395939382     
   19.5651449546457        67.8632573202728       -1.97863920971993     
   64.9383292592834       -107.373596500961        301.888176232808     
   106.371329362394       -54.5234942966853        464.079716428971     
   37.2229807719027        33.7595971357178        130.618272132652     
  -9.90012168965149       -2.44439644245807        950.523977219849     
 -0.881195086552018        55.8895112235181        141.557384077550     
  -108.479430581052        66.4546241033562        460.835477996281     
  -130.580567089629        2.19225993456933        300.546546762758     
   43.7603315782294        48.4221888974616      -8.023301232800660E-002
   3.54918763033763       -7.19366683113582        54.8135317877685     
  -9.16688010843142        12.6831035466713        18.7397641819174     
  0.000000000000000E+000  0.000000000000000E+000  0.000000000000000E+000
  0.000000000000000E+000  0.000000000000000E+000  0.000000000000000E+000
  0.000000000000000E+000  0.000000000000000E+000  0.000000000000000E+000
  0.000000000000000E+000  0.000000000000000E+000  0.000000000000000E+000
  0.000000000000000E+000  0.000000000000000E+000  0.000000000000000E+000
  0.000000000000000E+000  0.000000000000000E+000  0.000000000000000E+000
  0.000000000000000E+000  0.000000000000000E+000  0.000000000000000E+000
  0.000000000000000E+000  0.000000000000000E+000  0.000000000000000E+000
  0.000000000000000E+000  0.000000000000000E+000  0.000000000000000E+000
  0.000000000000000E+000  0.000000000000000E+000  0.000000000000000E+000
  0.000000000000000E+000  0.000000000000000E+000  0.000000000000000E+000
  0.000000000000000E+000  0.000000000000000E+000  0.000000000000000E+000
  0.000000000000000E+000  0.000000000000000E+000  0.000000000000000E+000
  0.000000000000000E+000  0.000000000000000E+000  0.000000000000000E+000
  0.000000000000000E+000  0.000000000000000E+000  0.000000000000000E+000
  0.000000000000000E+000  0.000000000000000E+000  0.000000000000000E+000
  0.000000000000000E+000  0.000000000000000E+000  0.000000000000000E+000
  0.000000000000000E+000  0.000000000000000E+000  0.000000000000000E+000
  0.000000000000000E+000  0.000000000000000E+000  0.000000000000000E+000
  0.000000000000000E+000  0.000000000000000E+000  0.000000000000000E+000
  0.000000000000000E+000  0.000000000000000E+000  0.000000000000000E+000
  0.000000000000000E+000  0.000000000000000E+000  0.000000000000000E+000
  0.000000000000000E+000  0.000000000000000E+000  0.000000000000000E+000
  0.000000000000000E+000  0.000000000000000E+000  0.000000000000000E+000
  0.000000000000000E+000  0.000000000000000E+000  0.000000000000000E+000
  0.000000000000000E+000  0.000000000000000E+000  0.000000000000000E+000
  0.000000000000000E+000  0.000000000000000E+000  0.000000000000000E+000
  0.000000000000000E+000  0.000000000000000E+000  0.000000000000000E+000
  0.000000000000000E+000  0.000000000000000E+000  0.000000000000000E+000
  0.000000000000000E+000  0.000000000000000E+000  0.000000000000000E+000
  0.000000000000000E+000  0.000000000000000E+000  0.000000000000000E+000
  0.000000000000000E+000  0.000000000000000E+000  0.000000000000000E+000
  0.000000000000000E+000  0.000000000000000E+000  0.000000000000000E+000
  0.000000000000000E+000  0.000000000000000E+000  0.000000000000000E+000
  0.000000000000000E+000  0.000000000000000E+000  0.000000000000000E+000
  0.000000000000000E+000  0.000000000000000E+000  0.000000000000000E+000
