         140  1.399999999999997E-002  1.399999999999997E-002
  0.000000000000000E+000  0.000000000000000E+000  0.000000000000000E+000
  0.000000000000000E+000  0.000000000000000E+000  0.000000000000000E+000
  5.279844521152553E-002  6.748993693358750E-002 -6.630662810780331E-002
  6.839431302350253E-002  0.146352323068331      -0.111711863911564     
  9.862797167969049E-002  0.200859983567281      -0.156931902688777     
  0.115884850751014       0.241355452810786      -0.186590422567638     
  0.132939341778980       0.261685176768312      -0.209581813415337     
  0.145873629402210       0.270444233010768      -0.222404482840494     
  0.155810044625806       0.269930487202938      -0.226707942463743     
  0.161208414169548       0.261540487677604      -0.222374373451597     
  0.160087072757652       0.245952159097700      -0.209537255754138     
  0.151057182411349       0.221082614075730      -0.186603672456844     
  0.124673779669690       0.185924517811630      -0.156968601294384     
  9.259790541627201E-002  0.132486343221604      -0.111766755811362     
  3.210077549106851E-002  7.954358723576581E-002 -6.635989106434630E-002
  0.000000000000000E+000  0.000000000000000E+000  0.000000000000000E+000
  0.000000000000000E+000  0.000000000000000E+000  0.000000000000000E+000
  0.000000000000000E+000  0.000000000000000E+000  0.000000000000000E+000
  0.000000000000000E+000  0.000000000000000E+000  0.000000000000000E+000
  4.217043654427270E-002  6.144974712721200E-002 -5.608062526570265E-002
  6.547444871478289E-002  0.138129493658820      -0.108625272346461     
  8.744037687017754E-002  0.192019975338464      -0.147846352592392     
  0.107295630525638       0.227837825267178      -0.181713715200070     
  0.121976843916275       0.247566659994544      -0.203261742172690     
  0.135740361706008       0.254137409054409      -0.218035984945626     
  0.145988654670974       0.252912926498491      -0.221767597485050     
  0.152171071007585       0.244632563601509      -0.218025580095548     
  0.153349165948656       0.229410435972758      -0.203228086796863     
  0.143642501146326       0.206879687562871      -0.181726243087936     
  0.122592585972090       0.171789580009979      -0.147867011140421     
  8.692097003808287E-002  0.125829365898595      -0.108672029750369     
  3.217727969699324E-002  6.730100156035752E-002 -5.611991877526760E-002
  0.000000000000000E+000  0.000000000000000E+000  0.000000000000000E+000
  0.000000000000000E+000  0.000000000000000E+000  0.000000000000000E+000
  0.000000000000000E+000  0.000000000000000E+000  0.000000000000000E+000
  0.000000000000000E+000  0.000000000000000E+000  0.000000000000000E+000
  3.301847443604773E-002  4.821320602072748E-002 -4.151470344657059E-002
  5.272599875891581E-002  0.124923017936122      -9.632625963379095E-002
  7.357348643026786E-002  0.174467744455042      -0.135339695815586     
  8.804942792972999E-002  0.205894769230881      -0.168047454221744     
  0.103623664648076       0.220250593526662      -0.192238074258642     
  0.115785175307441       0.223481691701575      -0.206287824577501     
  0.127121406855728       0.220225745501806      -0.211628165177965     
  0.135622273217404       0.212052172997760      -0.206311779467561     
  0.138880986885199       0.199874153851672      -0.192225750613405     
  0.134253233714632       0.179222132809476      -0.168048971397851     
  0.114290712985481       0.150968011261826      -0.135342352257360     
  8.183351926702764E-002  0.108139737332865      -9.634189549348006E-002
  2.527743608154632E-002  5.273189739282464E-002 -4.153196870642253E-002
  0.000000000000000E+000  0.000000000000000E+000  0.000000000000000E+000
  0.000000000000000E+000  0.000000000000000E+000  0.000000000000000E+000
  0.000000000000000E+000  0.000000000000000E+000  0.000000000000000E+000
  0.000000000000000E+000  0.000000000000000E+000  0.000000000000000E+000
  2.840104837630360E-002  2.574198962104808E-002 -2.772830231256724E-002
  4.054022535164616E-002  0.106365860959152      -7.809160532377842E-002
  5.551589134762328E-002  0.152446168465923      -0.117281849554729     
  6.837797746657442E-002  0.178275180767378      -0.149924813081430     
  7.989444823863943E-002  0.185679109491910      -0.173386160100742     
  9.155866151855782E-002  0.183286815196641      -0.187573262127458     
  0.102258322058337       0.177150187047132      -0.192216043478162     
  0.112942188053454       0.171001269023193      -0.187634903116078     
  0.120818661962236       0.162051562903355      -0.173397480481728     
  0.120161106461860       0.148360520280329      -0.149917321596679     
  0.104218848786917       0.124274489113871      -0.117256728505703     
  7.181205269551874E-002  8.825616338320813E-002 -7.806191004281680E-002
  8.102590361537246E-003  3.747885267899004E-002 -2.773102339132732E-002
  0.000000000000000E+000  0.000000000000000E+000  0.000000000000000E+000
  0.000000000000000E+000  0.000000000000000E+000  0.000000000000000E+000
  0.000000000000000E+000  0.000000000000000E+000  0.000000000000000E+000
  0.000000000000000E+000  0.000000000000000E+000  0.000000000000000E+000
  2.143144042181424E-002  1.277319176040182E-003 -1.631039012684972E-002
  3.230457967725135E-002  9.132923342869033E-002 -6.271030628934258E-002
  4.499932933877326E-002  0.134173789980919      -0.101626747486178     
  5.199011142090016E-002  0.154630373629542      -0.133466237991480     
  6.280652376578126E-002  0.157370716381905      -0.155445430052544     
  7.184770585251381E-002  0.150275819273762      -0.168172160741826     
  8.244030508440149E-002  0.142817567309754      -0.172412541817648     
  9.423462255917073E-002  0.137454650187194      -0.168265542627291     
  0.104865585250047       0.133119809372508      -0.155481030134557     
  0.107884639547678       0.122339270705164      -0.133456003140209     
  9.363688356301789E-002  0.106013216323674      -0.101580124822410     
  6.287682804730615E-002  7.356991304947423E-002 -6.264879697001886E-002
 -9.623934827590734E-003  1.918099677715107E-002 -1.629438911780669E-002
  0.000000000000000E+000  0.000000000000000E+000  0.000000000000000E+000
  0.000000000000000E+000  0.000000000000000E+000  0.000000000000000E+000
  0.000000000000000E+000  0.000000000000000E+000  0.000000000000000E+000
  0.000000000000000E+000  0.000000000000000E+000  0.000000000000000E+000
  1.101808450306605E-002 -1.297535039760619E-002 -9.332982057837086E-003
  3.464807732665341E-002  8.307839785244735E-002 -5.237985137804558E-002
  3.273709958197413E-002  0.113875725604458      -8.813151806763851E-002
  4.205532428310914E-002  0.135080666931886      -0.118116409413309     
  4.812762089884211E-002  0.132055094164360      -0.138023976474594     
  5.686504415496517E-002  0.123742348008440      -0.148939346721567     
  6.625735331666199E-002  0.114776803132131      -0.152245053350424     
  7.879212919659419E-002  0.111266802980005      -0.149078537573306     
  9.031987771474594E-002  0.107784646085009      -0.138096289034711     
  9.593321128072466E-002  0.103980633882385      -0.118112067069727     
  8.220033949732687E-002  8.523547661960951E-002 -8.807747182721129E-002
  5.456231949520174E-002  7.148519385541342E-002 -5.231115214483653E-002
 -1.677040283425934E-002  3.028144228278685E-003 -9.316266198051275E-003
  0.000000000000000E+000  0.000000000000000E+000  0.000000000000000E+000
  0.000000000000000E+000  0.000000000000000E+000  0.000000000000000E+000
  0.000000000000000E+000  0.000000000000000E+000  0.000000000000000E+000
  0.000000000000000E+000  0.000000000000000E+000  0.000000000000000E+000
  1.437834117845115E-002 -9.800772003554468E-003 -8.333142910649686E-003
  2.617845524831294E-002  6.425913287828496E-002 -4.087487404499916E-002
  2.694280732260905E-002  9.629784997462519E-002 -7.497241943635133E-002
  3.132547570841478E-002  0.111523645656878      -0.101689445298410     
  3.605568741602828E-002  0.108129884872457      -0.119358846759879     
  4.358264174441998E-002  9.926697668307567E-002 -0.128459438365264     
  5.234176173214670E-002  9.066941030520807E-002 -0.131235474147850     
  6.430248868538180E-002  8.759046542206642E-002 -0.128669571615880     
  7.568421526729420E-002  8.542140880276536E-002 -0.119487506774075     
  8.092079514439800E-002  8.292432346223762E-002 -0.101705591521568     
  6.990176748889299E-002  7.146476749928087E-002 -7.492491698805841E-002
  4.251807263992781E-002  5.471779955102029E-002 -4.081534204441105E-002
 -1.568786727094854E-002  7.555317470849248E-003 -8.293399422100958E-003
  0.000000000000000E+000  0.000000000000000E+000  0.000000000000000E+000
  0.000000000000000E+000  0.000000000000000E+000  0.000000000000000E+000
  0.000000000000000E+000  0.000000000000000E+000  0.000000000000000E+000
  0.000000000000000E+000  0.000000000000000E+000  0.000000000000000E+000
  8.112962319297175E-003 -1.085456367507885E-002 -3.789716524906393E-003
  2.278819453604783E-002  4.627746127131055E-002 -3.064168729990357E-002
  1.988910264847907E-002  7.147796778600228E-002 -5.823822783480640E-002
  2.160953940688785E-002  8.314384121584853E-002 -8.040787336460717E-002
  2.501753303646221E-002  8.164578556580601E-002 -9.606896445725284E-002
  3.113602022232937E-002  7.450700605772444E-002 -0.104152929167611     
  3.890952776302598E-002  6.737366633533652E-002 -0.106630210733744     
  4.914570230799666E-002  6.449523563331847E-002 -0.104457153884602     
  5.829710899186719E-002  6.265446783168917E-002 -9.625875186522743E-002
  6.121190865393469E-002  6.035136305284772E-002 -8.044969988020807E-002
  5.197503516142365E-002  5.295738272199163E-002 -5.821321192499754E-002
  2.865892717639624E-002  4.281438546576437E-002 -3.059040971531268E-002
 -1.344376282209120E-002  1.604684770288276E-003 -3.746977720407190E-003
  0.000000000000000E+000  0.000000000000000E+000  0.000000000000000E+000
  0.000000000000000E+000  0.000000000000000E+000  0.000000000000000E+000
  0.000000000000000E+000  0.000000000000000E+000  0.000000000000000E+000
  0.000000000000000E+000  0.000000000000000E+000  0.000000000000000E+000
  3.870036897354275E-003 -9.065192238724321E-003 -2.584525849357424E-003
  1.638504539148899E-002  2.754955348271888E-002 -1.836079753544118E-002
  1.185009597577597E-002  3.890033332225197E-002 -3.465491749126647E-002
  1.279811081998647E-002  5.046884690132970E-002 -5.127439109485146E-002
  1.424999859513197E-002  4.993565824219927E-002 -6.402730511843997E-002
  1.812592645720231E-002  4.625805055002603E-002 -7.090410218516903E-002
  2.404759181049455E-002  4.160909364188008E-002 -7.352363615129330E-002
  3.119685530416098E-002  3.908095857522137E-002 -7.125523292608048E-002
  3.620115994039281E-002  3.744553146259341E-002 -6.421328080829586E-002
  3.732547019120636E-002  3.636637253905870E-002 -5.134604764629420E-002
  2.778416671645546E-002  2.974078157826028E-002 -3.461619925396288E-002
  1.566145221009877E-002  2.788484279654067E-002 -1.838679126060865E-002
 -9.754009421224714E-003 -1.116907337246881E-003 -2.455126929465430E-003
  0.000000000000000E+000  0.000000000000000E+000  0.000000000000000E+000
  0.000000000000000E+000  0.000000000000000E+000  0.000000000000000E+000
  0.000000000000000E+000  0.000000000000000E+000  0.000000000000000E+000
  0.000000000000000E+000  0.000000000000000E+000  0.000000000000000E+000
  3.692606244299584E-004 -3.859073090585916E-003 -2.472000802013854E-003
  7.796135176040058E-003  5.789743145447624E-003 -4.202592680631950E-003
  4.972463337638731E-003  8.419091911839359E-003 -9.073050598197980E-003
  7.575899029151670E-003  1.524957205549763E-002 -1.608784582822287E-002
  5.604431154211144E-003  1.579054993940922E-002 -2.106847890475814E-002
  7.246367947510890E-003  1.621831104581387E-002 -2.553137050550829E-002
  8.439548766380471E-003  1.453185083324089E-002 -2.682389955403286E-002
  1.054512314694820E-002  1.457051147019854E-002 -2.576036267159978E-002
  1.088032570169379E-002  1.285065648821806E-002 -2.116372985199644E-002
  9.431281728953992E-003  1.418180717565162E-002 -1.609572890625237E-002
  4.829552490115950E-003  8.535655352807646E-003 -9.081178614263644E-003
  1.126857299159523E-003  9.610471013443114E-003 -4.194456192825620E-003
 -3.518475965999195E-003 -1.586693156840045E-003 -2.442904102616353E-003
  0.000000000000000E+000  0.000000000000000E+000  0.000000000000000E+000
  0.000000000000000E+000  0.000000000000000E+000  0.000000000000000E+000
  0.000000000000000E+000  0.000000000000000E+000  0.000000000000000E+000
  0.000000000000000E+000  0.000000000000000E+000  0.000000000000000E+000
  0.000000000000000E+000  0.000000000000000E+000  0.000000000000000E+000
  0.000000000000000E+000  0.000000000000000E+000  0.000000000000000E+000
  0.000000000000000E+000  0.000000000000000E+000  0.000000000000000E+000
  0.000000000000000E+000  0.000000000000000E+000  0.000000000000000E+000
  0.000000000000000E+000  0.000000000000000E+000  0.000000000000000E+000
  0.000000000000000E+000  0.000000000000000E+000  0.000000000000000E+000
  0.000000000000000E+000  0.000000000000000E+000  0.000000000000000E+000
  0.000000000000000E+000  0.000000000000000E+000  0.000000000000000E+000
  0.000000000000000E+000  0.000000000000000E+000  0.000000000000000E+000
  0.000000000000000E+000  0.000000000000000E+000  0.000000000000000E+000
  0.000000000000000E+000  0.000000000000000E+000  0.000000000000000E+000
  0.000000000000000E+000  0.000000000000000E+000  0.000000000000000E+000
  0.000000000000000E+000  0.000000000000000E+000  0.000000000000000E+000
  0.000000000000000E+000  0.000000000000000E+000  0.000000000000000E+000
  0.000000000000000E+000  0.000000000000000E+000  0.000000000000000E+000
  0.000000000000000E+000  0.000000000000000E+000  0.000000000000000E+000
  0.000000000000000E+000  0.000000000000000E+000  0.000000000000000E+000
  0.000000000000000E+000  0.000000000000000E+000  0.000000000000000E+000
  0.000000000000000E+000  0.000000000000000E+000  0.000000000000000E+000
  0.000000000000000E+000  0.000000000000000E+000  0.000000000000000E+000
  0.000000000000000E+000  0.000000000000000E+000  0.000000000000000E+000
  0.000000000000000E+000  0.000000000000000E+000  0.000000000000000E+000
  0.000000000000000E+000  0.000000000000000E+000  0.000000000000000E+000
  0.000000000000000E+000  0.000000000000000E+000  0.000000000000000E+000
  0.000000000000000E+000  0.000000000000000E+000  0.000000000000000E+000
  0.000000000000000E+000  0.000000000000000E+000  0.000000000000000E+000
  0.000000000000000E+000  0.000000000000000E+000  0.000000000000000E+000
  0.000000000000000E+000  0.000000000000000E+000  0.000000000000000E+000
  0.000000000000000E+000  0.000000000000000E+000  0.000000000000000E+000
  0.000000000000000E+000  0.000000000000000E+000  0.000000000000000E+000
  0.000000000000000E+000  0.000000000000000E+000  0.000000000000000E+000
  0.000000000000000E+000  0.000000000000000E+000  0.000000000000000E+000
  0.000000000000000E+000  0.000000000000000E+000  0.000000000000000E+000
  0.000000000000000E+000  0.000000000000000E+000  0.000000000000000E+000
  2.411231088862039E-003 -6.070684976534686E-002  2.247025018061517E-002
  1.534969719465997E-002 -3.880286372033129E-002  1.495856507971571E-002
  2.387108145589439E-002 -1.229596959690859E-002 -1.274829995863089E-002
  2.641501314210064E-002 -4.570985265349742E-002 -2.898340325663329E-002
  3.932798621588116E-002  4.610161606590861E-002 -7.786418039417677E-002
  7.589507203265386E-002  0.143190166949242      -0.128089765606926     
  0.105700609800378       0.183866627121457      -0.149433672005502     
  8.473613755783216E-002  0.136713804110957      -0.127233202830724     
  1.808687314196638E-002  5.563428035955143E-002 -7.644666345025516E-002
 -5.456884282139517E-002 -1.083732828544417E-003 -2.790427831857547E-002
 -2.342076052743386E-002  1.412584525576208E-002 -1.234309262185632E-002
 -4.111715655245111E-002 -5.936775581153567E-003  1.487048494642229E-002
 -5.340394609610283E-002 -2.803439641309795E-002  2.245268027319618E-002
  0.000000000000000E+000  0.000000000000000E+000  0.000000000000000E+000
  0.000000000000000E+000  0.000000000000000E+000  0.000000000000000E+000
  0.000000000000000E+000  0.000000000000000E+000  0.000000000000000E+000
  0.000000000000000E+000  0.000000000000000E+000  0.000000000000000E+000
  2.766640745803542E-003 -5.109448510527008E-002  1.870397702634216E-002
  1.489059362063294E-002 -5.618186151907551E-002  2.275209567102726E-002
  1.776769419357412E-002 -3.204317010019964E-002 -2.933107009750229E-003
  2.027365625387799E-002 -3.785053964536803E-002 -2.734974443558848E-002
  3.130643007877130E-002  3.037279247703191E-002 -7.088418463165296E-002
  5.951444362295280E-002  0.113222283226906      -0.115440722716083     
  8.220319357420440E-002  0.143014239626590      -0.134241995303202     
  6.728940898298796E-002  0.107776309114720      -0.114715009650902     
  9.025563703314254E-003  4.133614169491707E-002 -6.969988014569042E-002
 -4.414228370267227E-002 -1.988912460837315E-003 -2.655061683779996E-002
 -3.707099195732037E-002 -7.615664805712463E-004 -2.716078423263402E-003
 -5.596243557762669E-002 -1.506474416712128E-002  2.269674946231752E-002
 -4.537284358099918E-002 -2.295720826349779E-002  1.871762878035979E-002
  0.000000000000000E+000  0.000000000000000E+000  0.000000000000000E+000
  0.000000000000000E+000  0.000000000000000E+000  0.000000000000000E+000
  0.000000000000000E+000  0.000000000000000E+000  0.000000000000000E+000
  0.000000000000000E+000  0.000000000000000E+000  0.000000000000000E+000
  9.794996239287760E-004 -3.442541704053736E-002  1.345947044909711E-002
  1.489225136417347E-002 -8.082901653509406E-002  3.203763069448758E-002
  1.064588556523610E-002 -7.789103699760208E-002  1.554889324577803E-002
  1.001538603875494E-002 -4.326864457549619E-002 -1.788324261710743E-002
  1.584197619870330E-002  1.234689460343653E-002 -5.885473636832796E-002
  3.103785796116118E-002  5.883788145170330E-002 -9.096711007672378E-002
  4.171603030106000E-002  7.252704986865208E-002 -0.102646530691460     
  3.516425870837265E-002  5.639461680871821E-002 -9.056034926160748E-002
  2.240073510870155E-003  1.981786446382042E-002 -5.816662889117125E-002
 -4.255085522497594E-002 -1.269761752665736E-002 -1.761483569690832E-002
 -7.256830098881339E-002 -2.944264159473440E-002  1.551261353416193E-002
 -7.745386830410851E-002 -2.744978157785770E-002  3.204891208953915E-002
 -3.021529087668501E-002 -1.624088663087045E-002  1.352367842815702E-002
  0.000000000000000E+000  0.000000000000000E+000  0.000000000000000E+000
  0.000000000000000E+000  0.000000000000000E+000  0.000000000000000E+000
  0.000000000000000E+000  0.000000000000000E+000  0.000000000000000E+000
  0.000000000000000E+000  0.000000000000000E+000  0.000000000000000E+000
 -4.031434822996781E-003 -1.374749525821931E-002  8.959422723343186E-003
  1.119131862954484E-002 -8.448119527436508E-002  3.365773767549667E-002
  5.940148720491960E-003 -9.633321533822783E-002  2.690337271949361E-002
  1.209738003327558E-003 -4.951896646822984E-002 -7.901684335912798E-003
  8.194919214552281E-003  1.036446567242424E-002 -5.052782190869282E-002
  1.958796485932494E-002  3.956190235572651E-002 -7.473109725703851E-002
  2.542342628682991E-002  4.386561616236892E-002 -8.016084848838084E-002
  2.473775795384500E-002  3.692569511472123E-002 -7.458288717502515E-002
  5.538927106339017E-003  1.300329744096517E-002 -5.050077253543763E-002
 -4.258458127331625E-002 -2.284326191312717E-002 -8.101118951098838E-003
 -8.633761616676994E-002 -4.280112965537159E-002  2.691934344281749E-002
 -7.932151880171838E-002 -3.272079102246869E-002  3.390369522955269E-002
 -9.866226137581088E-003 -1.032124735646733E-002  9.062810285878041E-003
  0.000000000000000E+000  0.000000000000000E+000  0.000000000000000E+000
  0.000000000000000E+000  0.000000000000000E+000  0.000000000000000E+000
  0.000000000000000E+000  0.000000000000000E+000  0.000000000000000E+000
  0.000000000000000E+000  0.000000000000000E+000  0.000000000000000E+000
 -5.086965313708394E-003  1.029244805510698E-003  5.475329740088318E-003
  6.041391020423528E-003 -6.671502839677659E-002  2.698038351289016E-002
  3.929314664750238E-004 -8.911088241992841E-002  3.019086412542960E-002
 -1.898796732690488E-003 -6.398317181697834E-002  6.318319914350225E-003
  6.395350127140229E-003 -5.007119250976652E-004 -3.821089213890794E-002
  3.379098834531295E-002  7.222890214741044E-002 -8.340184484136767E-002
  5.802238753744659E-002  0.100201504068218      -0.103042723902809     
  4.590187360985521E-002  6.526755989190294E-002 -8.324313842755247E-002
 -2.823053904981028E-003  5.942874682393829E-003 -3.844352084272388E-002
 -5.382913230145273E-002 -3.306554714125402E-002  6.165404845670051E-003
 -7.813466212846860E-002 -4.449687819200533E-002  3.054411712400015E-002
 -6.191510599989161E-002 -2.855384844873590E-002  2.745257776009646E-002
  3.561666842348385E-003 -3.888486491696696E-003  5.581786796596539E-003
  0.000000000000000E+000  0.000000000000000E+000  0.000000000000000E+000
  0.000000000000000E+000  0.000000000000000E+000  0.000000000000000E+000
  0.000000000000000E+000  0.000000000000000E+000  0.000000000000000E+000
  0.000000000000000E+000  0.000000000000000E+000  0.000000000000000E+000
 -1.027590356452916E-003  3.698267175076479E-003  4.719824088574140E-003
 -5.189380009374359E-003 -4.886495050028485E-002  2.197690121313208E-002
  3.901929802781455E-004 -8.181772992762676E-002  3.341513131051277E-002
 -4.489490911669878E-003 -9.505578530305316E-002  2.952277880604074E-002
  4.005286913205903E-003 -3.455543722815090E-002 -1.034811507903359E-002
  3.302276017190656E-002  6.098587675117663E-002 -7.378333780331696E-002
  5.961076490318166E-002  0.103048604870074      -0.105739374781733     
  3.655718997234012E-002  5.908156936080424E-002 -7.379127706600629E-002
 -3.151754752820203E-002 -1.356432068225924E-002 -1.053525503778991E-002
 -7.975772685140742E-002 -5.118044205694730E-002  2.943803467734235E-002
 -7.205115278837398E-002 -4.101685830553671E-002  3.395600243210627E-002
 -4.098948593932181E-002 -2.955745520341754E-002  2.256401263148552E-002
  3.838096771291451E-003  9.447650129375852E-004  4.813453826550508E-003
  0.000000000000000E+000  0.000000000000000E+000  0.000000000000000E+000
  0.000000000000000E+000  0.000000000000000E+000  0.000000000000000E+000
  0.000000000000000E+000  0.000000000000000E+000  0.000000000000000E+000
  0.000000000000000E+000  0.000000000000000E+000  0.000000000000000E+000
 -3.532783177244992E-003  4.979704198598520E-003  6.700563118853063E-003
 -6.178388155781490E-003 -3.446104491748517E-002  1.583685893201518E-002
 -9.574560772428206E-004 -8.419116058440833E-002  3.932265319577823E-002
 -2.006469153414696E-003 -0.106618870790679       4.889184430865462E-002
  4.256799355306407E-003 -5.273033206130254E-002  1.369568432909790E-002
  2.275367142118393E-002  2.748925751774650E-002 -4.821987602122296E-002
  3.787607393602357E-002  6.558863094450820E-002 -7.968564182882132E-002
  1.244945163324406E-002  3.346471272776551E-002 -4.828205199964899E-002
 -4.772149980764352E-002 -2.264790575413838E-002  1.356788322883438E-002
 -9.111337652610096E-002 -5.494728923619806E-002  4.876199657459131E-002
 -7.295788905609943E-002 -4.319530733393455E-002  3.974601744454985E-002
 -2.774276277350105E-002 -2.312995032897267E-002  1.635293124279349E-002
  6.208153494370512E-003 -5.612959924539856E-004  6.800958456233649E-003
  0.000000000000000E+000  0.000000000000000E+000  0.000000000000000E+000
  0.000000000000000E+000  0.000000000000000E+000  0.000000000000000E+000
  0.000000000000000E+000  0.000000000000000E+000  0.000000000000000E+000
  0.000000000000000E+000  0.000000000000000E+000  0.000000000000000E+000
 -1.778481961187043E-003  4.892795080968588E-003  3.824801898717222E-003
 -8.625903774727557E-003 -2.454261783746474E-002  1.173981769999607E-002
 -6.694978291184706E-004 -7.720453056784418E-002  4.108366824153534E-002
  1.560285877141330E-003 -8.243340545071763E-002  4.752077210072172E-002
  6.029591891136932E-003 -4.497201264714700E-002  1.953343350428016E-002
  1.684500783080841E-002  1.457364886629821E-002 -3.615246174005257E-002
  3.161863070318625E-002  5.485924275175331E-002 -7.852984794913749E-002
  4.014007418167142E-003  2.200734957744402E-002 -3.625872234923189E-002
 -4.197666695424856E-002 -1.711566424169515E-002  1.926804949989830E-002
 -7.235707568427345E-002 -3.999193693029351E-002  4.766294629867334E-002
 -6.684549740237362E-002 -3.932999578122963E-002  4.135171823593840E-002
 -1.736059462533415E-002 -2.009420420864126E-002  1.208687917712139E-002
  5.177804147428862E-003  9.313707205997549E-004  3.880365456235120E-003
  0.000000000000000E+000  0.000000000000000E+000  0.000000000000000E+000
  0.000000000000000E+000  0.000000000000000E+000  0.000000000000000E+000
  0.000000000000000E+000  0.000000000000000E+000  0.000000000000000E+000
  0.000000000000000E+000  0.000000000000000E+000  0.000000000000000E+000
 -5.355445298495496E-004  3.561883530566957E-003  2.554263054391034E-003
 -8.412491208445451E-003 -1.462995191065232E-002  6.945354314639041E-003
 -1.541764542066645E-003 -4.813449483960833E-002  2.869125796811422E-002
  2.205022726356007E-003 -4.346100835026653E-002  2.619778414845445E-002
  6.682041011285209E-003 -3.798719601974922E-002  2.592833835157980E-002
  7.426928205729462E-003 -4.216515363334882E-003 -7.079380043912000E-003
  1.863859037226450E-002  3.245527069344883E-002 -6.150977219535321E-002
 -7.287104969384743E-003  4.905500691143466E-003 -7.923364422887243E-003
 -3.599210562519043E-002 -1.288889534792091E-002  2.525111850104218E-002
 -3.918601140133568E-002 -2.000369124128415E-002  2.663528033072503E-002
 -4.126244114452936E-002 -2.556433980686214E-002  2.896622883894681E-002
 -8.581293597443111E-003 -1.475651264024666E-002  7.082758974481404E-003
  3.395500663307829E-003  1.331193676709822E-003  2.625157029121273E-003
  0.000000000000000E+000  0.000000000000000E+000  0.000000000000000E+000
  0.000000000000000E+000  0.000000000000000E+000  0.000000000000000E+000
  0.000000000000000E+000  0.000000000000000E+000  0.000000000000000E+000
  0.000000000000000E+000  0.000000000000000E+000  0.000000000000000E+000
  3.939150350012090E-004  1.217403222727803E-003  2.387629713979007E-003
 -4.034498255670376E-003 -2.196117832854206E-003 -7.539672934131141E-004
 -3.100344461108422E-003 -1.237323658011042E-002  4.936362811124386E-003
 -4.817494141506371E-004 -1.271392064275211E-002  1.771308728885077E-003
  3.468781559545325E-003 -2.237428839865357E-002  1.637255336173993E-002
  4.260295562037906E-003 -1.253082988635685E-002  1.267830861582675E-002
  3.088516372410002E-003  5.273595037672793E-003 -1.455969032339877E-002
 -1.292980439787945E-002 -2.072514064053802E-003  1.187230338880457E-002
 -2.098096904456989E-002 -7.857638828235024E-003  1.581636064236628E-002
 -1.093489536517232E-002 -6.754256626326943E-003  1.843294770851750E-003
 -9.345113604891431E-003 -8.960288580207434E-003  5.086452282728508E-003
  1.225476420765989E-004 -4.627090282659339E-003 -7.740060096998103E-004
  8.662664578615476E-004  9.700618434633709E-004  2.469331164784973E-003
  0.000000000000000E+000  0.000000000000000E+000  0.000000000000000E+000
  0.000000000000000E+000  0.000000000000000E+000  0.000000000000000E+000
  0.000000000000000E+000  0.000000000000000E+000  0.000000000000000E+000
  0.000000000000000E+000  0.000000000000000E+000  0.000000000000000E+000
  0.000000000000000E+000  0.000000000000000E+000  0.000000000000000E+000
  0.000000000000000E+000  0.000000000000000E+000  0.000000000000000E+000
  0.000000000000000E+000  0.000000000000000E+000  0.000000000000000E+000
  0.000000000000000E+000  0.000000000000000E+000  0.000000000000000E+000
  0.000000000000000E+000  0.000000000000000E+000  0.000000000000000E+000
  0.000000000000000E+000  0.000000000000000E+000  0.000000000000000E+000
  0.000000000000000E+000  0.000000000000000E+000  0.000000000000000E+000
  0.000000000000000E+000  0.000000000000000E+000  0.000000000000000E+000
  0.000000000000000E+000  0.000000000000000E+000  0.000000000000000E+000
  0.000000000000000E+000  0.000000000000000E+000  0.000000000000000E+000
  0.000000000000000E+000  0.000000000000000E+000  0.000000000000000E+000
  0.000000000000000E+000  0.000000000000000E+000  0.000000000000000E+000
  0.000000000000000E+000  0.000000000000000E+000  0.000000000000000E+000
  0.000000000000000E+000  0.000000000000000E+000  0.000000000000000E+000
  0.000000000000000E+000  0.000000000000000E+000  0.000000000000000E+000
  0.000000000000000E+000  0.000000000000000E+000  0.000000000000000E+000
  0.000000000000000E+000  0.000000000000000E+000  0.000000000000000E+000
  0.000000000000000E+000  0.000000000000000E+000  0.000000000000000E+000
  0.000000000000000E+000  0.000000000000000E+000  0.000000000000000E+000
  0.000000000000000E+000  0.000000000000000E+000  0.000000000000000E+000
  0.000000000000000E+000  0.000000000000000E+000  0.000000000000000E+000
  0.000000000000000E+000  0.000000000000000E+000  0.000000000000000E+000
  0.000000000000000E+000  0.000000000000000E+000  0.000000000000000E+000
  0.000000000000000E+000  0.000000000000000E+000  0.000000000000000E+000
  0.000000000000000E+000  0.000000000000000E+000  0.000000000000000E+000
  0.000000000000000E+000  0.000000000000000E+000  0.000000000000000E+000
  0.000000000000000E+000  0.000000000000000E+000  0.000000000000000E+000
  0.000000000000000E+000  0.000000000000000E+000  0.000000000000000E+000
  0.000000000000000E+000  0.000000000000000E+000  0.000000000000000E+000
  0.000000000000000E+000  0.000000000000000E+000  0.000000000000000E+000
  0.000000000000000E+000  0.000000000000000E+000  0.000000000000000E+000
  0.000000000000000E+000  0.000000000000000E+000  0.000000000000000E+000
  0.000000000000000E+000  0.000000000000000E+000  0.000000000000000E+000
  0.000000000000000E+000  0.000000000000000E+000  0.000000000000000E+000
   4.87904353689149       -781.051945205511        210.793253813089     
   34.6967976770921       -458.934128243688        345.715805629899     
   110.431303519291       -272.382990539490        268.801079889148     
   83.3450949543499       -1373.51350470438        367.550946144048     
  -21.2098195854774       -1087.03491210260        49.4189782194542     
  -131.398994121575       -804.547585560407       -264.308644366117     
  -325.359298346712       -561.779563999481       -398.472443665931     
  -626.599416841046       -507.821785053711       -264.370399184343     
  -934.524502287047       -563.819993471202        55.7254309507367     
  -1234.94627023179       -618.646151517409        373.474130774134     
  -298.601682917401       -46.2063666419487        271.917621359499     
  -405.518393926820       -194.787546759601        341.762533058099     
  -660.181043128278       -375.928357473714        206.352955034352     
  0.000000000000000E+000  0.000000000000000E+000  0.000000000000000E+000
  0.000000000000000E+000  0.000000000000000E+000  0.000000000000000E+000
  0.000000000000000E+000  0.000000000000000E+000  0.000000000000000E+000
  0.000000000000000E+000  0.000000000000000E+000  0.000000000000000E+000
   1.77909918154272       -641.297537525237        157.134131219383     
   73.4014631136014       -612.624478921585        376.879491943956     
   66.9970711590921       -471.944417526120        354.366758353774     
   31.4694832512302       -1083.67724449151        311.006546034981     
  -37.3146550730103       -881.270223483308       -29.8793314920176     
  -65.3392015198729       -460.834724395088       -407.778900924254     
  -151.542760849668       -262.061059308603       -567.849078667830     
  -361.446217927853       -279.220222615688       -407.372431598979     
  -744.841849231934       -472.251501743693       -24.3603599879146     
  -956.889404841274       -516.646582748457        315.836770385326     
  -444.669660661055       -179.898557673276        355.190950813205     
  -553.501669344909       -236.406900536365        371.550326387407     
  -540.357549456438       -310.003104721894        153.641859898980     
  0.000000000000000E+000  0.000000000000000E+000  0.000000000000000E+000
  0.000000000000000E+000  0.000000000000000E+000  0.000000000000000E+000
  0.000000000000000E+000  0.000000000000000E+000  0.000000000000000E+000
  0.000000000000000E+000  0.000000000000000E+000  0.000000000000000E+000
  -25.7984210083220       -411.913426382935        86.2115815899394     
   107.174696096225       -777.640810086987        383.390622020928     
   54.8549266424964       -904.147770677625        465.110046451956     
  -14.8007365346962       -885.165664537917        303.373629974543     
  -29.1286780303807       -414.490193514360       -163.025909583432     
   140.904158382303        250.944866228065       -693.102952469719     
   312.977526724004        540.419379510350       -929.978660932077     
   157.649384271066        258.765624855508       -694.394273462688     
  -338.778252219190       -226.745544756953       -159.901412657332     
  -758.347138030672       -454.438894255947        306.073399427982     
  -802.256777383296       -400.180308246811        462.410353207431     
  -706.492616376617       -286.825865038528        376.159103975275     
  -332.807165180351       -221.025295074768        84.0636566862435     
  0.000000000000000E+000  0.000000000000000E+000  0.000000000000000E+000
  0.000000000000000E+000  0.000000000000000E+000  0.000000000000000E+000
  0.000000000000000E+000  0.000000000000000E+000  0.000000000000000E+000
  0.000000000000000E+000  0.000000000000000E+000  0.000000000000000E+000
  -55.3398330238620       -167.412348252655        21.8286418145160     
   91.0022832168745       -603.138743361439        268.936649729178     
   56.4671584992012       -620.774454586551        335.840393688100     
  -15.7067637628007       -447.209478638825        172.916729220412     
  -32.4124780554050       -90.6018617451328       -218.334642922160     
   100.222918478050        317.423858647996       -668.674028747932     
   256.784055254081        440.626720095502       -862.872997849245     
   238.196732026058        256.623105736488       -672.084029016125     
  -59.3820004047567       -72.4269088641556       -213.774577302297     
  -384.567500689530       -241.180777007243        178.326532443531     
  -555.301778260769       -256.547557766471        332.615193641892     
  -543.204022474299       -211.854208589283        260.683215803779     
  -113.180896834263       -126.638900842890        21.2186496311992     
  0.000000000000000E+000  0.000000000000000E+000  0.000000000000000E+000
  0.000000000000000E+000  0.000000000000000E+000  0.000000000000000E+000
  0.000000000000000E+000  0.000000000000000E+000  0.000000000000000E+000
  0.000000000000000E+000  0.000000000000000E+000  0.000000000000000E+000
  -31.5082414593356       -30.1680305652993       -24.0974509122176     
   67.9040094876582       -239.389174792203        102.357696006208     
   42.5809760864754       -39.1866094407163        109.777759496673     
   21.5006219864382        91.3836167136922       -36.6300834007612     
  -20.2024948765643        73.8606245232807       -254.200065616286     
  -49.9099275354488       -28.4297573439887       -438.321435382443     
  -76.1041721690519       -137.784981331639       -480.515258753708     
   9.05585900984555       -55.0121815687267       -438.919867505533     
   65.8742061270541        8.27707640173858       -243.270579820462     
   51.1609244898535        50.3105563816853       -25.7223878496912     
  -49.5410266608602        19.4442944807820        107.813546721935     
  -217.544289983228       -50.6341143268933        95.1566954938757     
  -11.5121312120706       -40.2933899466013       -23.3610435772148     
  0.000000000000000E+000  0.000000000000000E+000  0.000000000000000E+000
  0.000000000000000E+000  0.000000000000000E+000  0.000000000000000E+000
  0.000000000000000E+000  0.000000000000000E+000  0.000000000000000E+000
  0.000000000000000E+000  0.000000000000000E+000  0.000000000000000E+000
   23.4696287662732       -4.66943538028755       -26.6734978176156     
   23.4205906962781        17.2442150152870        1.09505130740201     
   76.2833335834683        111.073646111665       -5.95564063079626     
   42.5206943212337       -18.1632217859865       -35.5700914608014     
  -21.3750350913109       -107.332823896442       -168.759560227614     
  -158.563726972864       -381.815762860958       -216.134423783670     
  -314.567117457600       -551.720040154261       -164.745757709242     
  -235.868484966337       -320.020325989919       -223.017447174220     
  -82.3823096261903       -78.4493949108801       -162.776678015814     
  -53.9325043321182        13.4702572162481       -24.8122567334739     
   56.6171089964961        118.255035103371       -6.04530807375562     
   21.9126402548653        39.3001222863170       -5.12399790015425     
  -17.2667874450949        18.0110735294814       -25.7482382641303     
  0.000000000000000E+000  0.000000000000000E+000  0.000000000000000E+000
  0.000000000000000E+000  0.000000000000000E+000  0.000000000000000E+000
  0.000000000000000E+000  0.000000000000000E+000  0.000000000000000E+000
  0.000000000000000E+000  0.000000000000000E+000  0.000000000000000E+000
   18.6287628227060       -4.49244874638798       -6.82193943348866     
   46.3589986122428        93.5924597619220       -63.1016582700567     
   107.425702853713       -118.716425410597        31.4039011683059     
   81.7544820393106       -253.464787379240        66.1161654227306     
  -16.1349971463414       -375.841503654557       -11.4107036842304     
  -245.361856304476       -729.252617308646        38.8802334507115     
  -460.096881325771       -801.663032690685        81.8003002842339     
  -502.568521297897       -577.620033530429        37.8866288533018     
  -306.132403301133       -198.527877983894       -17.2102292613871     
  -264.992719537464       -63.2771891375935        69.1877876799102     
  -166.256784100862        25.9980493930311        34.5282369704765     
   69.8422719426705        92.9873743003519       -67.0798174564192     
  -14.6015935493674        14.3623001561623       -6.76584121108806     
  0.000000000000000E+000  0.000000000000000E+000  0.000000000000000E+000
  0.000000000000000E+000  0.000000000000000E+000  0.000000000000000E+000
  0.000000000000000E+000  0.000000000000000E+000  0.000000000000000E+000
  0.000000000000000E+000  0.000000000000000E+000  0.000000000000000E+000
   13.9787243216468       -10.3602423528578       -9.65679999386435     
   57.0491246111888        45.5749617414584       -62.8460481408127     
   106.345428790182       -121.222859070667        34.7586469703925     
   73.8749244895911        101.142275311379       -149.329195880966     
  -23.6768120691822       -198.621593677794       -107.930976676139     
  -189.517153007798       -448.205520082643       -137.330306564177     
  -137.254238706213       -240.661375627786       -497.758291326475     
  -312.431594232119       -409.798017484736       -106.191291453958     
  -157.009685931994       -118.238118040374       -113.105781624036     
   54.1955230615331        113.912867507095       -154.426671897782     
  -172.919545288263        21.3326931037038        42.0667730621539     
   14.9929078068246        74.5413953212945       -65.0685822615353     
  -16.1508195650506        6.91759440736079       -9.21135523841918     
  0.000000000000000E+000  0.000000000000000E+000  0.000000000000000E+000
  0.000000000000000E+000  0.000000000000000E+000  0.000000000000000E+000
  0.000000000000000E+000  0.000000000000000E+000  0.000000000000000E+000
  0.000000000000000E+000  0.000000000000000E+000  0.000000000000000E+000
   9.41766539011308       -20.7039110617602       -14.5348214694714     
   51.3166888452380        17.2565344763904       -36.7158732889910     
   62.8116654250893        85.8944312068682       -76.7529809208856     
  -1.27357418659471        441.069388145484       -465.363409431497     
  -60.1836256314926       -97.9066936742290       -114.977463443101     
  -184.104975414503       -235.469703948334       -151.366170801734     
   32.7567734225010        57.7066434026795       -911.359910899903     
  -125.629328730933       -286.579400657106       -131.103061017190     
  -53.6537673572761       -99.4710067371130       -122.378072095335     
   388.037504807530        222.853826683243       -475.164082175957     
   31.0741594316394        89.3876171363582       -69.2032758187856     
  -10.2503843158105        52.5779615000757       -36.9633938033810     
  -22.5977378876583       -2.04956338728092       -14.7280745729930     
  0.000000000000000E+000  0.000000000000000E+000  0.000000000000000E+000
  0.000000000000000E+000  0.000000000000000E+000  0.000000000000000E+000
  0.000000000000000E+000  0.000000000000000E+000  0.000000000000000E+000
  0.000000000000000E+000  0.000000000000000E+000  0.000000000000000E+000
 -0.800197642198133       -11.3318445381662       -13.0572310582666     
   32.1881408430459       -7.78554134435868       -1.73367414307149     
   34.0493753401599        94.1222231676181       -53.9050614695428     
  -33.1939439794398        208.901229358440       -192.151950790458     
  -137.203511239369       -112.724606067707        119.572866328691     
  -152.507751430088       -194.815327021837        154.144616257284     
  -53.8531646249379       -88.8817427369634       -266.216941560713     
  -93.9232447491294       -226.107456756078        145.944815364927     
  -25.2504804238788       -172.687635285505        110.659155294474     
   199.130065047560        79.6110913959847       -199.739055887827     
   61.4807327767054        73.8571204153584       -52.7927501103145     
  -22.8752634216097        23.3466381314527       -1.75187590377311     
  -9.28941109934077       -6.28273709829897       -13.2514017494780     
  0.000000000000000E+000  0.000000000000000E+000  0.000000000000000E+000
  0.000000000000000E+000  0.000000000000000E+000  0.000000000000000E+000
  0.000000000000000E+000  0.000000000000000E+000  0.000000000000000E+000
  0.000000000000000E+000  0.000000000000000E+000  0.000000000000000E+000
  0.000000000000000E+000  0.000000000000000E+000  0.000000000000000E+000
  0.000000000000000E+000  0.000000000000000E+000  0.000000000000000E+000
  0.000000000000000E+000  0.000000000000000E+000  0.000000000000000E+000
  0.000000000000000E+000  0.000000000000000E+000  0.000000000000000E+000
  0.000000000000000E+000  0.000000000000000E+000  0.000000000000000E+000
  0.000000000000000E+000  0.000000000000000E+000  0.000000000000000E+000
  0.000000000000000E+000  0.000000000000000E+000  0.000000000000000E+000
  0.000000000000000E+000  0.000000000000000E+000  0.000000000000000E+000
  0.000000000000000E+000  0.000000000000000E+000  0.000000000000000E+000
  0.000000000000000E+000  0.000000000000000E+000  0.000000000000000E+000
  0.000000000000000E+000  0.000000000000000E+000  0.000000000000000E+000
  0.000000000000000E+000  0.000000000000000E+000  0.000000000000000E+000
  0.000000000000000E+000  0.000000000000000E+000  0.000000000000000E+000
  0.000000000000000E+000  0.000000000000000E+000  0.000000000000000E+000
  0.000000000000000E+000  0.000000000000000E+000  0.000000000000000E+000
  0.000000000000000E+000  0.000000000000000E+000  0.000000000000000E+000
  0.000000000000000E+000  0.000000000000000E+000  0.000000000000000E+000
  0.000000000000000E+000  0.000000000000000E+000  0.000000000000000E+000
  0.000000000000000E+000  0.000000000000000E+000  0.000000000000000E+000
  0.000000000000000E+000  0.000000000000000E+000  0.000000000000000E+000
  0.000000000000000E+000  0.000000000000000E+000  0.000000000000000E+000
  0.000000000000000E+000  0.000000000000000E+000  0.000000000000000E+000
  0.000000000000000E+000  0.000000000000000E+000  0.000000000000000E+000
  0.000000000000000E+000  0.000000000000000E+000  0.000000000000000E+000
  0.000000000000000E+000  0.000000000000000E+000  0.000000000000000E+000
  0.000000000000000E+000  0.000000000000000E+000  0.000000000000000E+000
  0.000000000000000E+000  0.000000000000000E+000  0.000000000000000E+000
  0.000000000000000E+000  0.000000000000000E+000  0.000000000000000E+000
  0.000000000000000E+000  0.000000000000000E+000  0.000000000000000E+000
  0.000000000000000E+000  0.000000000000000E+000  0.000000000000000E+000
  0.000000000000000E+000  0.000000000000000E+000  0.000000000000000E+000
  0.000000000000000E+000  0.000000000000000E+000  0.000000000000000E+000
