          80  8.000000000000007E-003  8.000000000000007E-003
  0.000000000000000E+000  0.000000000000000E+000  0.000000000000000E+000
  0.000000000000000E+000  0.000000000000000E+000  0.000000000000000E+000
  2.236517309261172E-002  3.002232239017338E-002 -4.633186734287627E-002
  1.973977740067014E-002  2.335094761996305E-002 -6.142820050813553E-002
  2.108777439782220E-002  1.872841489095238E-002 -8.542540443605531E-002
  1.933758539705976E-002  2.183945879951439E-002 -9.553014478874376E-002
  1.922252641819740E-002  2.537822103443015E-002 -0.104537691391635     
  2.209308987616949E-002  4.575296991494140E-002 -0.109818160022859     
  3.015200559917319E-002  5.226331556225265E-002 -0.114514441662599     
  2.853128727434079E-002  4.200906962746957E-002 -0.109816654366917     
  1.232337657569889E-002  2.933637753464984E-002 -0.104543917097097     
  9.188891752396178E-003  2.765991882189339E-002 -9.553773097025300E-002
  5.615818560694794E-003  2.761259223416005E-002 -8.544527853118321E-002
  1.029992702334326E-002  2.876442660849071E-002 -6.143067373792432E-002
  1.482704584349052E-002  3.441740326195310E-002 -4.633010781150700E-002
  0.000000000000000E+000  0.000000000000000E+000  0.000000000000000E+000
  0.000000000000000E+000  0.000000000000000E+000  0.000000000000000E+000
  0.000000000000000E+000  0.000000000000000E+000  0.000000000000000E+000
  0.000000000000000E+000  0.000000000000000E+000  0.000000000000000E+000
  1.822213096802539E-002  2.718669659985428E-002 -4.071004498020156E-002
  1.692776631716066E-002  2.978285162238184E-002 -6.183183070011367E-002
  1.676823945369793E-002  2.587289030826597E-002 -8.234826288347344E-002
  1.680696079413812E-002  2.706409370557035E-002 -9.575232721543341E-002
  1.725368599130534E-002  2.972135540640878E-002 -0.103308550311252     
  2.102604450712453E-002  4.560876708607969E-002 -0.109629505716404     
  2.782351185825531E-002  4.823043008641079E-002 -0.113419965464822     
  2.894295295452370E-002  4.101461420798740E-002 -0.109630627668766     
  1.706533717044103E-002  2.980567000778546E-002 -0.103314257493877     
  1.498411204936816E-002  2.808063658467892E-002 -9.575918609893233E-002
  1.396272104685457E-002  2.744883985374975E-002 -8.236242074562454E-002
  1.729056803515697E-002  2.954280121184035E-002 -6.182716704472008E-002
  1.443908088008501E-002  2.940751590848137E-002 -4.070246319479694E-002
  0.000000000000000E+000  0.000000000000000E+000  0.000000000000000E+000
  0.000000000000000E+000  0.000000000000000E+000  0.000000000000000E+000
  0.000000000000000E+000  0.000000000000000E+000  0.000000000000000E+000
  0.000000000000000E+000  0.000000000000000E+000  0.000000000000000E+000
  1.232579357467657E-002  2.107950794613779E-002 -3.171565193046016E-002
  1.118400451547325E-002  4.274593497674854E-002 -5.999413243769849E-002
  1.022266162596767E-002  4.017266196888401E-002 -7.906503858808585E-002
  1.176104600745175E-002  3.590862462944616E-002 -9.348640901062480E-002
  1.346229030937923E-002  3.646247443326448E-002 -0.101560890356630     
  1.857472723599736E-002  4.645215342191975E-002 -0.108020647750743     
  2.427758067058349E-002  4.208255224167589E-002 -0.111538263134171     
  3.089133897182011E-002  3.931527162123722E-002 -0.108026460696305     
  2.479503814883237E-002  2.989034947371049E-002 -0.101569364906160     
  2.517845356951930E-002  2.814732606563396E-002 -9.348862109646272E-002
  2.962794505252087E-002  2.892255133720279E-002 -7.906726813989420E-002
  3.139697598705098E-002  3.106225964843551E-002 -5.997693669847174E-002
  1.210001798319754E-002  2.122487299173310E-002 -3.169252741162491E-002
  0.000000000000000E+000  0.000000000000000E+000  0.000000000000000E+000
  0.000000000000000E+000  0.000000000000000E+000  0.000000000000000E+000
  0.000000000000000E+000  0.000000000000000E+000  0.000000000000000E+000
  0.000000000000000E+000  0.000000000000000E+000  0.000000000000000E+000
  1.371905212489064E-002  9.798057838946260E-003 -2.379351162849957E-002
  4.120923826054542E-004  5.645741824786673E-002 -5.481312372264316E-002
  4.278058313153327E-003  6.631392443382160E-002 -7.615694732522958E-002
  3.700641998104326E-003  6.137043140880580E-002 -9.158834141127335E-002
  9.233477377149869E-003  5.676120921053809E-002 -0.100037681960759     
  1.423086631085670E-002  4.140544093719731E-002 -0.104807935274167     
  1.826321103365381E-002  3.165329472563719E-002 -0.105330700062205     
  2.868974497823074E-002  3.303534728293049E-002 -0.104826922132173     
  4.447207025050796E-002  3.638023725252920E-002 -0.100047142338033     
  5.127111049046242E-002  3.389528087732799E-002 -9.158669300276198E-002
  5.524623624120979E-002  3.687335061108022E-002 -7.614090174728920E-002
  4.866044750659605E-002  2.854995276065213E-002 -5.476736244561065E-002
  1.610387302597615E-003  1.681309452242946E-002 -2.376716925076173E-002
  0.000000000000000E+000  0.000000000000000E+000  0.000000000000000E+000
  0.000000000000000E+000  0.000000000000000E+000  0.000000000000000E+000
  0.000000000000000E+000  0.000000000000000E+000  0.000000000000000E+000
  0.000000000000000E+000  0.000000000000000E+000  0.000000000000000E+000
  8.420968013286524E-003 -5.624506597774213E-003 -1.472343359463184E-002
 -1.234763413584287E-004  6.980940935639736E-002 -5.155086803363047E-002
 -4.773979309625863E-003  7.750911646852980E-002 -7.437225383190965E-002
 -2.434183650691878E-003  7.726942208070493E-002 -9.139407341508915E-002
  3.752030171320261E-003  5.740560367248681E-002 -9.835068054732013E-002
  8.973427294161583E-003  3.309744139156256E-002 -9.796391916325069E-002
  1.186056330755597E-002  2.055338844720045E-002 -9.681834651967569E-002
  2.416540560357711E-002  2.436607659325957E-002 -9.801511611270480E-002
  4.778597329849823E-002  3.195803824128150E-002 -9.837040488274541E-002
  6.807501000940686E-002  3.654328867415570E-002 -9.138974383481389E-002
  6.943416511803040E-002  3.459053918091976E-002 -7.432720964180620E-002
  6.049505426151450E-002  3.481423299367334E-002 -5.151200211650316E-002
 -9.088668338947479E-003  4.451123409490137E-003 -1.465778389122819E-002
  0.000000000000000E+000  0.000000000000000E+000  0.000000000000000E+000
  0.000000000000000E+000  0.000000000000000E+000  0.000000000000000E+000
  0.000000000000000E+000  0.000000000000000E+000  0.000000000000000E+000
  0.000000000000000E+000  0.000000000000000E+000  0.000000000000000E+000
  1.325868965479473E-002 -5.081274023475939E-003 -1.333725115965369E-002
 -3.488396561090341E-003  6.780588052292987E-002 -4.571052061954127E-002
 -8.499895605914914E-003  7.728328247061959E-002 -7.136489195832328E-002
 -7.638222372511745E-003  7.317732611026863E-002 -8.708823796513014E-002
 -1.898902999511125E-003  4.905809894006502E-002 -9.126449161606352E-002
  3.703091483560995E-003  2.371450982800235E-002 -8.795280372586789E-002
  6.441487008729058E-003  1.116327863382448E-002 -8.519739590745562E-002
  1.874738647424186E-002  1.514491217991452E-002 -8.806849614994994E-002
  4.341624694541225E-002  2.291733370552719E-002 -9.131300712746014E-002
  6.708788951016560E-002  2.997263281322834E-002 -8.707030505685236E-002
  7.109030711633067E-002  3.128836904953988E-002 -7.130103395565440E-002
  6.040570305720975E-002  3.081801113151658E-002 -4.565991779332541E-002
 -1.098255693823503E-002  9.018469177573547E-003 -1.327267127600831E-002
  0.000000000000000E+000  0.000000000000000E+000  0.000000000000000E+000
  0.000000000000000E+000  0.000000000000000E+000  0.000000000000000E+000
  0.000000000000000E+000  0.000000000000000E+000  0.000000000000000E+000
  0.000000000000000E+000  0.000000000000000E+000  0.000000000000000E+000
  1.031591269872686E-002 -2.468242251811272E-003 -8.625741632476898E-003
 -7.154414110356302E-004  5.574094057515667E-002 -3.967696686220066E-002
 -1.031667494154432E-002  6.683694572817100E-002 -6.313628954512715E-002
 -1.043531879412913E-002  5.913523634006778E-002 -7.670382068863954E-002
 -5.942715817862888E-003  3.750902850137956E-002 -7.945452274000374E-002
 -8.971218041723086E-004  1.542116476940556E-002 -7.541668655604102E-002
  2.779621865261769E-003  4.818515904979910E-003 -7.251170747759787E-002
  1.394852622728335E-002  7.041675005935734E-003 -7.562863054044901E-002
  3.546207480455981E-002  1.364491258740452E-002 -7.953455568929084E-002
  5.629455544304346E-002  2.054484842567828E-002 -7.667027677748235E-002
  6.294844520895604E-002  2.448498054476481E-002 -6.306880788071578E-002
  4.856661376522141E-002  2.720431748849570E-002 -3.961487595135155E-002
 -7.246384823566247E-003  7.736763230411939E-003 -8.572505454435948E-003
  0.000000000000000E+000  0.000000000000000E+000  0.000000000000000E+000
  0.000000000000000E+000  0.000000000000000E+000  0.000000000000000E+000
  0.000000000000000E+000  0.000000000000000E+000  0.000000000000000E+000
  0.000000000000000E+000  0.000000000000000E+000  0.000000000000000E+000
  9.813486357255961E-003 -3.643033424908114E-003 -6.858310092126757E-003
  1.671785908749224E-003  4.054056437588646E-002 -3.006832969041498E-002
 -8.879621683430700E-003  4.699798523142695E-002 -4.892131888158889E-002
 -1.015539186116588E-002  4.234322239342598E-002 -6.046790716952352E-002
 -8.381156618873271E-003  2.563851312542419E-002 -6.349014590325515E-002
 -3.892885904340728E-003  1.025803900969369E-002 -6.177221149189132E-002
  7.789694689223455E-004  1.335565362072274E-003 -6.011759303440702E-002
  1.103827274126398E-002  1.866824843926975E-003 -6.210995585752507E-002
  2.640875911678909E-002  5.603451606700677E-003 -6.358421295721213E-002
  4.161446895107008E-002  1.238998334963026E-002 -6.044112993248755E-002
  4.505795509851446E-002  1.583912331743069E-002 -4.883625789856692E-002
  3.422782396413256E-002  2.162601902587258E-002 -3.004300552975755E-002
 -8.023606456354988E-003  6.762426257109472E-003 -6.764190316601131E-003
  0.000000000000000E+000  0.000000000000000E+000  0.000000000000000E+000
  0.000000000000000E+000  0.000000000000000E+000  0.000000000000000E+000
  0.000000000000000E+000  0.000000000000000E+000  0.000000000000000E+000
  0.000000000000000E+000  0.000000000000000E+000  0.000000000000000E+000
  6.643155245259366E-003 -3.253850936584785E-003 -4.952650097983985E-003
  2.761920968204356E-003  2.088058580767412E-002 -1.645955931959065E-002
 -4.081864280172297E-003  2.590582876468556E-002 -2.959785835385586E-002
 -7.359921927615524E-003  2.406752432289583E-002 -3.788070713724874E-002
 -7.923082610835571E-003  1.546024959972180E-002 -4.267184959393142E-002
 -5.439239037188940E-003  6.304758756002101E-003 -4.490157114383609E-002
 -1.760990824995931E-004 -3.540420753669067E-004 -4.583222303148721E-002
  8.370253922325039E-003 -1.502466482034767E-003 -4.528001996878048E-002
  1.735238080661678E-002  9.004761430205995E-004 -4.275775356728440E-002
  2.441099578578623E-002  5.668159518178261E-003 -3.783520620492319E-002
  2.444837970173303E-002  9.450598752706048E-003 -2.958325441000496E-002
  1.666249031468555E-002  1.276015875295657E-002 -1.639230798028221E-002
 -6.128180405972930E-003  4.161860156431297E-003 -4.936234252873079E-003
  0.000000000000000E+000  0.000000000000000E+000  0.000000000000000E+000
  0.000000000000000E+000  0.000000000000000E+000  0.000000000000000E+000
  0.000000000000000E+000  0.000000000000000E+000  0.000000000000000E+000
  0.000000000000000E+000  0.000000000000000E+000  0.000000000000000E+000
  1.990285597969713E-003 -2.936393734056452E-003 -1.767006592113518E-003
  3.248004173449587E-003  4.850779110877214E-003 -5.113680817303809E-003
  1.238343905609655E-003  5.795236845400546E-003 -8.182517228030182E-003
 -7.656111248080776E-004  7.730094707790711E-003 -1.259934924458069E-002
 -2.843228011488020E-003  5.505584058498414E-003 -1.554567079577320E-002
 -2.980355477011872E-003  2.717577450583461E-003 -1.964766757631532E-002
 -4.238452931930129E-004 -8.465858446378171E-004 -2.172112565350353E-002
  3.937750748206703E-003 -1.183266017941942E-003 -1.989499660808303E-002
  6.160567116369842E-003  3.222479982106908E-004 -1.557419997646125E-002
  7.043649598213904E-003  3.188347130328345E-003 -1.257458503929569E-002
  4.395705937896738E-003  3.971550346124462E-003 -8.172852613874348E-003
  2.591151850540752E-003  5.212199867765320E-003 -5.110702212332952E-003
 -3.546800132777464E-003  2.639591242051850E-004 -1.737265850422521E-003
  0.000000000000000E+000  0.000000000000000E+000  0.000000000000000E+000
  0.000000000000000E+000  0.000000000000000E+000  0.000000000000000E+000
  0.000000000000000E+000  0.000000000000000E+000  0.000000000000000E+000
  0.000000000000000E+000  0.000000000000000E+000  0.000000000000000E+000
  0.000000000000000E+000  0.000000000000000E+000  0.000000000000000E+000
  0.000000000000000E+000  0.000000000000000E+000  0.000000000000000E+000
  0.000000000000000E+000  0.000000000000000E+000  0.000000000000000E+000
  0.000000000000000E+000  0.000000000000000E+000  0.000000000000000E+000
  0.000000000000000E+000  0.000000000000000E+000  0.000000000000000E+000
  0.000000000000000E+000  0.000000000000000E+000  0.000000000000000E+000
  0.000000000000000E+000  0.000000000000000E+000  0.000000000000000E+000
  0.000000000000000E+000  0.000000000000000E+000  0.000000000000000E+000
  0.000000000000000E+000  0.000000000000000E+000  0.000000000000000E+000
  0.000000000000000E+000  0.000000000000000E+000  0.000000000000000E+000
  0.000000000000000E+000  0.000000000000000E+000  0.000000000000000E+000
  0.000000000000000E+000  0.000000000000000E+000  0.000000000000000E+000
  0.000000000000000E+000  0.000000000000000E+000  0.000000000000000E+000
  0.000000000000000E+000  0.000000000000000E+000  0.000000000000000E+000
  0.000000000000000E+000  0.000000000000000E+000  0.000000000000000E+000
  0.000000000000000E+000  0.000000000000000E+000  0.000000000000000E+000
  0.000000000000000E+000  0.000000000000000E+000  0.000000000000000E+000
  0.000000000000000E+000  0.000000000000000E+000  0.000000000000000E+000
  0.000000000000000E+000  0.000000000000000E+000  0.000000000000000E+000
  0.000000000000000E+000  0.000000000000000E+000  0.000000000000000E+000
  0.000000000000000E+000  0.000000000000000E+000  0.000000000000000E+000
  0.000000000000000E+000  0.000000000000000E+000  0.000000000000000E+000
  0.000000000000000E+000  0.000000000000000E+000  0.000000000000000E+000
  0.000000000000000E+000  0.000000000000000E+000  0.000000000000000E+000
  0.000000000000000E+000  0.000000000000000E+000  0.000000000000000E+000
  0.000000000000000E+000  0.000000000000000E+000  0.000000000000000E+000
  0.000000000000000E+000  0.000000000000000E+000  0.000000000000000E+000
  0.000000000000000E+000  0.000000000000000E+000  0.000000000000000E+000
  0.000000000000000E+000  0.000000000000000E+000  0.000000000000000E+000
  0.000000000000000E+000  0.000000000000000E+000  0.000000000000000E+000
  0.000000000000000E+000  0.000000000000000E+000  0.000000000000000E+000
  0.000000000000000E+000  0.000000000000000E+000  0.000000000000000E+000
  0.000000000000000E+000  0.000000000000000E+000  0.000000000000000E+000
  0.000000000000000E+000  0.000000000000000E+000  0.000000000000000E+000
 -0.666489513936035       2.397615875620025E-002   1.22581142527478     
 -0.879592829925548      -7.597843892747937E-002   1.94291700884944     
  -1.09910450194006       0.149453723402902        3.12065650786041     
  -1.01985144776184       5.012166338338483E-002   3.80271988267906     
  -1.12343253734425       0.595066084690604        4.22636254151680     
  -1.25907070775617       -2.63736380828132        4.78867294112163     
  -2.81126399114928       -4.87123931917476        5.47100042280159     
  -1.64317029188648       -2.39680455393097        4.77596076480549     
   1.11464657238524      -0.647292442699263        4.21663104801994     
  0.589719792898699      -0.832301463394525        3.79680249205805     
  0.691499309768685      -0.866003422066342        3.11916749966675     
  0.377558547585876      -0.796435450962709        1.94519525744096     
  0.364189072270717      -0.562740426871409        1.22577759978158     
  0.000000000000000E+000  0.000000000000000E+000  0.000000000000000E+000
  0.000000000000000E+000  0.000000000000000E+000  0.000000000000000E+000
  0.000000000000000E+000  0.000000000000000E+000  0.000000000000000E+000
  0.000000000000000E+000  0.000000000000000E+000  0.000000000000000E+000
 -0.546400734716811       1.718628433007924E-002   1.06458112206401     
 -0.782329498263034      -9.715569063302645E-002   1.86021294381207     
 -0.864575389515940       9.818604440116516E-002   2.94774580519315     
 -0.900094923447715       9.082224972624292E-003   3.77163771711995     
 -0.985073845015155       0.335104044065854        4.15317868294534     
  -1.08753626975912       -2.09821544391365        4.71847950879798     
  -2.07414708981971       -3.59031094285506        5.35613953312846     
  -1.26850059172992       -1.98216401298767        4.70630826919953     
  0.812704922422730      -0.663164745096121        4.14332600067107     
  0.484534593613490      -0.755773543168339        3.76597098394759     
  0.526798865764477      -0.691916037421014        2.94676665287772     
  0.307163960757812      -0.723998787818088        1.86272387273027     
  0.296509237420047      -0.462618512233958        1.06463586491208     
  0.000000000000000E+000  0.000000000000000E+000  0.000000000000000E+000
  0.000000000000000E+000  0.000000000000000E+000  0.000000000000000E+000
  0.000000000000000E+000  0.000000000000000E+000  0.000000000000000E+000
  0.000000000000000E+000  0.000000000000000E+000  0.000000000000000E+000
 -0.392206088521073       2.112517688196796E-002  0.821768316366066     
 -0.553291501089146      -0.174262899291124        1.64212455286750     
 -0.566891194120426       2.428030110030991E-002   2.68699355845604     
 -0.618426557311808      -0.142236125411437        3.57819472301417     
 -0.653180826753808       0.296881093992190        4.05155563318835     
 -0.593385848407205      -0.965131334668479        4.56665724734472     
 -0.952810888640835       -1.64230120765408        5.14513285172960     
 -0.551785256860567      -0.998427651691298        4.55881451521840     
  0.604087868582125      -0.401073192238414        4.04139997117220     
  0.197918813282122      -0.598309293997223        3.57430505118926     
  0.306359500839341      -0.476108271968149        2.68594360684876     
  0.119568452918333      -0.568215137047350        1.64539249268365     
  0.219584409359195      -0.327066401080760       0.821575237110394     
  0.000000000000000E+000  0.000000000000000E+000  0.000000000000000E+000
  0.000000000000000E+000  0.000000000000000E+000  0.000000000000000E+000
  0.000000000000000E+000  0.000000000000000E+000  0.000000000000000E+000
  0.000000000000000E+000  0.000000000000000E+000  0.000000000000000E+000
 -0.309057848778443       3.224313260653038E-002  0.605077455986414     
 -0.262753815731541      -9.204022365995959E-002   1.30188012910475     
 -0.283140347156888      -3.837109651021709E-002   2.34246406809871     
 -0.225226911134380       0.163286852352310        3.26560512313991     
 -0.188583162610432      -0.321341920839851        3.86661575093306     
 -0.245719504648464      -0.724421959950917        4.44067870641398     
 -0.220017127418431      -0.369886995435755        4.69097477202506     
 -0.504795929148298      -0.566006337626332        4.43679755963317     
 -0.193877490227935      -0.327266623176855        3.86235655827728     
  0.243773980144343      -0.117384763588043        3.26283950402948     
  9.442881628482315E-002 -0.272181769028143        2.34196541334316     
  3.823444503086725E-002 -0.276087867552485        1.30505484174259     
  0.185861403550463      -0.252428052389466       0.605344172916126     
  0.000000000000000E+000  0.000000000000000E+000  0.000000000000000E+000
  0.000000000000000E+000  0.000000000000000E+000  0.000000000000000E+000
  0.000000000000000E+000  0.000000000000000E+000  0.000000000000000E+000
  0.000000000000000E+000  0.000000000000000E+000  0.000000000000000E+000
 -0.132424230354470       0.116222943295016       0.385960442498168     
 -0.226262600325937       0.179469997894468        1.01391359914007     
 -5.981703787075029E-002  0.411123473886094        1.94603960959821     
  0.143557846079080       2.674251567034978E-002   2.91156162014717     
  0.202375465690815      -0.535598866088313        3.69087206117829     
  7.750952193344375E-002 -0.455300920581697        4.21789656086071     
  7.836311769276762E-002  0.147639420552353        4.14618194036039     
 -0.421163777383018      -0.139608453104221        4.20847269546318     
 -0.573426207504252      -9.313021150887753E-002   3.69236941177854     
 -6.253058717570563E-002  0.131994093512126        2.91175839756243     
  0.368840624417275       0.147768977602305        1.94617093785577     
  0.255073374133313      -0.110712394288186        1.01781508866057     
  0.167641373856687      -5.551006832304116E-002  0.383681098451815     
  0.000000000000000E+000  0.000000000000000E+000  0.000000000000000E+000
  0.000000000000000E+000  0.000000000000000E+000  0.000000000000000E+000
  0.000000000000000E+000  0.000000000000000E+000  0.000000000000000E+000
  0.000000000000000E+000  0.000000000000000E+000  0.000000000000000E+000
 -0.109175181284089       3.822656530617613E-002  0.305627135148263     
 -0.205208784526755       0.601400285172660       0.695895198924434     
  5.237907587743331E-002  0.533342266746831        1.49373492514127     
  0.506495674739693      -0.517260211016805        2.78976784825110     
  0.462178961779562      -4.822143668944981E-002   3.12829468386864     
  0.446938741512616       0.343267683644533        3.37908194113581     
  6.867503912402470E-002  0.128457147789986        3.76998131233748     
  7.313801996600468E-002  0.570527468961882        3.37786186129876     
 -0.280951256516786       0.380562185922851        3.13213364088869     
 -0.690217612711552       0.185321766001180        2.78104133245590     
  0.439210076058057       0.312016598888881        1.48880538909697     
  0.619192537407930       0.124757146656677       0.697673261757437     
  8.468306311089709E-002 -7.976076347737808E-002  0.302511997558319     
  0.000000000000000E+000  0.000000000000000E+000  0.000000000000000E+000
  0.000000000000000E+000  0.000000000000000E+000  0.000000000000000E+000
  0.000000000000000E+000  0.000000000000000E+000  0.000000000000000E+000
  0.000000000000000E+000  0.000000000000000E+000  0.000000000000000E+000
 -2.579168535442051E-002 -1.910935688114490E-002  0.220720173165258     
 -0.196966452190384       0.747743350667798       0.427178849720326     
  0.227656726243684       5.734970060083423E-002   1.28541156175534     
  0.797205267797748      -0.972349289041407        2.79060765433838     
  0.612469378807604       2.826953566723599E-002   2.67217768954305     
  0.574595472954357       0.533702126385555        2.50445047355963     
  2.798944562146456E-002  5.316560281361121E-002   3.65476508960879     
  0.170879346874935       0.766991730121021        2.51530428120203     
 -0.285608127702311       0.549293068640373        2.68035921853475     
  -1.22370327872133       0.209520772726066        2.77814323358658     
 -3.224792733468045E-002  0.232829417469940        1.26759719573197     
  0.751313831740549       0.206621169561764       0.424562717088963     
 -6.131293461422329E-003 -3.302702253660278E-002  0.218625553782602     
  0.000000000000000E+000  0.000000000000000E+000  0.000000000000000E+000
  0.000000000000000E+000  0.000000000000000E+000  0.000000000000000E+000
  0.000000000000000E+000  0.000000000000000E+000  0.000000000000000E+000
  0.000000000000000E+000  0.000000000000000E+000  0.000000000000000E+000
 -3.669895555910189E-002  1.912715448223882E-002  0.160306695932546     
 -8.465178475290291E-002  0.510141439079185       0.272012351490487     
  0.375821728028512      -0.439675517585660        1.25030214206808     
  0.896743323174778      -0.950017826120574        2.48071772863414     
  0.773750193356763      -0.268192954041506        2.60324650501736     
  0.440113704273440       0.460320879522377        1.96496183374028     
  0.388612271700314       0.663853824477918        2.05274461317329     
  0.183724306974413       0.609375066321027        1.97777749617299     
 -0.611109725864959       0.537727382233897        2.60641396074307     
  -1.26142294498457       0.302724416171919        2.47870337701676     
 -0.529169450426001       0.111254956045997        1.22338398971599     
  0.495495825695143       0.188517394171231       0.268575128875335     
  3.130158379552506E-002 -2.434603756866973E-002  0.156108959626970     
  0.000000000000000E+000  0.000000000000000E+000  0.000000000000000E+000
  0.000000000000000E+000  0.000000000000000E+000  0.000000000000000E+000
  0.000000000000000E+000  0.000000000000000E+000  0.000000000000000E+000
  0.000000000000000E+000  0.000000000000000E+000  0.000000000000000E+000
 -2.187426718597433E-002  5.444338562557731E-002  0.129187236686967     
 -1.430824520434985E-002  0.198889304348036       0.156195914815523     
  0.290139560658973      -0.444067040420664       0.972981923148101     
  0.588103864158168      -0.452081372054072        1.54983751149761     
  0.506931335202130       5.760022294972302E-002   1.50516016684764     
  0.398004690848624       0.319752818199958        1.42217765183994     
  0.281668204089859       0.475360643142944        1.25138625428624     
  9.342613383970230E-002  0.502519163077330        1.41172159800062     
 -0.196444093153549       0.465805648460725        1.51121059807910     
 -0.683788229805136       0.283446004375308        1.55577237976177     
 -0.505423384176843       3.146351594258957E-002  0.955479756793379     
  0.188326730723200       9.417740200010226E-002  0.149816397662648     
  5.554267046280443E-002  6.868398734834103E-003  0.129702630279558     
  0.000000000000000E+000  0.000000000000000E+000  0.000000000000000E+000
  0.000000000000000E+000  0.000000000000000E+000  0.000000000000000E+000
  0.000000000000000E+000  0.000000000000000E+000  0.000000000000000E+000
  0.000000000000000E+000  0.000000000000000E+000  0.000000000000000E+000
 -7.046947232488146E-003  3.603928887055550E-002  4.544023497449038E-002
  6.164260384435319E-003  5.374267303732030E-002  0.104141303304640     
  2.642473233453077E-002 -7.301328937665186E-002  0.330940536524938     
  0.114786989397842       3.079657532859174E-002  0.378234212976270     
  3.706327940312541E-002  0.211559774397127       0.137192854978116     
  0.190498999347661       0.203355132397284       0.624573913473455     
  0.177591033719315       0.301567831705957        1.07222426989296     
  9.329462613147534E-002  0.259830270991006       0.603450942145472     
  0.167102852797001       0.137266572052438       0.141576120651412     
 -3.134044046350466E-002  0.115108108273848       0.385563653744333     
 -7.095339939361689E-002 -1.179685399609677E-002  0.327451084155701     
  4.431562732816291E-002  3.556185285581509E-002  0.103124527343172     
  3.450925597678776E-002  1.119317289694912E-002  4.466024715591547E-002
  0.000000000000000E+000  0.000000000000000E+000  0.000000000000000E+000
  0.000000000000000E+000  0.000000000000000E+000  0.000000000000000E+000
  0.000000000000000E+000  0.000000000000000E+000  0.000000000000000E+000
  0.000000000000000E+000  0.000000000000000E+000  0.000000000000000E+000
  0.000000000000000E+000  0.000000000000000E+000  0.000000000000000E+000
  0.000000000000000E+000  0.000000000000000E+000  0.000000000000000E+000
  0.000000000000000E+000  0.000000000000000E+000  0.000000000000000E+000
  0.000000000000000E+000  0.000000000000000E+000  0.000000000000000E+000
  0.000000000000000E+000  0.000000000000000E+000  0.000000000000000E+000
  0.000000000000000E+000  0.000000000000000E+000  0.000000000000000E+000
  0.000000000000000E+000  0.000000000000000E+000  0.000000000000000E+000
  0.000000000000000E+000  0.000000000000000E+000  0.000000000000000E+000
  0.000000000000000E+000  0.000000000000000E+000  0.000000000000000E+000
  0.000000000000000E+000  0.000000000000000E+000  0.000000000000000E+000
  0.000000000000000E+000  0.000000000000000E+000  0.000000000000000E+000
  0.000000000000000E+000  0.000000000000000E+000  0.000000000000000E+000
  0.000000000000000E+000  0.000000000000000E+000  0.000000000000000E+000
  0.000000000000000E+000  0.000000000000000E+000  0.000000000000000E+000
  0.000000000000000E+000  0.000000000000000E+000  0.000000000000000E+000
  0.000000000000000E+000  0.000000000000000E+000  0.000000000000000E+000
  0.000000000000000E+000  0.000000000000000E+000  0.000000000000000E+000
  0.000000000000000E+000  0.000000000000000E+000  0.000000000000000E+000
  0.000000000000000E+000  0.000000000000000E+000  0.000000000000000E+000
  0.000000000000000E+000  0.000000000000000E+000  0.000000000000000E+000
  0.000000000000000E+000  0.000000000000000E+000  0.000000000000000E+000
  0.000000000000000E+000  0.000000000000000E+000  0.000000000000000E+000
  0.000000000000000E+000  0.000000000000000E+000  0.000000000000000E+000
  0.000000000000000E+000  0.000000000000000E+000  0.000000000000000E+000
  0.000000000000000E+000  0.000000000000000E+000  0.000000000000000E+000
  0.000000000000000E+000  0.000000000000000E+000  0.000000000000000E+000
  0.000000000000000E+000  0.000000000000000E+000  0.000000000000000E+000
  0.000000000000000E+000  0.000000000000000E+000  0.000000000000000E+000
  0.000000000000000E+000  0.000000000000000E+000  0.000000000000000E+000
  0.000000000000000E+000  0.000000000000000E+000  0.000000000000000E+000
  0.000000000000000E+000  0.000000000000000E+000  0.000000000000000E+000
  0.000000000000000E+000  0.000000000000000E+000  0.000000000000000E+000
  0.000000000000000E+000  0.000000000000000E+000  0.000000000000000E+000
  0.000000000000000E+000  0.000000000000000E+000  0.000000000000000E+000
   313.990995945772       -6430.16006116830        1564.25864556483     
  -2054.13620260281        1132.98110436324       -916.824229071051     
  -2637.42094998473        660.046823307095       -659.065766726055     
  -3247.20161008911        2885.72650959802       -2610.15988780169     
  -3062.35189727212       -2188.69264411245       -3235.83950804300     
  -4550.96526406363       -8397.81887093212       -1602.29809912135     
  -183.024358283887       -346.010017512321        477.688167036601     
  -5230.81264035426       -8304.01339550304       -1657.70529757868     
  -297.065250604281       -3644.37888609166       -3286.09517674621     
   4455.51446564827       -1129.52294968869       -2601.75600466860     
   2041.24456385154       -1804.29939299487       -652.979306031047     
   2028.05593193515       -1156.62107011032       -873.752484157519     
  -5480.97027748152       -2821.65471089830        1512.68506636801     
  0.000000000000000E+000  0.000000000000000E+000  0.000000000000000E+000
  0.000000000000000E+000  0.000000000000000E+000  0.000000000000000E+000
  0.000000000000000E+000  0.000000000000000E+000  0.000000000000000E+000
  0.000000000000000E+000  0.000000000000000E+000  0.000000000000000E+000
   167.249136514136       -5654.01371018267        1432.82524645924     
  -2165.99317770310       -380.460246786925       -719.284889586956     
  -2905.49754699474        594.465419125721       -771.837549842210     
  -3653.59628137831        1328.37185613456       -2289.45302699363     
  -3229.13510474160       -1217.48200740647       -3590.99825818948     
  -2720.23319875439       -4866.17555780070       -1281.81512591022     
   410.398939339125        738.054314605312        200.843587298565     
  -2971.94880649892       -4854.19145665915       -1346.40257299465     
   601.604389266970       -3344.72284691359       -3640.49552088773     
   3200.06296654096       -2326.21969200824       -2284.42533379519     
   2064.68484160992       -2113.61868596836       -762.173813287194     
   732.003694150518       -2024.52757693587       -677.645544639881     
  -4781.39198997056       -2576.63619990798        1392.31949824023     
  0.000000000000000E+000  0.000000000000000E+000  0.000000000000000E+000
  0.000000000000000E+000  0.000000000000000E+000  0.000000000000000E+000
  0.000000000000000E+000  0.000000000000000E+000  0.000000000000000E+000
  0.000000000000000E+000  0.000000000000000E+000  0.000000000000000E+000
   175.268397765500       -4156.97857886322        1200.29492027732     
  -2440.91187807756       -3283.63106164751       -435.292040218856     
  -3389.31413983157        256.549294579164       -803.336126823930     
  -4260.63533115519       -1975.60309286149       -2131.74272813131     
  -2625.64854536438        256.173338660864       -2925.12291704079     
  -822.131006670489        1105.44497929504       -1568.31834740961     
   2501.13421192463        4379.77614841056       -209.969301542339     
   1460.70621902252       -51.8519998297405       -1642.27056068477     
   1514.20405242539       -2147.33082202575       -2963.73108309650     
   469.039502247959       -4619.75314262832       -2129.01034609105     
   1877.48690091425       -2789.04626359471       -796.293101098400     
  -1738.63085696278       -3754.55241128122       -396.061800204266     
  -3564.09677411704       -1847.91014792436        1180.99916577129     
  0.000000000000000E+000  0.000000000000000E+000  0.000000000000000E+000
  0.000000000000000E+000  0.000000000000000E+000  0.000000000000000E+000
  0.000000000000000E+000  0.000000000000000E+000  0.000000000000000E+000
  0.000000000000000E+000  0.000000000000000E+000  0.000000000000000E+000
  -854.941320569532       -2049.74503404561        952.433545033257     
  -2029.12279786175       -2864.25388064470       -337.061427348282     
  -4422.99348336223       -980.684279416972       -593.338483341764     
  -4541.91252185143        5160.53070561326       -1250.23665812797     
  -2416.85018875536        379.665726473454       -1399.91557551910     
  -1119.34885208130       -3890.39205119849       -210.510609042288     
   3172.44912280810        5561.64605679940       -800.266495073898     
  -2737.70428120536       -2820.62023894240       -272.423031489637     
   1475.63466880576       -1947.63141716168       -1405.90033142554     
   6749.57201632198       -1344.57516015023       -1255.39769027380     
   1318.64318443604       -4316.42842074353       -587.080588706733     
  -1635.51835664601       -3203.67226187177       -299.720289291252     
  -1302.22479264146       -1719.53066616541        960.569925366556     
  0.000000000000000E+000  0.000000000000000E+000  0.000000000000000E+000
  0.000000000000000E+000  0.000000000000000E+000  0.000000000000000E+000
  0.000000000000000E+000  0.000000000000000E+000  0.000000000000000E+000
  0.000000000000000E+000  0.000000000000000E+000  0.000000000000000E+000
  -290.735480369701        30.3760055144933        358.753694407848     
  -3550.35942094513        183.340045469085       -396.774595760926     
  -4702.04663361395        1635.44771090666       -606.294148123028     
  -5517.28962065264        11395.0856614254       -2065.87828727828     
  -2170.97878049873        4057.83661397746       -507.041627155441     
  -144.359793180492       -945.676186980779        1782.40640445611     
   4249.29091177221        7432.68120344337       -5453.97098088661     
  -769.680833883354       -536.987267187365        1772.66706608020     
   4611.00318441271        166.947044538923       -501.999754142558     
   12550.2358050280        861.386771502102       -2061.46733783982     
   3803.47742996135       -3237.32416671868       -621.623274400207     
   1871.25324897488       -2955.83182302397       -363.814246069714     
   169.114134939249       -219.045646340651        376.487239565060     
  0.000000000000000E+000  0.000000000000000E+000  0.000000000000000E+000
  0.000000000000000E+000  0.000000000000000E+000  0.000000000000000E+000
  0.000000000000000E+000  0.000000000000000E+000  0.000000000000000E+000
  0.000000000000000E+000  0.000000000000000E+000  0.000000000000000E+000
  -887.865852810278       -23.3654200847441        723.407912204744     
  -4134.17534425540        2164.12516606200       -449.048866081817     
  -4475.47741157691        954.074544654096       -423.276728944371     
  -5562.71535108476        10421.7200029784       -2055.51405125015     
  -2679.65277695779        10227.0415405608       -1289.89751486375     
   1273.67165479036        9123.09924931922       -2431.54286955198     
  -71.9396382129935       -89.8069499594556       -759.622076499904     
   7210.32561616973        5711.45584131804       -2385.44890755077     
   10347.0550009566        2894.79963549287       -1341.05919695949     
   11683.4907208660        308.278841956097       -1999.74623829845     
   3088.24313123054       -3410.85647474623       -463.803307735311     
   4001.08507038197       -2445.08184478660       -428.311776303794     
   406.715308605428       -761.163295512017        737.765468756730     
  0.000000000000000E+000  0.000000000000000E+000  0.000000000000000E+000
  0.000000000000000E+000  0.000000000000000E+000  0.000000000000000E+000
  0.000000000000000E+000  0.000000000000000E+000  0.000000000000000E+000
  0.000000000000000E+000  0.000000000000000E+000  0.000000000000000E+000
  -1233.79588335607       -115.426435963167        828.602388655957     
  -3105.03655995840        241.948095918585        305.575664418172     
  -2598.12709898505       -5430.66488321089        3582.43658983677     
  -6423.97172739407        15341.2645721857       -5515.25641101807     
  -1921.57565392886        12185.8937388541       -1657.14850172146     
  -400.746758974065        7226.79321956191       -1082.47546802781     
  -912.313769632560       -1534.07414533885        5764.76458159179     
   6490.29952622803        3326.85462186642       -1038.62723965736     
   11598.2462111880        4487.82153286070       -1640.63724142498     
   16681.6646099774        2123.99065760886       -5637.77830481961     
  -3293.21367344862       -4992.69557087024        3515.62822877424     
   1830.32284354229       -2517.60888525005        318.289915576121     
   513.514558875517       -1102.16599646071        841.164660867615     
  0.000000000000000E+000  0.000000000000000E+000  0.000000000000000E+000
  0.000000000000000E+000  0.000000000000000E+000  0.000000000000000E+000
  0.000000000000000E+000  0.000000000000000E+000  0.000000000000000E+000
  0.000000000000000E+000  0.000000000000000E+000  0.000000000000000E+000
  -1438.28737234025        813.894376422749        328.861416370476     
  -1808.27770903077       -4009.44093924388        1973.29675067015     
   1679.51870776969       -12117.1921088648        9706.88108462106     
  -6559.16662721293        14838.8252836226       -6875.05554425163     
  -2326.19641029603        10426.9527076783       -682.456419510749     
  -1215.57536545432        893.424798876488        9522.93347187616     
  -1863.20172505477       -3227.25425855244        12709.4750442652     
   1443.52178782993       -568.616099596240        9621.70245046699     
   10220.6102485554        3235.04743444036       -568.913480762018     
   16424.5181293263        1742.78790069079       -7142.39262445718     
  -11097.4650264291       -4636.48792716916        9584.67436957372     
  -2513.67971658373       -3536.94321401373        2001.12461335801     
   1411.15991546884       -817.488648972649        325.451233287508     
  0.000000000000000E+000  0.000000000000000E+000  0.000000000000000E+000
  0.000000000000000E+000  0.000000000000000E+000  0.000000000000000E+000
  0.000000000000000E+000  0.000000000000000E+000  0.000000000000000E+000
  0.000000000000000E+000  0.000000000000000E+000  0.000000000000000E+000
  -1127.91160010598        1364.74656343747        182.546412350382     
  -1528.96170822546       -5335.94951560867        2584.91197904938     
   3685.90960576316       -10983.5618247702        10491.8899245284     
  -2574.98589946349        6826.64204279815       -2156.76786235086     
  -927.793270404198        4800.70027872250        5432.82272319968     
  -372.316504957864        48.6083403297741        15003.1789199459     
  -1632.76740213581       -2864.51177522075        22150.9941962038     
   250.452663698759       -271.285001327596        15265.3778984022     
   4720.16162789413        1639.69093816472        5465.84829897981     
   7214.36888004477        1154.73769589882       -2183.86680971672     
  -11188.4730745308       -2333.31898617459        10405.7403428822     
  -3818.27722707571       -3970.41278669452        2590.83269988554     
   1740.82754891810       -279.825903086568        203.019587126008     
  0.000000000000000E+000  0.000000000000000E+000  0.000000000000000E+000
  0.000000000000000E+000  0.000000000000000E+000  0.000000000000000E+000
  0.000000000000000E+000  0.000000000000000E+000  0.000000000000000E+000
  0.000000000000000E+000  0.000000000000000E+000  0.000000000000000E+000
  -279.732801073960        637.428110992234       -92.5890427747670     
  -1644.74228879147       -1757.63131865496        663.197864530876     
   679.204443506955       -3648.86232338787        3207.55391074532     
  -46.6028049865974        1120.67732748833       -109.109501311094     
   446.895614639820        1180.73534418981        8396.50656398861     
  -1988.32586295593        2551.39791355788        8506.26468605247     
   110.085835224259        112.705576531355        2585.10492644490     
   3253.63736386606       -445.909910922314        8757.61129239215     
   895.513637558277        980.274777212719        8295.64913621206     
   918.205902976957        528.865096481177       -25.2178372690461     
  -3479.16546352974       -1251.64324877726        3201.24982039401     
  -679.490326620100       -2296.93539805577        679.636400782090     
   688.493772347235        82.3979480436930       -84.8124477412757     
  0.000000000000000E+000  0.000000000000000E+000  0.000000000000000E+000
  0.000000000000000E+000  0.000000000000000E+000  0.000000000000000E+000
  0.000000000000000E+000  0.000000000000000E+000  0.000000000000000E+000
  0.000000000000000E+000  0.000000000000000E+000  0.000000000000000E+000
  0.000000000000000E+000  0.000000000000000E+000  0.000000000000000E+000
  0.000000000000000E+000  0.000000000000000E+000  0.000000000000000E+000
  0.000000000000000E+000  0.000000000000000E+000  0.000000000000000E+000
  0.000000000000000E+000  0.000000000000000E+000  0.000000000000000E+000
  0.000000000000000E+000  0.000000000000000E+000  0.000000000000000E+000
  0.000000000000000E+000  0.000000000000000E+000  0.000000000000000E+000
  0.000000000000000E+000  0.000000000000000E+000  0.000000000000000E+000
  0.000000000000000E+000  0.000000000000000E+000  0.000000000000000E+000
  0.000000000000000E+000  0.000000000000000E+000  0.000000000000000E+000
  0.000000000000000E+000  0.000000000000000E+000  0.000000000000000E+000
  0.000000000000000E+000  0.000000000000000E+000  0.000000000000000E+000
  0.000000000000000E+000  0.000000000000000E+000  0.000000000000000E+000
  0.000000000000000E+000  0.000000000000000E+000  0.000000000000000E+000
  0.000000000000000E+000  0.000000000000000E+000  0.000000000000000E+000
  0.000000000000000E+000  0.000000000000000E+000  0.000000000000000E+000
  0.000000000000000E+000  0.000000000000000E+000  0.000000000000000E+000
  0.000000000000000E+000  0.000000000000000E+000  0.000000000000000E+000
  0.000000000000000E+000  0.000000000000000E+000  0.000000000000000E+000
  0.000000000000000E+000  0.000000000000000E+000  0.000000000000000E+000
  0.000000000000000E+000  0.000000000000000E+000  0.000000000000000E+000
  0.000000000000000E+000  0.000000000000000E+000  0.000000000000000E+000
  0.000000000000000E+000  0.000000000000000E+000  0.000000000000000E+000
  0.000000000000000E+000  0.000000000000000E+000  0.000000000000000E+000
  0.000000000000000E+000  0.000000000000000E+000  0.000000000000000E+000
  0.000000000000000E+000  0.000000000000000E+000  0.000000000000000E+000
  0.000000000000000E+000  0.000000000000000E+000  0.000000000000000E+000
  0.000000000000000E+000  0.000000000000000E+000  0.000000000000000E+000
  0.000000000000000E+000  0.000000000000000E+000  0.000000000000000E+000
  0.000000000000000E+000  0.000000000000000E+000  0.000000000000000E+000
  0.000000000000000E+000  0.000000000000000E+000  0.000000000000000E+000
  0.000000000000000E+000  0.000000000000000E+000  0.000000000000000E+000
  0.000000000000000E+000  0.000000000000000E+000  0.000000000000000E+000
