         140  1.399999999999997E-002  1.399999999999997E-002
  0.000000000000000E+000  0.000000000000000E+000  0.000000000000000E+000
  0.000000000000000E+000  0.000000000000000E+000  0.000000000000000E+000
  3.741830778516962E-002  4.912419199622322E-002 -5.916008546319535E-002
  3.993904071820290E-002  8.768509422391049E-002 -8.852446337579105E-002
  5.368216767269187E-002  0.107554289448456      -0.123319987104919     
  5.917945523035964E-002  0.140079512105698      -0.145080922154657     
  6.701944929259585E-002  0.149894164766004      -0.162259679688588     
  7.396391365309361E-002  0.146146439953104      -0.170333443299856     
  8.119617400200729E-002  0.140692200957965      -0.172885220016853     
  8.953004684313144E-002  0.137140600465211      -0.170317588955186     
  9.625800657012659E-002  0.133018284858010      -0.162247856152791     
  9.173264175807448E-002  0.121368149826036      -0.145087535711605     
  6.634457550794934E-002  0.100362271047532      -0.123325201187328     
  5.595663654614497E-002  7.850227657527593E-002 -8.852171790336914E-002
  2.391271790922821E-002  5.706382056187714E-002 -5.910199588920136E-002
  0.000000000000000E+000  0.000000000000000E+000  0.000000000000000E+000
  0.000000000000000E+000  0.000000000000000E+000  0.000000000000000E+000
  0.000000000000000E+000  0.000000000000000E+000  0.000000000000000E+000
  0.000000000000000E+000  0.000000000000000E+000  0.000000000000000E+000
  3.057974934469607E-002  4.447722811432505E-002 -5.085284324179242E-002
  3.716975393531597E-002  8.718093057747621E-002 -8.771986031667595E-002
  4.671554271758391E-002  0.110722814796614      -0.117984585339580     
  5.458393415934569E-002  0.136239926637929      -0.143644977930764     
  6.192470075970082E-002  0.143703240282219      -0.158986935265139     
  6.955088069355315E-002  0.138524568241002      -0.168558788294735     
  7.667375538762657E-002  0.132854136844696      -0.170344925483244     
  8.514373582388064E-002  0.129514735308237      -0.168552350632393     
  9.344278251020105E-002  0.125513304460736      -0.158979647328601     
  9.068709775992669E-002  0.115447419244496      -0.143645235908432     
  7.254373444436027E-002  9.589463132178433E-002 -0.117981906108460     
  5.691155396480288E-002  7.583401686502718E-002 -8.770276156847732E-002
  2.328716208888526E-002  4.881082886332123E-002 -5.078731148151786E-002
  0.000000000000000E+000  0.000000000000000E+000  0.000000000000000E+000
  0.000000000000000E+000  0.000000000000000E+000  0.000000000000000E+000
  0.000000000000000E+000  0.000000000000000E+000  0.000000000000000E+000
  0.000000000000000E+000  0.000000000000000E+000  0.000000000000000E+000
  2.260310262662882E-002  3.452790786338622E-002 -3.829139271885068E-002
  2.946350516272386E-002  8.691847651500055E-002 -8.130237036466627E-002
  3.701444866606915E-002  0.115589179637431      -0.111736776140012     
  4.466707844111681E-002  0.133351860820312      -0.137036180202010     
  5.278268676521921E-002  0.132948573278283      -0.153720692900902     
  5.994201408861720E-002  0.123994080108358      -0.162203040823350     
  6.738421719249520E-002  0.116751249423397      -0.165142509914704     
  7.737068890334577E-002  0.113940233096795      -0.162215583600339     
  8.869555371523458E-002  0.112207829383249      -0.153717659900865     
  9.311097737953825E-002  0.105387960261880      -0.137024636720581     
  8.157341732198037E-002  8.988125716754754E-002 -0.111714915309899     
  6.052403076718108E-002  6.900925200711974E-002 -8.125529246309487E-002
  1.863151638476485E-002  3.690502002465961E-002 -3.821568144332239E-002
  0.000000000000000E+000  0.000000000000000E+000  0.000000000000000E+000
  0.000000000000000E+000  0.000000000000000E+000  0.000000000000000E+000
  0.000000000000000E+000  0.000000000000000E+000  0.000000000000000E+000
  0.000000000000000E+000  0.000000000000000E+000  0.000000000000000E+000
  2.216699918188336E-002  1.673752897320330E-002 -2.680229299504290E-002
  1.837804684517940E-002  8.332614744112049E-002 -6.928179262176268E-002
  2.784748419290480E-002  0.115449586034299      -0.101963311603861     
  3.275467446692801E-002  0.125833994814000      -0.127636321276561     
  4.080423848932510E-002  0.117996796324849      -0.142632756741679     
  4.715421990361265E-002  0.103352892905095      -0.150251242385590     
  5.435619763696737E-002  9.417254885611294E-002 -0.152167995088912     
  6.591282428093378E-002  9.255887530553085E-002 -0.150290937434852     
  8.174018213250685E-002  9.435994221056537E-002 -0.142638689334438     
  9.254066307357625E-002  9.127344570521533E-002 -0.127607079848064     
  8.598560505536836E-002  8.183262154998758E-002 -0.101906505420406     
  6.291291210423852E-002  5.755466229350779E-002 -6.920200464121891E-002
  3.402252864717932E-003  2.763458467456547E-002 -2.669153110848251E-002
  0.000000000000000E+000  0.000000000000000E+000  0.000000000000000E+000
  0.000000000000000E+000  0.000000000000000E+000  0.000000000000000E+000
  0.000000000000000E+000  0.000000000000000E+000  0.000000000000000E+000
  0.000000000000000E+000  0.000000000000000E+000  0.000000000000000E+000
  1.353229372746472E-002 -4.300948532174910E-003 -1.545028739330144E-002
  1.823932360304743E-002  8.186835150826932E-002 -5.929616082231890E-002
  1.951507577290981E-002  0.107639320293239      -9.231397716728197E-002
  2.448692317859253E-002  0.115646036055356      -0.116931199542790     
  3.111072881539569E-002  0.103180668937867      -0.130641998558527     
  3.676133901470095E-002  8.601937658888173E-002 -0.136027425438934     
  4.383516009083717E-002  7.593145612980828E-002 -0.137393545780248     
  5.614020154153861E-002  7.492958768443314E-002 -0.136105077393054     
  7.378878544405944E-002  7.855966490520523E-002 -0.130664355409747     
  8.784346661715239E-002  7.901508693183124E-002 -0.116888091564452     
  8.336298731988491E-002  7.065577488239855E-002 -9.222722258307942E-002
  6.169755280350261E-002  5.669747373114296E-002 -5.918007812364082E-002
 -1.054169655359219E-002  9.596657922273450E-003 -1.532660311664854E-002
  0.000000000000000E+000  0.000000000000000E+000  0.000000000000000E+000
  0.000000000000000E+000  0.000000000000000E+000  0.000000000000000E+000
  0.000000000000000E+000  0.000000000000000E+000  0.000000000000000E+000
  0.000000000000000E+000  0.000000000000000E+000  0.000000000000000E+000
  1.382944994609533E-002 -1.130284941188076E-002 -1.156459381215291E-002
  1.732026569889325E-002  7.684695519336884E-002 -5.059249034961466E-002
  1.422658476546576E-002  9.483723109789068E-002 -8.213149545772690E-002
  1.887177887803009E-002  0.104288771085103      -0.105595303355463     
  2.312727717135887E-002  8.932888390117565E-002 -0.117620603004809     
  2.919159330393879E-002  7.319666508631582E-002 -0.121569033379453     
  3.604286144342796E-002  6.242876015118765E-002 -0.122123314001165     
  4.889250460004903E-002  6.200576107997063E-002 -0.121711123326898     
  6.582446069521654E-002  6.475917152975945E-002 -0.117676861313201     
  8.082190599866314E-002  6.846732955208358E-002 -0.105549799097323     
  7.493563110909462E-002  5.967252452171311E-002 -8.200132486494786E-002
  5.782961884369417E-002  5.333812851103949E-002 -5.051963853658432E-002
 -1.675216634103355E-002  6.399003548226151E-003 -1.132884248855976E-002
  0.000000000000000E+000  0.000000000000000E+000  0.000000000000000E+000
  0.000000000000000E+000  0.000000000000000E+000  0.000000000000000E+000
  0.000000000000000E+000  0.000000000000000E+000  0.000000000000000E+000
  0.000000000000000E+000  0.000000000000000E+000  0.000000000000000E+000
  1.252151336560128E-002 -5.795382906755538E-003 -7.865311088643887E-003
  1.536764466442895E-002  5.981179107017274E-002 -4.116682913710495E-002
  1.157930766400041E-002  8.199396189688735E-002 -7.044927911502592E-002
  1.343322269813344E-002  8.753799320699832E-002 -9.195865430499932E-002
  1.698315495964082E-002  7.657469058163695E-002 -0.103237426109675     
  2.279874899132187E-002  6.194115986424883E-002 -0.106824376278698     
  3.024403096322925E-002  5.236241864062591E-002 -0.107215120176486     
  4.240315360929652E-002  5.090460890907340E-002 -0.107056884067117     
  5.791763444743438E-002  5.308341489707686E-002 -0.103360623041994     
  6.903047071504641E-002  5.541905780077994E-002 -9.190512926012422E-002
  6.514176404770311E-002  5.096265053719149E-002 -7.034443501103438E-002
  4.417549205998761E-002  4.310912567204422E-002 -4.102047389485009E-002
 -1.131128123304964E-002  8.002764171928856E-003 -7.689232187552172E-003
  0.000000000000000E+000  0.000000000000000E+000  0.000000000000000E+000
  0.000000000000000E+000  0.000000000000000E+000  0.000000000000000E+000
  0.000000000000000E+000  0.000000000000000E+000  0.000000000000000E+000
  0.000000000000000E+000  0.000000000000000E+000  0.000000000000000E+000
  9.866366073637346E-003 -5.975672821706365E-003 -2.752312621597872E-003
  1.439755804667767E-002  4.356600575398904E-002 -3.248770872555309E-002
  8.901238762060592E-003  5.988720034142010E-002 -5.337411234797852E-002
  9.524691428804948E-003  6.769479097879107E-002 -7.384151098982480E-002
  1.165788701726575E-002  6.019277671259721E-002 -8.446995622652856E-002
  1.702951763161829E-002  5.016180841616497E-002 -8.919611408616741E-002
  2.431078327782910E-002  4.206490262292410E-002 -9.005224103518672E-002
  3.515589710647823E-002  4.005606813308416E-002 -8.956077596948191E-002
  4.639951569551384E-002  4.032562233807251E-002 -8.459639434231693E-002
  5.385317541886864E-002  4.210645483744034E-002 -7.394299928277420E-002
  4.733891836065634E-002  3.767139100390868E-002 -5.305148551881680E-002
  3.049741165269497E-002  3.407434752332433E-002 -3.277953474865850E-002
 -9.826484783996683E-003  5.752060955385838E-003 -1.909932270420638E-003
  0.000000000000000E+000  0.000000000000000E+000  0.000000000000000E+000
  0.000000000000000E+000  0.000000000000000E+000  0.000000000000000E+000
  0.000000000000000E+000  0.000000000000000E+000  0.000000000000000E+000
  0.000000000000000E+000  0.000000000000000E+000  0.000000000000000E+000
  6.795589840283218E-003 -4.957690927279320E-003 -3.987873053453438E-003
  9.800566119347572E-003  2.339452723627413E-002 -1.700588893704842E-002
  6.834069375311093E-003  3.407135109425037E-002 -3.276266960690352E-002
  6.003731033120709E-003  4.149390844699047E-002 -4.706747171078428E-002
  6.605773602660236E-003  3.864410553447881E-002 -5.751704690645743E-002
  1.029824383879187E-002  3.318971810620719E-002 -6.263240154835843E-002
  1.616066625083755E-002  2.793233835594716E-002 -6.461023529460000E-002
  2.381805418524615E-002  2.570962128520339E-002 -6.301211936710707E-002
  3.024207440109939E-002  2.515509046680526E-002 -5.770849692812233E-002
  3.292909129394635E-002  2.595817152559183E-002 -4.707373807035758E-002
  2.609441272407788E-002  2.299259261242940E-002 -3.272020663943422E-002
  1.528347598877117E-002  2.004199755731106E-002 -1.694560769899468E-002
 -7.568140535140931E-003  3.545296142394199E-003 -3.813659676666755E-003
  0.000000000000000E+000  0.000000000000000E+000  0.000000000000000E+000
  0.000000000000000E+000  0.000000000000000E+000  0.000000000000000E+000
  0.000000000000000E+000  0.000000000000000E+000  0.000000000000000E+000
  0.000000000000000E+000  0.000000000000000E+000  0.000000000000000E+000
  1.933783668238798E-003 -3.626213134164793E-003 -1.563349692600277E-003
  5.063449314508321E-003  5.380453002872485E-003 -4.702557418562191E-003
  4.590873178220943E-003  7.414056508587079E-003 -8.672299759021602E-003
  4.807550023509271E-003  1.298128137903461E-002 -1.496204669125139E-002
  3.731681267053273E-003  1.292606158420129E-002 -1.928540544275381E-002
  4.685262111179241E-003  1.259675250797614E-002 -2.329096168935538E-002
  6.313139776577233E-003  1.083603097942905E-002 -2.455625850268368E-002
  8.689445492574156E-003  1.051011272802973E-002 -2.352954640563436E-002
  9.347224776245406E-003  9.773917886708733E-003 -1.937753320517209E-002
  8.843071562461384E-003  1.064402961696012E-002 -1.494762416981340E-002
  4.143691063313202E-003  7.690048040432937E-003 -8.682632622401794E-003
  2.162543477398629E-003  7.042357384375584E-003 -4.666927126915041E-003
 -4.138066030546183E-003 -1.224166331039480E-004 -1.532666964590586E-003
  0.000000000000000E+000  0.000000000000000E+000  0.000000000000000E+000
  0.000000000000000E+000  0.000000000000000E+000  0.000000000000000E+000
  0.000000000000000E+000  0.000000000000000E+000  0.000000000000000E+000
  0.000000000000000E+000  0.000000000000000E+000  0.000000000000000E+000
  0.000000000000000E+000  0.000000000000000E+000  0.000000000000000E+000
  0.000000000000000E+000  0.000000000000000E+000  0.000000000000000E+000
  0.000000000000000E+000  0.000000000000000E+000  0.000000000000000E+000
  0.000000000000000E+000  0.000000000000000E+000  0.000000000000000E+000
  0.000000000000000E+000  0.000000000000000E+000  0.000000000000000E+000
  0.000000000000000E+000  0.000000000000000E+000  0.000000000000000E+000
  0.000000000000000E+000  0.000000000000000E+000  0.000000000000000E+000
  0.000000000000000E+000  0.000000000000000E+000  0.000000000000000E+000
  0.000000000000000E+000  0.000000000000000E+000  0.000000000000000E+000
  0.000000000000000E+000  0.000000000000000E+000  0.000000000000000E+000
  0.000000000000000E+000  0.000000000000000E+000  0.000000000000000E+000
  0.000000000000000E+000  0.000000000000000E+000  0.000000000000000E+000
  0.000000000000000E+000  0.000000000000000E+000  0.000000000000000E+000
  0.000000000000000E+000  0.000000000000000E+000  0.000000000000000E+000
  0.000000000000000E+000  0.000000000000000E+000  0.000000000000000E+000
  0.000000000000000E+000  0.000000000000000E+000  0.000000000000000E+000
  0.000000000000000E+000  0.000000000000000E+000  0.000000000000000E+000
  0.000000000000000E+000  0.000000000000000E+000  0.000000000000000E+000
  0.000000000000000E+000  0.000000000000000E+000  0.000000000000000E+000
  0.000000000000000E+000  0.000000000000000E+000  0.000000000000000E+000
  0.000000000000000E+000  0.000000000000000E+000  0.000000000000000E+000
  0.000000000000000E+000  0.000000000000000E+000  0.000000000000000E+000
  0.000000000000000E+000  0.000000000000000E+000  0.000000000000000E+000
  0.000000000000000E+000  0.000000000000000E+000  0.000000000000000E+000
  0.000000000000000E+000  0.000000000000000E+000  0.000000000000000E+000
  0.000000000000000E+000  0.000000000000000E+000  0.000000000000000E+000
  0.000000000000000E+000  0.000000000000000E+000  0.000000000000000E+000
  0.000000000000000E+000  0.000000000000000E+000  0.000000000000000E+000
  0.000000000000000E+000  0.000000000000000E+000  0.000000000000000E+000
  0.000000000000000E+000  0.000000000000000E+000  0.000000000000000E+000
  0.000000000000000E+000  0.000000000000000E+000  0.000000000000000E+000
  0.000000000000000E+000  0.000000000000000E+000  0.000000000000000E+000
  0.000000000000000E+000  0.000000000000000E+000  0.000000000000000E+000
  0.000000000000000E+000  0.000000000000000E+000  0.000000000000000E+000
  1.546909581940336E-002  1.755802466337343E-002 -2.215183214925067E-002
  4.253807261672120E-002 -2.260903802449762E-003 -4.792435194486628E-002
  5.688697199245391E-002  1.811101912520315E-003 -0.104203195327841     
  5.037291979322732E-002 -9.489098528012264E-003 -0.147332018116522     
  2.817364729126975E-002 -6.746540317044603E-002 -0.167356177256792     
  6.071159588733319E-003 -4.446594713216331E-002 -0.186239436685263     
 -5.348475724955623E-003 -1.094703072298175E-002 -0.200374134332508     
 -3.858432568264305E-002 -1.568901941155352E-002 -0.187075905229273     
 -7.022512724200385E-002 -8.853212939582864E-003 -0.167750673856380     
 -3.399148972940112E-002  3.758392492907683E-002 -0.146829528433328     
 -2.748609431516711E-002  4.899248560025209E-002 -0.103552084839096     
 -2.295032839988495E-002  3.524984957470752E-002 -4.761449863580303E-002
  7.770582756950395E-003  2.209630205984587E-002 -2.190392741400095E-002
  0.000000000000000E+000  0.000000000000000E+000  0.000000000000000E+000
  0.000000000000000E+000  0.000000000000000E+000  0.000000000000000E+000
  0.000000000000000E+000  0.000000000000000E+000  0.000000000000000E+000
  0.000000000000000E+000  0.000000000000000E+000  0.000000000000000E+000
  1.269458803304656E-002  1.527041428083955E-002 -1.735378688411942E-002
  3.704862781881278E-002  2.073377313359130E-003 -4.354452076079485E-002
  4.506381850878564E-002  5.234210313643622E-003 -9.533646307257017E-002
  3.922855282773401E-002 -2.711438514649972E-003 -0.146692253301361     
  2.473953386406951E-002 -3.349161581542727E-002 -0.173070265268482     
  1.264404144056739E-002 -1.191219893219585E-002 -0.195790194402681     
  9.281231099545610E-003  1.453955745148404E-002 -0.208518743581886     
 -1.420155166409224E-002  5.631052046488617E-003 -0.196493568262082     
 -3.962476284520876E-002  4.615771722893018E-003 -0.173346750861013     
 -2.250865311200173E-002  3.124642274655414E-002 -0.146133886061057     
 -1.873698441098951E-002  4.041771669194451E-002 -9.471423920978307E-002
 -1.655684263304953E-002  3.260693515787985E-002 -4.321540081082333E-002
  7.123934689102547E-003  1.856842921975729E-002 -1.714852289328208E-002
  0.000000000000000E+000  0.000000000000000E+000  0.000000000000000E+000
  0.000000000000000E+000  0.000000000000000E+000  0.000000000000000E+000
  0.000000000000000E+000  0.000000000000000E+000  0.000000000000000E+000
  0.000000000000000E+000  0.000000000000000E+000  0.000000000000000E+000
  1.164680220478821E-002  1.147531928872410E-002 -1.186009292320645E-002
  2.746626323462832E-002  8.024228998655476E-003 -3.409092059991226E-002
  2.963640475223800E-002  1.415095179766723E-002 -8.358917604268679E-002
  2.523150895595526E-002  1.645342597128825E-002 -0.140834046215940     
  2.287083010280782E-002  2.221400410973131E-002 -0.182279210048561     
  2.963117333462581E-002  5.242046439621041E-002 -0.211863717411616     
  4.223317591239997E-002  7.181436507064946E-002 -0.226025152499233     
  3.215425126289911E-002  5.169441336537486E-002 -0.212277687911000     
  8.583405812515316E-003  3.004769522121041E-002 -0.182314983955337     
  6.949601641994879E-004  2.836791686935399E-002 -0.140199047976898     
 -3.650633096675419E-003  3.133364488744782E-002 -8.296570609917545E-002
 -6.770340411961989E-003  2.723291659649358E-002 -3.378131086758946E-002
  4.294015980054302E-003  1.574715863578540E-002 -1.169562357362989E-002
  0.000000000000000E+000  0.000000000000000E+000  0.000000000000000E+000
  0.000000000000000E+000  0.000000000000000E+000  0.000000000000000E+000
  0.000000000000000E+000  0.000000000000000E+000  0.000000000000000E+000
  0.000000000000000E+000  0.000000000000000E+000  0.000000000000000E+000
  1.119024505322984E-002  6.652837029175303E-003 -7.259238890898354E-003
  1.803609706515749E-002  6.793357826111629E-003 -2.228904118869218E-002
  1.659059788364122E-002  1.343996008735118E-002 -6.737973169476173E-002
  1.314924414385065E-002  4.299874904007456E-002 -0.131634289806482     
  2.584972265801056E-002  9.519976118212974E-002 -0.193580682592746     
  5.837192695559018E-002  0.148373260061811      -0.241610840147528     
  9.438428761595480E-002  0.162545737182750      -0.260630962267211     
  0.100008341402324       0.124129940932581      -0.241703367184074     
  6.941548539196377E-002  6.875900853940613E-002 -0.193333975337780     
  2.947835037763431E-002  3.117512605139483E-002 -0.130944584712533     
  2.402852640125979E-003  1.982750471381021E-002 -6.685794442607874E-002
 -3.151037311343867E-003  1.849214615826264E-002 -2.209071628547882E-002
  2.857111837135955E-004  1.288630846927332E-002 -7.112849544253748E-003
  0.000000000000000E+000  0.000000000000000E+000  0.000000000000000E+000
  0.000000000000000E+000  0.000000000000000E+000  0.000000000000000E+000
  0.000000000000000E+000  0.000000000000000E+000  0.000000000000000E+000
  0.000000000000000E+000  0.000000000000000E+000  0.000000000000000E+000
  5.486244256438454E-003 -3.640365842321018E-004 -1.391886944260300E-003
  1.473106819115553E-002 -2.020953260768150E-003 -1.128970183101623E-002
  9.433987751675444E-003 -4.980159132386705E-003 -4.765387293913905E-002
  4.352711075632005E-003  5.530320855881387E-002 -0.116907679797279     
  2.195478988196208E-002  0.133110752179361      -0.193160910881748     
  6.341093360620209E-002  0.184185120257978      -0.248374573694739     
  0.110060307138203       0.190227171039342      -0.270360364043635     
  0.128521097829692       0.147185993271291      -0.248824083920772     
  0.104347383990881       8.496389826004291E-002 -0.193108003241775     
  4.531626604466476E-002  3.044357593931643E-002 -0.116587035968405     
 -9.041943590140404E-003  4.990412581392035E-003 -4.750847680538298E-002
 -8.987878093103904E-003  1.128436120594674E-002 -1.122352520873091E-002
 -2.979628809822783E-003  4.506213255177319E-003 -1.322930117761440E-003
  0.000000000000000E+000  0.000000000000000E+000  0.000000000000000E+000
  0.000000000000000E+000  0.000000000000000E+000  0.000000000000000E+000
  0.000000000000000E+000  0.000000000000000E+000  0.000000000000000E+000
  0.000000000000000E+000  0.000000000000000E+000  0.000000000000000E+000
  4.150482727458366E-003 -2.741187582115268E-003  2.047399934539802E-004
  1.211398956177303E-002 -1.308931699938792E-002 -2.051325616027145E-003
  4.786859807868618E-003 -1.705949835226518E-002 -2.705415834824694E-002
 -5.453462983684090E-003  8.452276752423006E-002 -0.110676664692871     
  1.054543381728377E-002  0.144797342321309      -0.180746628049747     
  3.807061945899762E-002  0.131661093892213      -0.192383391162593     
  6.346954901277807E-002  0.109992257905036      -0.190950329097526     
  9.588606263488395E-002  9.986233173135825E-002 -0.193503577099598     
  0.120219824391417       8.146278205579156E-002 -0.180834073719013     
  7.619633470425556E-002  3.726866478249219E-002 -0.110835088551173     
 -1.626502075051239E-002 -4.526719907870087E-003 -2.739397751704893E-002
 -1.711722194071866E-002  3.632542051926767E-003 -2.107434789194022E-003
 -4.353970544021543E-003  2.137587787793593E-003  2.262768768298027E-004
  0.000000000000000E+000  0.000000000000000E+000  0.000000000000000E+000
  0.000000000000000E+000  0.000000000000000E+000  0.000000000000000E+000
  0.000000000000000E+000  0.000000000000000E+000  0.000000000000000E+000
  0.000000000000000E+000  0.000000000000000E+000  0.000000000000000E+000
  3.053230724859969E-003  3.006684026145774E-003  1.709277271578412E-004
  7.872054968281634E-003 -2.396001498718965E-002  5.879573948583497E-003
 -5.255479416452197E-004  5.877184896414347E-004 -1.840864681948353E-002
 -1.673079950643114E-002  0.117711401210065      -0.116711766713098     
 -3.503774467699458E-003  0.127830269355827      -0.153273772463017     
  2.713906755520473E-003  3.954501849394906E-002 -8.481297277776045E-002
 -3.870122170540695E-003 -6.415392901937348E-003 -3.940445443509159E-002
  3.359449681149455E-002  2.316725742267181E-002 -8.591870105087625E-002
  0.112269574842882       6.097313086398576E-002 -0.153090064315098     
  0.110369730951601       4.427687816524168E-002 -0.116799826425192     
  1.707939782508191E-003 -1.239066388967655E-004 -1.893579505296970E-002
 -2.430239927503505E-002 -5.290490744184142E-003  5.751462620995225E-003
  1.085215649058226E-003  4.017681508844522E-003  1.630846814072720E-004
  0.000000000000000E+000  0.000000000000000E+000  0.000000000000000E+000
  0.000000000000000E+000  0.000000000000000E+000  0.000000000000000E+000
  0.000000000000000E+000  0.000000000000000E+000  0.000000000000000E+000
  0.000000000000000E+000  0.000000000000000E+000  0.000000000000000E+000
  2.338639530144342E-003  8.674550708305716E-004  2.525538055440748E-004
  3.074761660429241E-003 -1.830410222816897E-002  8.796342716090918E-003
 -5.594839122555687E-003  2.450261739317524E-002 -2.117016975295039E-002
 -2.228962899126351E-002  0.105206163747321      -0.101758599962101     
 -1.350941449059820E-002  5.835451836197641E-002 -7.867338662720254E-002
 -1.664538128685398E-002 -2.396819061544830E-002  1.420469730850000E-002
 -2.743483240032599E-002 -4.742803498291456E-002  5.288449703707736E-002
 -1.196766462544687E-002 -2.596773797418995E-002  1.384771129342751E-002
  5.740410901211026E-002  1.775930527288632E-002 -7.863996783790499E-002
  0.101857555798042       3.317021746039545E-002 -0.101456970222535     
  2.440993277534191E-002  7.381809006599631E-003 -2.146258048597920E-002
 -1.714893173320749E-002 -6.533274693010077E-003  8.644507174543969E-003
 -3.510732022971859E-004  2.370345800539331E-003  2.438082587224876E-004
  0.000000000000000E+000  0.000000000000000E+000  0.000000000000000E+000
  0.000000000000000E+000  0.000000000000000E+000  0.000000000000000E+000
  0.000000000000000E+000  0.000000000000000E+000  0.000000000000000E+000
  0.000000000000000E+000  0.000000000000000E+000  0.000000000000000E+000
  1.447504198383762E-003  1.144194256958461E-005  8.920566672776595E-004
 -3.099922110208292E-004 -7.172076598469167E-003  5.485357048486334E-003
 -4.281070165484194E-003  2.709993248499738E-002 -1.941180337582505E-002
 -1.324860012416391E-002  4.851942913911055E-002 -5.006597873643216E-002
 -8.749692483891342E-003 -1.100229654881344E-002  1.837247244405509E-002
 -1.773457980396121E-002 -2.697388255263030E-002  4.712474267278668E-002
 -7.235981887450982E-003 -1.292902157134391E-002  8.324316355543492E-003
 -1.411434338265820E-002 -2.881284484844583E-002  4.731578817059226E-002
 -4.510819327041689E-003 -1.274348799337135E-002  1.789659084350973E-002
  4.836606453532688E-002  1.274208444994696E-002 -4.980023604382573E-002
  2.557471289506882E-002  9.714619234343679E-003 -1.938930480624994E-002
 -6.014375213139246E-003 -3.883160589315501E-003  5.425856926713495E-003
 -6.347276400746711E-004  1.210892778884144E-003  8.386262766747293E-004
  0.000000000000000E+000  0.000000000000000E+000  0.000000000000000E+000
  0.000000000000000E+000  0.000000000000000E+000  0.000000000000000E+000
  0.000000000000000E+000  0.000000000000000E+000  0.000000000000000E+000
  0.000000000000000E+000  0.000000000000000E+000  0.000000000000000E+000
  8.192216838795404E-004 -3.255868389791453E-004  1.315000621991786E-003
 -1.221805044001098E-003  3.191911775294902E-004  1.355934616664342E-003
 -2.477904519357925E-004  8.659904894349020E-003 -4.789959181032739E-003
 -5.019607900627956E-003  6.007120778492061E-003 -1.200813413434464E-003
 -7.041844165693021E-003 -1.690313473280503E-002  3.551339340500144E-002
 -7.800284526705708E-003 -7.859222303638546E-003  1.734293541317440E-002
  2.871871391071461E-003  4.342146939562818E-003 -3.454796942421250E-002
 -2.616304487748495E-003 -1.079864649608788E-002  1.746792445896425E-002
 -1.060713256445729E-002 -1.444600928037813E-002  3.529920301860789E-002
  7.689429718318633E-003 -1.281100072212001E-003 -1.297252570622410E-003
  7.572490287955190E-003  4.032754603410343E-003 -4.761841706468973E-003
  8.760468074176035E-004 -9.425180363286313E-004  1.336430549609116E-003
 -6.565635014396077E-004  5.361828899340213E-004  1.270645950662550E-003
  0.000000000000000E+000  0.000000000000000E+000  0.000000000000000E+000
  0.000000000000000E+000  0.000000000000000E+000  0.000000000000000E+000
  0.000000000000000E+000  0.000000000000000E+000  0.000000000000000E+000
  0.000000000000000E+000  0.000000000000000E+000  0.000000000000000E+000
  0.000000000000000E+000  0.000000000000000E+000  0.000000000000000E+000
  0.000000000000000E+000  0.000000000000000E+000  0.000000000000000E+000
  0.000000000000000E+000  0.000000000000000E+000  0.000000000000000E+000
  0.000000000000000E+000  0.000000000000000E+000  0.000000000000000E+000
  0.000000000000000E+000  0.000000000000000E+000  0.000000000000000E+000
  0.000000000000000E+000  0.000000000000000E+000  0.000000000000000E+000
  0.000000000000000E+000  0.000000000000000E+000  0.000000000000000E+000
  0.000000000000000E+000  0.000000000000000E+000  0.000000000000000E+000
  0.000000000000000E+000  0.000000000000000E+000  0.000000000000000E+000
  0.000000000000000E+000  0.000000000000000E+000  0.000000000000000E+000
  0.000000000000000E+000  0.000000000000000E+000  0.000000000000000E+000
  0.000000000000000E+000  0.000000000000000E+000  0.000000000000000E+000
  0.000000000000000E+000  0.000000000000000E+000  0.000000000000000E+000
  0.000000000000000E+000  0.000000000000000E+000  0.000000000000000E+000
  0.000000000000000E+000  0.000000000000000E+000  0.000000000000000E+000
  0.000000000000000E+000  0.000000000000000E+000  0.000000000000000E+000
  0.000000000000000E+000  0.000000000000000E+000  0.000000000000000E+000
  0.000000000000000E+000  0.000000000000000E+000  0.000000000000000E+000
  0.000000000000000E+000  0.000000000000000E+000  0.000000000000000E+000
  0.000000000000000E+000  0.000000000000000E+000  0.000000000000000E+000
  0.000000000000000E+000  0.000000000000000E+000  0.000000000000000E+000
  0.000000000000000E+000  0.000000000000000E+000  0.000000000000000E+000
  0.000000000000000E+000  0.000000000000000E+000  0.000000000000000E+000
  0.000000000000000E+000  0.000000000000000E+000  0.000000000000000E+000
  0.000000000000000E+000  0.000000000000000E+000  0.000000000000000E+000
  0.000000000000000E+000  0.000000000000000E+000  0.000000000000000E+000
  0.000000000000000E+000  0.000000000000000E+000  0.000000000000000E+000
  0.000000000000000E+000  0.000000000000000E+000  0.000000000000000E+000
  0.000000000000000E+000  0.000000000000000E+000  0.000000000000000E+000
  0.000000000000000E+000  0.000000000000000E+000  0.000000000000000E+000
  0.000000000000000E+000  0.000000000000000E+000  0.000000000000000E+000
  0.000000000000000E+000  0.000000000000000E+000  0.000000000000000E+000
  0.000000000000000E+000  0.000000000000000E+000  0.000000000000000E+000
  0.000000000000000E+000  0.000000000000000E+000  0.000000000000000E+000
   97.5681728797771       -115.304744497943       -106.001061453873     
   152.530227791947       -4.72734491261853       -308.585189291667     
   141.959317218126       -32.3351214726646       -560.538612014706     
   35.4485848665852        77.6756289172810       -663.653740016156     
   21.3368807701940        510.688607905821       -680.093558881465     
   165.531921721651        685.904160553613       -587.517104818105     
   426.734973910408        736.845443073953       -526.625579062564     
   527.194726597198        502.200949509676       -586.453042224697     
   434.589167725156        273.608730739011       -669.171458640976     
   36.5311255216444        56.7887977990573       -648.081496166199     
  -105.067762449960        96.1694267073905       -552.602394398527     
  -72.7488660999958        129.632833832072       -307.626443538010     
  -140.580642767192        29.9195999804334       -107.347760505686     
  0.000000000000000E+000  0.000000000000000E+000  0.000000000000000E+000
  0.000000000000000E+000  0.000000000000000E+000  0.000000000000000E+000
  0.000000000000000E+000  0.000000000000000E+000  0.000000000000000E+000
  0.000000000000000E+000  0.000000000000000E+000  0.000000000000000E+000
   72.8507180257621       -90.2132520035328       -85.6753377454563     
   124.171442614241       -4.08367686692493       -286.792893342689     
   91.8245259171656        20.8665684534298       -538.866830210176     
   28.1905914412330        141.130797780092       -684.276980476076     
   43.5283423170715        380.384927764645       -669.894718817748     
   134.609723992521        439.413837635696       -528.293708981383     
   249.143428377437        427.631074029751       -442.116139297699     
   326.286662944291        345.004883937961       -526.166385068176     
   309.090559080908        225.166308782355       -657.674658967751     
   98.4621347644249        85.4837714845331       -669.384202465289     
  -29.1246607134165        84.1676628690256       -532.284332248129     
  -54.9255812138976        107.037749514186       -287.032819013220     
  -107.478847097675        20.8285735527377       -87.0267235888402     
  0.000000000000000E+000  0.000000000000000E+000  0.000000000000000E+000
  0.000000000000000E+000  0.000000000000000E+000  0.000000000000000E+000
  0.000000000000000E+000  0.000000000000000E+000  0.000000000000000E+000
  0.000000000000000E+000  0.000000000000000E+000  0.000000000000000E+000
   55.4557123506855       -47.6103911799685       -66.5485650141075     
   74.2753853390344        4.68061303959178       -237.908154336575     
   19.0504901874555        111.699084358945       -500.135636820611     
  -4.26102263048469        250.388309437128       -683.701230168419     
   27.2090314099333        211.940747553612       -636.585262127173     
  -16.4989685564700       -69.3377684810924       -385.178710077045     
  -125.918261194133       -226.968523124774       -239.763091477458     
  -42.0854794722074       -50.1904401033545       -380.907031943327     
   166.958217331055        120.510982721785       -622.953411955862     
   215.197883534333        116.322423318772       -671.108455396037     
   97.5264939745950        74.9924783492896       -496.345944641081     
  -16.8793967269408        71.5502160039775       -240.358561922755     
  -63.7244281661932        26.2495641610286       -67.7113723180500     
  0.000000000000000E+000  0.000000000000000E+000  0.000000000000000E+000
  0.000000000000000E+000  0.000000000000000E+000  0.000000000000000E+000
  0.000000000000000E+000  0.000000000000000E+000  0.000000000000000E+000
  0.000000000000000E+000  0.000000000000000E+000  0.000000000000000E+000
   49.0001463014219       -15.3077846324135       -58.0054802826880     
   19.8571339826350        88.4379367002415       -199.095159726994     
  -55.0879202325871        171.618022167473       -435.459753912303     
  -68.6182863544610        156.698268999617       -601.670782202841     
  -16.5442090537389        73.2569287377936       -567.976819273949     
  -32.0488338968755       -164.045679526724       -322.068949685491     
  -158.032746759107       -287.964515466408       -151.268799427774     
  -116.099224322285       -117.271022529058       -318.085242166737     
   68.5900560498061        10.5953158470438       -556.157077647598     
   171.821969296076        16.5196902086398       -593.803120776798     
   196.804268886259        47.1053885564381       -436.499313423144     
   86.9813962478159        68.1422812031711       -203.297631377861     
  -36.1190288743032        36.6973897010372       -59.1385941195526     
  0.000000000000000E+000  0.000000000000000E+000  0.000000000000000E+000
  0.000000000000000E+000  0.000000000000000E+000  0.000000000000000E+000
  0.000000000000000E+000  0.000000000000000E+000  0.000000000000000E+000
  0.000000000000000E+000  0.000000000000000E+000  0.000000000000000E+000
   49.4100655801062       -27.3995746073454       -40.3473845812456     
  -26.3052976048133        233.885229392139       -197.240225955400     
  -108.542802560814        233.731476587097       -392.722250993657     
  -103.852246040003       -194.836995047028       -388.383481075268     
  -68.2566900817697       -299.302404458235       -323.582350294157     
   83.5285448251896        182.509241467497       -473.655088988130     
   276.859755613488        468.235615347334       -599.056560700860     
   129.538623034881        162.346303753684       -477.415098652340     
  -222.692733635455       -215.117083694009       -319.688992141320     
  -115.645281758835       -189.789823819428       -383.806236540564     
   274.157867641284        30.4462506064469       -396.088984255546     
   233.907924031888        101.600426371392       -201.279539795725     
  -49.1096649709654        29.4554221512486       -40.9277471154442     
  0.000000000000000E+000  0.000000000000000E+000  0.000000000000000E+000
  0.000000000000000E+000  0.000000000000000E+000  0.000000000000000E+000
  0.000000000000000E+000  0.000000000000000E+000  0.000000000000000E+000
  0.000000000000000E+000  0.000000000000000E+000  0.000000000000000E+000
   66.2363909617127       -40.0821399462272       -25.7216279177285     
  -60.6555091878425        368.567790685340       -213.429548461163     
  -144.437958461791        345.375367658529       -400.540370518550     
  -107.467919339748       -346.558481285347       -213.056965542066     
  -98.9942316745226       -541.765573525599       -21.8513827556492     
   45.9386738053942        122.455959649303       -373.994793951084     
   303.692969233132        523.901846996775       -703.447121299066     
   89.6271232671864        104.322381958182       -382.634549070811     
  -424.408537694204       -363.072404658680       -19.7930206582168     
  -251.298900423434       -269.814961036170       -209.229273192917     
   375.364939469916        49.6043429974766       -401.498729029695     
   361.313372439769        138.044520483785       -216.387560793641     
  -68.9518638569523        37.3698472962726       -26.5144422551356     
  0.000000000000000E+000  0.000000000000000E+000  0.000000000000000E+000
  0.000000000000000E+000  0.000000000000000E+000  0.000000000000000E+000
  0.000000000000000E+000  0.000000000000000E+000  0.000000000000000E+000
  0.000000000000000E+000  0.000000000000000E+000  0.000000000000000E+000
   65.0955159306428       -41.1647830599279       -11.6787132005846     
  -62.3649701303538        405.843294665583       -216.367770269075     
  -152.914693220372        422.832303495612       -421.162401578716     
  -134.700623487192       -9.34690502972432       -311.212901341081     
  -98.0676971024139       -54.5345676269366       -233.407666464695     
  -70.7794342631911       -131.382647872446       -35.0818886228049     
  -110.224980853131       -183.976875910842        100.555698212769     
  -85.2635667856152       -124.826300554823       -39.0807171161960     
  -12.6063647941159       -118.789028499082       -227.461551586721     
   49.4312871068226       -124.560944999066       -308.100674521556     
   432.968092159232        76.4441123691440       -416.617263079883     
   386.120525223713        151.821307717179       -217.463077023203     
  -68.3294397286395        35.9245957470504       -12.3292501130187     
  0.000000000000000E+000  0.000000000000000E+000  0.000000000000000E+000
  0.000000000000000E+000  0.000000000000000E+000  0.000000000000000E+000
  0.000000000000000E+000  0.000000000000000E+000  0.000000000000000E+000
  0.000000000000000E+000  0.000000000000000E+000  0.000000000000000E+000
   41.3773513159172       -34.9353708845530        4.23645517784446     
  -23.0563261493920        324.389681540997       -188.529109854280     
  -132.531017826889        341.883132208959       -346.414224163664     
  -185.368164100466        422.994124626743       -548.369509484423     
  -152.017462272871        533.795472929445       -741.429789565027     
  -177.944232104876       -346.014318707589        349.362683095383     
  -467.197590721842       -795.698311331742        1205.75099902604     
  -224.467274324047       -326.995007258638        352.994469222828     
   532.170170694772        138.615442781041       -748.118903575422     
   456.550253837414        53.2851834576726       -553.795307678710     
   347.366811479107        52.8684435022863       -338.305659043679     
   290.820228608607        142.304211839717       -189.012703220694     
  -50.8458068215064        18.7215785257621        4.67077793362277     
  0.000000000000000E+000  0.000000000000000E+000  0.000000000000000E+000
  0.000000000000000E+000  0.000000000000000E+000  0.000000000000000E+000
  0.000000000000000E+000  0.000000000000000E+000  0.000000000000000E+000
  0.000000000000000E+000  0.000000000000000E+000  0.000000000000000E+000
   21.1829621300917       -18.2346957104124       -1.92105631514055     
   9.55473880277536        156.102924642197       -101.489341963570     
  -65.5715416886212        170.283728054186       -176.548522142647     
  -167.708612769998        493.428349704908       -565.798571220115     
  -165.715609373544        483.795517804700       -746.239565659886     
  -181.178414791194       -429.589498018931        687.599774847443     
  -428.509078475523       -729.256730434843        1548.88717908236     
  -294.331054808479       -372.256891771239        697.231423265889     
   509.303573143760        108.339080752513       -774.633544500863     
   520.924503479954        108.231517888103       -583.318282293357     
   171.335364542675        27.0374648755427       -171.958493175224     
   128.037144111045        85.1103469378300       -100.721138780263     
  -26.3740714544033        9.46597730733702       -2.38496160434548     
  0.000000000000000E+000  0.000000000000000E+000  0.000000000000000E+000
  0.000000000000000E+000  0.000000000000000E+000  0.000000000000000E+000
  0.000000000000000E+000  0.000000000000000E+000  0.000000000000000E+000
  0.000000000000000E+000  0.000000000000000E+000  0.000000000000000E+000
   1.29806092675129       -3.81593679377627       -4.66425992630163     
   6.94341837893409        23.6126937052874       -15.6417522133187     
  -18.7481488307741        27.0915413128955       -23.8651316213202     
  -38.5413591597057        193.423951204362       -196.401218503623     
  -119.599733057438        136.024678337839       -177.524358343389     
  -177.764677024747       -195.271998873251        453.042396205821     
  -179.646560660245       -301.735391495311        632.616740228678     
  -85.3352239669826       -254.198052935854        463.334712671685     
   183.688210061684       -29.5296510221411       -195.570502364045     
   191.841556766731        69.4813505145620       -207.959331003614     
   31.0202826298312       -2.29632173940673       -24.3055107285248     
   16.2168592810134        17.6650041198100       -15.8126942360770     
  -4.31296065079050      -0.885613558809877       -4.89304957402308     
  0.000000000000000E+000  0.000000000000000E+000  0.000000000000000E+000
  0.000000000000000E+000  0.000000000000000E+000  0.000000000000000E+000
  0.000000000000000E+000  0.000000000000000E+000  0.000000000000000E+000
  0.000000000000000E+000  0.000000000000000E+000  0.000000000000000E+000
  0.000000000000000E+000  0.000000000000000E+000  0.000000000000000E+000
  0.000000000000000E+000  0.000000000000000E+000  0.000000000000000E+000
  0.000000000000000E+000  0.000000000000000E+000  0.000000000000000E+000
  0.000000000000000E+000  0.000000000000000E+000  0.000000000000000E+000
  0.000000000000000E+000  0.000000000000000E+000  0.000000000000000E+000
  0.000000000000000E+000  0.000000000000000E+000  0.000000000000000E+000
  0.000000000000000E+000  0.000000000000000E+000  0.000000000000000E+000
  0.000000000000000E+000  0.000000000000000E+000  0.000000000000000E+000
  0.000000000000000E+000  0.000000000000000E+000  0.000000000000000E+000
  0.000000000000000E+000  0.000000000000000E+000  0.000000000000000E+000
  0.000000000000000E+000  0.000000000000000E+000  0.000000000000000E+000
  0.000000000000000E+000  0.000000000000000E+000  0.000000000000000E+000
  0.000000000000000E+000  0.000000000000000E+000  0.000000000000000E+000
  0.000000000000000E+000  0.000000000000000E+000  0.000000000000000E+000
  0.000000000000000E+000  0.000000000000000E+000  0.000000000000000E+000
  0.000000000000000E+000  0.000000000000000E+000  0.000000000000000E+000
  0.000000000000000E+000  0.000000000000000E+000  0.000000000000000E+000
  0.000000000000000E+000  0.000000000000000E+000  0.000000000000000E+000
  0.000000000000000E+000  0.000000000000000E+000  0.000000000000000E+000
  0.000000000000000E+000  0.000000000000000E+000  0.000000000000000E+000
  0.000000000000000E+000  0.000000000000000E+000  0.000000000000000E+000
  0.000000000000000E+000  0.000000000000000E+000  0.000000000000000E+000
  0.000000000000000E+000  0.000000000000000E+000  0.000000000000000E+000
  0.000000000000000E+000  0.000000000000000E+000  0.000000000000000E+000
  0.000000000000000E+000  0.000000000000000E+000  0.000000000000000E+000
  0.000000000000000E+000  0.000000000000000E+000  0.000000000000000E+000
  0.000000000000000E+000  0.000000000000000E+000  0.000000000000000E+000
  0.000000000000000E+000  0.000000000000000E+000  0.000000000000000E+000
  0.000000000000000E+000  0.000000000000000E+000  0.000000000000000E+000
  0.000000000000000E+000  0.000000000000000E+000  0.000000000000000E+000
  0.000000000000000E+000  0.000000000000000E+000  0.000000000000000E+000
  0.000000000000000E+000  0.000000000000000E+000  0.000000000000000E+000
