          80  8.000000000000007E-003  8.000000000000007E-003
  0.000000000000000E+000  0.000000000000000E+000  0.000000000000000E+000
  0.000000000000000E+000  0.000000000000000E+000  0.000000000000000E+000
  2.441419141516967E-002  3.431231397215971E-002 -7.103725570341964E-002
  1.767819647856111E-002  1.702180068503838E-002 -0.103346112920102     
  1.590644133966970E-002  2.033176832964164E-002 -0.144762091953849     
  1.166851470321894E-002  2.412304331924032E-002 -0.163249129143886     
  1.125700403884931E-002  2.388714927304364E-002 -0.179850992040259     
  1.616916365038606E-002  4.828518306692373E-002 -0.188574585312735     
  3.226630674491457E-002  5.595306851892982E-002 -0.196727363138371     
  3.372063284044603E-002  3.820302670131078E-002 -0.188593747006058     
  1.508493457748543E-002  2.176648218710625E-002 -0.179864469499193     
  1.507811543560752E-002  2.223315604917415E-002 -0.163257433887817     
  9.670294664703630E-003  2.398548561028509E-002 -0.144782392631884     
  5.880724625405247E-003  2.380413624737741E-002 -0.103333611910145     
  1.750541538833157E-002  3.829254209753166E-002 -7.110417237176458E-002
  0.000000000000000E+000  0.000000000000000E+000  0.000000000000000E+000
  0.000000000000000E+000  0.000000000000000E+000  0.000000000000000E+000
  0.000000000000000E+000  0.000000000000000E+000  0.000000000000000E+000
  0.000000000000000E+000  0.000000000000000E+000  0.000000000000000E+000
  1.847158999814755E-002  3.837763968980730E-002 -6.393581937881859E-002
  1.394113616051910E-002  2.542543137525286E-002 -0.102041621997629     
  9.665354454209794E-003  2.679034180764827E-002 -0.140078128196170     
  8.138322635105206E-003  2.897316312056742E-002 -0.162699833085951     
  8.425577788004204E-003  2.741671000501811E-002 -0.178313455978237     
  1.589280085027546E-002  4.884501476174961E-002 -0.187724292295450     
  2.920905776379978E-002  5.065531424228696E-002 -0.194590986058335     
  3.432376886094308E-002  3.823106059403496E-002 -0.187746837382768     
  1.952998923638025E-002  2.106327272947592E-002 -0.178327323088725     
  2.102487256690676E-002  2.159223352876481E-002 -0.162707758669717     
  1.836218381736867E-002  2.179545042449708E-002 -0.140085577977953     
  1.502334988378188E-002  2.477421757251744E-002 -0.102026149112196     
  2.399970437133074E-002  3.516758164058215E-002 -6.398743151894359E-002
  0.000000000000000E+000  0.000000000000000E+000  0.000000000000000E+000
  0.000000000000000E+000  0.000000000000000E+000  0.000000000000000E+000
  0.000000000000000E+000  0.000000000000000E+000  0.000000000000000E+000
  0.000000000000000E+000  0.000000000000000E+000  0.000000000000000E+000
  1.258474643478382E-002  4.732105704577483E-002 -5.455626436374163E-002
  4.982487368094435E-003  4.200114038398969E-002 -9.668239278840124E-002
  1.269285765143667E-003  3.913452324618606E-002 -0.134574616713686     
  4.827630559227869E-004  3.403329553852279E-002 -0.159853052353458     
  4.269772974687953E-003  3.335929852368927E-002 -0.174739774069130     
  1.364167067422502E-002  5.276091638692366E-002 -0.185167803367025     
  2.354018705814841E-002  4.083099323237402E-002 -0.190948123379134     
  3.878904852243028E-002  3.820580852621033E-002 -0.185194563730166     
  2.670702428333218E-002  2.041682210544922E-002 -0.174759763581312     
  2.920561092075377E-002  1.747306697798139E-002 -0.159851773104643     
  3.319833686379513E-002  2.067781761678948E-002 -0.134569824051653     
  3.385822348183738E-002  2.529828865105244E-002 -9.664179331948594E-002
  3.468402631354533E-002  3.453543346937087E-002 -5.459045081694807E-002
  0.000000000000000E+000  0.000000000000000E+000  0.000000000000000E+000
  0.000000000000000E+000  0.000000000000000E+000  0.000000000000000E+000
  0.000000000000000E+000  0.000000000000000E+000  0.000000000000000E+000
  0.000000000000000E+000  0.000000000000000E+000  0.000000000000000E+000
  8.072154159582836E-003  4.713326425392065E-002 -4.508094294348763E-002
 -4.672906997714392E-003  7.281518738412247E-002 -9.071587492650808E-002
 -9.392205672012367E-003  6.474760948682516E-002 -0.128579307159200     
 -8.300500132251910E-003  6.786004255657881E-002 -0.155380294040838     
 -2.232293016805938E-003  6.872383030752587E-002 -0.173125107718036     
  8.755171205859832E-003  4.583157286080274E-002 -0.181350867984519     
  1.455203104437390E-002  2.524464052753544E-002 -0.179778345228253     
  3.520060194986727E-002  3.050420538738797E-002 -0.181383786362290     
  6.053374019665837E-002  3.244223455740568E-002 -0.173155454669005     
  6.287274983629232E-002  2.678771307587953E-002 -0.155375270092443     
  6.071144489047513E-002  2.425682843447518E-002 -0.128543128179672     
  6.534757006998480E-002  3.235013318519961E-002 -9.064992380917475E-002
  3.675046237831114E-002  3.049890767727490E-002 -4.509110222169809E-002
  0.000000000000000E+000  0.000000000000000E+000  0.000000000000000E+000
  0.000000000000000E+000  0.000000000000000E+000  0.000000000000000E+000
  0.000000000000000E+000  0.000000000000000E+000  0.000000000000000E+000
  0.000000000000000E+000  0.000000000000000E+000  0.000000000000000E+000
  1.303015019247029E-002  2.898758591736033E-002 -3.724817260809591E-002
 -1.781904828604836E-002  9.476775556464639E-002 -8.502117312537649E-002
 -1.839284662133815E-002  0.104484564107133      -0.125943046369879     
 -2.005877601694644E-002  9.984895810058325E-002 -0.157036563182524     
 -9.082484933153931E-003  7.144578827534896E-002 -0.171955678908198     
  7.984311863643181E-004  3.106492688382565E-002 -0.169260993285925     
  6.365045544251792E-003  1.105572982406168E-002 -0.166173638641813     
  2.647334758997072E-002  1.628549860445618E-002 -0.169353265864315     
  6.630595733398216E-002  2.787978622492102E-002 -0.172001431178846     
  9.635400734976333E-002  3.256285354916807E-002 -0.157016420271940     
  9.960201704201929E-002  3.635882915718623E-002 -0.125894370492078     
  9.083559914680596E-002  3.188606998604282E-002 -8.490424727235087E-002
  1.851110006525193E-002  2.572266440461390E-002 -3.725398670298975E-002
  0.000000000000000E+000  0.000000000000000E+000  0.000000000000000E+000
  0.000000000000000E+000  0.000000000000000E+000  0.000000000000000E+000
  0.000000000000000E+000  0.000000000000000E+000  0.000000000000000E+000
  0.000000000000000E+000  0.000000000000000E+000  0.000000000000000E+000
  1.436695720683605E-002 -8.224768928499430E-004 -2.443197486339881E-002
 -2.152060848823299E-002  0.111365282324683      -8.114688966922499E-002
 -2.727743156242852E-002  0.109408446502750      -0.123074465191458     
 -2.793897241369292E-002  9.594326923916026E-002 -0.150553612590067     
 -1.676263515766265E-002  6.007642371962622E-002 -0.159421143360580     
 -6.591830827252890E-003  1.970948822660005E-002 -0.152793115769741     
 -6.680630064257646E-006  1.141102907854247E-005 -0.147707695651608     
  2.048181935249666E-002  4.276209206015124E-003 -0.153046368341745     
  6.031637360525477E-002  1.554921018562794E-002 -0.159501144777169     
  9.686458580901602E-002  2.381604575715621E-002 -0.150513118956020     
  0.108207174323183       3.108329051922757E-002 -0.122979636330317     
  0.107043485100952       3.705205903508788E-002 -8.102129473762015E-002
 -8.003543314302357E-003  1.189391589666158E-002 -2.440759683970745E-002
  0.000000000000000E+000  0.000000000000000E+000  0.000000000000000E+000
  0.000000000000000E+000  0.000000000000000E+000  0.000000000000000E+000
  0.000000000000000E+000  0.000000000000000E+000  0.000000000000000E+000
  0.000000000000000E+000  0.000000000000000E+000  0.000000000000000E+000
  1.589670559778235E-002 -1.070758472187366E-002 -1.852364770914086E-002
 -2.188281257778906E-002  0.111269561908627      -7.527086213622683E-002
 -3.011438712201610E-002  9.370923201780629E-002 -0.109963062742436     
 -3.041761225478767E-002  8.363838652446157E-002 -0.134675748290367     
 -2.243430207249602E-002  4.609568570545646E-002 -0.140747682448261     
 -1.178356453565962E-002  1.187624806682588E-002 -0.133327767919016     
 -3.882797219513755E-003 -6.714591874338214E-003 -0.127808835944018     
  1.644026573482205E-002 -4.115324924234827E-003 -0.133804791533561     
  5.106634838149553E-002  3.654111459164775E-003 -0.140859432843363     
  8.740338133350865E-002  1.553104933602750E-002 -0.134624550080034     
  9.603890051681317E-002  2.082202640020714E-002 -0.109863007463380     
  0.107158827232286       3.666316365337763E-002 -7.513066648579715E-002
 -1.727631361284779E-002  8.351861667464718E-003 -1.853724223354792E-002
  0.000000000000000E+000  0.000000000000000E+000  0.000000000000000E+000
  0.000000000000000E+000  0.000000000000000E+000  0.000000000000000E+000
  0.000000000000000E+000  0.000000000000000E+000  0.000000000000000E+000
  0.000000000000000E+000  0.000000000000000E+000  0.000000000000000E+000
  1.359282667879378E-002 -4.713875539546452E-003 -1.410193621258161E-002
 -1.614267218157980E-002  8.419144984620873E-002 -6.066459204515944E-002
 -2.681643218209523E-002  7.704880595150114E-002 -9.256067226721476E-002
 -3.022640794868505E-002  6.396959667027179E-002 -0.112182139914224     
 -2.438914216795185E-002  3.504343813312005E-002 -0.117547554444649     
 -1.522382174967212E-002  7.266096424883873E-003 -0.113881878463003     
 -4.904719551323867E-003 -8.534435295729918E-003 -0.109967822954486     
  1.426897931156596E-002 -9.438069525131139E-003 -0.114643600275341     
  4.248353608505960E-002 -3.553535550376286E-003 -0.117676643799759     
  7.025607142051282E-002  5.871963251448152E-003 -0.112114837339532     
  8.003936197889187E-002  1.537534747590961E-002 -9.250804290584663E-002
  8.086393526329345E-002  2.809538166149727E-002 -6.053685561343549E-002
 -1.089646219826014E-002  9.360832358434162E-003 -1.409985623039382E-002
  0.000000000000000E+000  0.000000000000000E+000  0.000000000000000E+000
  0.000000000000000E+000  0.000000000000000E+000  0.000000000000000E+000
  0.000000000000000E+000  0.000000000000000E+000  0.000000000000000E+000
  0.000000000000000E+000  0.000000000000000E+000  0.000000000000000E+000
  4.945210082870111E-003 -7.830896120676344E-003 -5.690642854850171E-003
 -2.276424103399101E-003  5.308681453744455E-002 -4.107322695073350E-002
 -2.166104748852071E-002  4.838074757973725E-002 -6.274584985655318E-002
 -2.417099833903691E-002  4.233036607698296E-002 -7.887249810337850E-002
 -2.256008221365116E-002  2.256275549762725E-002 -8.645817519195501E-002
 -1.642321413862925E-002  4.261355566564602E-003 -8.892863708112408E-002
 -5.034304105697138E-003 -8.819948783375697E-003 -9.027413280841935E-002
  1.222748945658315E-002 -1.210262120515820E-002 -8.972760417997898E-002
  3.072783909860524E-002 -8.221254192482017E-003 -8.653064060618644E-002
  4.853601131974950E-002  3.030379169131170E-004 -7.883255534462122E-002
  5.268156308213569E-002  5.502192772283803E-003 -6.273239490549205E-002
  4.707402702113896E-002  2.454745482957581E-002 -4.100103588097923E-002
 -9.275506472370472E-003  3.424641386723839E-004 -5.695626477055503E-003
  0.000000000000000E+000  0.000000000000000E+000  0.000000000000000E+000
  0.000000000000000E+000  0.000000000000000E+000  0.000000000000000E+000
  0.000000000000000E+000  0.000000000000000E+000  0.000000000000000E+000
  0.000000000000000E+000  0.000000000000000E+000  0.000000000000000E+000
 -1.903836169020817E-003 -2.842521353454748E-003 -5.012939368404338E-003
  9.619332640409662E-003  1.126227019474221E-002 -1.229078330699323E-002
 -5.834237846704135E-003  1.800644336191884E-002 -2.230858079973096E-002
 -6.024469228151362E-003  1.714139742252478E-002 -3.447752269869728E-002
 -1.315067760529245E-002  1.135288677863095E-002 -4.258090438227762E-002
 -1.149639697399948E-002  2.114139964608486E-003 -5.381577995456623E-002
 -4.160321081112259E-003 -7.501672389407956E-003 -5.726609870975928E-002
  7.737229735549562E-003 -8.973006575731210E-003 -5.446249977264619E-002
  1.627560985114364E-002 -5.629694856170001E-003 -4.257483299146794E-002
  1.777817757126332E-002  3.356742278493926E-003 -3.443715721762883E-002
  1.849736220915391E-002  3.967119962985965E-003 -2.230244028848116E-002
  4.973485469117881E-003  1.392784211709943E-002 -1.227810968078247E-002
 -1.533265757474304E-003 -3.064547118294398E-003 -5.015791779510470E-003
  0.000000000000000E+000  0.000000000000000E+000  0.000000000000000E+000
  0.000000000000000E+000  0.000000000000000E+000  0.000000000000000E+000
  0.000000000000000E+000  0.000000000000000E+000  0.000000000000000E+000
  0.000000000000000E+000  0.000000000000000E+000  0.000000000000000E+000
  0.000000000000000E+000  0.000000000000000E+000  0.000000000000000E+000
  0.000000000000000E+000  0.000000000000000E+000  0.000000000000000E+000
  0.000000000000000E+000  0.000000000000000E+000  0.000000000000000E+000
  0.000000000000000E+000  0.000000000000000E+000  0.000000000000000E+000
  0.000000000000000E+000  0.000000000000000E+000  0.000000000000000E+000
  0.000000000000000E+000  0.000000000000000E+000  0.000000000000000E+000
  0.000000000000000E+000  0.000000000000000E+000  0.000000000000000E+000
  0.000000000000000E+000  0.000000000000000E+000  0.000000000000000E+000
  0.000000000000000E+000  0.000000000000000E+000  0.000000000000000E+000
  0.000000000000000E+000  0.000000000000000E+000  0.000000000000000E+000
  0.000000000000000E+000  0.000000000000000E+000  0.000000000000000E+000
  0.000000000000000E+000  0.000000000000000E+000  0.000000000000000E+000
  0.000000000000000E+000  0.000000000000000E+000  0.000000000000000E+000
  0.000000000000000E+000  0.000000000000000E+000  0.000000000000000E+000
  0.000000000000000E+000  0.000000000000000E+000  0.000000000000000E+000
  0.000000000000000E+000  0.000000000000000E+000  0.000000000000000E+000
  0.000000000000000E+000  0.000000000000000E+000  0.000000000000000E+000
  0.000000000000000E+000  0.000000000000000E+000  0.000000000000000E+000
  0.000000000000000E+000  0.000000000000000E+000  0.000000000000000E+000
  0.000000000000000E+000  0.000000000000000E+000  0.000000000000000E+000
  0.000000000000000E+000  0.000000000000000E+000  0.000000000000000E+000
  0.000000000000000E+000  0.000000000000000E+000  0.000000000000000E+000
  0.000000000000000E+000  0.000000000000000E+000  0.000000000000000E+000
  0.000000000000000E+000  0.000000000000000E+000  0.000000000000000E+000
  0.000000000000000E+000  0.000000000000000E+000  0.000000000000000E+000
  0.000000000000000E+000  0.000000000000000E+000  0.000000000000000E+000
  0.000000000000000E+000  0.000000000000000E+000  0.000000000000000E+000
  0.000000000000000E+000  0.000000000000000E+000  0.000000000000000E+000
  0.000000000000000E+000  0.000000000000000E+000  0.000000000000000E+000
  0.000000000000000E+000  0.000000000000000E+000  0.000000000000000E+000
  0.000000000000000E+000  0.000000000000000E+000  0.000000000000000E+000
  0.000000000000000E+000  0.000000000000000E+000  0.000000000000000E+000
  0.000000000000000E+000  0.000000000000000E+000  0.000000000000000E+000
  0.000000000000000E+000  0.000000000000000E+000  0.000000000000000E+000
 -2.661404122936742E-002 -2.149595066133452E-002  0.195842983736629     
 -0.142867398696741       3.355863842678688E-003  0.261265068573608     
 -0.218822200302086      -1.517224996131937E-002  0.504507108605171     
 -0.219263023058932       3.174390672890426E-002  0.683981366459724     
 -0.136304556087226      -4.397485252026880E-002  0.913651006538903     
 -9.825900414133772E-002  0.100205069638086        1.09393925646388     
  0.432448933005128       0.745019482420014        1.06819578543171     
  0.143545133860124      -3.339659407501010E-002   1.09125784015293     
  2.203962357590423E-002 -0.146240939618712       0.911414262823212     
  0.135627421361325      -0.174865216932679       0.683657107572737     
  9.401763964888787E-002 -0.198364970368675       0.505875135438734     
  7.577862144285719E-002 -0.121283566373269       0.262767110547470     
 -5.524449901494958E-003 -3.426923433693555E-002  0.196314972753939     
  0.000000000000000E+000  0.000000000000000E+000  0.000000000000000E+000
  0.000000000000000E+000  0.000000000000000E+000  0.000000000000000E+000
  0.000000000000000E+000  0.000000000000000E+000  0.000000000000000E+000
  0.000000000000000E+000  0.000000000000000E+000  0.000000000000000E+000
 -1.745709566924126E-002  1.269524416851656E-002  0.172072417054020     
 -0.143043573672379      -1.157626569534249E-002  0.253009741694897     
 -0.197692098490445       7.536202595446774E-004  0.463753759649472     
 -0.169184120638929       6.509438082428981E-003  0.669878862052785     
 -8.542897929261187E-002 -3.581799646552199E-002  0.887919507332398     
  4.634949073672643E-004  7.742724062695143E-002   1.12246360570655     
  0.238777688458478       0.410386221887311        1.11109544809925     
  7.442977384679306E-002  4.064021689625789E-002   1.11935845730934     
  9.704838558570903E-003 -9.542752314473386E-002  0.886022732269725     
  8.939922087437641E-002 -0.144225528614183       0.669665811813913     
  9.766645159915335E-002 -0.171927445085193       0.465273669728119     
  6.275111026553581E-002 -0.128918829562636       0.254362758785726     
  1.886566034840199E-002 -9.476088271210060E-003  0.172487850804654     
  0.000000000000000E+000  0.000000000000000E+000  0.000000000000000E+000
  0.000000000000000E+000  0.000000000000000E+000  0.000000000000000E+000
  0.000000000000000E+000  0.000000000000000E+000  0.000000000000000E+000
  0.000000000000000E+000  0.000000000000000E+000  0.000000000000000E+000
 -1.379762066887925E-002  8.779985709481423E-002  0.144594752103018     
 -0.145793329730515      -4.469485261396095E-002  0.224635774321949     
 -0.144096703899245       1.605593124055979E-002  0.414999238196869     
 -9.095535935241061E-002 -4.596264821211801E-002  0.647721563047861     
 -1.636339820134410E-002  0.103551822524785       0.893544030051532     
 -1.222679014083243E-002 -0.163307740090530        1.12064692004777     
 -0.110610925639770      -0.193605990567889        1.19353790539606     
 -0.128822682618326      -8.942421164052167E-002   1.11676338404689     
  0.107920992558227       4.097452555066877E-002  0.891517415992510     
  7.924731561204665E-003 -0.101742883849573       0.647520269922636     
  8.409620680852629E-002 -0.118163692890972       0.416756904583308     
  3.560001274593783E-002 -0.147618637291397       0.225639637515704     
  8.059441774407837E-002  3.053381825839862E-002  0.144958558799990     
  0.000000000000000E+000  0.000000000000000E+000  0.000000000000000E+000
  0.000000000000000E+000  0.000000000000000E+000  0.000000000000000E+000
  0.000000000000000E+000  0.000000000000000E+000  0.000000000000000E+000
  0.000000000000000E+000  0.000000000000000E+000  0.000000000000000E+000
 -4.148082540175570E-002  0.153150795079408       0.119380434992935     
 -0.121818973812010       5.650785758616730E-003  0.183922686440569     
 -0.121343061060577      -4.030835168347893E-004  0.386124877003898     
 -3.388333817501522E-002  5.823935256109362E-002  0.594745622583524     
  1.440086538137175E-002 -9.902628392176142E-002  0.827979798286899     
 -4.295538386491822E-002 -0.346517345065255        1.14508372614288     
 -0.171005578529151      -0.294994842129348        1.26259909946555     
 -0.282798656608323      -0.213737768059034        1.14404579653277     
 -9.289808971000366E-002 -3.799466376234856E-002  0.825687882519361     
  6.613260093877557E-002 -2.387631763244983E-003  0.594809925494228     
  5.846901280556294E-002 -0.106603801974812       0.387262823608382     
  6.616261204503558E-002 -0.102594688799040       0.184625559692788     
  0.149385883863220       3.891366782411865E-002  0.119749073478440     
  0.000000000000000E+000  0.000000000000000E+000  0.000000000000000E+000
  0.000000000000000E+000  0.000000000000000E+000  0.000000000000000E+000
  0.000000000000000E+000  0.000000000000000E+000  0.000000000000000E+000
  0.000000000000000E+000  0.000000000000000E+000  0.000000000000000E+000
 -3.074848434814993E-002  6.219270673267360E-002  0.101709254294735     
 -0.169209442114336       0.289048852931234       0.131958147600986     
 -3.138840396955807E-002 -0.193333264012337       0.354410111198258     
  4.390162745374612E-002 -0.282619348876851       0.594271438903650     
  4.122309738188504E-002 -0.176412422319295       0.836900748226362     
  3.797282953102196E-002  2.569498901910660E-002  0.973650350186616     
  0.104396306125902       0.182780335884630       0.878596482255717     
 -3.780390268949295E-003  4.196963560247895E-002  0.976425881004646     
 -0.178264622374631      -5.437803893535662E-002  0.836473923339879     
 -0.265690134179593      -0.103128563771240       0.593981800811943     
 -0.154162262652739      -0.125608123332207       0.355219365563859     
  0.333552264981803      -2.057160525269924E-003  0.132075613404622     
  6.685574369014548E-002  3.375044818729706E-003  0.101850466767015     
  0.000000000000000E+000  0.000000000000000E+000  0.000000000000000E+000
  0.000000000000000E+000  0.000000000000000E+000  0.000000000000000E+000
  0.000000000000000E+000  0.000000000000000E+000  0.000000000000000E+000
  0.000000000000000E+000  0.000000000000000E+000  0.000000000000000E+000
 -6.475083360342330E-004  1.731307137140603E-002  9.845779097401618E-002
 -0.200621659839524       0.329075719840079       6.919310398523371E-002
  4.336170509510208E-002 -0.248614574492944       0.352144348834258     
  2.196473654369336E-002  9.984742365217336E-002  0.414884275928230     
  5.947966081134236E-002  0.324048567027418       0.444206542339665     
  0.130273465488798       0.291706981858162       0.646892420882586     
 -4.132550899839538E-002 -7.035780803074505E-002   1.10149100983694     
  0.191176723092675       0.261971955421824       0.640134390678538     
  0.248680645865784       0.212881765953053       0.444404610422937     
  7.662077665694284E-002  6.991813899118654E-002  0.414394623905572     
 -0.235519347870772      -8.685543820957886E-002  0.351549436050062     
  0.386591725874228      -8.436434344151113E-003  6.846572853265614E-002
  1.484294927602257E-002  7.761573133318208E-003  9.774281541821547E-002
  0.000000000000000E+000  0.000000000000000E+000  0.000000000000000E+000
  0.000000000000000E+000  0.000000000000000E+000  0.000000000000000E+000
  0.000000000000000E+000  0.000000000000000E+000  0.000000000000000E+000
  0.000000000000000E+000  0.000000000000000E+000  0.000000000000000E+000
 -4.949006566600943E-003  9.561716577281706E-003  8.578157891504853E-002
 -0.140200829514795       0.203287415213991       4.176499854910012E-002
  0.129641304674360      -0.322177610365799       0.369743922873402     
 -1.925761677704770E-002  0.280665609137049       0.192364247315730     
  1.203759390863425E-003  0.718804634678055      -6.912771389200610E-002
  0.183134132336605       0.278518141383503       0.417808415971465     
 -5.008763687541002E-002 -8.562903675842366E-002   1.42790548569128     
  0.157651768226295       0.299839115886276       0.405289488424920     
  0.618068659052660       0.359802120508824      -6.451425588692285E-002
  0.256852326746647       0.124786615272165       0.189679117126435     
 -0.337440904108596      -4.837581150580970E-002  0.366897323417179     
  0.250753495484450      -1.900521206685388E-002  3.959945535151681E-002
  1.085228869868488E-002  9.942016029441962E-004  8.502548963375385E-002
  0.000000000000000E+000  0.000000000000000E+000  0.000000000000000E+000
  0.000000000000000E+000  0.000000000000000E+000  0.000000000000000E+000
  0.000000000000000E+000  0.000000000000000E+000  0.000000000000000E+000
  0.000000000000000E+000  0.000000000000000E+000  0.000000000000000E+000
 -1.447178358878725E-002  1.268572146744858E-002  6.417051429571090E-002
 -5.138419279117699E-002  5.314731731278233E-002  4.681607296530931E-002
  0.140065815939748      -0.232954522885287       0.323983595492282     
 -2.155961422869114E-002  0.279930887817018       8.322753793178023E-002
  0.200148897780931       0.219761031460374       0.484186313904630     
  0.146735359549769       0.164419663851820       0.631920661891641     
  0.140309396331692       0.240415890450110       0.446058705621938     
  6.866037111269933E-002  0.206742645377501       0.636817817401740     
  8.578596321426814E-002  0.282697408137114       0.492219990553439     
  0.250026400211173       0.121302508574917       8.692377413774516E-002
 -0.264282523195897       4.708032008397877E-003  0.319367704783123     
  7.744285394461441E-002 -1.729413521535315E-002  4.408448138940577E-002
  1.757586327529913E-002 -5.718625530954073E-003  6.360114756819224E-002
  0.000000000000000E+000  0.000000000000000E+000  0.000000000000000E+000
  0.000000000000000E+000  0.000000000000000E+000  0.000000000000000E+000
  0.000000000000000E+000  0.000000000000000E+000  0.000000000000000E+000
  0.000000000000000E+000  0.000000000000000E+000  0.000000000000000E+000
 -6.090922326343125E-003  1.967527311404885E-002  2.771742316094067E-002
 -8.400763399521819E-003 -2.429223712981815E-002  5.711676606407369E-002
  3.952983840350548E-002 -3.593451499816112E-002  0.145895313750013     
 -5.504287714034255E-002  0.202535901972554      -5.115932478379459E-002
  0.474550240081206      -9.058972585326368E-002   1.12742947691553     
  0.225336449198045       5.502000162439016E-002   1.18023072311584     
  9.267413565458354E-002  0.157615396833002       0.367260713494469     
 -6.333444474476638E-002  0.222541499319655        1.17801696977554     
 -0.314203555001090       0.364724701738251        1.13041914394537     
  0.194096436501675       5.560134101811065E-002 -4.112783328420762E-002
 -4.585799360672201E-002  1.529855136435971E-002  0.142054928221968     
 -1.304546255236443E-002 -1.823840007191648E-002  5.474869704146362E-002
  1.951388364159076E-002  4.594105058040806E-003  2.758992036068549E-002
  0.000000000000000E+000  0.000000000000000E+000  0.000000000000000E+000
  0.000000000000000E+000  0.000000000000000E+000  0.000000000000000E+000
  0.000000000000000E+000  0.000000000000000E+000  0.000000000000000E+000
  0.000000000000000E+000  0.000000000000000E+000  0.000000000000000E+000
  5.607893304911965E-003  7.742675043984707E-003  1.596290553873245E-002
 -2.432603114114022E-002 -2.132814160712173E-003  2.064941656453900E-002
  6.809362240945700E-003  8.700543154067356E-003  2.971002609168960E-002
 -2.118663274680271E-002  3.433286515554629E-002  6.697903492886741E-002
  0.338858184710809      -6.310875095157110E-002  0.983775684105529     
  0.329873010655556       0.131270010845873        1.25781745604438     
  7.208269448321031E-002  0.123753360265451       0.531059278520264     
 -4.934124444959886E-002  0.349121824276720        1.24281999789895     
 -0.214483962367593       0.256439276517730       0.970083522247069     
  3.541530571861687E-002  6.725330342852552E-004  7.230766643662155E-002
  5.499007027941051E-003  9.684001055450735E-003  2.928734888736447E-002
  1.062979689401126E-002 -2.098142794529951E-002  2.036042711500792E-002
  3.811466376240268E-003  8.492249537952521E-003  1.564807708502857E-002
  0.000000000000000E+000  0.000000000000000E+000  0.000000000000000E+000
  0.000000000000000E+000  0.000000000000000E+000  0.000000000000000E+000
  0.000000000000000E+000  0.000000000000000E+000  0.000000000000000E+000
  0.000000000000000E+000  0.000000000000000E+000  0.000000000000000E+000
  0.000000000000000E+000  0.000000000000000E+000  0.000000000000000E+000
  0.000000000000000E+000  0.000000000000000E+000  0.000000000000000E+000
  0.000000000000000E+000  0.000000000000000E+000  0.000000000000000E+000
  0.000000000000000E+000  0.000000000000000E+000  0.000000000000000E+000
  0.000000000000000E+000  0.000000000000000E+000  0.000000000000000E+000
  0.000000000000000E+000  0.000000000000000E+000  0.000000000000000E+000
  0.000000000000000E+000  0.000000000000000E+000  0.000000000000000E+000
  0.000000000000000E+000  0.000000000000000E+000  0.000000000000000E+000
  0.000000000000000E+000  0.000000000000000E+000  0.000000000000000E+000
  0.000000000000000E+000  0.000000000000000E+000  0.000000000000000E+000
  0.000000000000000E+000  0.000000000000000E+000  0.000000000000000E+000
  0.000000000000000E+000  0.000000000000000E+000  0.000000000000000E+000
  0.000000000000000E+000  0.000000000000000E+000  0.000000000000000E+000
  0.000000000000000E+000  0.000000000000000E+000  0.000000000000000E+000
  0.000000000000000E+000  0.000000000000000E+000  0.000000000000000E+000
  0.000000000000000E+000  0.000000000000000E+000  0.000000000000000E+000
  0.000000000000000E+000  0.000000000000000E+000  0.000000000000000E+000
  0.000000000000000E+000  0.000000000000000E+000  0.000000000000000E+000
  0.000000000000000E+000  0.000000000000000E+000  0.000000000000000E+000
  0.000000000000000E+000  0.000000000000000E+000  0.000000000000000E+000
  0.000000000000000E+000  0.000000000000000E+000  0.000000000000000E+000
  0.000000000000000E+000  0.000000000000000E+000  0.000000000000000E+000
  0.000000000000000E+000  0.000000000000000E+000  0.000000000000000E+000
  0.000000000000000E+000  0.000000000000000E+000  0.000000000000000E+000
  0.000000000000000E+000  0.000000000000000E+000  0.000000000000000E+000
  0.000000000000000E+000  0.000000000000000E+000  0.000000000000000E+000
  0.000000000000000E+000  0.000000000000000E+000  0.000000000000000E+000
  0.000000000000000E+000  0.000000000000000E+000  0.000000000000000E+000
  0.000000000000000E+000  0.000000000000000E+000  0.000000000000000E+000
  0.000000000000000E+000  0.000000000000000E+000  0.000000000000000E+000
  0.000000000000000E+000  0.000000000000000E+000  0.000000000000000E+000
  0.000000000000000E+000  0.000000000000000E+000  0.000000000000000E+000
  0.000000000000000E+000  0.000000000000000E+000  0.000000000000000E+000
  0.000000000000000E+000  0.000000000000000E+000  0.000000000000000E+000
  -18.1593268975747       -94.4289011467434        800.124720607175     
   545.698108301945        19.6345483205004        253.119822399504     
   819.989312041509       -753.177108858405       -941.323352572631     
   1161.96701001043        907.745621291806       -2711.41001456838     
   393.780019740125       -2298.12738666684       -4945.60702638514     
   799.114058001588        5115.96588524738       -5998.24723288208     
  -995.653282690810       -1755.44496073683       -3912.02820311357     
   4321.27045120694        3401.77273851276       -6008.20380857549     
  -2210.79245141609       -904.496662820143       -4918.68219660734     
   339.057748680102        1475.71870661152       -2719.54514092514     
  -1053.06785804676        299.050942787914       -936.977527377863     
  -209.417702076073        490.355968793966        257.618270023280     
  -37.0070198857935       -50.2178236294780        794.726378481151     
  0.000000000000000E+000  0.000000000000000E+000  0.000000000000000E+000
  0.000000000000000E+000  0.000000000000000E+000  0.000000000000000E+000
  0.000000000000000E+000  0.000000000000000E+000  0.000000000000000E+000
  0.000000000000000E+000  0.000000000000000E+000  0.000000000000000E+000
   69.5398345179195       -93.6774561931083        711.427880100083     
   439.625853591364        57.4534857483225        395.333625991617     
   753.347431301968       -428.783616491181       -740.535723470015     
   626.326067032103        581.330858400814       -2486.11366752563     
   76.0192686253235       -1162.36405833774       -4768.55168685311     
   239.284074252466        3778.14988671809       -6204.63712545705     
   2106.98662400845        3590.18706773477       -3554.36355333809     
   3284.78105095734        2121.46401896915       -6211.64413844498     
  -1015.13632624189       -563.249018094218       -4738.27427276974     
   266.537981854233        808.945430286903       -2498.76824870426     
  -738.947582303155        400.931857755532       -734.303242653884     
  -134.830939859940        408.454764875190        397.881780146206     
  -94.8560471617871        19.4042919050083        707.325898458951     
  0.000000000000000E+000  0.000000000000000E+000  0.000000000000000E+000
  0.000000000000000E+000  0.000000000000000E+000  0.000000000000000E+000
  0.000000000000000E+000  0.000000000000000E+000  0.000000000000000E+000
  0.000000000000000E+000  0.000000000000000E+000  0.000000000000000E+000
   61.8331413724354       -138.799277538150        651.356070830538     
   556.287589280198        337.216722826136        494.342156291517     
   568.866676397710       -766.944654101941       -421.621328398151     
   6.22674593140188        735.347718556599       -2309.50295003095     
  -708.883112019462       -3028.25357094075       -4511.70029266729     
   502.106042935037        6455.28816538888       -5469.61469031693     
   7387.64639449565        12729.5929614093       -5962.56329916340     
   5152.07825535523        3430.56358359605       -5425.88938131559     
  -2188.70913068047       -2139.31051144463       -4506.79510455293     
   639.158893449023        302.009158022386       -2318.01620503591     
  -960.346385413107        55.8546329543466       -419.169249159827     
   31.5273514700085        643.186178417195        493.435061309380     
  -161.409868003507       -28.7088686484140        649.413520085384     
  0.000000000000000E+000  0.000000000000000E+000  0.000000000000000E+000
  0.000000000000000E+000  0.000000000000000E+000  0.000000000000000E+000
  0.000000000000000E+000  0.000000000000000E+000  0.000000000000000E+000
  0.000000000000000E+000  0.000000000000000E+000  0.000000000000000E+000
   78.6118412093175        90.0808223456205        556.644079220024     
   435.100827775332       -569.786971138713        729.386700993209     
   497.419822943092        2053.57089436301       -488.451182689536     
  -829.802957219172       -1917.17039063149       -2289.99672284547     
  -1551.10808165722        4977.16222454976       -4399.55867336284     
  -691.726264328352       -2279.76377230077       -3857.51337630290     
  -2224.13734198330       -3823.64854918018       -1031.97813535372     
  -1632.43750034999       -1757.70785059543       -3855.18574143827     
   5044.55450319607        1067.68467492239       -4380.74943651318     
  -1256.91041069498       -1736.15230921410       -2303.51607118510     
   1491.03381307174        1401.58138467470       -499.550550410108     
  -723.094345791573        61.1748983425989        728.923496258032     
  -8.18922178375879        91.4900114712585        557.436323816301     
  0.000000000000000E+000  0.000000000000000E+000  0.000000000000000E+000
  0.000000000000000E+000  0.000000000000000E+000  0.000000000000000E+000
  0.000000000000000E+000  0.000000000000000E+000  0.000000000000000E+000
  0.000000000000000E+000  0.000000000000000E+000  0.000000000000000E+000
  -116.790382601957        440.156986941636        615.251210226088     
   1116.40133667381       -3195.53647966596        1079.75349816143     
   67.8737240776942       -3505.82825475175       -250.141309535828     
  -1881.21058809706       -172.091858921171       -2026.79241215284     
  -1786.78094025847        4792.32976935072       -5719.39165869391     
  -1888.49209048182       -5401.36872468321       -369.887855168070     
  -2412.13392744692       -4176.15366499808        172.984438284741     
  -3860.16041142888       -4421.59491889101       -304.118788491243     
   5079.72915315834        872.364801624507       -5750.81625336629     
   1007.84239788390       -1650.37090414034       -2080.17103334512     
  -3072.16038518889       -1734.39070923701       -242.505577482805     
  -3394.28569577922       -669.146457163290        1076.92695583112     
   421.768331953632        103.059536948401        619.970586439436     
  0.000000000000000E+000  0.000000000000000E+000  0.000000000000000E+000
  0.000000000000000E+000  0.000000000000000E+000  0.000000000000000E+000
  0.000000000000000E+000  0.000000000000000E+000  0.000000000000000E+000
  0.000000000000000E+000  0.000000000000000E+000  0.000000000000000E+000
  -239.264113753873        422.633017846990        610.109235363704     
   1550.20972397982       -4445.07071015654        1450.45497837214     
  -243.174690404952       -2388.09920664309        106.829831112385     
  -1257.02814430531       -1295.89977718970       -2383.43326480116     
  -2096.69870210975        679.814069948222       -3138.06802831540     
  -1265.27276609159        3937.94721909277       -6698.97521433067     
   3309.50426880321        5737.48194513612       -11858.3806527290     
   3975.12446742519        829.419160994557       -6629.90433526707     
   1648.87853448532       -1475.50135892897       -3143.50437654377     
  -387.369436154277       -1709.40762451547       -2417.50813076464     
  -1880.05018407624       -1417.32461370898        91.8495412307456     
  -4618.23220238627       -907.952937729335        1452.07700100059     
   483.672144146808      -0.762626718825294        601.738944058186     
  0.000000000000000E+000  0.000000000000000E+000  0.000000000000000E+000
  0.000000000000000E+000  0.000000000000000E+000  0.000000000000000E+000
  0.000000000000000E+000  0.000000000000000E+000  0.000000000000000E+000
  0.000000000000000E+000  0.000000000000000E+000  0.000000000000000E+000
  -236.717623257647        33.6860058212693        463.331750542630     
   974.435000740573       -2700.93300608077        1365.40819834303     
  -1181.50241105493        717.727740002524       -1597.72639630838     
  -1892.42066658169       -358.194799855162       -2827.80750554132     
  -1438.56944898256       -4.33690215018406       -4007.83537769725     
  -599.386349241082        181.408260072658       -2214.71904119806     
   393.855373097124        723.211066319070       -5531.04168483543     
   581.926491759679       -362.944787349096       -2441.05094209077     
   634.477751001602       -1264.70760830025       -3872.60463670156     
   558.177284204220       -1818.60699135284       -2728.51981688947     
   1088.92807862843       -695.921276943048       -1525.90110008418     
  -2759.22076188148       -527.586358638014        1338.68717632667     
   152.507202448928       -189.391846502381        466.236335788046     
  0.000000000000000E+000  0.000000000000000E+000  0.000000000000000E+000
  0.000000000000000E+000  0.000000000000000E+000  0.000000000000000E+000
  0.000000000000000E+000  0.000000000000000E+000  0.000000000000000E+000
  0.000000000000000E+000  0.000000000000000E+000  0.000000000000000E+000
  -102.397823352141       -44.1533344933689        412.975249730791     
   63.2383708685932       -560.068734275002        473.386833063312     
  -1669.88579185939        1286.45812100349       -1864.12254764435     
  -1655.51299479019       -381.957848033541       -2992.76779498349     
   285.657762759939       -4295.24192182112        2335.02110240903     
   285.133267798237       -2776.50056015791        1933.87548439937     
  -2492.33682964164       -4281.38178376290        13807.8556731425     
  -2522.93325451409       -1124.67264166755        1864.81171648409     
  -3877.96012598102       -1880.78597658741        2400.93532801004     
   462.356540106797       -1617.00161646109       -2943.99411673552     
   1820.24676812238       -810.345045957280       -1772.38630792400     
  -488.179641589395       -243.275878759360        458.141459189906     
   16.1108457042117       -114.532817865560        415.271990880986     
  0.000000000000000E+000  0.000000000000000E+000  0.000000000000000E+000
  0.000000000000000E+000  0.000000000000000E+000  0.000000000000000E+000
  0.000000000000000E+000  0.000000000000000E+000  0.000000000000000E+000
  0.000000000000000E+000  0.000000000000000E+000  0.000000000000000E+000
   31.7840802443273        81.6671013318490        368.595505987991     
  -378.374981005182        196.110414131457       -364.624961131991     
  -6.97015483318365       -320.581136331157        482.181160984078     
  -2931.47303347419        600.792129968949       -3329.10551677997     
  -469.854862256157       -958.573004285084       -1333.80564931379     
  -1142.70335340529       -2501.53449258673       -45.9224083511686     
  -387.876720256332       -687.708304684895       -1307.76522556488     
  -1602.13630947242       -2214.12689610650        57.8992525508429     
  -637.462679825825       -865.498800648257       -1296.20679947513     
   2051.44261726956       -2244.18918264765       -3428.30497089999     
  -295.337717804578       -179.917863833995        508.459502734264     
   346.827630270997       -240.664624633841       -357.740413974230     
   60.5403532258200        67.3860930799966        365.620314584286     
  0.000000000000000E+000  0.000000000000000E+000  0.000000000000000E+000
  0.000000000000000E+000  0.000000000000000E+000  0.000000000000000E+000
  0.000000000000000E+000  0.000000000000000E+000  0.000000000000000E+000
  0.000000000000000E+000  0.000000000000000E+000  0.000000000000000E+000
   22.7784254522294        44.7222192642774        147.400318159367     
  -146.661760123659        124.522458042831       -98.7274194019505     
   253.656047396378       -951.998042898888        1047.19657253196     
  -31.9789340834933       -23.1919473797097        282.768464528383     
  -4763.14213480350        1267.13976011696       -9496.50180188991     
  -1277.94087767217       -1444.02001994651       -2601.01434929785     
  -1496.36608988217       -2633.44353621479       -9438.56642986451     
  -591.518005839870       -1890.81641281301       -2773.02248336654     
   3452.01828958635       -3472.47558329428       -9478.95361200815     
   28.2886549890111       -45.5017524659807        222.372774484844     
  -986.918996608753       -256.355120236722        1076.44726591284     
   181.830473472731       -77.7733699846693       -99.5644321785850     
   27.4964324838171        44.0308567505061        147.347604981080     
  0.000000000000000E+000  0.000000000000000E+000  0.000000000000000E+000
  0.000000000000000E+000  0.000000000000000E+000  0.000000000000000E+000
  0.000000000000000E+000  0.000000000000000E+000  0.000000000000000E+000
  0.000000000000000E+000  0.000000000000000E+000  0.000000000000000E+000
  0.000000000000000E+000  0.000000000000000E+000  0.000000000000000E+000
  0.000000000000000E+000  0.000000000000000E+000  0.000000000000000E+000
  0.000000000000000E+000  0.000000000000000E+000  0.000000000000000E+000
  0.000000000000000E+000  0.000000000000000E+000  0.000000000000000E+000
  0.000000000000000E+000  0.000000000000000E+000  0.000000000000000E+000
  0.000000000000000E+000  0.000000000000000E+000  0.000000000000000E+000
  0.000000000000000E+000  0.000000000000000E+000  0.000000000000000E+000
  0.000000000000000E+000  0.000000000000000E+000  0.000000000000000E+000
  0.000000000000000E+000  0.000000000000000E+000  0.000000000000000E+000
  0.000000000000000E+000  0.000000000000000E+000  0.000000000000000E+000
  0.000000000000000E+000  0.000000000000000E+000  0.000000000000000E+000
  0.000000000000000E+000  0.000000000000000E+000  0.000000000000000E+000
  0.000000000000000E+000  0.000000000000000E+000  0.000000000000000E+000
  0.000000000000000E+000  0.000000000000000E+000  0.000000000000000E+000
  0.000000000000000E+000  0.000000000000000E+000  0.000000000000000E+000
  0.000000000000000E+000  0.000000000000000E+000  0.000000000000000E+000
  0.000000000000000E+000  0.000000000000000E+000  0.000000000000000E+000
  0.000000000000000E+000  0.000000000000000E+000  0.000000000000000E+000
  0.000000000000000E+000  0.000000000000000E+000  0.000000000000000E+000
  0.000000000000000E+000  0.000000000000000E+000  0.000000000000000E+000
  0.000000000000000E+000  0.000000000000000E+000  0.000000000000000E+000
  0.000000000000000E+000  0.000000000000000E+000  0.000000000000000E+000
  0.000000000000000E+000  0.000000000000000E+000  0.000000000000000E+000
  0.000000000000000E+000  0.000000000000000E+000  0.000000000000000E+000
  0.000000000000000E+000  0.000000000000000E+000  0.000000000000000E+000
  0.000000000000000E+000  0.000000000000000E+000  0.000000000000000E+000
  0.000000000000000E+000  0.000000000000000E+000  0.000000000000000E+000
  0.000000000000000E+000  0.000000000000000E+000  0.000000000000000E+000
  0.000000000000000E+000  0.000000000000000E+000  0.000000000000000E+000
  0.000000000000000E+000  0.000000000000000E+000  0.000000000000000E+000
  0.000000000000000E+000  0.000000000000000E+000  0.000000000000000E+000
  0.000000000000000E+000  0.000000000000000E+000  0.000000000000000E+000
