         140  1.399999999999997E-002  1.399999999999997E-002
  0.000000000000000E+000  0.000000000000000E+000  0.000000000000000E+000
  0.000000000000000E+000  0.000000000000000E+000  0.000000000000000E+000
  4.203641847682851E-002  5.242422425570546E-002 -5.636179307747362E-002
  5.036848240121985E-002  0.132863827769182      -9.811630652969816E-002
  7.328950925837673E-002  0.177277616271639      -0.138296036815648     
  8.626562956988248E-002  0.203802682034662      -0.162064470401210     
  9.824145819606256E-002  0.211056162280404      -0.179565482573510     
  0.108551312854042       0.210027532569373      -0.188240988703010     
  0.118550110374536       0.205397545567199      -0.191206597254014     
  0.127549065372169       0.199019981105839      -0.188219530427549     
  0.133598082924634       0.190612259701108      -0.179536295879642     
  0.133328407656466       0.176657639222692      -0.162072360964063     
  0.116874334739556       0.152178701662824      -0.138309148254808     
  8.989819480547449E-002  0.110136747188089      -9.814199946419823E-002
  2.446161200969913E-002  6.270985774486894E-002 -5.637905397528781E-002
  0.000000000000000E+000  0.000000000000000E+000  0.000000000000000E+000
  0.000000000000000E+000  0.000000000000000E+000  0.000000000000000E+000
  0.000000000000000E+000  0.000000000000000E+000  0.000000000000000E+000
  0.000000000000000E+000  0.000000000000000E+000  0.000000000000000E+000
  3.525155185370392E-002  4.818051835034622E-002 -4.853746079895869E-002
  4.835231132123444E-002  0.124261980227848      -9.468307793076700E-002
  6.556987575186214E-002  0.169763918848099      -0.130781102394839     
  8.015237632699319E-002  0.193420940149881      -0.158155633784148     
  9.099237552391615E-002  0.200657133814560      -0.174828862265029     
  0.101754019575187       0.198355024000976      -0.185008279148649     
  0.111684015638536       0.193500286052540      -0.187577603088357     
  0.120853287696354       0.187314044256411      -0.185003178403465     
  0.128222156962420       0.179143510017387      -0.174808899304533     
  0.127394577707488       0.166165999182356      -0.158162559251215     
  0.114220449406718       0.141721966443638      -0.130785103842528     
  8.345268308213132E-002  0.104071271761710      -9.469909307942084E-002
  2.416980203115623E-002  5.470189945740395E-002 -4.854430937287053E-002
  0.000000000000000E+000  0.000000000000000E+000  0.000000000000000E+000
  0.000000000000000E+000  0.000000000000000E+000  0.000000000000000E+000
  0.000000000000000E+000  0.000000000000000E+000  0.000000000000000E+000
  0.000000000000000E+000  0.000000000000000E+000  0.000000000000000E+000
  2.856407446655970E-002  3.790179939698690E-002 -3.699772834024880E-002
  4.059270363655395E-002  0.110717001821477      -8.426154609659016E-002
  5.585049047343098E-002  0.154121315572186      -0.119787111720915     
  6.716013565636239E-002  0.176269129197845      -0.147541639223759     
  7.848391396643346E-002  0.180417119506371      -0.166155837785035     
  8.802273891304629E-002  0.176137395029998      -0.176347479956179     
  9.822852936294293E-002  0.170185077737173      -0.179927810907423     
  0.108496822366885       0.164339952797252      -0.176371726302067     
  0.116960118312475       0.158199512108174      -0.166153343128025     
  0.119037442228299       0.146330141484441      -0.147542262883500     
  0.105523195724087       0.125453210553411      -0.119777723047472     
  7.558882760479188E-002  9.055161097316999E-002 -8.425348523796738E-002
  1.859866518483444E-002  4.375324084164910E-002 -3.698848743029780E-002
  0.000000000000000E+000  0.000000000000000E+000  0.000000000000000E+000
  0.000000000000000E+000  0.000000000000000E+000  0.000000000000000E+000
  0.000000000000000E+000  0.000000000000000E+000  0.000000000000000E+000
  0.000000000000000E+000  0.000000000000000E+000  0.000000000000000E+000
  2.460444692834278E-002  1.829692216749287E-002 -2.526400382880353E-002
  3.230026952635961E-002  9.402030643817334E-002 -6.931283792606721E-002
  4.404004249261673E-002  0.135678563341053      -0.104908750940010     
  5.354662278497364E-002  0.154535466075534      -0.133167327549772     
  6.200108348634865E-002  0.154337764196575      -0.151507209704357     
  7.081779643317890E-002  0.146411053897762      -0.161655294025078     
  8.000524318866532E-002  0.138607623883122      -0.164882386869804     
  9.137915978461576E-002  0.134603131883530      -0.161714430965866     
  0.102632936094880       0.130900435192381      -0.151525227586116     
  0.107025905374369       0.123654349715268      -0.133161139849640     
  9.544079630625689E-002  0.105978925636171      -0.104878681037168     
  6.525405185622986E-002  7.497646823312860E-002 -6.927415404179292E-002
  3.574446804144614E-003  3.052282747101433E-002 -2.523932562210577E-002
  0.000000000000000E+000  0.000000000000000E+000  0.000000000000000E+000
  0.000000000000000E+000  0.000000000000000E+000  0.000000000000000E+000
  0.000000000000000E+000  0.000000000000000E+000  0.000000000000000E+000
  0.000000000000000E+000  0.000000000000000E+000  0.000000000000000E+000
  1.755948004063468E-002 -2.569661675767243E-003 -1.499515180970893E-002
  2.751123809727908E-002  8.249795993633353E-002 -5.661521405236175E-002
  3.694404726930035E-002  0.120427965009884      -9.246833373515305E-002
  4.156147931692834E-002  0.135504735851021      -0.119646548352147     
  4.972237619883786E-002  0.132379402325711      -0.136961761889958     
  5.624016485468166E-002  0.121192360546608      -0.145788354507550     
  6.515917249059591E-002  0.112882640466661      -0.148566223310259     
  7.686460230510023E-002  0.109407838936819      -0.145883437515442     
  8.977664808195795E-002  0.109300055604978      -0.137001907482771     
  9.654753870688668E-002  0.103763581470166      -0.119637021271586     
  8.577533267265895E-002  9.217084203613062E-002 -9.241981241928537E-002
  5.764595791350980E-002  6.505860698759276E-002 -5.656007539585409E-002
 -1.098669247274952E-002  1.396927365235296E-002 -1.495211937742672E-002
  0.000000000000000E+000  0.000000000000000E+000  0.000000000000000E+000
  0.000000000000000E+000  0.000000000000000E+000  0.000000000000000E+000
  0.000000000000000E+000  0.000000000000000E+000  0.000000000000000E+000
  0.000000000000000E+000  0.000000000000000E+000  0.000000000000000E+000
  9.032726261686530E-003 -1.331192901867983E-002 -9.476041951668204E-003
  3.060990981211522E-002  7.566685476514926E-002 -4.800838844935251E-002
  2.701866581269935E-002  0.102243657966085      -8.052433837602521E-002
  3.437264587197321E-002  0.118989646234034      -0.106351051949639     
  3.832622540142654E-002  0.111725233241971      -0.121890320839243     
  4.498431649895365E-002  0.100780314392419      -0.129321028499041     
  5.283774196708707E-002  9.152766824417394E-002 -0.131366339796812     
  6.486428672181102E-002  8.950681867212303E-002 -0.129468211925913     
  7.762636251245882E-002  8.913701269272176E-002 -0.121964454844808     
  8.584123060253213E-002  8.928178136935401E-002 -0.106344377474752     
  7.501558116275166E-002  7.449439479916335E-002 -8.046485181143936E-002
  5.017974816345980E-002  6.426911296821648E-002 -4.794615578217921E-002
 -1.604866227797300E-002  1.255795124483536E-003 -9.412854275171498E-003
  0.000000000000000E+000  0.000000000000000E+000  0.000000000000000E+000
  0.000000000000000E+000  0.000000000000000E+000  0.000000000000000E+000
  0.000000000000000E+000  0.000000000000000E+000  0.000000000000000E+000
  0.000000000000000E+000  0.000000000000000E+000  0.000000000000000E+000
  1.178889551268292E-002 -9.370326547963550E-003 -7.839449951121444E-003
  2.361342810169878E-002  5.855394739888812E-002 -3.770218967630514E-002
  2.261789001032821E-002  8.544952870684469E-002 -6.789910849108320E-002
  2.577985169792478E-002  9.779234255927760E-002 -9.099168081554151E-002
  2.880048599894426E-002  9.176467351444510E-002 -0.104880816899037     
  3.473210587325098E-002  8.153278164972835E-002 -0.111349932257174     
  4.217668532056761E-002  7.305535498272117E-002 -0.113049656445261     
  5.338343245698652E-002  7.105630877183072E-002 -0.111568731168898     
  6.513611703108207E-002  7.094475183725074E-002 -0.105004267522264     
  7.179767786168903E-002  7.125281635271905E-002 -9.099697490832970E-002
  6.267834389797940E-002  6.230262456528870E-002 -6.783940587213433E-002
  3.891375247019570E-002  4.964367567000396E-002 -3.764874025608998E-002
 -1.402749079491909E-002  5.583773534390269E-003 -7.726228223228751E-003
  0.000000000000000E+000  0.000000000000000E+000  0.000000000000000E+000
  0.000000000000000E+000  0.000000000000000E+000  0.000000000000000E+000
  0.000000000000000E+000  0.000000000000000E+000  0.000000000000000E+000
  0.000000000000000E+000  0.000000000000000E+000  0.000000000000000E+000
  7.130237445698094E-003 -8.854264510427413E-003 -3.565666897590599E-003
  2.066244127528306E-002  4.136139419246596E-002 -2.836966670335667E-002
  1.673138920557252E-002  6.199825552279338E-002 -5.131460113720216E-002
  1.814660356417836E-002  7.235758550832098E-002 -7.067721027255221E-002
  2.008132653106123E-002  6.901313173323752E-002 -8.326611407918397E-002
  2.487199842260957E-002  6.140895988811521E-002 -8.934629520261175E-002
  3.155393099277498E-002  5.461883074434039E-002 -9.113334051818411E-002
  4.092760680545671E-002  5.250052560340057E-002 -8.964687171088676E-002
  4.981107633154489E-002  5.203219550290440E-002 -8.342302603832902E-002
  5.359051414072399E-002  5.194490808352059E-002 -7.072177229858891E-002
  4.533088335380898E-002  4.548988460700074E-002 -5.123167056638768E-002
  2.549728286264031E-002  3.849864766637191E-002 -2.838724396409194E-002
 -1.115865502902030E-002  1.814339039747684E-003 -3.334284104212875E-003
  0.000000000000000E+000  0.000000000000000E+000  0.000000000000000E+000
  0.000000000000000E+000  0.000000000000000E+000  0.000000000000000E+000
  0.000000000000000E+000  0.000000000000000E+000  0.000000000000000E+000
  0.000000000000000E+000  0.000000000000000E+000  0.000000000000000E+000
  4.233723416246307E-003 -7.115888257453728E-003 -2.897566467735585E-003
  1.403069296108878E-002  2.347794682661391E-002 -1.616363874729341E-002
  1.036995903816878E-002  3.316500843923371E-002 -2.960951215304080E-002
  1.125413822217711E-002  4.327236232138594E-002 -4.386504486516902E-002
  1.153441453111082E-002  4.170125323305691E-002 -5.392240632875977E-002
  1.456660474065612E-002  3.794262648866822E-002 -5.931937542114878E-002
  1.941776126568235E-002  3.358506645679558E-002 -6.136250634338344E-002
  2.576155296762084E-002  3.180501319469547E-002 -5.964744781576947E-002
  3.039861573290540E-002  3.095580914961416E-002 -5.405572980071423E-002
  3.186666809251936E-002  3.140251361006833E-002 -4.394535094285706E-002
  2.354731161219881E-002  2.561037294696140E-002 -2.950086342264338E-002
  1.328657098814383E-002  2.377177237939782E-002 -1.628876353177073E-002
 -8.175881550836098E-003  2.437857600813216E-004 -2.563729851774694E-003
  0.000000000000000E+000  0.000000000000000E+000  0.000000000000000E+000
  0.000000000000000E+000  0.000000000000000E+000  0.000000000000000E+000
  0.000000000000000E+000  0.000000000000000E+000  0.000000000000000E+000
  0.000000000000000E+000  0.000000000000000E+000  0.000000000000000E+000
  9.009623470069124E-004 -3.323364566897843E-003 -2.074491697210071E-003
  6.218381478665110E-003  4.788939286043386E-003 -3.752170822787818E-003
  4.744838909246451E-003  6.914374513684472E-003 -7.543881682829589E-003
  6.510257879124536E-003  1.269842597990908E-002 -1.308126997480054E-002
  4.821400495495807E-003  1.285986226080643E-002 -1.660736978680972E-002
  5.908756564582124E-003  1.307157550541236E-002 -2.002293571613187E-002
  6.763509392397770E-003  1.164146764721037E-002 -2.094467085890607E-002
  8.468367543834404E-003  1.181308605040862E-002 -2.020279820826500E-002
  8.726247778684233E-003  1.068011788600580E-002 -1.668458047221031E-002
  7.759924347346025E-003  1.198336522408658E-002 -1.306168561841250E-002
  3.628877335558968E-003  7.571951743893291E-003 -7.580921784617189E-003
  1.066821214226488E-003  7.765149985222953E-003 -3.682559680532093E-003
 -3.354748188376908E-003 -8.873977532834183E-004 -2.131971506996672E-003
  0.000000000000000E+000  0.000000000000000E+000  0.000000000000000E+000
  0.000000000000000E+000  0.000000000000000E+000  0.000000000000000E+000
  0.000000000000000E+000  0.000000000000000E+000  0.000000000000000E+000
  0.000000000000000E+000  0.000000000000000E+000  0.000000000000000E+000
  0.000000000000000E+000  0.000000000000000E+000  0.000000000000000E+000
  0.000000000000000E+000  0.000000000000000E+000  0.000000000000000E+000
  0.000000000000000E+000  0.000000000000000E+000  0.000000000000000E+000
  0.000000000000000E+000  0.000000000000000E+000  0.000000000000000E+000
  0.000000000000000E+000  0.000000000000000E+000  0.000000000000000E+000
  0.000000000000000E+000  0.000000000000000E+000  0.000000000000000E+000
  0.000000000000000E+000  0.000000000000000E+000  0.000000000000000E+000
  0.000000000000000E+000  0.000000000000000E+000  0.000000000000000E+000
  0.000000000000000E+000  0.000000000000000E+000  0.000000000000000E+000
  0.000000000000000E+000  0.000000000000000E+000  0.000000000000000E+000
  0.000000000000000E+000  0.000000000000000E+000  0.000000000000000E+000
  0.000000000000000E+000  0.000000000000000E+000  0.000000000000000E+000
  0.000000000000000E+000  0.000000000000000E+000  0.000000000000000E+000
  0.000000000000000E+000  0.000000000000000E+000  0.000000000000000E+000
  0.000000000000000E+000  0.000000000000000E+000  0.000000000000000E+000
  0.000000000000000E+000  0.000000000000000E+000  0.000000000000000E+000
  0.000000000000000E+000  0.000000000000000E+000  0.000000000000000E+000
  0.000000000000000E+000  0.000000000000000E+000  0.000000000000000E+000
  0.000000000000000E+000  0.000000000000000E+000  0.000000000000000E+000
  0.000000000000000E+000  0.000000000000000E+000  0.000000000000000E+000
  0.000000000000000E+000  0.000000000000000E+000  0.000000000000000E+000
  0.000000000000000E+000  0.000000000000000E+000  0.000000000000000E+000
  0.000000000000000E+000  0.000000000000000E+000  0.000000000000000E+000
  0.000000000000000E+000  0.000000000000000E+000  0.000000000000000E+000
  0.000000000000000E+000  0.000000000000000E+000  0.000000000000000E+000
  0.000000000000000E+000  0.000000000000000E+000  0.000000000000000E+000
  0.000000000000000E+000  0.000000000000000E+000  0.000000000000000E+000
  0.000000000000000E+000  0.000000000000000E+000  0.000000000000000E+000
  0.000000000000000E+000  0.000000000000000E+000  0.000000000000000E+000
  0.000000000000000E+000  0.000000000000000E+000  0.000000000000000E+000
  0.000000000000000E+000  0.000000000000000E+000  0.000000000000000E+000
  0.000000000000000E+000  0.000000000000000E+000  0.000000000000000E+000
  0.000000000000000E+000  0.000000000000000E+000  0.000000000000000E+000
  0.000000000000000E+000  0.000000000000000E+000  0.000000000000000E+000
  5.864508222323874E-003 -3.143295831923536E-002 -1.702693865582847E-002
  2.503725076294238E-002 -0.114916666665085       6.706530689835077E-003
  2.002007240247971E-002 -0.153749258813744       3.657203782923865E-003
  6.663749711455046E-003 -0.128640950157133      -1.572367394289677E-002
 -4.087234931229492E-003 -9.005229545648502E-002 -3.709170272162489E-002
 -2.092365067197452E-002 -7.636624094340447E-002 -4.683246817148457E-002
 -4.202839510263084E-002 -7.190797706556201E-002 -4.837689705774800E-002
 -5.582444191289069E-002 -5.499688635932324E-002 -4.723267705835159E-002
 -7.566382945038182E-002 -4.700572851466844E-002 -3.760030627968705E-002
 -0.114477815998960      -5.733870484602287E-002 -1.605982050595858E-002
 -0.143384974630541      -5.896001153191140E-002  3.631705346945712E-003
 -0.112542029314490      -3.559916000165724E-002  6.873798244457795E-003
 -3.016882098945870E-002 -1.054281909695170E-002 -1.701921768996632E-002
  0.000000000000000E+000  0.000000000000000E+000  0.000000000000000E+000
  0.000000000000000E+000  0.000000000000000E+000  0.000000000000000E+000
  0.000000000000000E+000  0.000000000000000E+000  0.000000000000000E+000
  0.000000000000000E+000  0.000000000000000E+000  0.000000000000000E+000
  1.853813302661214E-003 -2.641143083338065E-002 -1.452644926076836E-002
  2.099170244706804E-002 -9.017541196194170E-002 -2.138424822510370E-003
  1.729601792645680E-002 -0.113424798361557      -7.239244402133969E-003
  9.798579419754641E-003 -8.266917731484774E-002 -3.113448035465843E-002
  4.568594967079096E-003 -4.304674700899822E-002 -5.187254514895250E-002
 -3.348802395234433E-003 -2.980791811279620E-002 -6.269308021548603E-002
 -1.632108928930346E-002 -2.735476339441988E-002 -6.340328205141864E-002
 -2.448314667957196E-002 -1.672788420052256E-002 -6.296173018365993E-002
 -3.950570599796879E-002 -1.623980482432699E-002 -5.224142649705873E-002
 -7.637234397953825E-002 -3.173819776117437E-002 -3.137756073966493E-002
 -0.107088580682467      -4.113537154402775E-002 -7.230966546815678E-003
 -8.897059641280027E-002 -2.666191437227541E-002 -1.993281709142251E-003
 -2.381037826799848E-002 -1.150402627850691E-002 -1.451178672918968E-002
  0.000000000000000E+000  0.000000000000000E+000  0.000000000000000E+000
  0.000000000000000E+000  0.000000000000000E+000  0.000000000000000E+000
  0.000000000000000E+000  0.000000000000000E+000  0.000000000000000E+000
  0.000000000000000E+000  0.000000000000000E+000  0.000000000000000E+000
  7.758903408111920E-005 -1.749971697367328E-002 -1.308995628121336E-002
  1.376427768512590E-002 -4.557524237385539E-002 -1.459385950317539E-002
  1.555166390226900E-002 -3.713904782406379E-002 -2.957699689734469E-002
  1.704991228896424E-002  1.055603221514933E-002 -5.905545243657787E-002
  2.614597869022998E-002  5.781638704888711E-002 -8.482343798850059E-002
  3.313988002325171E-002  6.806995718850731E-002 -9.594739512302955E-002
  3.598324466778280E-002  6.325446763053885E-002 -9.679801318646822E-002
  4.169000340258972E-002  6.335279266920131E-002 -9.595894049570704E-002
  3.666210932650749E-002  5.245716134436473E-002 -8.493124219051486E-002
  5.451047519791355E-004  2.096725116111782E-002 -5.913419333006883E-002
 -4.008685881606961E-002 -4.464282069299640E-003 -2.950809029606383E-002
 -4.654649297398543E-002 -1.052745153455160E-002 -1.446870863979484E-002
 -1.519980068376109E-002 -8.558011068014765E-003 -1.307001491898853E-002
  0.000000000000000E+000  0.000000000000000E+000  0.000000000000000E+000
  0.000000000000000E+000  0.000000000000000E+000  0.000000000000000E+000
  0.000000000000000E+000  0.000000000000000E+000  0.000000000000000E+000
  0.000000000000000E+000  0.000000000000000E+000  0.000000000000000E+000
  8.247242720779958E-004 -8.481507559711013E-003 -1.354448464126820E-002
  9.880003215882689E-003  6.871102932450469E-003 -2.793043388700303E-002
  1.406677184942820E-002  5.021934577992904E-002 -5.178221513791008E-002
  2.546158728940706E-002  0.115727819344497      -9.060444487116827E-002
  4.519733673062282E-002  0.158731680457401      -0.120310379515008     
  6.115639762791805E-002  0.147480913418742      -0.126256641693237     
  7.157832508517215E-002  0.124759316932197      -0.121564310614358     
  9.632542538192643E-002  0.126967992248183      -0.126077216878882     
  0.114119956895765       0.118851295829565      -0.120071523272206     
  8.710169349173863E-002  8.048791202122875E-002 -9.042179332699003E-002
  3.631320491967030E-002  3.784284987582113E-002 -5.159810223961811E-002
  9.691755813434197E-004  1.238686393324726E-002 -2.779318036771954E-002
 -7.758600118474296E-003 -3.381059726609927E-003 -1.351004310254534E-002
  0.000000000000000E+000  0.000000000000000E+000  0.000000000000000E+000
  0.000000000000000E+000  0.000000000000000E+000  0.000000000000000E+000
  0.000000000000000E+000  0.000000000000000E+000  0.000000000000000E+000
  0.000000000000000E+000  0.000000000000000E+000  0.000000000000000E+000
  4.005948949965294E-003 -6.164772187225821E-003 -1.265095518669513E-002
  8.150975537086564E-003  3.760000365138130E-002 -3.141287251834966E-002
  1.353950620486323E-002  8.392466510834083E-002 -5.813471802385090E-002
  2.329400669697653E-002  0.133753988084879      -9.285487530911615E-002
  3.966555864846934E-002  0.152561110891299      -0.115414980056468     
  4.496781190637104E-002  0.111913365509675      -0.103928601412690     
  4.511808421610312E-002  7.866312634581490E-002 -8.948378387513543E-002
  7.421446417735875E-002  9.547111167033567E-002 -0.104040001119585     
  0.111794745161085       0.110928424376060      -0.115166022970293     
  0.103531292715675       8.724829596363520E-002 -9.243355126839060E-002
  6.545296690912385E-002  5.397471570399076E-002 -5.775755167090742E-002
  2.846268139760063E-002  2.618271182319156E-002 -3.120854648767193E-002
 -7.380877344522235E-003  5.020529703314584E-004 -1.256261453881282E-002
  0.000000000000000E+000  0.000000000000000E+000  0.000000000000000E+000
  0.000000000000000E+000  0.000000000000000E+000  0.000000000000000E+000
  0.000000000000000E+000  0.000000000000000E+000  0.000000000000000E+000
  0.000000000000000E+000  0.000000000000000E+000  0.000000000000000E+000
  5.074334326836742E-003 -5.475455082717793E-003 -9.597931897098949E-003
  1.048008326092651E-002  4.593193555386962E-002 -2.972969823541695E-002
  1.075987408383551E-002  6.310521641626998E-002 -4.676208517568526E-002
  1.636793387614651E-002  7.877387028327307E-002 -6.300698171877769E-002
  2.023773468679820E-002  7.396875918258738E-002 -7.035101872842126E-002
  1.288931341451494E-002  2.819493175485867E-002 -4.532674486224942E-002
  8.659931762552608E-004  1.684562289785291E-003 -2.631677112358050E-002
  1.854131266763387E-002  2.624100656674514E-002 -4.598107472167687E-002
  5.438091579287146E-002  5.525678964935259E-002 -7.064312449744430E-002
  5.958577957417589E-002  5.370973910356135E-002 -6.259031881839923E-002
  4.847116483948417E-002  4.078635700121392E-002 -4.615685079569403E-002
  3.442380436573517E-002  3.229818489523528E-002 -2.948626550680159E-002
 -7.341922772757813E-003  1.710329670390316E-003 -9.442754430122035E-003
  0.000000000000000E+000  0.000000000000000E+000  0.000000000000000E+000
  0.000000000000000E+000  0.000000000000000E+000  0.000000000000000E+000
  0.000000000000000E+000  0.000000000000000E+000  0.000000000000000E+000
  0.000000000000000E+000  0.000000000000000E+000  0.000000000000000E+000
  6.761226996305447E-003 -5.236654202608353E-003 -7.900903523893717E-003
  8.862696109821017E-003  3.691002580735241E-002 -2.309357206198826E-002
  9.384616210819652E-003  1.933297236569166E-002 -2.295476739763272E-002
  9.686202566245970E-003  1.023124157166943E-002 -1.915010313158354E-002
  5.980605146143616E-003  3.990564066760478E-003 -1.984590576911271E-002
 -3.293068326133125E-003 -1.679813639139927E-002 -5.807814796211372E-003
 -1.458363062224763E-002 -2.535756191401460E-002  3.955750400778179E-003
 -1.213665761614825E-002 -1.050718932411716E-002 -6.479573312094618E-003
  1.678785607741094E-003  8.248206149319960E-003 -2.079883521737655E-002
  4.259617640545712E-003  1.386539396669617E-002 -1.911040622098010E-002
  1.126997039898085E-002  1.762918624588982E-002 -2.229370802300357E-002
  2.739027811301394E-002  2.615331054516833E-002 -2.281490261279948E-002
 -7.970680819040250E-003  3.375280205387375E-003 -7.718536741894601E-003
  0.000000000000000E+000  0.000000000000000E+000  0.000000000000000E+000
  0.000000000000000E+000  0.000000000000000E+000  0.000000000000000E+000
  0.000000000000000E+000  0.000000000000000E+000  0.000000000000000E+000
  0.000000000000000E+000  0.000000000000000E+000  0.000000000000000E+000
  4.197590965025050E-003 -4.182223206337447E-003 -3.488913566513525E-003
  8.141893540261798E-003  2.124564441962550E-002 -1.580445505864237E-002
  6.646206104672286E-003 -1.256822601303166E-002  2.484971952295490E-004
  7.072571781692035E-003 -2.462364800874469E-002  1.159828860251019E-002
  3.291909483503810E-003 -1.051027712756713E-002 -4.228244013689856E-003
  3.646208060277785E-003  5.137546107095372E-003 -2.770452166375854E-002
  5.714003398577464E-003  9.547524047805928E-003 -3.790675707160653E-002
  2.867887978315322E-003  5.725663387070987E-003 -2.751072939627724E-002
 -9.643692045435959E-003 -1.629590846675723E-003 -5.114836277667098E-003
 -2.404666272010386E-002 -5.657026586460816E-003  1.114403289831483E-002
 -1.457707965171318E-002 -5.742537070196192E-004  7.531908028051685E-004
  1.420530732784329E-002  1.762902637609182E-002 -1.564770491956239E-002
 -5.654334864833927E-003  1.656510812980763E-003 -3.138211181096301E-003
  0.000000000000000E+000  0.000000000000000E+000  0.000000000000000E+000
  0.000000000000000E+000  0.000000000000000E+000  0.000000000000000E+000
  0.000000000000000E+000  0.000000000000000E+000  0.000000000000000E+000
  0.000000000000000E+000  0.000000000000000E+000  0.000000000000000E+000
  2.806567094072167E-003 -3.634819964304465E-003 -2.896062993731352E-003
  4.745592740917131E-003  9.042144636270079E-003 -6.851717445133265E-003
  2.512793073212539E-003 -1.941747540078418E-002  9.738663277306927E-003
  4.542097095603462E-003 -2.020824451300083E-002  1.449149644374584E-002
  2.423495641426448E-003  5.657036199706069E-003 -1.899853672193083E-002
  9.384373889361322E-003  3.424451089505875E-002 -7.250103022046558E-002
  2.170659306707347E-002  3.711502808232409E-002 -9.381576303877869E-002
  2.478131218622944E-002  2.476237081057396E-002 -7.150817100633375E-002
  3.981122484195283E-003  5.130956824089989E-003 -1.903792755117980E-002
 -1.898796458339323E-002 -5.764621724440137E-003  1.391242684844625E-002
 -1.809657737362502E-002 -7.419689007760864E-003  1.000317840605975E-002
  5.406493559967027E-003  8.545464724165052E-003 -6.932333985482019E-003
 -4.459357571627859E-003  7.771529166526335E-004 -2.410799382562130E-003
  0.000000000000000E+000  0.000000000000000E+000  0.000000000000000E+000
  0.000000000000000E+000  0.000000000000000E+000  0.000000000000000E+000
  0.000000000000000E+000  0.000000000000000E+000  0.000000000000000E+000
  0.000000000000000E+000  0.000000000000000E+000  0.000000000000000E+000
  2.275222827679577E-004 -1.876662047984591E-003 -2.453862778117238E-003
  2.354138475438362E-003  9.891476299302721E-004 -1.045881542402664E-004
 -1.180986425120354E-003 -6.637530944835426E-003  3.005642995519836E-003
  2.183597059509430E-003 -5.328291543799622E-003  1.573620437055587E-003
  4.199793064194656E-003  6.013796531690140E-003 -1.586945823150478E-002
  8.628014618842206E-003  1.895141289195570E-002 -4.305651720693910E-002
  1.188255337147023E-002  2.029275279745599E-002 -5.206486780000407E-002
  1.200066632006013E-002  1.675958551325703E-002 -4.259204445993354E-002
  3.062299546760657E-003  6.514513679012085E-003 -1.548206157559544E-002
 -5.422661193295071E-003 -6.186324451620164E-004  1.497903760427725E-003
 -5.109435001307908E-003 -4.266574068843713E-003  2.995672633657239E-003
 -2.966872709262289E-004  2.563898833176947E-003  1.495316119223965E-005
 -1.764581187049492E-003 -7.511826424017703E-004 -2.485203925010333E-003
  0.000000000000000E+000  0.000000000000000E+000  0.000000000000000E+000
  0.000000000000000E+000  0.000000000000000E+000  0.000000000000000E+000
  0.000000000000000E+000  0.000000000000000E+000  0.000000000000000E+000
  0.000000000000000E+000  0.000000000000000E+000  0.000000000000000E+000
  0.000000000000000E+000  0.000000000000000E+000  0.000000000000000E+000
  0.000000000000000E+000  0.000000000000000E+000  0.000000000000000E+000
  0.000000000000000E+000  0.000000000000000E+000  0.000000000000000E+000
  0.000000000000000E+000  0.000000000000000E+000  0.000000000000000E+000
  0.000000000000000E+000  0.000000000000000E+000  0.000000000000000E+000
  0.000000000000000E+000  0.000000000000000E+000  0.000000000000000E+000
  0.000000000000000E+000  0.000000000000000E+000  0.000000000000000E+000
  0.000000000000000E+000  0.000000000000000E+000  0.000000000000000E+000
  0.000000000000000E+000  0.000000000000000E+000  0.000000000000000E+000
  0.000000000000000E+000  0.000000000000000E+000  0.000000000000000E+000
  0.000000000000000E+000  0.000000000000000E+000  0.000000000000000E+000
  0.000000000000000E+000  0.000000000000000E+000  0.000000000000000E+000
  0.000000000000000E+000  0.000000000000000E+000  0.000000000000000E+000
  0.000000000000000E+000  0.000000000000000E+000  0.000000000000000E+000
  0.000000000000000E+000  0.000000000000000E+000  0.000000000000000E+000
  0.000000000000000E+000  0.000000000000000E+000  0.000000000000000E+000
  0.000000000000000E+000  0.000000000000000E+000  0.000000000000000E+000
  0.000000000000000E+000  0.000000000000000E+000  0.000000000000000E+000
  0.000000000000000E+000  0.000000000000000E+000  0.000000000000000E+000
  0.000000000000000E+000  0.000000000000000E+000  0.000000000000000E+000
  0.000000000000000E+000  0.000000000000000E+000  0.000000000000000E+000
  0.000000000000000E+000  0.000000000000000E+000  0.000000000000000E+000
  0.000000000000000E+000  0.000000000000000E+000  0.000000000000000E+000
  0.000000000000000E+000  0.000000000000000E+000  0.000000000000000E+000
  0.000000000000000E+000  0.000000000000000E+000  0.000000000000000E+000
  0.000000000000000E+000  0.000000000000000E+000  0.000000000000000E+000
  0.000000000000000E+000  0.000000000000000E+000  0.000000000000000E+000
  0.000000000000000E+000  0.000000000000000E+000  0.000000000000000E+000
  0.000000000000000E+000  0.000000000000000E+000  0.000000000000000E+000
  0.000000000000000E+000  0.000000000000000E+000  0.000000000000000E+000
  0.000000000000000E+000  0.000000000000000E+000  0.000000000000000E+000
  0.000000000000000E+000  0.000000000000000E+000  0.000000000000000E+000
  0.000000000000000E+000  0.000000000000000E+000  0.000000000000000E+000
  0.000000000000000E+000  0.000000000000000E+000  0.000000000000000E+000
   30.6193868924392        129.941290972823       -50.5999386811228     
   35.4356519108184        500.145751056370       -199.049891789370     
   109.394122043752        1192.34246035633       -490.705836632432     
   240.721642886959        1446.81468380874       -640.100913089655     
   260.513083123577        1008.78139337636       -546.852293365775     
   137.062453787816        396.435517230147       -355.000616540288     
   78.2286826575565        133.663181330748       -271.738145809096     
   279.763736459262        320.789494683082       -355.771338135563     
   753.218921809523        738.598064684048       -549.093240490252     
   1137.48898375503        935.874752305565       -640.213112600492     
   970.261725506254        686.353689115001       -485.945283282683     
   402.804391443895        274.820565376738       -193.079155458262     
   92.5204020515512        88.2325360500013       -48.7228559394944     
  0.000000000000000E+000  0.000000000000000E+000  0.000000000000000E+000
  0.000000000000000E+000  0.000000000000000E+000  0.000000000000000E+000
  0.000000000000000E+000  0.000000000000000E+000  0.000000000000000E+000
  0.000000000000000E+000  0.000000000000000E+000  0.000000000000000E+000
   28.6916823974815        114.041557178209       -42.3408669432030     
   47.7983858626117        431.555519850277       -164.324271072207     
   95.8364687467671        980.286387209171       -401.756688198552     
   190.409181772278        1179.63240242301       -540.473301986833     
   205.967181879586        813.877049857498       -480.720480203232     
   116.025581523188        324.857537755941       -324.357604417758     
   72.4004389140158        123.298224583879       -255.783559965713     
   228.030177438949        266.268924977086       -324.986402676348     
   610.048238919454        592.080602410281       -482.406365138020     
   929.875790994313        757.411772089467       -539.952747851630     
   793.763109506691        568.976907326227       -397.204430320528     
   339.141097349682        252.017534194695       -159.157512732093     
   80.4000632176218        79.0181239088672       -40.7838295008240     
  0.000000000000000E+000  0.000000000000000E+000  0.000000000000000E+000
  0.000000000000000E+000  0.000000000000000E+000  0.000000000000000E+000
  0.000000000000000E+000  0.000000000000000E+000  0.000000000000000E+000
  0.000000000000000E+000  0.000000000000000E+000  0.000000000000000E+000
   35.6252719102938        86.0234479930855       -33.3933201773308     
   60.5814808829273        295.953441796084       -98.7664969712550     
   75.4317932451055        596.684849567469       -251.314741686887     
   107.247056066733        691.704781080945       -363.462012407178     
   102.209448657237        422.984781539212       -341.375987477037     
   48.6992987234060        140.813094456038       -252.341637021737     
   28.9636187792309        47.9065832044083       -217.195758193544     
   101.816668193689        115.142592413313       -252.861206853492     
   321.095290073987        304.159653529671       -342.246724994556     
   546.653383422927        439.388670981947       -362.018427884319     
   473.023312377103        360.154799349500       -247.226053515932     
   218.581808534427        196.787904603394       -95.0727291749377     
   54.0770983382070        71.6048354753385       -32.3009966763184     
  0.000000000000000E+000  0.000000000000000E+000  0.000000000000000E+000
  0.000000000000000E+000  0.000000000000000E+000  0.000000000000000E+000
  0.000000000000000E+000  0.000000000000000E+000  0.000000000000000E+000
  0.000000000000000E+000  0.000000000000000E+000  0.000000000000000E+000
   43.2238379417329        42.3141777208555       -18.5961282302799     
   60.2475552989088        150.051760746440       -36.3548430507603     
   52.9444705291107        191.617596774549       -105.699191909713     
   30.4983931575194        126.416547804905       -158.956890298639     
  -11.2726628639997       -18.9350425544380       -163.598714248337     
  -45.7126460114300       -92.6998310081086       -150.806975413443     
  -58.7151641978344       -103.349907139688       -151.050649862056     
  -54.0139503271775       -84.0682890145911       -151.265402266993     
  -7.61601490998908       -17.6666594928635       -163.396220988197     
   93.8536971803911        88.7986353090746       -156.981251673125     
   136.367816420067        139.760876613656       -102.889602072512     
   96.5722873816828        125.292788997645       -34.3776317290265     
   14.1630238951861        57.1762732554560       -18.1243923988727     
  0.000000000000000E+000  0.000000000000000E+000  0.000000000000000E+000
  0.000000000000000E+000  0.000000000000000E+000  0.000000000000000E+000
  0.000000000000000E+000  0.000000000000000E+000  0.000000000000000E+000
  0.000000000000000E+000  0.000000000000000E+000  0.000000000000000E+000
   31.9519281085107        3.50920278495080      -0.121853260100362     
   49.3709072815971        89.8145523370457       -13.5655151649548     
   41.8606242910625        28.6496796617861       -50.2042920329379     
   1.07777790302598       -53.3473047722187       -89.8176147317053     
  -27.0913246664367       -71.6058780620336       -140.876967056929     
  -47.2824679317882       -92.5947051650676       -156.598455882818     
  -72.3889355914343       -126.084794943658       -139.660592629394     
  -57.2181983984091       -89.0387050752543       -154.559341448477     
  -47.5504953704205       -59.2944732271775       -139.757708404919     
  -46.2354712273149       -25.8291548702826       -88.6190597567796     
   2.51672648362641        49.4635179935109       -48.3988728035719     
   51.7814602458788        86.8188656158955       -12.4861596771015     
  -12.7756998543293        28.6979148304805      -8.334724774800532E-002
  0.000000000000000E+000  0.000000000000000E+000  0.000000000000000E+000
  0.000000000000000E+000  0.000000000000000E+000  0.000000000000000E+000
  0.000000000000000E+000  0.000000000000000E+000  0.000000000000000E+000
  0.000000000000000E+000  0.000000000000000E+000  0.000000000000000E+000
   21.0321583824187       -19.5238805857334        8.39882082059960     
   52.9978644550151        97.7510099988414       -21.1260154812923     
   24.3899850793613        5.97510506139510       -47.6217067660013     
   8.33279793248738        2.73600141772624       -123.629185200008     
   10.3716675862312        97.8910444694945       -254.465790450918     
   42.3442771942971        130.366271838805       -319.576319114126     
   51.6312014263752        89.7571748564345       -298.098316078881     
   86.7100225284689        96.4054194867801       -313.431095842106     
   79.0092566577418        57.3349912981058       -252.785997200045     
  0.102760839292304        9.43933531667035       -123.653394332493     
  -9.09811610360022        23.0169842689693       -45.8841166946384     
   56.6175426381851        93.4073211592984       -20.0218723672965     
  -26.9114189026887        8.37035811854702        8.18083070915923     
  0.000000000000000E+000  0.000000000000000E+000  0.000000000000000E+000
  0.000000000000000E+000  0.000000000000000E+000  0.000000000000000E+000
  0.000000000000000E+000  0.000000000000000E+000  0.000000000000000E+000
  0.000000000000000E+000  0.000000000000000E+000  0.000000000000000E+000
   35.1144247892996       -12.6820519868688        3.83099266501999     
   31.2571393394276        91.2419595990524       -26.6732349730589     
   26.0263279725919       -2.46257908313732       -49.9804691131144     
   17.4702186196222        56.3532083226694       -163.992435707939     
   51.3903430834507        225.963903376629       -369.461024523210     
   123.486358419603        324.345789796057       -511.630751028068     
   193.772925127781        336.799217007266       -550.431793713343     
   214.196314109690        264.767080063943       -504.877623314892     
   169.668675696482        157.534813076997       -368.462238255431     
   43.7773164399175        45.5033853875784       -165.865267398859     
  -17.6455122708561        20.0550612758883       -47.9948684230867     
   60.5309744181589        71.0664765274472       -25.4087837861347     
  -27.5924245439026        23.7866378793965        3.70161500879869     
  0.000000000000000E+000  0.000000000000000E+000  0.000000000000000E+000
  0.000000000000000E+000  0.000000000000000E+000  0.000000000000000E+000
  0.000000000000000E+000  0.000000000000000E+000  0.000000000000000E+000
  0.000000000000000E+000  0.000000000000000E+000  0.000000000000000E+000
   21.8502782901934       -13.6434157014044        8.24956892341825     
   28.7085011491948        69.5719371169769       -30.1985930589958     
   29.4497123142483       -31.7307266016652       -32.8147971281152     
   36.1955627370947        117.506138744111       -205.306835648771     
   86.4815352710253        314.839780307366       -468.809172277716     
   161.729350195017        396.919560814385       -628.095907916467     
   254.919740601913        442.562698293790       -728.662511171586     
   259.477369805287        336.399387582848       -622.973441877909     
   229.019429693214        232.643010927681       -468.321280177470     
   89.5549634308915        93.6546873506368       -209.885298060041     
  -42.8915799326696        9.48836608518219       -31.8921885999846     
   43.1270087253690        57.8363762522658       -28.6833094162739     
  -22.2520390478045        12.0091499469993        7.67991341208379     
  0.000000000000000E+000  0.000000000000000E+000  0.000000000000000E+000
  0.000000000000000E+000  0.000000000000000E+000  0.000000000000000E+000
  0.000000000000000E+000  0.000000000000000E+000  0.000000000000000E+000
  0.000000000000000E+000  0.000000000000000E+000  0.000000000000000E+000
   12.1879193374951       -12.0935919077437        5.20047800970542     
   21.7063595227325        37.5063730247893       -20.8380125691396     
   24.0020842895280       -28.1612217027564       -17.6420101018531     
   38.7503923512008        172.748429120555       -238.851999243481     
   78.7302333248092        302.719802565356       -481.687295459646     
   130.822361809718        313.323552908820       -562.420517827514     
   198.955855101073        344.475294030642       -669.587890355725     
   203.299028285230        268.221984223926       -557.470574425797     
   221.100791599839        219.137389110314       -480.092358224025     
   135.248292262086        122.930615012430       -243.956400885898     
  -34.9653252008878        7.96975187981659       -18.6350997764453     
   20.1542452223086        36.2090949326537       -19.6467332616281     
  -16.3862167664863        4.46365876023034        4.59776286453998     
  0.000000000000000E+000  0.000000000000000E+000  0.000000000000000E+000
  0.000000000000000E+000  0.000000000000000E+000  0.000000000000000E+000
  0.000000000000000E+000  0.000000000000000E+000  0.000000000000000E+000
  0.000000000000000E+000  0.000000000000000E+000  0.000000000000000E+000
   2.83312714272976       -3.35799701565142        4.64691994564395     
   12.6804590097903        2.14878571555483       -5.35651014235424     
   20.3365773194264       -9.66129604815377       -13.7397082132399     
   57.3018016579951        76.0496949088217       -117.584853465063     
   67.6341322894450        111.577067019631       -189.437847225019     
   76.9761848129290        115.756316759803       -199.104860255882     
   80.5750043018770        139.052964502762       -249.909306535050     
   60.7197554286588        124.613547824177       -197.436622675293     
   61.7384461890225        113.923180972566       -187.749773095890     
   38.8201988665506        88.5786902523825       -118.889083543099     
  -17.7683095685838        13.7736335879082       -14.3000724422345     
  -4.66936685271817        11.7451626184096       -5.29767327616848     
  -4.30576763094061       0.760055212787581        4.67649134491241     
  0.000000000000000E+000  0.000000000000000E+000  0.000000000000000E+000
  0.000000000000000E+000  0.000000000000000E+000  0.000000000000000E+000
  0.000000000000000E+000  0.000000000000000E+000  0.000000000000000E+000
  0.000000000000000E+000  0.000000000000000E+000  0.000000000000000E+000
  0.000000000000000E+000  0.000000000000000E+000  0.000000000000000E+000
  0.000000000000000E+000  0.000000000000000E+000  0.000000000000000E+000
  0.000000000000000E+000  0.000000000000000E+000  0.000000000000000E+000
  0.000000000000000E+000  0.000000000000000E+000  0.000000000000000E+000
  0.000000000000000E+000  0.000000000000000E+000  0.000000000000000E+000
  0.000000000000000E+000  0.000000000000000E+000  0.000000000000000E+000
  0.000000000000000E+000  0.000000000000000E+000  0.000000000000000E+000
  0.000000000000000E+000  0.000000000000000E+000  0.000000000000000E+000
  0.000000000000000E+000  0.000000000000000E+000  0.000000000000000E+000
  0.000000000000000E+000  0.000000000000000E+000  0.000000000000000E+000
  0.000000000000000E+000  0.000000000000000E+000  0.000000000000000E+000
  0.000000000000000E+000  0.000000000000000E+000  0.000000000000000E+000
  0.000000000000000E+000  0.000000000000000E+000  0.000000000000000E+000
  0.000000000000000E+000  0.000000000000000E+000  0.000000000000000E+000
  0.000000000000000E+000  0.000000000000000E+000  0.000000000000000E+000
  0.000000000000000E+000  0.000000000000000E+000  0.000000000000000E+000
  0.000000000000000E+000  0.000000000000000E+000  0.000000000000000E+000
  0.000000000000000E+000  0.000000000000000E+000  0.000000000000000E+000
  0.000000000000000E+000  0.000000000000000E+000  0.000000000000000E+000
  0.000000000000000E+000  0.000000000000000E+000  0.000000000000000E+000
  0.000000000000000E+000  0.000000000000000E+000  0.000000000000000E+000
  0.000000000000000E+000  0.000000000000000E+000  0.000000000000000E+000
  0.000000000000000E+000  0.000000000000000E+000  0.000000000000000E+000
  0.000000000000000E+000  0.000000000000000E+000  0.000000000000000E+000
  0.000000000000000E+000  0.000000000000000E+000  0.000000000000000E+000
  0.000000000000000E+000  0.000000000000000E+000  0.000000000000000E+000
  0.000000000000000E+000  0.000000000000000E+000  0.000000000000000E+000
  0.000000000000000E+000  0.000000000000000E+000  0.000000000000000E+000
  0.000000000000000E+000  0.000000000000000E+000  0.000000000000000E+000
  0.000000000000000E+000  0.000000000000000E+000  0.000000000000000E+000
  0.000000000000000E+000  0.000000000000000E+000  0.000000000000000E+000
  0.000000000000000E+000  0.000000000000000E+000  0.000000000000000E+000
