         140  1.399999999999997E-002  1.399999999999997E-002
  0.000000000000000E+000  0.000000000000000E+000  0.000000000000000E+000
  0.000000000000000E+000  0.000000000000000E+000  0.000000000000000E+000
  3.545549149418041E-002  8.407404522898532E-002 -7.156041266788951E-002
  4.286433462529463E-002  0.136307332560941      -0.123389420414851     
  6.148001269250766E-002  0.192542171243399      -0.183665390161157     
  7.388758370148428E-002  0.222679389007547      -0.220526702116196     
  8.742630581179335E-002  0.226775539375998      -0.247296015987059     
  0.102319786085332       0.217885424826206      -0.259447618041500     
  0.120231265144069       0.208347097564060      -0.264288481399529     
  0.137394200923881       0.197505917385072      -0.259467487958037     
  0.152479508986576       0.188997805481001      -0.247379796942543     
  0.155671911288934       0.175125957395672      -0.220637404571171     
  0.135806584171875       0.149259212159689      -0.183966741439431     
  9.663780524957787E-002  0.104756642819899      -0.123809957343302     
  5.475779549045846E-002  7.210857700084022E-002 -7.275840037213163E-002
  0.000000000000000E+000  0.000000000000000E+000  0.000000000000000E+000
  0.000000000000000E+000  0.000000000000000E+000  0.000000000000000E+000
  0.000000000000000E+000  0.000000000000000E+000  0.000000000000000E+000
  0.000000000000000E+000  0.000000000000000E+000  0.000000000000000E+000
  2.952634922508734E-002  8.002152953689003E-002 -6.298235584083775E-002
  3.950948944058515E-002  0.137071901370156      -0.120479241662286     
  5.439182550613349E-002  0.189074103512886      -0.175742967017789     
  6.803052095862278E-002  0.215208726751793      -0.216411581045744     
  8.159952052545458E-002  0.216937366596918      -0.241928116195006     
  9.650510340840665E-002  0.206627499402278      -0.255332102977439     
  0.113382297142622       0.196489382931240      -0.259374176997774     
  0.130557404450599       0.186889764516560      -0.255387904764052     
  0.146907174006051       0.179066848162252      -0.242017856595887     
  0.152153167729591       0.166392435473913      -0.216572447317972     
  0.136379807637798       0.141381857023745      -0.175999327290745     
  9.888588555652919E-002  0.102328569283099      -0.121000754445742     
  5.427380440866093E-002  6.480852704641611E-002 -6.407077300126802E-002
  0.000000000000000E+000  0.000000000000000E+000  0.000000000000000E+000
  0.000000000000000E+000  0.000000000000000E+000  0.000000000000000E+000
  0.000000000000000E+000  0.000000000000000E+000  0.000000000000000E+000
  0.000000000000000E+000  0.000000000000000E+000  0.000000000000000E+000
  2.570568921395127E-002  7.178227043547401E-002 -5.225252857433183E-002
  3.215474510322782E-002  0.139667579100936      -0.112099041089790     
  4.514694705080368E-002  0.182667424204278      -0.164332848667416     
  5.743426181431266E-002  0.202824959469977      -0.205137237356873     
  7.098068447813329E-002  0.198959874151586      -0.230989393236173     
  8.453845834109605E-002  0.185372732422002      -0.243943917794645     
  0.100418320131966       0.174079310653637      -0.248424587058240     
  0.118161594825774       0.165960782237030      -0.244045412799990     
  0.136667311169398       0.160997483602714      -0.231152238182398     
  0.146800173424157       0.151111343967080      -0.205324548834503     
  0.135448936040147       0.130288063244243      -0.164631039787427     
  0.104741360950337       9.721804329233480E-002 -0.112624386135588     
  4.906590433091608E-002  5.724069223189255E-002 -5.322716997461099E-002
  0.000000000000000E+000  0.000000000000000E+000  0.000000000000000E+000
  0.000000000000000E+000  0.000000000000000E+000  0.000000000000000E+000
  0.000000000000000E+000  0.000000000000000E+000  0.000000000000000E+000
  0.000000000000000E+000  0.000000000000000E+000  0.000000000000000E+000
  2.611949365469540E-002  5.703081678221595E-002 -4.260525353920890E-002
  2.556614852834925E-002  0.134545446542918      -0.100673349024484     
  3.658512157136379E-002  0.172552388660357      -0.149693220797990     
  4.641866673312661E-002  0.187255332941300      -0.189565022682212     
  5.832604017794897E-002  0.177906059920635      -0.213774302932083     
  7.032075314395088E-002  0.160342551495268      -0.225438085510549     
  8.501762056830897E-002  0.147404953321651      -0.229013535506035     
  0.103591700594788       0.141254956239795      -0.225626502411469     
  0.124854615487788       0.139644831653265      -0.214056377996990     
  0.138884710843172       0.133983640413939      -0.189868723579218     
  0.131101423295957       0.118036046362996      -0.150124607017921     
  0.103691127050979       8.913152400670213E-002 -0.101061687574176     
  3.605568201222020E-002  5.000496244715273E-002 -4.376518455094298E-002
  0.000000000000000E+000  0.000000000000000E+000  0.000000000000000E+000
  0.000000000000000E+000  0.000000000000000E+000  0.000000000000000E+000
  0.000000000000000E+000  0.000000000000000E+000  0.000000000000000E+000
  0.000000000000000E+000  0.000000000000000E+000  0.000000000000000E+000
  2.656476365125705E-002  3.531121708027651E-002 -3.351557953594633E-002
  2.154664237426194E-002  0.123710416035010      -8.921379017971023E-002
  3.070145324300145E-002  0.161370687005372      -0.136675749114420     
  3.830280789125000E-002  0.173158509962099      -0.175368437535929     
  4.824619952581553E-002  0.160838961594465      -0.197747403810466     
  5.949021384463067E-002  0.141452676623819      -0.207529365705249     
  7.357989506420709E-002  0.127650975465914      -0.210468096910475     
  9.274457473337352E-002  0.122516886635062      -0.207825101637482     
  0.115126610403954       0.122500495534335      -0.198143758415939     
  0.130859775473408       0.120039768578174      -0.175853174115877     
  0.124497836072631       0.107681632713453      -0.137266177142184     
  9.667164379030857E-002  8.070102164897877E-002 -8.984951705675928E-002
  1.721398166227036E-002  3.944628272505558E-002 -3.485801791183869E-002
  0.000000000000000E+000  0.000000000000000E+000  0.000000000000000E+000
  0.000000000000000E+000  0.000000000000000E+000  0.000000000000000E+000
  0.000000000000000E+000  0.000000000000000E+000  0.000000000000000E+000
  0.000000000000000E+000  0.000000000000000E+000  0.000000000000000E+000
  2.404660986918118E-002  9.337624523835466E-003 -2.261884787581007E-002
  1.792796131761246E-002  0.113386045768835      -7.742192956226854E-002
  2.745650736585293E-002  0.148614883010939      -0.124671221354381     
  3.083847401284865E-002  0.158354036407587      -0.161543396260189     
  4.008142904348701E-002  0.144998492042330      -0.181520720816824     
  5.047577983053281E-002  0.125773742022678      -0.190092650665345     
  6.458331896397228E-002  0.111988356018773      -0.192425983247326     
  8.367907168948191E-002  0.106969270802454      -0.190485866603855     
  0.105632142704199       0.107582542311234      -0.182089975644018     
  0.121746433824633       0.106159568469281      -0.161980955394468     
  0.115060377448944       9.860560804155910E-002 -0.125792391824952     
  8.972422163078057E-002  7.315165489172734E-002 -7.775960834973797E-002
 -3.578241478334110E-003  2.427647891984935E-002 -2.539420494734021E-002
  0.000000000000000E+000  0.000000000000000E+000  0.000000000000000E+000
  0.000000000000000E+000  0.000000000000000E+000  0.000000000000000E+000
  0.000000000000000E+000  0.000000000000000E+000  0.000000000000000E+000
  0.000000000000000E+000  0.000000000000000E+000  0.000000000000000E+000
  1.306763045220077E-002 -1.055004265087059E-002 -1.157410541134317E-002
  2.004474141458941E-002  0.104026497322296      -6.639572754228229E-002
  2.203567725842851E-002  0.130749004393946      -0.112302502075391     
  2.367841073887077E-002  0.138663278175485      -0.143850910550537     
  3.190058371013980E-002  0.126884610280682      -0.162856364217673     
  4.160301145768622E-002  0.108949769490940      -0.170068879662894     
  5.560569114087507E-002  9.654880254683862E-002 -0.172688437922571     
  7.378657580684632E-002  9.085942475209448E-002 -0.170638376425517     
  9.382965965106994E-002  9.143454008576592E-002 -0.163322043821751     
  0.108549503526652       9.018146012237790E-002 -0.144546830749870     
  0.102437885771349       8.455782012150473E-002 -0.113074307998447     
  7.932165944481870E-002  7.058882896993673E-002 -6.729194764900827E-002
 -1.500449382997744E-002  5.432153602948809E-003 -1.473982880860237E-002
  0.000000000000000E+000  0.000000000000000E+000  0.000000000000000E+000
  0.000000000000000E+000  0.000000000000000E+000  0.000000000000000E+000
  0.000000000000000E+000  0.000000000000000E+000  0.000000000000000E+000
  0.000000000000000E+000  0.000000000000000E+000  0.000000000000000E+000
  3.763793882674171E-003 -1.477457967761227E-002  4.163606170559778E-006
  2.378379787939284E-002  8.679342535738158E-002 -5.941360718987860E-002
  1.484135172380209E-002  0.101186147427483      -8.990798370171435E-002
  1.786826373356708E-002  0.114240914805754      -0.121616976839665     
  2.382581835744530E-002  0.103114669452491      -0.136741882813046     
  3.269699269983372E-002  9.003847145369144E-002 -0.145307722328254     
  4.554894735994901E-002  7.890175005304656E-002 -0.147548979989436     
  6.177170815732341E-002  7.379065373291052E-002 -0.145733247897634     
  7.758271631084054E-002  7.239059031425117E-002 -0.137866337919659     
  8.964861747611025E-002  7.301940256003042E-002 -0.120771655443196     
  8.143646709660635E-002  6.331506189984647E-002 -9.334377685901714E-002
  6.235582359008705E-002  6.482781487948153E-002 -5.523563362928062E-002
 -1.628164157802093E-002 -5.078338568634677E-003 -9.281132110300511E-003
  0.000000000000000E+000  0.000000000000000E+000  0.000000000000000E+000
  0.000000000000000E+000  0.000000000000000E+000  0.000000000000000E+000
  0.000000000000000E+000  0.000000000000000E+000  0.000000000000000E+000
  0.000000000000000E+000  0.000000000000000E+000  0.000000000000000E+000
  1.165671116898941E-003 -7.670955277617382E-003 -2.484949839506920E-003
  2.195459555325987E-002  5.161523324424729E-002 -3.790104633648045E-002
  6.137768241764346E-003  6.612363933309186E-002 -6.049379400530328E-002
  1.200867396016502E-002  7.698059185450987E-002 -8.560957017208996E-002
  1.364201197767878E-002  6.976865545489606E-002 -9.829521355214796E-002
  2.091121786292652E-002  6.149829270038720E-002 -0.106190418974221     
  3.085702194808367E-002  5.334630932551301E-002 -0.108460158464525     
  4.292820454702531E-002  4.917767883730085E-002 -0.106773283787488     
  5.372285305768815E-002  4.685286335867797E-002 -9.877753615437090E-002
  6.036084079883941E-002  4.905307127518629E-002 -8.551445130808563E-002
  5.497512839041969E-002  3.844451294994469E-002 -6.194189392478633E-002
  3.344719946031260E-002  4.523043310730700E-002 -3.663053675016698E-002
 -8.062657649049638E-003 -3.782229526636103E-003 -5.728177814238141E-003
  0.000000000000000E+000  0.000000000000000E+000  0.000000000000000E+000
  0.000000000000000E+000  0.000000000000000E+000  0.000000000000000E+000
  0.000000000000000E+000  0.000000000000000E+000  0.000000000000000E+000
  0.000000000000000E+000  0.000000000000000E+000  0.000000000000000E+000
  5.746533183186906E-004 -4.377010932455379E-003 -4.125398597930175E-003
  1.175715340863960E-002  1.170757561809432E-002 -9.307092253286643E-003
  7.446722731507721E-003  1.887868223755786E-002 -1.767388064162152E-002
  1.096765764483720E-002  2.979009263304823E-002 -3.222613541650067E-002
  7.579205765395201E-003  2.894804393183991E-002 -3.887192635514135E-002
  1.131705583774850E-002  2.858371218166472E-002 -4.735246832590088E-002
  1.422493133442332E-002  2.448771873359645E-002 -4.799731823665140E-002
  1.918733772927263E-002  2.432871533901578E-002 -4.770703227538867E-002
  2.136937886426742E-002  2.117014865754554E-002 -3.922806002643837E-002
  1.999801446361572E-002  2.442354381978736E-002 -3.193501059609079E-002
  1.309486797200274E-002  1.590732002941389E-002 -1.827093067479523E-002
  3.927827013545569E-003  1.627803260207939E-002 -8.723175167255558E-003
 -4.100803185096550E-003 -2.201405364116196E-003 -5.627196072161819E-003
  0.000000000000000E+000  0.000000000000000E+000  0.000000000000000E+000
  0.000000000000000E+000  0.000000000000000E+000  0.000000000000000E+000
  0.000000000000000E+000  0.000000000000000E+000  0.000000000000000E+000
  0.000000000000000E+000  0.000000000000000E+000  0.000000000000000E+000
  0.000000000000000E+000  0.000000000000000E+000  0.000000000000000E+000
  0.000000000000000E+000  0.000000000000000E+000  0.000000000000000E+000
  0.000000000000000E+000  0.000000000000000E+000  0.000000000000000E+000
  0.000000000000000E+000  0.000000000000000E+000  0.000000000000000E+000
  0.000000000000000E+000  0.000000000000000E+000  0.000000000000000E+000
  0.000000000000000E+000  0.000000000000000E+000  0.000000000000000E+000
  0.000000000000000E+000  0.000000000000000E+000  0.000000000000000E+000
  0.000000000000000E+000  0.000000000000000E+000  0.000000000000000E+000
  0.000000000000000E+000  0.000000000000000E+000  0.000000000000000E+000
  0.000000000000000E+000  0.000000000000000E+000  0.000000000000000E+000
  0.000000000000000E+000  0.000000000000000E+000  0.000000000000000E+000
  0.000000000000000E+000  0.000000000000000E+000  0.000000000000000E+000
  0.000000000000000E+000  0.000000000000000E+000  0.000000000000000E+000
  0.000000000000000E+000  0.000000000000000E+000  0.000000000000000E+000
  0.000000000000000E+000  0.000000000000000E+000  0.000000000000000E+000
  0.000000000000000E+000  0.000000000000000E+000  0.000000000000000E+000
  0.000000000000000E+000  0.000000000000000E+000  0.000000000000000E+000
  0.000000000000000E+000  0.000000000000000E+000  0.000000000000000E+000
  0.000000000000000E+000  0.000000000000000E+000  0.000000000000000E+000
  0.000000000000000E+000  0.000000000000000E+000  0.000000000000000E+000
  0.000000000000000E+000  0.000000000000000E+000  0.000000000000000E+000
  0.000000000000000E+000  0.000000000000000E+000  0.000000000000000E+000
  0.000000000000000E+000  0.000000000000000E+000  0.000000000000000E+000
  0.000000000000000E+000  0.000000000000000E+000  0.000000000000000E+000
  0.000000000000000E+000  0.000000000000000E+000  0.000000000000000E+000
  0.000000000000000E+000  0.000000000000000E+000  0.000000000000000E+000
  0.000000000000000E+000  0.000000000000000E+000  0.000000000000000E+000
  0.000000000000000E+000  0.000000000000000E+000  0.000000000000000E+000
  0.000000000000000E+000  0.000000000000000E+000  0.000000000000000E+000
  0.000000000000000E+000  0.000000000000000E+000  0.000000000000000E+000
  0.000000000000000E+000  0.000000000000000E+000  0.000000000000000E+000
  0.000000000000000E+000  0.000000000000000E+000  0.000000000000000E+000
  0.000000000000000E+000  0.000000000000000E+000  0.000000000000000E+000
  0.000000000000000E+000  0.000000000000000E+000  0.000000000000000E+000
  2.588440723881037E-005  1.330807072370183E-004  2.536659201993444E-004
 -7.823334255279132E-005  1.575144155054409E-004  4.609198343201418E-004
 -1.675968262335075E-004 -3.273261948735093E-004  8.643802929184478E-004
 -4.115497581834292E-004 -2.461800875872536E-003  1.638508039313466E-003
 -4.677611269623800E-004 -1.095389650166387E-003  1.453716899407690E-003
 -3.825104025828583E-004 -8.614019765103591E-004  1.601528981332368E-003
 -4.385287018414055E-004 -8.503413535186886E-004  1.731960816009003E-003
 -4.039981794399117E-004 -6.896245411856040E-004  1.511949768342691E-003
 -7.020333348579223E-004 -9.963755311132249E-004  1.457523795990661E-003
 -1.894214507504855E-003 -1.601494867177874E-003  1.630890059978322E-003
 -1.816165875074556E-004 -3.249758838571254E-004  8.436373509885162E-004
  3.929283185703850E-005 -4.980295369178111E-005  4.734381226955631E-004
  4.976158390674051E-005  8.421932011013960E-005  2.774433607887273E-004
  0.000000000000000E+000  0.000000000000000E+000  0.000000000000000E+000
  0.000000000000000E+000  0.000000000000000E+000  0.000000000000000E+000
  0.000000000000000E+000  0.000000000000000E+000  0.000000000000000E+000
  0.000000000000000E+000  0.000000000000000E+000  0.000000000000000E+000
  4.887959646622733E-005  1.400832965054209E-004  2.159838267306752E-004
 -8.599029199664093E-005  3.578735010157297E-004  4.147556511292776E-004
 -1.571108209477966E-004 -2.042892763836200E-004  7.830763501871468E-004
 -3.360587704579528E-004 -1.900749376189825E-003  1.470485251226404E-003
 -4.901997569522877E-004 -1.400979428281441E-003  1.489257007789896E-003
 -4.554911521369442E-004 -1.127012262459375E-003  1.672424282691832E-003
 -5.003585918085622E-004 -9.418426281913922E-004  1.748874104636919E-003
 -6.349494616571130E-004 -9.404879825155688E-004  1.596267394909576E-003
 -9.376921847305080E-004 -1.159198275668835E-003  1.490786197246407E-003
 -1.451642446274527E-003 -1.257727800272685E-003  1.462476127879716E-003
 -9.138012085379711E-005 -2.599662939105458E-004  7.623943145799643E-004
  2.592831558258229E-004  5.956869978691632E-005  4.237001186783981E-004
  5.810761888551219E-005  1.131832102293925E-004  2.361516469947158E-004
  0.000000000000000E+000  0.000000000000000E+000  0.000000000000000E+000
  0.000000000000000E+000  0.000000000000000E+000  0.000000000000000E+000
  0.000000000000000E+000  0.000000000000000E+000  0.000000000000000E+000
  0.000000000000000E+000  0.000000000000000E+000  0.000000000000000E+000
  4.852549902367741E-005  1.580157131856800E-004  1.874179602174725E-004
 -1.105089381431582E-004  7.169656033339562E-004  3.136706306928783E-004
 -1.475170730713969E-004  3.940502858673786E-004  5.871471179455901E-004
 -2.397431855783270E-004 -1.036504081576636E-003  1.138956064861575E-003
 -5.360373838682797E-004 -2.105659662178970E-003  1.685508963652035E-003
 -6.214291138016496E-004 -1.689607585797080E-003  1.878714326234228E-003
 -5.951030445871722E-004 -1.084940615047201E-003  1.732323143394312E-003
 -1.133398466334647E-003 -1.451896588368060E-003  1.843425457106293E-003
 -1.513672780172596E-003 -1.538274794922053E-003  1.668114765807645E-003
 -7.648771463373686E-004 -7.481577039455820E-004  1.132208174876682E-003
  4.052257248086084E-004  3.900201465192302E-005  5.686995324827281E-004
  6.591860344977517E-004  2.526708960499581E-004  3.119191386601641E-004
  1.004079889049109E-004  1.319569128336992E-004  2.008625700740694E-004
  0.000000000000000E+000  0.000000000000000E+000  0.000000000000000E+000
  0.000000000000000E+000  0.000000000000000E+000  0.000000000000000E+000
  0.000000000000000E+000  0.000000000000000E+000  0.000000000000000E+000
  0.000000000000000E+000  0.000000000000000E+000  0.000000000000000E+000
  3.524302378432810E-005  1.299432253449393E-004  1.904623159551627E-004
 -1.721744535779237E-004  7.386418514188026E-004  2.815025686822049E-004
 -1.322016583709422E-004  7.505500786737418E-004  4.173148409179682E-004
 -1.064705345719346E-004 -7.156710783599527E-004  9.130961785126294E-004
 -3.234245437609808E-004 -1.829285642972518E-003  1.528375908123098E-003
 -3.880010138748443E-004 -1.323423503989602E-003  1.542057433473473E-003
 -8.104245322586724E-004 -1.411221022679832E-003  1.710612278918568E-003
 -1.093801757997916E-003 -1.186994696819364E-003  1.613736429395811E-003
 -1.496456421105032E-003 -1.275134829280652E-003  1.553784968720657E-003
 -5.555269173193512E-004 -4.557468801458045E-004  8.988364750810349E-004
  7.489700261930423E-004  2.603228816959653E-004  3.858668708932377E-004
  7.869662470095249E-004  2.429136965330170E-004  2.552160006627675E-004
  1.068638467641462E-004  1.212935338546748E-004  2.019416782658655E-004
  0.000000000000000E+000  0.000000000000000E+000  0.000000000000000E+000
  0.000000000000000E+000  0.000000000000000E+000  0.000000000000000E+000
  0.000000000000000E+000  0.000000000000000E+000  0.000000000000000E+000
  0.000000000000000E+000  0.000000000000000E+000  0.000000000000000E+000
 -2.601017774949561E-006  6.855415766342800E-005  2.220116792315903E-004
 -1.043417677843018E-004  2.154379278509101E-004  4.389859808420732E-004
  7.729849183618181E-005 -9.253023926332509E-004  9.577726209537212E-004
  3.572917830376147E-006 -1.201365544706731E-003  1.175251613667065E-003
  7.912271987166807E-005 -2.931287838113514E-004  6.026360468231905E-004
  6.056150991160211E-005 -3.615087702031628E-004  5.674735101545292E-004
 -7.412076515854268E-004 -1.262934892057882E-003  1.436728364140631E-003
 -4.498114297269801E-004 -2.382771483405529E-004  5.981808138849843E-004
 -3.149485778047755E-004 -8.994983304160339E-005  5.827739022242150E-004
 -9.039618606790924E-004 -5.046342037241924E-004  1.088155982260979E-003
 -7.103757272175425E-004 -3.481773457470036E-004  8.895045820921297E-004
  3.444263486643999E-004  4.476181321493646E-005  4.013698139563583E-004
  6.467636975245516E-005  6.548823069734347E-005  2.355152328457898E-004
  0.000000000000000E+000  0.000000000000000E+000  0.000000000000000E+000
  0.000000000000000E+000  0.000000000000000E+000  0.000000000000000E+000
  0.000000000000000E+000  0.000000000000000E+000  0.000000000000000E+000
  0.000000000000000E+000  0.000000000000000E+000  0.000000000000000E+000
 -9.947303380613040E-005  9.526814041057200E-005  2.315160562208493E-004
  9.408345269012540E-005 -6.543238803887536E-004  6.712987328092531E-004
  2.189128362133233E-004 -2.168588145443642E-003  1.558916852036853E-003
  8.811143441041522E-005 -9.111619843954529E-004  1.169003332241494E-003
  7.649850706056820E-005 -7.691366249418609E-004  8.477835189794069E-004
 -1.523311074871095E-004 -9.419425766028996E-004  8.543954552649535E-004
 -3.064101588954751E-004 -5.364577655178369E-004  4.296262333226985E-004
 -7.629017259607016E-004 -6.539818477421816E-004  8.193148682580998E-004
 -6.998446376745361E-004 -3.159085499502669E-004  8.144016378657601E-004
 -7.045958228286910E-004 -2.857075534062783E-004  1.085911218015101E-003
 -1.923526629702024E-003 -8.698122518489347E-004  1.538681392986728E-003
 -5.083437543642080E-004 -2.355576996862047E-004  6.242184842660324E-004
  1.172614126481319E-004 -6.612197090846226E-006  2.846814803525123E-004
  0.000000000000000E+000  0.000000000000000E+000  0.000000000000000E+000
  0.000000000000000E+000  0.000000000000000E+000  0.000000000000000E+000
  0.000000000000000E+000  0.000000000000000E+000  0.000000000000000E+000
  0.000000000000000E+000  0.000000000000000E+000  0.000000000000000E+000
 -1.261649271489844E-004  1.770064806654953E-004  1.676878998431914E-004
  1.776321797316099E-004 -1.246449246752193E-003  7.943398690639625E-004
  1.331590972315057E-004 -1.510696429573715E-003  1.475808139919207E-003
  6.263471054768347E-005 -8.387972306922414E-004  1.141869209645510E-003
 -2.371107863531195E-004 -3.055472009007170E-003  3.006827624371824E-003
 -7.865689008161383E-004 -2.564852531507070E-003  2.655709197288420E-003
 -1.042077057700017E-003 -1.848413261268955E-003  1.511396187312072E-003
 -1.747499920650434E-003 -1.961131994792681E-003  2.512492346445177E-003
 -2.572009288017596E-003 -1.807405956013916E-003  3.079432681160287E-003
 -7.418851862153294E-004 -3.364644171856674E-004  1.151725515877890E-003
 -1.497409007638223E-003 -6.681335612307521E-004  1.545869470966001E-003
 -1.088160021611578E-003 -4.824687920104963E-004  7.923866256500049E-004
  1.980383795020321E-004 -8.427927944762645E-006  2.348251860039677E-004
  0.000000000000000E+000  0.000000000000000E+000  0.000000000000000E+000
  0.000000000000000E+000  0.000000000000000E+000  0.000000000000000E+000
  0.000000000000000E+000  0.000000000000000E+000  0.000000000000000E+000
  0.000000000000000E+000  0.000000000000000E+000  0.000000000000000E+000
 -4.128211451784994E-005  1.193790859186140E-004 -7.275397224960353E-005
  3.052344130994791E-005 -1.099352313228419E-003  9.244708846672907E-004
  7.639360218030807E-007 -4.069572037410332E-004  7.934727986796883E-004
  3.133307661097963E-005 -1.129130201411581E-003  1.464994161489465E-003
 -3.023209715703385E-004 -2.651320948144084E-003  3.287739105354587E-003
 -7.341402368907431E-004 -2.122328864694129E-003  2.296007452191773E-003
 -1.650971914840342E-003 -2.908783469328954E-003  3.554640297775810E-003
 -1.384909201558619E-003 -1.704636562779978E-003  2.128717232737035E-003
 -2.178815504289627E-003 -1.652945702045977E-003  3.385598475292170E-003
 -8.900301557811602E-004 -5.114974872999331E-004  1.373354738082083E-003
 -5.344789285227567E-004 -2.234089293160007E-004  9.939546937988526E-004
 -9.471689232806459E-004 -5.473404842963890E-004  7.972325955819344E-004
  1.721280586764217E-004  4.514013195331589E-005  1.527053984448552E-004
  0.000000000000000E+000  0.000000000000000E+000  0.000000000000000E+000
  0.000000000000000E+000  0.000000000000000E+000  0.000000000000000E+000
  0.000000000000000E+000  0.000000000000000E+000  0.000000000000000E+000
  0.000000000000000E+000  0.000000000000000E+000  0.000000000000000E+000
 -3.167080658567442E-006  5.836905867041232E-005  5.011182203723395E-005
 -1.438790797204158E-004 -5.398599456873653E-004  5.510958252907927E-004
 -3.073748983511394E-006 -4.930430741349795E-006  3.540654943585712E-004
 -2.378167674087259E-004 -3.754739792538164E-004  7.867345586814430E-004
 -4.209499137262384E-004 -2.108361728508813E-004  3.528034312302832E-004
 -5.429899208518474E-004 -3.198164347412638E-004 -6.762007240114070E-004
 -4.907518226894480E-004 -8.539803012788196E-004  1.198601702537521E-004
  6.062352117773497E-005 -6.467822965750362E-004 -8.273746846158029E-004
 -4.619777811432948E-005 -5.389835124684618E-004  5.030351512568274E-004
 -8.913325893717101E-005 -3.704003492274448E-004  6.569764866478884E-004
 -6.680150891688544E-005 -7.691611886658700E-006  4.381827579619260E-004
 -4.028651539515275E-004 -4.106650588644219E-004  5.139721321276752E-004
  7.867621263186242E-005  4.956852203177344E-005  1.177969633150436E-004
  0.000000000000000E+000  0.000000000000000E+000  0.000000000000000E+000
  0.000000000000000E+000  0.000000000000000E+000  0.000000000000000E+000
  0.000000000000000E+000  0.000000000000000E+000  0.000000000000000E+000
  0.000000000000000E+000  0.000000000000000E+000  0.000000000000000E+000
 -1.444113802719449E-007  3.717666914194904E-005  9.681787155934838E-005
 -1.163599574554995E-004 -2.384643614189299E-005  6.236420805483229E-005
 -8.235548307591149E-005  3.273604303946023E-005  1.463186584487827E-004
 -2.996316315847032E-004  1.066486225407204E-004  7.894967505165625E-005
 -3.752360291766323E-004  3.484362633938181E-004 -7.007101979744574E-004
 -4.190159584090446E-004  2.266783220521757E-005 -6.984902659553312E-004
  8.123382710130905E-005  1.549269048267118E-004 -2.162333507479118E-003
  2.713772055328904E-004 -3.306613631920021E-004 -8.738923200221932E-004
  4.282891313109547E-004 -1.991728948957419E-004 -5.522103823583924E-004
  2.705331713875484E-004 -2.125756868642845E-004  5.555634866168577E-005
  6.721483663180164E-005 -5.080596246320519E-005  1.553270067161965E-004
  3.863793712129918E-005 -1.208526755400186E-004  4.890774235705631E-005
  3.358321716246404E-005  2.914741557243988E-005  1.260136558045391E-004
  0.000000000000000E+000  0.000000000000000E+000  0.000000000000000E+000
  0.000000000000000E+000  0.000000000000000E+000  0.000000000000000E+000
  0.000000000000000E+000  0.000000000000000E+000  0.000000000000000E+000
  0.000000000000000E+000  0.000000000000000E+000  0.000000000000000E+000
  0.000000000000000E+000  0.000000000000000E+000  0.000000000000000E+000
  0.000000000000000E+000  0.000000000000000E+000  0.000000000000000E+000
  0.000000000000000E+000  0.000000000000000E+000  0.000000000000000E+000
  0.000000000000000E+000  0.000000000000000E+000  0.000000000000000E+000
  0.000000000000000E+000  0.000000000000000E+000  0.000000000000000E+000
  0.000000000000000E+000  0.000000000000000E+000  0.000000000000000E+000
  0.000000000000000E+000  0.000000000000000E+000  0.000000000000000E+000
  0.000000000000000E+000  0.000000000000000E+000  0.000000000000000E+000
  0.000000000000000E+000  0.000000000000000E+000  0.000000000000000E+000
  0.000000000000000E+000  0.000000000000000E+000  0.000000000000000E+000
  0.000000000000000E+000  0.000000000000000E+000  0.000000000000000E+000
  0.000000000000000E+000  0.000000000000000E+000  0.000000000000000E+000
  0.000000000000000E+000  0.000000000000000E+000  0.000000000000000E+000
  0.000000000000000E+000  0.000000000000000E+000  0.000000000000000E+000
  0.000000000000000E+000  0.000000000000000E+000  0.000000000000000E+000
  0.000000000000000E+000  0.000000000000000E+000  0.000000000000000E+000
  0.000000000000000E+000  0.000000000000000E+000  0.000000000000000E+000
  0.000000000000000E+000  0.000000000000000E+000  0.000000000000000E+000
  0.000000000000000E+000  0.000000000000000E+000  0.000000000000000E+000
  0.000000000000000E+000  0.000000000000000E+000  0.000000000000000E+000
  0.000000000000000E+000  0.000000000000000E+000  0.000000000000000E+000
  0.000000000000000E+000  0.000000000000000E+000  0.000000000000000E+000
  0.000000000000000E+000  0.000000000000000E+000  0.000000000000000E+000
  0.000000000000000E+000  0.000000000000000E+000  0.000000000000000E+000
  0.000000000000000E+000  0.000000000000000E+000  0.000000000000000E+000
  0.000000000000000E+000  0.000000000000000E+000  0.000000000000000E+000
  0.000000000000000E+000  0.000000000000000E+000  0.000000000000000E+000
  0.000000000000000E+000  0.000000000000000E+000  0.000000000000000E+000
  0.000000000000000E+000  0.000000000000000E+000  0.000000000000000E+000
  0.000000000000000E+000  0.000000000000000E+000  0.000000000000000E+000
  0.000000000000000E+000  0.000000000000000E+000  0.000000000000000E+000
  0.000000000000000E+000  0.000000000000000E+000  0.000000000000000E+000
  0.000000000000000E+000  0.000000000000000E+000  0.000000000000000E+000
  0.000000000000000E+000  0.000000000000000E+000  0.000000000000000E+000
  0.236518880608023       -4.46005553385118        4.26440434548073     
   6.51447053920852        5.05316263208770        13.4518850356658     
   11.7330091747304       -8.95221700237927        18.1224811218282     
   9.07637859792405       -19.5288702242367        19.6842370440799     
   7.10516246035674        3.80885817997815        11.4155257254228     
  -2.48509597570358       -12.6344778976406        20.1361458020585     
  -9.31841152346195       -14.6205335022870        24.0183463013544     
  -6.62925052664957       -3.10591057451617        17.9033794045483     
  -4.31668645659075        4.51783291245222        12.8031614339634     
  -21.8485691568828       -2.27711209544980        18.4864205486522     
  -11.3893916334798        7.15874169037310        16.5938729671089     
 -0.211718096181615        8.53746955380222        13.9705541998642     
  -2.80397761063846       -1.07144918554616        5.24745860190825     
  0.000000000000000E+000  0.000000000000000E+000  0.000000000000000E+000
  0.000000000000000E+000  0.000000000000000E+000  0.000000000000000E+000
  0.000000000000000E+000  0.000000000000000E+000  0.000000000000000E+000
  0.000000000000000E+000  0.000000000000000E+000  0.000000000000000E+000
  0.991927993128492       -4.29720358503125        3.55257841211816     
   8.13525530706072      -0.340620381236481        13.5910450164854     
   11.4629587339557       -6.70671187876997        17.9146819336916     
   9.34120247469219       -8.13051796043654        16.9235220095967     
   7.19353094509088        6.81518698205051        9.78020015594844     
   1.52029467775394       -4.10258001080727        17.0886389864570     
  -2.79756608749598       -3.33477349104748        19.9772769710368     
  -2.71545595132032        2.77193690392322        15.5753836476130     
 -0.653613061690711        7.65614583541888        10.6960725283256     
  -12.0030944819866        3.67050117331033        15.5973841197192     
  -9.12497246251531        7.95668994320903        16.4987481384337     
  -4.72673263551146        7.53214304855539        14.1792906642378     
  -3.19309840968953      -0.237327263294720        4.41131229110391     
  0.000000000000000E+000  0.000000000000000E+000  0.000000000000000E+000
  0.000000000000000E+000  0.000000000000000E+000  0.000000000000000E+000
  0.000000000000000E+000  0.000000000000000E+000  0.000000000000000E+000
  0.000000000000000E+000  0.000000000000000E+000  0.000000000000000E+000
   1.75424813798065       -4.19354459128310        3.16356299433137     
   10.2598809168933       -10.6436764135543        14.0454976925496     
   12.0402134121500       -1.19110461590109        16.3226981540520     
   10.5326740944905        13.7021402415218        9.76218660622560     
   9.21968863167099        15.6710748721602        4.92363910422870     
   8.28458614429597        12.4735284218256        8.85116638172615     
   9.07111583736371        17.1610179585348        8.90997978248627     
   5.66241456216898        14.0825579159476        8.91459537008106     
   7.29136140007841        15.3145051247058        5.27545603429886     
   7.17359272876410        16.1778074050163        8.22795821802844     
  -4.27534393458390        11.1090166463087        15.0284828999373     
  -13.0907462724340        4.80259524151432        14.5131586190006     
  -3.61029227117564       0.585521940316576        3.92866280451982     
  0.000000000000000E+000  0.000000000000000E+000  0.000000000000000E+000
  0.000000000000000E+000  0.000000000000000E+000  0.000000000000000E+000
  0.000000000000000E+000  0.000000000000000E+000  0.000000000000000E+000
  0.000000000000000E+000  0.000000000000000E+000  0.000000000000000E+000
   1.48804776786458       -2.45758900007493        2.82593947385205     
   13.2954446660219       -23.3112770680692        16.5113316866382     
   12.5205348081180       -1.72650403398526        15.3219770379062     
   11.8794457885027        23.6805484976818        3.34124006107703     
   8.29534026564351        1.90760432752571        9.58371558902744     
   8.27792661837915        10.0462753759034        8.01435364320511     
   13.7828562780827        25.0285363716112      -0.741352122083226     
   2.72622932777764        11.8346130420790        9.14468009802867     
  -2.22581910534924        9.21397395118023        8.98598034850245     
   15.2711226292852        22.1127539870270        2.29750805526342     
  -8.03122249606068        9.37514403984951        15.3431687164374     
  -26.6030854963918       0.396565292520885        17.1854693547267     
  -1.82131377170219        1.42518540031595        3.65171797743026     
  0.000000000000000E+000  0.000000000000000E+000  0.000000000000000E+000
  0.000000000000000E+000  0.000000000000000E+000  0.000000000000000E+000
  0.000000000000000E+000  0.000000000000000E+000  0.000000000000000E+000
  0.000000000000000E+000  0.000000000000000E+000  0.000000000000000E+000
  9.892062864861496E-002  8.255839755273789E-002   2.49839762463808     
   14.6070450948637       -26.2770988913191        17.3376131972093     
   13.1946946576893       -16.3031511895544        20.0953579067485     
   11.2288946283971        13.3999314933756        5.85443778367361     
   6.79314315948324       -7.84176175840244        14.6677176299373     
   4.54616810929549      -0.590901461613032        12.3083016112275     
   4.01981152878875        7.62295974730229        5.41243289115307     
  -3.02519947991280        4.25616586956618        12.4446414212758     
  -9.17423176794465        2.98712147797932        14.1684311548887     
   5.60630806046808        15.3289045335514        6.09500274466912     
  -21.6897898035522        1.78614307820922        20.8392659428236     
  -31.3441904057053      -0.983141198263820        18.6933087531979     
  0.573581987926821        1.37001978100990        3.56602250572145     
  0.000000000000000E+000  0.000000000000000E+000  0.000000000000000E+000
  0.000000000000000E+000  0.000000000000000E+000  0.000000000000000E+000
  0.000000000000000E+000  0.000000000000000E+000  0.000000000000000E+000
  0.000000000000000E+000  0.000000000000000E+000  0.000000000000000E+000
 -0.234681227471291       0.635282654193666        1.65369816959747     
   10.9266460278577       -13.0146532599937        12.9311414175422     
   11.1075331755153       -9.92911006573149        18.7115894885152     
   9.34083435713833        7.81286990964695        8.09335083081626     
   6.32978744378649        1.42282610734818        7.82894999120886     
  0.890230581797458       -9.85853358553622        16.2502392727780     
  -19.3787290256582       -33.9165874271756        40.7827469616528     
  -9.82537493593927       -5.21311372288151        17.9229008077795     
  -1.79733925573836        6.04606974883115        8.64121642440907     
   1.20332023137091        10.3726177172909        9.29561448582177     
  -12.5211395874901        3.83668186797875        18.8397297263687     
  -16.9065440648673        2.38208862791583        14.0897992746318     
  0.382724852128488       0.951756888201116        3.47868265684073     
  0.000000000000000E+000  0.000000000000000E+000  0.000000000000000E+000
  0.000000000000000E+000  0.000000000000000E+000  0.000000000000000E+000
  0.000000000000000E+000  0.000000000000000E+000  0.000000000000000E+000
  0.000000000000000E+000  0.000000000000000E+000  0.000000000000000E+000
   1.36964693352194       -1.04734977634957        1.02696969427114     
   4.47065134730079        8.14848935582824        5.85621559548115     
   7.99370299076081        1.87681640182471        12.1606834559981     
   6.65677062613303      -0.642000887307133        14.5212453540934     
   5.46608547485658        20.9872803525754       -8.88311441436274     
   5.24625522661263        11.7868103170897       -11.2134058123068     
  -16.7083025120173       -29.2343783251748        37.7039681044619     
   8.41149768976974        10.9481770020900       -11.9201614596484     
   15.7736703753726        15.0914294881262       -8.16505282593610     
  -3.98485241536300        4.38658393372097        15.4153848209790     
 -0.793347090123545        7.24282386912748        11.9420336484809     
   7.35815797816732        7.60612098235740        6.51815390858227     
  -2.33282224929642        1.12152380127450        3.17281254711626     
  0.000000000000000E+000  0.000000000000000E+000  0.000000000000000E+000
  0.000000000000000E+000  0.000000000000000E+000  0.000000000000000E+000
  0.000000000000000E+000  0.000000000000000E+000  0.000000000000000E+000
  0.000000000000000E+000  0.000000000000000E+000  0.000000000000000E+000
   1.09643492553099       -2.56781746132269       0.328646733415010     
   2.32174353328193        17.0632522461035        1.25639613780365     
   6.63770640557474       -7.61273288961660        14.6471866241261     
   5.54395612914671       -4.45405696106331        20.7553851523000     
   2.28028070469958        18.3198494406535       -9.18535622273544     
   4.63323104254918        25.8884846311375       -33.6302381760880     
  -1.59361568651084       -2.23289688075077       -2.88683889905879     
   20.2368273181738        17.4591772250849       -34.7771117013007     
   14.6676021367126        11.3725154374210       -8.62526049401439     
  -4.57908050338078        2.89682174139112        18.7089127918669     
  -11.8430810306565       0.563305783465485        17.3510195480335     
   16.0623460760940        10.4142991235712      -0.799654561667192     
  -2.28073920192892       3.966023832773430E-002   4.87994325918148     
  0.000000000000000E+000  0.000000000000000E+000  0.000000000000000E+000
  0.000000000000000E+000  0.000000000000000E+000  0.000000000000000E+000
  0.000000000000000E+000  0.000000000000000E+000  0.000000000000000E+000
  0.000000000000000E+000  0.000000000000000E+000  0.000000000000000E+000
  7.492378360529790E-002 -0.728843975606326        1.51330071425938     
   2.82969537334802        10.8741943830586       -1.38185122642040     
   4.10223898195724       -11.5734128287335        18.6513213383199     
   3.74338255717062        4.67707381180372        6.32397038316775     
   2.33920399578385       0.378018421969740        13.0405400198259     
  0.438399179990447        16.2969437111239       -23.3843657993323     
  -4.11941614030149       -5.86085676284637        10.7085004516692     
   12.5559829471563        8.38876893338298       -22.0141196548537     
  -1.81763302121393        2.72244770249903        13.7830048927914     
   4.89712346168443        6.26537676992743        2.70007630648920     
  -14.7364022695492       -3.13984600758686        21.4721589548694     
   8.17680476182725        7.25338061840394       -1.81443207791758     
 -8.336616602795106E-002  0.286550633539467        3.37795685063688     
  0.000000000000000E+000  0.000000000000000E+000  0.000000000000000E+000
  0.000000000000000E+000  0.000000000000000E+000  0.000000000000000E+000
  0.000000000000000E+000  0.000000000000000E+000  0.000000000000000E+000
  0.000000000000000E+000  0.000000000000000E+000  0.000000000000000E+000
  0.397358405290998       5.587617123473532E-002  0.254972135195092     
   1.42522465906846        2.26105827259499        2.07114630740201     
 -0.728500901087426        1.11272410065460        3.67600051661599     
  0.675000602607691        6.54795407322843       -5.15537123709765     
  0.774511569928121      -7.541561019988940E-002   11.3672525742926     
 -0.856935615423652        9.72323535891361       -15.3250974232530     
  -4.58590590594386       -6.49370890186840        28.3276690774307     
   8.29907983435290        4.53856312255733       -15.6435416050554     
 -0.854155743441765       0.870649954051561        11.7081266640745     
   6.14159099074461        4.65910358427193       -7.13532281853817     
  0.418500944581909      -0.451815030949187        4.24543552351454     
   1.41423983524895        2.04509299565726        1.84035333071966     
 -2.775203040625624E-002  0.586765380269290        1.05833404219358     
  0.000000000000000E+000  0.000000000000000E+000  0.000000000000000E+000
  0.000000000000000E+000  0.000000000000000E+000  0.000000000000000E+000
  0.000000000000000E+000  0.000000000000000E+000  0.000000000000000E+000
  0.000000000000000E+000  0.000000000000000E+000  0.000000000000000E+000
  0.000000000000000E+000  0.000000000000000E+000  0.000000000000000E+000
  0.000000000000000E+000  0.000000000000000E+000  0.000000000000000E+000
  0.000000000000000E+000  0.000000000000000E+000  0.000000000000000E+000
  0.000000000000000E+000  0.000000000000000E+000  0.000000000000000E+000
  0.000000000000000E+000  0.000000000000000E+000  0.000000000000000E+000
  0.000000000000000E+000  0.000000000000000E+000  0.000000000000000E+000
  0.000000000000000E+000  0.000000000000000E+000  0.000000000000000E+000
  0.000000000000000E+000  0.000000000000000E+000  0.000000000000000E+000
  0.000000000000000E+000  0.000000000000000E+000  0.000000000000000E+000
  0.000000000000000E+000  0.000000000000000E+000  0.000000000000000E+000
  0.000000000000000E+000  0.000000000000000E+000  0.000000000000000E+000
  0.000000000000000E+000  0.000000000000000E+000  0.000000000000000E+000
  0.000000000000000E+000  0.000000000000000E+000  0.000000000000000E+000
  0.000000000000000E+000  0.000000000000000E+000  0.000000000000000E+000
  0.000000000000000E+000  0.000000000000000E+000  0.000000000000000E+000
  0.000000000000000E+000  0.000000000000000E+000  0.000000000000000E+000
  0.000000000000000E+000  0.000000000000000E+000  0.000000000000000E+000
  0.000000000000000E+000  0.000000000000000E+000  0.000000000000000E+000
  0.000000000000000E+000  0.000000000000000E+000  0.000000000000000E+000
  0.000000000000000E+000  0.000000000000000E+000  0.000000000000000E+000
  0.000000000000000E+000  0.000000000000000E+000  0.000000000000000E+000
  0.000000000000000E+000  0.000000000000000E+000  0.000000000000000E+000
  0.000000000000000E+000  0.000000000000000E+000  0.000000000000000E+000
  0.000000000000000E+000  0.000000000000000E+000  0.000000000000000E+000
  0.000000000000000E+000  0.000000000000000E+000  0.000000000000000E+000
  0.000000000000000E+000  0.000000000000000E+000  0.000000000000000E+000
  0.000000000000000E+000  0.000000000000000E+000  0.000000000000000E+000
  0.000000000000000E+000  0.000000000000000E+000  0.000000000000000E+000
  0.000000000000000E+000  0.000000000000000E+000  0.000000000000000E+000
  0.000000000000000E+000  0.000000000000000E+000  0.000000000000000E+000
  0.000000000000000E+000  0.000000000000000E+000  0.000000000000000E+000
  0.000000000000000E+000  0.000000000000000E+000  0.000000000000000E+000
