          80  8.000000000000007E-003  8.000000000000007E-003
  0.000000000000000E+000  0.000000000000000E+000  0.000000000000000E+000
  0.000000000000000E+000  0.000000000000000E+000  0.000000000000000E+000
  3.073938023996441E-002  5.464147449493594E-002 -8.139226320438808E-002
  3.575525437307008E-002  7.504264957899089E-002 -0.143807091966014     
  5.626646349104562E-002  0.106199327599987      -0.218109597474067     
  6.512233350209100E-002  0.133502057659336      -0.264976489981875     
  7.894731348860123E-002  0.171352030276495      -0.306329520600468     
  9.253356653679358E-002  0.198671590071831      -0.347750953283686     
  0.113248409162412       0.196199934721973      -0.365510561308119     
  0.125775746594014       0.179519025406686      -0.347785624554763     
  0.108946932365044       0.154103892395768      -0.306375534795164     
  8.308584711872256E-002  0.123223228285444      -0.265020683996115     
  6.389010758264546E-002  0.101911283685413      -0.218194205007552     
  4.712126590256364E-002  6.849844741165761E-002 -0.143830053073692     
  3.197837397621890E-002  5.397210962505927E-002 -8.148035193283763E-002
  0.000000000000000E+000  0.000000000000000E+000  0.000000000000000E+000
  0.000000000000000E+000  0.000000000000000E+000  0.000000000000000E+000
  0.000000000000000E+000  0.000000000000000E+000  0.000000000000000E+000
  0.000000000000000E+000  0.000000000000000E+000  0.000000000000000E+000
  1.819159773890915E-002  6.036390794991028E-002 -6.667592716070229E-002
  3.080114408952529E-002  8.995189041168221E-002 -0.138104884277077     
  4.562410753082517E-002  0.121059121283825      -0.207240596632712     
  6.112191206194946E-002  0.155626847335033      -0.268467464107420     
  7.576942533501664E-002  0.174437352497490      -0.309648164311487     
  9.495811016699807E-002  0.198713448223634      -0.348513464902959     
  0.114480573037102       0.198319816798058      -0.363744595419077     
  0.124595486500733       0.181646006384343      -0.348562408044928     
  0.113141088795520       0.152873782006810      -0.309674498072866     
  0.104221777359781       0.130802245266612      -0.268496113813194     
  8.205757769097720E-002  0.100102621924013      -0.207289110964099     
  6.249601308213095E-002  7.164802332181421E-002 -0.138106764877486     
  4.320458016153797E-002  4.594646299912102E-002 -6.673876297167439E-002
  0.000000000000000E+000  0.000000000000000E+000  0.000000000000000E+000
  0.000000000000000E+000  0.000000000000000E+000  0.000000000000000E+000
  0.000000000000000E+000  0.000000000000000E+000  0.000000000000000E+000
  0.000000000000000E+000  0.000000000000000E+000  0.000000000000000E+000
  1.788849096323313E-002  6.072296854881328E-002 -6.517442850760462E-002
  2.633873030201305E-002  9.463045567348399E-002 -0.133663287055093     
  3.908806802505561E-002  0.146286712161095      -0.204230398646389     
  5.100502017593653E-002  0.195752241992268      -0.265776030104424     
  6.920316107216874E-002  0.212399710539689      -0.314808562144588     
  8.940140406210594E-002  0.204521779616863      -0.342222591078313     
  0.112822458664284       0.195457944231238      -0.352828878366614     
  0.132393922617411       0.179737747913488      -0.342269883180917     
  0.149280142290363       0.166148102419790      -0.314825542796872     
  0.143985207349239       0.142078358537217      -0.265804967197420     
  0.107181994036945       0.107055013116688      -0.204277542973322     
  6.878712122764179E-002  7.011856677913030E-002 -0.133652341302870     
  4.366400228316272E-002  4.586008654059411E-002 -6.523270040284607E-002
  0.000000000000000E+000  0.000000000000000E+000  0.000000000000000E+000
  0.000000000000000E+000  0.000000000000000E+000  0.000000000000000E+000
  0.000000000000000E+000  0.000000000000000E+000  0.000000000000000E+000
  0.000000000000000E+000  0.000000000000000E+000  0.000000000000000E+000
  1.123430200330530E-002  7.397470531375716E-002 -5.064103556405150E-002
  1.739451680575535E-002  0.131089534200978      -0.119528939396562     
  2.698717658447957E-002  0.184561149086576      -0.192024704402757     
  4.298008237278609E-002  0.212870697534758      -0.257475868314671     
  6.306873649131380E-002  0.218758516462298      -0.303268964060563     
  8.824525736709818E-002  0.213824607426981      -0.333837058178344     
  0.116304286976462       0.201483970573901      -0.345381042115709     
  0.141067966269580       0.183438397548719      -0.333980963446702     
  0.157876160725128       0.164045204192758      -0.303319418531817     
  0.162750284114070       0.143645964727614      -0.257435254618004     
  0.146263635184777       0.115638663087803      -0.191992843632707     
  0.104816442027866       8.058145767340667E-002 -0.119465198380264     
  5.843949798325375E-002  4.669231056301344E-002 -5.066462877857626E-002
  0.000000000000000E+000  0.000000000000000E+000  0.000000000000000E+000
  0.000000000000000E+000  0.000000000000000E+000  0.000000000000000E+000
  0.000000000000000E+000  0.000000000000000E+000  0.000000000000000E+000
  0.000000000000000E+000  0.000000000000000E+000  0.000000000000000E+000
  1.435864968442229E-002  7.238009192394752E-002 -4.922109401504217E-002
  1.544487702112879E-002  0.143118597386881      -0.115210284360499     
  2.484012360627443E-002  0.192745578366915      -0.186565222847140     
  3.993846439619721E-002  0.223296256843914      -0.249144600088310     
  6.133021913384854E-002  0.227452736798502      -0.296082845095726     
  8.759485923149855E-002  0.217634563024194      -0.323858668912304     
  0.117454277066965       0.203479020198892      -0.334848864999037     
  0.144711426242215       0.184801833866583      -0.324038486540159     
  0.166292314647843       0.166904566302804      -0.296163858842732     
  0.173314041373315       0.146237112462220      -0.249099317029299     
  0.154409041706155       0.117870326739204      -0.186487995618680     
  0.116116479479648       8.487370092531211E-002 -0.115116030843812     
  5.546983507190467E-002  4.858388792983844E-002 -4.923538290450227E-002
  0.000000000000000E+000  0.000000000000000E+000  0.000000000000000E+000
  0.000000000000000E+000  0.000000000000000E+000  0.000000000000000E+000
  0.000000000000000E+000  0.000000000000000E+000  0.000000000000000E+000
  0.000000000000000E+000  0.000000000000000E+000  0.000000000000000E+000
  1.983110739436673E-002  5.068477564519375E-002 -4.115298266027232E-002
  1.349710450301598E-002  0.144149388969065      -0.110370799125127     
  2.319679523698218E-002  0.197378417244699      -0.180525021461855     
  3.837905892880949E-002  0.225170593754631      -0.243021251729081     
  5.956061836361497E-002  0.226830205648083      -0.286456832181990     
  8.655921566626520E-002  0.217130822004485      -0.313500602368365     
  0.116566721991231       0.201937399301736      -0.323484033890868     
  0.144876714430563       0.183754331643857      -0.313814649312712     
  0.166697140056191       0.165123137375451      -0.286608352253741     
  0.175725466075353       0.145842748260892      -0.242969454459162     
  0.159251204837956       0.118778230861086      -0.180427619440383     
  0.117924960364082       8.367910258476673E-002 -0.110225892634586     
  3.391170046608365E-002  4.244809217406530E-002 -4.115568621064737E-002
  0.000000000000000E+000  0.000000000000000E+000  0.000000000000000E+000
  0.000000000000000E+000  0.000000000000000E+000  0.000000000000000E+000
  0.000000000000000E+000  0.000000000000000E+000  0.000000000000000E+000
  0.000000000000000E+000  0.000000000000000E+000  0.000000000000000E+000
  2.449099588438857E-002  2.236414743050866E-002 -3.162559086978838E-002
  1.029853993452906E-002  0.140970378333968      -0.103231066992574     
  1.951582629256907E-002  0.184484074129897      -0.170230184001810     
  3.253603213198676E-002  0.209817296928740      -0.226462053004978     
  5.416977932374646E-002  0.210658854421077      -0.267597701836890     
  7.903077860267575E-002  0.200345393604209      -0.291118834966074     
  0.107659736151017       0.186494087928061      -0.300700042012336     
  0.134177884890850       0.168923569519459      -0.291541767383932     
  0.155434171293870       0.152426664770787      -0.267845449905245     
  0.165398693898513       0.133150872242417      -0.226464101729192     
  0.149964718074581       0.109181825110233      -0.170145720782073     
  0.116792712763558       7.934077243891734E-002 -0.103058480009673     
  7.023001333287664E-003  3.227757269071736E-002 -3.161566309681247E-002
  0.000000000000000E+000  0.000000000000000E+000  0.000000000000000E+000
  0.000000000000000E+000  0.000000000000000E+000  0.000000000000000E+000
  0.000000000000000E+000  0.000000000000000E+000  0.000000000000000E+000
  0.000000000000000E+000  0.000000000000000E+000  0.000000000000000E+000
  2.219995715311224E-002  4.250014608641950E-003 -2.270108450588733E-002
  8.431692169715071E-003  0.130391914360871      -9.263120035082639E-002
  1.239283493720814E-002  0.156186912926222      -0.149324076951969     
  2.700588621412722E-002  0.181197564566458      -0.199717922831030     
  4.443888103602423E-002  0.180624923275333      -0.236773897804512     
  6.735200881564973E-002  0.172496323225545      -0.257750013914899     
  9.221046832823290E-002  0.159650690250757      -0.266247844040763     
  0.116019006286026       0.144994697368753      -0.258434721739155     
  0.134310250540292       0.129045550528095      -0.237145637072509     
  0.143422032075096       0.114097901093301      -0.199797528911252     
  0.129117951059270       8.890266917479728E-002 -0.149303959024994     
  0.108642271661565       7.249245795098974E-002 -9.246785204246900E-002
 -7.516405425777910E-003  2.121249673597877E-002 -2.269049227250844E-002
  0.000000000000000E+000  0.000000000000000E+000  0.000000000000000E+000
  0.000000000000000E+000  0.000000000000000E+000  0.000000000000000E+000
  0.000000000000000E+000  0.000000000000000E+000  0.000000000000000E+000
  0.000000000000000E+000  0.000000000000000E+000  0.000000000000000E+000
  1.956169318038938E-002  1.375678157417646E-003 -1.463768644376346E-002
 -1.832681598985796E-003  9.945672328566790E-002 -7.206460606250008E-002
  6.992198206283269E-003  0.104701841144904      -0.106015247727037     
  1.429574903908590E-002  0.128226263897598      -0.149181537754775     
  2.812010639928280E-002  0.124096543011399      -0.174512534750614     
  4.454436782185755E-002  0.118697563912718      -0.190765695427999     
  6.295868759984893E-002  0.108889576813261      -0.196925607391667     
  8.076385551561566E-002  9.819375832923194E-002 -0.191298819713930     
  9.344001901618973E-002  8.658560025790099E-002 -0.174855854285840     
  0.103896392995532       7.660017944847335E-002 -0.149324688663049     
  8.729968539771889E-002  5.849995554824162E-002 -0.106100017541098     
  8.701688968440781E-002  4.814857521142674E-002 -7.191346866556980E-002
 -8.639170418856024E-003  1.754418490997513E-002 -1.464185373682494E-002
  0.000000000000000E+000  0.000000000000000E+000  0.000000000000000E+000
  0.000000000000000E+000  0.000000000000000E+000  0.000000000000000E+000
  0.000000000000000E+000  0.000000000000000E+000  0.000000000000000E+000
  0.000000000000000E+000  0.000000000000000E+000  0.000000000000000E+000
  5.411107306710638E-003 -4.698221847456554E-003 -7.549491264948841E-003
  1.419845796059992E-002  2.799096164771709E-002 -2.110703910976430E-002
  1.164101159016858E-002  4.493992736367846E-002 -4.480968926517283E-002
  1.430664978496716E-002  6.107180312184234E-002 -7.155567123893464E-002
  1.741339867128339E-002  6.374756787544274E-002 -8.864464956198378E-002
  2.533157529952728E-002  6.282872788036736E-002 -0.102222535626384     
  3.392838195552528E-002  5.837303231479417E-002 -0.105529822682060     
  4.192559018673453E-002  5.353847881707315E-002 -0.102720931580482     
  4.644107163645848E-002  4.715597525886672E-002 -8.894832018848239E-002
  4.574846973654754E-002  4.296629604875631E-002 -7.162881649485793E-002
  3.322835872934899E-002  3.260002127784779E-002 -4.491354941872898E-002
  1.715233087125892E-002  2.627996553235000E-002 -2.107055840540769E-002
 -6.781191617540466E-003  2.299307594073121E-003 -7.548599275701262E-003
  0.000000000000000E+000  0.000000000000000E+000  0.000000000000000E+000
  0.000000000000000E+000  0.000000000000000E+000  0.000000000000000E+000
  0.000000000000000E+000  0.000000000000000E+000  0.000000000000000E+000
  0.000000000000000E+000  0.000000000000000E+000  0.000000000000000E+000
  0.000000000000000E+000  0.000000000000000E+000  0.000000000000000E+000
  0.000000000000000E+000  0.000000000000000E+000  0.000000000000000E+000
  0.000000000000000E+000  0.000000000000000E+000  0.000000000000000E+000
  0.000000000000000E+000  0.000000000000000E+000  0.000000000000000E+000
  0.000000000000000E+000  0.000000000000000E+000  0.000000000000000E+000
  0.000000000000000E+000  0.000000000000000E+000  0.000000000000000E+000
  0.000000000000000E+000  0.000000000000000E+000  0.000000000000000E+000
  0.000000000000000E+000  0.000000000000000E+000  0.000000000000000E+000
  0.000000000000000E+000  0.000000000000000E+000  0.000000000000000E+000
  0.000000000000000E+000  0.000000000000000E+000  0.000000000000000E+000
  0.000000000000000E+000  0.000000000000000E+000  0.000000000000000E+000
  0.000000000000000E+000  0.000000000000000E+000  0.000000000000000E+000
  0.000000000000000E+000  0.000000000000000E+000  0.000000000000000E+000
  0.000000000000000E+000  0.000000000000000E+000  0.000000000000000E+000
  0.000000000000000E+000  0.000000000000000E+000  0.000000000000000E+000
  0.000000000000000E+000  0.000000000000000E+000  0.000000000000000E+000
  0.000000000000000E+000  0.000000000000000E+000  0.000000000000000E+000
  0.000000000000000E+000  0.000000000000000E+000  0.000000000000000E+000
  0.000000000000000E+000  0.000000000000000E+000  0.000000000000000E+000
  0.000000000000000E+000  0.000000000000000E+000  0.000000000000000E+000
  0.000000000000000E+000  0.000000000000000E+000  0.000000000000000E+000
  0.000000000000000E+000  0.000000000000000E+000  0.000000000000000E+000
  0.000000000000000E+000  0.000000000000000E+000  0.000000000000000E+000
  0.000000000000000E+000  0.000000000000000E+000  0.000000000000000E+000
  0.000000000000000E+000  0.000000000000000E+000  0.000000000000000E+000
  0.000000000000000E+000  0.000000000000000E+000  0.000000000000000E+000
  0.000000000000000E+000  0.000000000000000E+000  0.000000000000000E+000
  0.000000000000000E+000  0.000000000000000E+000  0.000000000000000E+000
  0.000000000000000E+000  0.000000000000000E+000  0.000000000000000E+000
  0.000000000000000E+000  0.000000000000000E+000  0.000000000000000E+000
  0.000000000000000E+000  0.000000000000000E+000  0.000000000000000E+000
  0.000000000000000E+000  0.000000000000000E+000  0.000000000000000E+000
  0.000000000000000E+000  0.000000000000000E+000  0.000000000000000E+000
  0.000000000000000E+000  0.000000000000000E+000  0.000000000000000E+000
 -8.486278559845076E-004  3.201350463255828E-003 -4.272874754380951E-003
 -1.493457596757341E-002 -1.442258392469422E-003 -3.504966997742782E-003
 -2.438207781025328E-002  1.874514429908506E-003  7.935048968241530E-004
 -2.668094734329141E-002 -1.013522719199968E-003  3.437547663697783E-002
 -2.974665368326712E-002  1.436090210130764E-002  2.901229120365616E-002
 -2.085587790186699E-002 -3.573790753578267E-002 -2.580334211024426E-002
 -6.710723177778216E-002 -0.115016857447050       9.611839753187655E-002
 -1.456624848506321E-002 -3.349105026793689E-002 -3.389103625458523E-002
  2.611763079744663E-002 -1.978498433026166E-002  2.931463927109156E-002
  1.373142281158361E-002 -2.335855825132497E-002  3.426356513955613E-002
  1.370653300522798E-002 -2.097619400372485E-002  8.752520253972975E-004
  5.404116105403828E-003 -1.474705066470268E-002 -3.859472217382949E-003
  5.552885393684035E-003  2.156036143563460E-003 -4.194066700245480E-003
  0.000000000000000E+000  0.000000000000000E+000  0.000000000000000E+000
  0.000000000000000E+000  0.000000000000000E+000  0.000000000000000E+000
  0.000000000000000E+000  0.000000000000000E+000  0.000000000000000E+000
  0.000000000000000E+000  0.000000000000000E+000  0.000000000000000E+000
 -1.760964977685213E-003  1.918166061015683E-003 -3.416075396911224E-003
 -1.511289209366890E-002 -2.516169908625950E-003 -5.313130950527579E-003
 -2.109707417696910E-002  9.417984191969150E-004 -1.387981882901540E-003
 -2.549734425639970E-002 -2.844884271930064E-003  2.509666068519485E-002
 -2.627902933911652E-002 -1.342225895919500E-002  5.175287986559373E-002
 -2.347728185180284E-002 -2.857429131589371E-002  1.963481284881316E-002
 -6.622955365864953E-002 -0.115729921247772       8.107734302852726E-002
 -7.930864655284009E-003 -3.084326456600332E-002  1.384100715255393E-002
 -1.071854900728557E-003 -3.198918696229795E-002  5.326184519056150E-002
  1.085932555467230E-002 -2.344122788814671E-002  2.481901180086934E-002
  1.161160510436235E-002 -1.841365454493540E-002 -1.309556646210399E-003
  5.296250604027072E-003 -1.501488728019373E-002 -5.701039954686488E-003
  4.382146042472023E-003  4.169162473439617E-004 -3.319196728539593E-003
  0.000000000000000E+000  0.000000000000000E+000  0.000000000000000E+000
  0.000000000000000E+000  0.000000000000000E+000  0.000000000000000E+000
  0.000000000000000E+000  0.000000000000000E+000  0.000000000000000E+000
  0.000000000000000E+000  0.000000000000000E+000  0.000000000000000E+000
 -2.579516193394031E-003 -1.931292793355911E-004 -2.980116189360595E-003
 -1.466704059635432E-002  3.191471919083406E-003 -5.727587968110338E-003
 -2.323606010521467E-002  7.992811676316276E-003 -8.711331947375394E-004
 -2.307119378959104E-002  6.272250493812949E-003  1.219775593642603E-002
 -2.273751761387251E-002 -0.131317963316816       6.128872720143969E-002
 -7.281651938878013E-002 -0.213724719564414       0.148977637450507     
 -4.351278923665496E-002 -7.507051280087855E-002  4.783875117300871E-002
 -0.153711780633928      -0.175106766386087       0.151455020113118     
 -0.100831740754800      -8.524430284314029E-002  5.978564041460825E-002
  1.760003848811991E-002 -1.694862628579462E-002  1.251020508906475E-002
  1.888506692058771E-002 -1.673011666538982E-002 -9.638347475446659E-004
  1.063834398800695E-002 -1.145937166307844E-002 -6.029369310412158E-003
  2.733826781475970E-003 -1.502896577777596E-003 -2.893079780658638E-003
  0.000000000000000E+000  0.000000000000000E+000  0.000000000000000E+000
  0.000000000000000E+000  0.000000000000000E+000  0.000000000000000E+000
  0.000000000000000E+000  0.000000000000000E+000  0.000000000000000E+000
  0.000000000000000E+000  0.000000000000000E+000  0.000000000000000E+000
 -2.622048362557098E-003  6.411524553666892E-004 -3.682125983975132E-003
 -1.327029443306950E-002 -8.337147275495704E-003 -9.181759163994449E-003
 -1.630735656247911E-002 -2.546262824833164E-002 -9.280795051719118E-003
 -1.186118004210686E-002 -6.258352887857986E-002  2.035293625245919E-002
 -2.474623948690501E-002 -0.120540236900141       7.422254940695255E-002
 -2.366452854137075E-002 -5.458021380181280E-002  2.012195565734018E-002
 -4.869691202425310E-002 -8.397919759125645E-002  2.494315408171199E-002
 -3.579935543063078E-002 -4.880837014245707E-002  2.030534259433061E-002
 -9.290751800295080E-002 -8.328973203512212E-002  7.487022561154126E-002
 -4.870151561349767E-002 -4.232723536662197E-002  2.116344143418947E-002
 -1.372001947925291E-002 -2.754723248831422E-002 -9.449143817896580E-003
 -3.604602930902646E-004 -1.638748056886717E-002 -9.505449476084223E-003
  2.953239948278459E-003 -1.381106915754775E-003 -3.617186424198139E-003
  0.000000000000000E+000  0.000000000000000E+000  0.000000000000000E+000
  0.000000000000000E+000  0.000000000000000E+000  0.000000000000000E+000
  0.000000000000000E+000  0.000000000000000E+000  0.000000000000000E+000
  0.000000000000000E+000  0.000000000000000E+000  0.000000000000000E+000
 -5.183084754897129E-003  8.457916179312450E-003 -3.912834290766588E-003
 -9.891600350864857E-003 -1.719757930367537E-002 -1.154433716590025E-002
 -8.902587560352943E-003 -6.821702476739629E-002  1.458843949031502E-003
 -2.373192776372646E-003  2.119671732633602E-003 -1.228623909779165E-002
  2.513673656598880E-003  9.775098860423052E-003 -2.643214090633609E-002
 -1.461045967387597E-002 -2.542687404436697E-002 -1.213913031456132E-002
  1.816338151737654E-002  3.141710027832009E-002 -8.303421619118788E-002
 -1.390250711405250E-002 -2.511157981098753E-002 -1.274660216509385E-002
  8.227420732600625E-003  6.666304344228138E-003 -2.693341986426337E-002
  6.574590755277178E-003  6.686698432615032E-004 -1.345398647945980E-002
 -5.550910949526823E-002 -4.321166863578332E-002  1.821367537002410E-003
 -1.001598203842714E-002 -1.817283466505221E-002 -1.191078281261663E-002
  1.111626740328365E-002  3.182768636801256E-004 -3.856712651702254E-003
  0.000000000000000E+000  0.000000000000000E+000  0.000000000000000E+000
  0.000000000000000E+000  0.000000000000000E+000  0.000000000000000E+000
  0.000000000000000E+000  0.000000000000000E+000  0.000000000000000E+000
  0.000000000000000E+000  0.000000000000000E+000  0.000000000000000E+000
 -3.401841803451407E-003  3.326080275670577E-003 -3.687968976245096E-003
 -9.312010223425917E-003 -1.099031946570642E-002 -1.602495471090866E-002
 -2.134880976941343E-003 -1.993511452537881E-002 -1.512922690071313E-002
  5.440430439803533E-003 -2.837504007336844E-003 -2.150651798935345E-002
  6.003451132173091E-004 -3.366885139726970E-002  5.191242414989744E-003
  7.089886062098329E-003  2.007705376504894E-002 -5.820298328792017E-002
 -2.879330521981459E-002 -5.002526822893643E-002 -3.826964862545133E-004
  1.229487504630936E-002  1.427552028953811E-002 -5.505956453004504E-002
 -3.038833290756485E-002 -1.754883176678937E-002  6.534531421881963E-003
 -5.514636692123935E-003  2.930446854042538E-003 -2.107776543816677E-002
 -1.759483988811307E-002 -1.299558843030925E-002 -1.434242733892662E-002
 -4.043544077659644E-003 -1.452615142732058E-002 -1.694354641038917E-002
  4.898356884096434E-003 -9.277976627690097E-004 -3.418559039787012E-003
  0.000000000000000E+000  0.000000000000000E+000  0.000000000000000E+000
  0.000000000000000E+000  0.000000000000000E+000  0.000000000000000E+000
  0.000000000000000E+000  0.000000000000000E+000  0.000000000000000E+000
  0.000000000000000E+000  0.000000000000000E+000  0.000000000000000E+000
 -1.414286333234240E-003  7.886812511271146E-004 -4.380018653365968E-003
 -1.621653616722576E-003 -2.794476476740931E-002 -8.878861104341105E-003
 -4.971532619568780E-003  3.266144149569881E-002 -3.945512341511932E-002
  1.082199698275999E-002  2.145060033974065E-002 -4.617696338485959E-002
  1.687535313662271E-002  8.920268286077993E-003 -3.112935249670613E-002
 -1.221833360598896E-002 -3.694437079415644E-002 -2.715665715334425E-002
 -1.814654667798168E-002 -3.166106600518871E-002 -5.169312214658093E-003
 -2.693300993095696E-002 -3.018588837552987E-002 -2.453459267149317E-002
  2.392142773418276E-003  2.073498402119799E-002 -3.496721598464043E-002
  1.050266736559447E-002  1.931964982034370E-002 -4.403901296427613E-002
  3.515113424772776E-002  1.399625107824107E-002 -4.232685277358913E-002
 -2.410845524786940E-002 -1.687853139485414E-002 -9.112737081411321E-003
  1.281077015729465E-003 -5.895115597178644E-004 -4.167855960626684E-003
  0.000000000000000E+000  0.000000000000000E+000  0.000000000000000E+000
  0.000000000000000E+000  0.000000000000000E+000  0.000000000000000E+000
  0.000000000000000E+000  0.000000000000000E+000  0.000000000000000E+000
  0.000000000000000E+000  0.000000000000000E+000  0.000000000000000E+000
 -4.999885771957742E-005 -1.173460852300544E-003 -1.496186052397790E-003
 -1.199075501709803E-002  1.833181885548451E-002 -2.618678524030233E-002
  1.696439322986911E-002 -4.574461512233628E-002  8.559290598186870E-003
  1.669701991766576E-002 -6.592930767653988E-003 -9.540250292918707E-003
  1.171555755204555E-002  1.168356221269735E-002 -5.139589957788062E-002
 -8.470426453363968E-003 -2.972534152890932E-002 -1.715756535254288E-002
  1.382875061262933E-002  2.298788926002678E-002 -0.112067673916011     
 -2.278510080682005E-002 -2.385723272814587E-002 -1.270385248414290E-002
  3.892221542519402E-003  1.567913946425214E-002 -5.264912604474643E-002
 -1.456067550918346E-002  1.168262047206147E-002 -9.249495171335559E-003
 -4.793918410522815E-002 -7.783154196723019E-003  8.172976856596268E-003
  2.177649174192394E-002 -2.062185507414442E-003 -2.681288371483630E-002
 -1.192197298394223E-003 -5.829476382787459E-004 -1.177135359660434E-003
  0.000000000000000E+000  0.000000000000000E+000  0.000000000000000E+000
  0.000000000000000E+000  0.000000000000000E+000  0.000000000000000E+000
  0.000000000000000E+000  0.000000000000000E+000  0.000000000000000E+000
  0.000000000000000E+000  0.000000000000000E+000  0.000000000000000E+000
  9.178163855061880E-004 -2.380902241768028E-006 -8.735557199585462E-004
 -1.207064390390816E-002  1.509504691457720E-002 -2.214298925912903E-002
  1.586723088912548E-002 -2.452630714973904E-002  9.736049651870067E-003
  1.440518751068946E-002 -5.884714289917885E-003 -6.110693928265330E-003
  2.683095585055033E-003 -2.178662333672819E-002  2.752037396784564E-002
 -5.852373329114531E-003  3.504777203130152E-002 -0.150843301782887     
  1.350777191027187E-002  2.259652959200813E-002 -0.133445298931072     
  3.376469821573598E-002  1.268400971900783E-002 -0.154005688083927     
 -1.864880654175189E-002 -9.011527152499400E-003  2.437217962591702E-002
 -1.485018652586261E-002  9.473521584147993E-003 -2.743252131729849E-003
 -3.084557388316807E-002  2.278587059660196E-003  1.051730611567834E-002
  2.035140226231255E-002 -3.439049551958234E-003 -2.332534738024450E-002
 -6.027937903132105E-004  8.344682276456992E-004 -4.830390400231300E-004
  0.000000000000000E+000  0.000000000000000E+000  0.000000000000000E+000
  0.000000000000000E+000  0.000000000000000E+000  0.000000000000000E+000
  0.000000000000000E+000  0.000000000000000E+000  0.000000000000000E+000
  0.000000000000000E+000  0.000000000000000E+000  0.000000000000000E+000
 -2.052944435941301E-004 -4.326495776968473E-004 -1.883761615611606E-003
  1.004170203590336E-003 -1.180176312540825E-003 -3.433424211341940E-003
  4.153895477953139E-003 -5.853597060505191E-003  7.464506617532577E-005
 -9.421426355359053E-003  1.767939333702077E-002 -3.574134624842733E-002
  5.206818440183997E-003 -3.852360669654177E-003  1.749828753532196E-003
  1.947556323163457E-003 -1.309175898503870E-002 -3.675160401321146E-003
 -2.895991149946652E-003 -3.683802948225489E-003  1.757251259080674E-002
 -1.302587074879856E-002 -4.739146245173958E-003 -4.867637451100219E-003
 -7.559858187363702E-003  2.314821721854487E-003  4.324403321289334E-003
  2.101364863701652E-002  4.931865284792202E-004 -3.685504096423571E-002
 -6.734980284242561E-003  1.006448977442654E-003 -2.542275432100784E-004
 -1.859840784684973E-003  2.269392047855035E-004 -3.819798641387345E-003
 -1.683024783134643E-004 -4.423648447087571E-004 -1.813737603644941E-003
  0.000000000000000E+000  0.000000000000000E+000  0.000000000000000E+000
  0.000000000000000E+000  0.000000000000000E+000  0.000000000000000E+000
  0.000000000000000E+000  0.000000000000000E+000  0.000000000000000E+000
  0.000000000000000E+000  0.000000000000000E+000  0.000000000000000E+000
  0.000000000000000E+000  0.000000000000000E+000  0.000000000000000E+000
  0.000000000000000E+000  0.000000000000000E+000  0.000000000000000E+000
  0.000000000000000E+000  0.000000000000000E+000  0.000000000000000E+000
  0.000000000000000E+000  0.000000000000000E+000  0.000000000000000E+000
  0.000000000000000E+000  0.000000000000000E+000  0.000000000000000E+000
  0.000000000000000E+000  0.000000000000000E+000  0.000000000000000E+000
  0.000000000000000E+000  0.000000000000000E+000  0.000000000000000E+000
  0.000000000000000E+000  0.000000000000000E+000  0.000000000000000E+000
  0.000000000000000E+000  0.000000000000000E+000  0.000000000000000E+000
  0.000000000000000E+000  0.000000000000000E+000  0.000000000000000E+000
  0.000000000000000E+000  0.000000000000000E+000  0.000000000000000E+000
  0.000000000000000E+000  0.000000000000000E+000  0.000000000000000E+000
  0.000000000000000E+000  0.000000000000000E+000  0.000000000000000E+000
  0.000000000000000E+000  0.000000000000000E+000  0.000000000000000E+000
  0.000000000000000E+000  0.000000000000000E+000  0.000000000000000E+000
  0.000000000000000E+000  0.000000000000000E+000  0.000000000000000E+000
  0.000000000000000E+000  0.000000000000000E+000  0.000000000000000E+000
  0.000000000000000E+000  0.000000000000000E+000  0.000000000000000E+000
  0.000000000000000E+000  0.000000000000000E+000  0.000000000000000E+000
  0.000000000000000E+000  0.000000000000000E+000  0.000000000000000E+000
  0.000000000000000E+000  0.000000000000000E+000  0.000000000000000E+000
  0.000000000000000E+000  0.000000000000000E+000  0.000000000000000E+000
  0.000000000000000E+000  0.000000000000000E+000  0.000000000000000E+000
  0.000000000000000E+000  0.000000000000000E+000  0.000000000000000E+000
  0.000000000000000E+000  0.000000000000000E+000  0.000000000000000E+000
  0.000000000000000E+000  0.000000000000000E+000  0.000000000000000E+000
  0.000000000000000E+000  0.000000000000000E+000  0.000000000000000E+000
  0.000000000000000E+000  0.000000000000000E+000  0.000000000000000E+000
  0.000000000000000E+000  0.000000000000000E+000  0.000000000000000E+000
  0.000000000000000E+000  0.000000000000000E+000  0.000000000000000E+000
  0.000000000000000E+000  0.000000000000000E+000  0.000000000000000E+000
  0.000000000000000E+000  0.000000000000000E+000  0.000000000000000E+000
  0.000000000000000E+000  0.000000000000000E+000  0.000000000000000E+000
  0.000000000000000E+000  0.000000000000000E+000  0.000000000000000E+000
   23.5986934840842        240.170888297066        190.893822514582     
   208.401011872055       -281.717162264703        443.530970585118     
   304.162652178580        99.9788199505380        667.443714352697     
   291.558224830650       -93.8448009186816        148.820408789433     
   22.4076220242429       -9.74193886853210       -180.374086680568     
   110.659490436501       -258.074735185094       -410.095171037048     
  -775.553019258600       -1276.72639306167        1087.40744561243     
  -191.545782054998        31.3608281882278       -490.886723828195     
  -77.7982660332525       -43.8929970309009       -157.425984833456     
  -148.154473200251        231.817915421265        130.089157888046     
  -90.2276560993174        298.767955787365        670.805267434207     
  -390.816175131253        21.1827325466464        456.213769936611     
   206.400532062983        150.533838823121        200.102576236451     
  0.000000000000000E+000  0.000000000000000E+000  0.000000000000000E+000
  0.000000000000000E+000  0.000000000000000E+000  0.000000000000000E+000
  0.000000000000000E+000  0.000000000000000E+000  0.000000000000000E+000
  0.000000000000000E+000  0.000000000000000E+000  0.000000000000000E+000
   76.1617625191993        113.769960667398        149.789627055591     
   195.430734428005       -113.328791732543        420.077791184675     
   341.801058924441       -88.1272263613897        659.192338946813     
   198.999255400996        74.5117829457886        316.056342063997     
   3.36820695731082        85.5195649586359       -209.916050761657     
  -106.363577219740       -126.355811403884       -585.960776898032     
  -827.119341743103       -1409.35766084652        409.175400505872     
   18.4485841877213       -64.6930559716460       -648.857873349361     
  -34.9726245691332       -45.3064560214643       -154.275482916646     
   13.8321156831839        223.254985442502        286.805770332277     
  -229.842351362564        255.575020914850        670.204544918491     
  -223.224698905619        104.192055787813        430.927866881182     
   68.9474545414363        133.467409157854        157.749874004441     
  0.000000000000000E+000  0.000000000000000E+000  0.000000000000000E+000
  0.000000000000000E+000  0.000000000000000E+000  0.000000000000000E+000
  0.000000000000000E+000  0.000000000000000E+000  0.000000000000000E+000
  0.000000000000000E+000  0.000000000000000E+000  0.000000000000000E+000
   68.0936870879923        19.2140281369601        153.219493010127     
   217.873601151643        146.936154385200        395.723712245096     
   300.469525689059       -121.043848172009        706.783963008148     
   70.4581891535934        1075.96496038475        112.235742644027     
  -90.6751910560994        921.191309951438       -546.146314734304     
   62.7693918792087        646.279535638635       -986.593229013200     
   434.973378280216        773.617446083340       -1427.86585742098     
   484.099692815122        351.992988115151       -939.161800908872     
   857.404530192225        383.656612988431       -564.279073697168     
   877.666345773689        571.071568358409        114.808910559847     
  -235.487441113636        203.802996422974        707.510499525681     
   12.4236511044943        264.375299396653        408.454876619552     
  -12.7860410124676        77.2897734787483        160.751677740867     
  0.000000000000000E+000  0.000000000000000E+000  0.000000000000000E+000
  0.000000000000000E+000  0.000000000000000E+000  0.000000000000000E+000
  0.000000000000000E+000  0.000000000000000E+000  0.000000000000000E+000
  0.000000000000000E+000  0.000000000000000E+000  0.000000000000000E+000
   127.512915088956       -66.8221935241834        134.312749767881     
   214.501486433935       -137.716275059976        352.658773044873     
   289.398960613668       -686.204929125074        565.364096971072     
   123.588337373415       -1954.19014582016        1033.80711366743     
  -107.994751508979       -1404.88079888202        902.641264363501     
  -212.183353817598       -788.875243072545        168.270594467415     
  -794.455547014881       -1394.90687064778        404.164047167840     
  -533.386526386302       -545.582504659414        153.782604578791     
  -1164.56532200617       -808.500206090270        885.341132381923     
  -1666.30510776407       -815.498520240541        1001.73459961634     
  -777.552677383942       -112.359355831792        576.278154088991     
  -257.545441133601        107.177604993745        357.233613436556     
  -112.132531545248        91.8136804123972        141.151649414898     
  0.000000000000000E+000  0.000000000000000E+000  0.000000000000000E+000
  0.000000000000000E+000  0.000000000000000E+000  0.000000000000000E+000
  0.000000000000000E+000  0.000000000000000E+000  0.000000000000000E+000
  0.000000000000000E+000  0.000000000000000E+000  0.000000000000000E+000
   71.7791739230273        429.331998472329        109.083885299010     
   322.100321974699       -719.900535110612        370.378988197028     
   308.812363753746       -1266.71942312711        699.385521216633     
   218.113832922067        218.883272684891        217.746110947295     
   163.396582111104       -236.257706653038        50.2868508584885     
  -83.4506720042231       -151.250861803989       -361.222107011371     
   737.487038834372        1265.60996211782       -2519.00264839484     
  -110.318401986906       -172.121041604709       -331.362960129355     
  -296.727766247477        11.6085885115577        39.6625573399961     
   62.1417723794358        310.409490999137        224.938305710501     
  -1254.76466580056       -364.232917385514        701.945339077492     
  -778.325608886609       -77.8880165227589        369.663121253858     
   328.508181633867        285.104924092895        118.061270380090     
  0.000000000000000E+000  0.000000000000000E+000  0.000000000000000E+000
  0.000000000000000E+000  0.000000000000000E+000  0.000000000000000E+000
  0.000000000000000E+000  0.000000000000000E+000  0.000000000000000E+000
  0.000000000000000E+000  0.000000000000000E+000  0.000000000000000E+000
   57.3356473596281        390.877521629909        115.009591277256     
   191.412938189160       -416.388416300771        305.549698136832     
   221.241716136474       -948.191942769585        719.551702370206     
   251.543497365153        1443.10101660699       -571.666228026246     
   329.653930266557        847.775861893080       -587.605409455011     
   454.191432392687        1274.48163352286       -1873.48093198436     
  -181.304518673398       -312.963842856052       -902.072525093700     
   865.321575102932        1023.59582842366       -1873.94643459246     
   585.138521519674        722.836442979770       -637.006563589763     
   1039.58205494938        917.353794326864       -509.744506032465     
  -863.395095440056       -243.280029885198        696.519208775567     
  -448.582608031369       -45.6816842888587        303.665755396351     
   306.672076660818        255.776652226878        121.741181291910     
  0.000000000000000E+000  0.000000000000000E+000  0.000000000000000E+000
  0.000000000000000E+000  0.000000000000000E+000  0.000000000000000E+000
  0.000000000000000E+000  0.000000000000000E+000  0.000000000000000E+000
  0.000000000000000E+000  0.000000000000000E+000  0.000000000000000E+000
   110.311723313503        91.1772624685105        212.135720529519     
   138.750191219221       -675.767171591238        385.591023885680     
   66.5290662603791       -422.384569123171        594.732073863592     
   204.749485394516       -210.653458476262        558.999385507086     
   161.449198232144       -300.519422017717        647.640433814849     
  -397.840883942237       -645.376469032878       -305.739115511118     
  -162.591917786826       -296.844779140579       -910.348553368546     
  -403.928513295489       -717.005208158546       -231.455790432871     
  -263.906324447444        14.0277977176967        531.078619137593     
  -399.621735750121        36.7478031408410        682.138322928803     
  -365.471267690948       -124.743993219948        574.498682810600     
  -615.207856906481       -217.892706769263        386.738615744122     
   14.8634054255571        146.977248220205        219.067719084636     
  0.000000000000000E+000  0.000000000000000E+000  0.000000000000000E+000
  0.000000000000000E+000  0.000000000000000E+000  0.000000000000000E+000
  0.000000000000000E+000  0.000000000000000E+000  0.000000000000000E+000
  0.000000000000000E+000  0.000000000000000E+000  0.000000000000000E+000
   85.4258032654452       -66.5447321780320        260.980996921885     
  -87.3160789286446        34.1205654634957        134.617730265354     
  -55.7687201992414        73.8567981178589        303.751917322027     
   65.3940481595905        345.810691503618        484.911317985454     
  -5.48806362742346       -138.568104688908        668.764114316229     
  -801.807067741577       -1716.57935752052        1675.04252058449     
  -969.728936681764       -1679.04921863316        1266.88417080617     
  -1059.79184820826       -1528.90154210031        1623.51631989726     
  -115.137460855595       -99.3014780010782        653.796963277546     
   333.528793291563        251.655644636494        430.580648001415     
   9.98657472379302       -6.51663482017663        383.779690683436     
   93.1201027288331       -60.2871680894937        127.347093549565     
  -103.947756762962        42.7833587002050        273.760789829895     
  0.000000000000000E+000  0.000000000000000E+000  0.000000000000000E+000
  0.000000000000000E+000  0.000000000000000E+000  0.000000000000000E+000
  0.000000000000000E+000  0.000000000000000E+000  0.000000000000000E+000
  0.000000000000000E+000  0.000000000000000E+000  0.000000000000000E+000
   57.3572041340331        16.9399601758229        177.672586884635     
  -167.148093386572        166.518930011176        53.1134757263736     
  -638.937553333133        1104.73450855683       -822.190137345383     
  -174.118992811585        682.447335017228        35.5353179754026     
  -790.683109030372        1031.14707632006       -668.545083505286     
  -656.951311624003        582.847213203770       -2523.31558580038     
  -357.290740566123       -641.344884619288       -327.194534536084     
   807.729739639628       -308.579994268764       -2488.35193689245     
   1279.26220392933       -173.317174488246       -626.797274708528     
   655.239849079348        175.447799318529        35.4640691326284     
   1318.74763554022        33.9302210977630       -827.961278594797     
   206.997990408677       -67.1270692022696        82.9191578768733     
  -13.2957053864535        58.0017730314066        179.198360765198     
  0.000000000000000E+000  0.000000000000000E+000  0.000000000000000E+000
  0.000000000000000E+000  0.000000000000000E+000  0.000000000000000E+000
  0.000000000000000E+000  0.000000000000000E+000  0.000000000000000E+000
  0.000000000000000E+000  0.000000000000000E+000  0.000000000000000E+000
  0.656476763069221        26.4899071477044        93.1480335828486     
   8.23505091935120        12.2213567670738       -10.5726127716882     
  -64.6903736235466        205.843776754967        110.931421118393     
  -332.528083873452        447.391454434340        42.2744901329656     
  -130.450324957684       -424.361246717938        1887.57311089269     
  -557.701357611570       -195.302468674944        1069.89774385369     
  -86.3793198903307       -87.5447655577078       -860.926052268259     
   92.2825329295230       -584.274630384982        1088.14844611809     
  -276.032217567121       -327.944321300403        1917.35555387308     
   595.792863197884       -78.9458998005631        16.6458665340769     
   251.693047611133        64.5243081522225        103.359688913372     
   4.22993340930304        13.1800581940930       -5.68139552165094     
   24.2977614202296        13.7697005850068        96.7641317005512     
  0.000000000000000E+000  0.000000000000000E+000  0.000000000000000E+000
  0.000000000000000E+000  0.000000000000000E+000  0.000000000000000E+000
  0.000000000000000E+000  0.000000000000000E+000  0.000000000000000E+000
  0.000000000000000E+000  0.000000000000000E+000  0.000000000000000E+000
  0.000000000000000E+000  0.000000000000000E+000  0.000000000000000E+000
  0.000000000000000E+000  0.000000000000000E+000  0.000000000000000E+000
  0.000000000000000E+000  0.000000000000000E+000  0.000000000000000E+000
  0.000000000000000E+000  0.000000000000000E+000  0.000000000000000E+000
  0.000000000000000E+000  0.000000000000000E+000  0.000000000000000E+000
  0.000000000000000E+000  0.000000000000000E+000  0.000000000000000E+000
  0.000000000000000E+000  0.000000000000000E+000  0.000000000000000E+000
  0.000000000000000E+000  0.000000000000000E+000  0.000000000000000E+000
  0.000000000000000E+000  0.000000000000000E+000  0.000000000000000E+000
  0.000000000000000E+000  0.000000000000000E+000  0.000000000000000E+000
  0.000000000000000E+000  0.000000000000000E+000  0.000000000000000E+000
  0.000000000000000E+000  0.000000000000000E+000  0.000000000000000E+000
  0.000000000000000E+000  0.000000000000000E+000  0.000000000000000E+000
  0.000000000000000E+000  0.000000000000000E+000  0.000000000000000E+000
  0.000000000000000E+000  0.000000000000000E+000  0.000000000000000E+000
  0.000000000000000E+000  0.000000000000000E+000  0.000000000000000E+000
  0.000000000000000E+000  0.000000000000000E+000  0.000000000000000E+000
  0.000000000000000E+000  0.000000000000000E+000  0.000000000000000E+000
  0.000000000000000E+000  0.000000000000000E+000  0.000000000000000E+000
  0.000000000000000E+000  0.000000000000000E+000  0.000000000000000E+000
  0.000000000000000E+000  0.000000000000000E+000  0.000000000000000E+000
  0.000000000000000E+000  0.000000000000000E+000  0.000000000000000E+000
  0.000000000000000E+000  0.000000000000000E+000  0.000000000000000E+000
  0.000000000000000E+000  0.000000000000000E+000  0.000000000000000E+000
  0.000000000000000E+000  0.000000000000000E+000  0.000000000000000E+000
  0.000000000000000E+000  0.000000000000000E+000  0.000000000000000E+000
  0.000000000000000E+000  0.000000000000000E+000  0.000000000000000E+000
  0.000000000000000E+000  0.000000000000000E+000  0.000000000000000E+000
  0.000000000000000E+000  0.000000000000000E+000  0.000000000000000E+000
  0.000000000000000E+000  0.000000000000000E+000  0.000000000000000E+000
  0.000000000000000E+000  0.000000000000000E+000  0.000000000000000E+000
  0.000000000000000E+000  0.000000000000000E+000  0.000000000000000E+000
