         140  1.399999999999997E-002  1.399999999999997E-002
  0.000000000000000E+000  0.000000000000000E+000  0.000000000000000E+000
  0.000000000000000E+000  0.000000000000000E+000  0.000000000000000E+000
  3.667206090681822E-002  8.707578390122059E-002 -8.359267905832021E-002
  4.270135808244337E-002  0.135262617793336      -0.147151095557587     
  6.212387712121543E-002  0.189807535955421      -0.222020465028017     
  7.610935388204766E-002  0.242970506515983      -0.267984234041553     
  9.786262105578482E-002  0.276415174454970      -0.310819249869518     
  0.122720389887033       0.274239303967736      -0.332983039224974     
  0.153213347933750       0.265476430207938      -0.342850018783869     
  0.176060564632934       0.243442111241984      -0.332972543703963     
  0.190378366807529       0.223011723458631      -0.310828484521075     
  0.172405027284628       0.187508440236870      -0.268016021349157     
  0.133396611564152       0.148816277304248      -0.222071109658344     
  9.583401309291661E-002  0.104654977946770      -0.147200515923372     
  5.710524024489658E-002  7.532432367276770E-002 -8.365273909317647E-002
  0.000000000000000E+000  0.000000000000000E+000  0.000000000000000E+000
  0.000000000000000E+000  0.000000000000000E+000  0.000000000000000E+000
  0.000000000000000E+000  0.000000000000000E+000  0.000000000000000E+000
  0.000000000000000E+000  0.000000000000000E+000  0.000000000000000E+000
  2.872823936029139E-002  9.030506181424378E-002 -7.416898977388571E-002
  3.855962576888542E-002  0.139581210799446      -0.143168054523470     
  5.247595506162157E-002  0.193335966694688      -0.212200184128378     
  6.965685871186846E-002  0.244355985344112      -0.264153201205467     
  9.085556445604524E-002  0.266589077470208      -0.304025479415747     
  0.116483852760843       0.263466707856237      -0.327525184953994     
  0.145024292051534       0.251285347238293      -0.335767048082414     
  0.169843854085675       0.232646838309313      -0.327530145423193     
  0.185370705538706       0.212027995856288      -0.304035155293652     
  0.176799895321549       0.182592215434278      -0.264177783813908     
  0.141244972268480       0.142196935028421      -0.212231704805547     
  0.101632662544652       0.103213737059284      -0.143202386136372     
  6.387184695822683E-002  7.004488571044634E-002 -7.421225334721353E-002
  0.000000000000000E+000  0.000000000000000E+000  0.000000000000000E+000
  0.000000000000000E+000  0.000000000000000E+000  0.000000000000000E+000
  0.000000000000000E+000  0.000000000000000E+000  0.000000000000000E+000
  0.000000000000000E+000  0.000000000000000E+000  0.000000000000000E+000
  2.294041507816737E-002  9.783576703097902E-002 -6.353682749900211E-002
  3.001476388318214E-002  0.146478133066921      -0.132816049446072     
  4.084647276324948E-002  0.201703474273781      -0.199631626035974     
  5.653208488280090E-002  0.245950218752609      -0.252833289082360     
  7.768794766860909E-002  0.252712735440235      -0.292621219673970     
  0.101619109630262       0.241263502775841      -0.314919360331832     
  0.130076748998558       0.225388805464088      -0.323525454227933     
  0.158021102317663       0.208656654427601      -0.314949704071947     
  0.179926669654036       0.193679891666087      -0.292638128641616     
  0.184697716037735       0.171983148534923      -0.252834850665958     
  0.154272724912162       0.136276774457529      -0.199632413456978     
  0.111845778799463       9.922598590463189E-002 -0.132809660412243     
  7.327975547198065E-002  6.878192240247130E-002 -6.355829991725075E-002
  0.000000000000000E+000  0.000000000000000E+000  0.000000000000000E+000
  0.000000000000000E+000  0.000000000000000E+000  0.000000000000000E+000
  0.000000000000000E+000  0.000000000000000E+000  0.000000000000000E+000
  0.000000000000000E+000  0.000000000000000E+000  0.000000000000000E+000
  2.215527647216264E-002  0.105341160482687      -5.646236202021778E-002
  2.274519369142654E-002  0.165194275477928      -0.121835379745363     
  2.807967232451369E-002  0.216887531716704      -0.187482105842089     
  4.144656233705168E-002  0.236910494029448      -0.238666651286580     
  5.909023382533455E-002  0.229131081794985      -0.275367793819459     
  8.047684613792834E-002  0.205975276046540      -0.295404388480541     
  0.106476264972724       0.184507877093650      -0.302216587136328     
  0.138022002290575       0.172720782494244      -0.295475879524042     
  0.168822685185255       0.165799609219190      -0.275406381412202     
  0.184417141662203       0.154391098807324      -0.238647721142696     
  0.173763457325883       0.132778852794401      -0.187436357644980     
  0.131685510673974       0.102277181765758      -0.121780688695501     
  8.014697201111244E-002  7.183470724036627E-002 -5.646594374457693E-002
  0.000000000000000E+000  0.000000000000000E+000  0.000000000000000E+000
  0.000000000000000E+000  0.000000000000000E+000  0.000000000000000E+000
  0.000000000000000E+000  0.000000000000000E+000  0.000000000000000E+000
  0.000000000000000E+000  0.000000000000000E+000  0.000000000000000E+000
  2.748557424137214E-002  9.270665663348289E-002 -5.140572015203769E-002
  1.509802722218773E-002  0.179362683174032      -0.117507312197639     
  1.854391426707467E-002  0.210028218844203      -0.177534023753644     
  2.668600147104986E-002  0.217235375201658      -0.224490959050030     
  4.068257567408737E-002  0.196545639559622      -0.256700523311740     
  5.836421857588114E-002  0.165402541562649      -0.272704985626555     
  8.143158984682591E-002  0.141119694939432      -0.278116706879812     
  0.113983689926961       0.133355666690364      -0.272835432921124     
  0.149846479995143       0.133605846827054      -0.256779170026808     
  0.174779799114880       0.131784121178342      -0.224474152690785     
  0.172575266053445       0.121083813960662      -0.177457953799803     
  0.147703579080206       0.102703750418127      -0.117412166994013     
  6.652381822491073E-002  7.012413513131409E-002 -5.140272933633531E-002
  0.000000000000000E+000  0.000000000000000E+000  0.000000000000000E+000
  0.000000000000000E+000  0.000000000000000E+000  0.000000000000000E+000
  0.000000000000000E+000  0.000000000000000E+000  0.000000000000000E+000
  0.000000000000000E+000  0.000000000000000E+000  0.000000000000000E+000
  3.796749716751542E-002  6.700563707232801E-002 -4.470132446932455E-002
  8.646298786760346E-003  0.169611442624757      -0.111920080675173     
  8.798200832605180E-003  0.190302627694586      -0.165437409394119     
  1.137585479778722E-002  0.185466495353417      -0.206589950968175     
  2.172022559441375E-002  0.156895069264503      -0.232921886653381     
  3.603327377119327E-002  0.121282048575897      -0.244703875393532     
  5.539593511497778E-002  9.600433674609983E-002 -0.247806489716551     
  8.702928578019541E-002  9.205360352756498E-002 -0.244931970279899     
  0.125031600673085       9.740211607628761E-002 -0.233062523485708     
  0.154932504218746       0.102663315454576      -0.206595921880829     
  0.160383660910547       0.102796381656701      -0.165361664815914     
  0.142431566697541       9.221916624268746E-002 -0.111779636297877     
  3.899933987275284E-002  6.633370336925033E-002 -4.470106835026417E-002
  0.000000000000000E+000  0.000000000000000E+000  0.000000000000000E+000
  0.000000000000000E+000  0.000000000000000E+000  0.000000000000000E+000
  0.000000000000000E+000  0.000000000000000E+000  0.000000000000000E+000
  0.000000000000000E+000  0.000000000000000E+000  0.000000000000000E+000
  4.259313536727748E-002  4.278246011002855E-002 -3.690434422238793E-002
  1.179343455702808E-003  0.155258394605688      -0.102995513748396     
 -1.137120905799683E-003  0.157145668795383      -0.146800418570518     
 -3.069105389514166E-003  0.146732278920461      -0.180763402617847     
  4.602348947764118E-003  0.114448597691294      -0.201737239344938     
  1.557493799107874E-002  7.942573984497076E-002 -0.209624254696085     
  3.227222025444566E-002  5.592344998881326E-002 -0.211297037738548     
  6.113005737670116E-002  5.349570101874932E-002 -0.209978465594945     
  9.683328127057447E-002  6.135935200125628E-002 -0.201923024057907     
  0.128605596083327       7.080318799987717E-002 -0.180807011037386     
  0.136664197584544       7.763563871418469E-002 -0.146754311120603     
  0.133757646709509       7.858933629316535E-002 -0.102833520287173     
  1.568355333138837E-002  5.819948306849170E-002 -3.690226999337781E-002
  0.000000000000000E+000  0.000000000000000E+000  0.000000000000000E+000
  0.000000000000000E+000  0.000000000000000E+000  0.000000000000000E+000
  0.000000000000000E+000  0.000000000000000E+000  0.000000000000000E+000
  0.000000000000000E+000  0.000000000000000E+000  0.000000000000000E+000
  4.131589077359345E-002  2.492518338128049E-002 -2.929251268164856E-002
 -5.118076017835528E-003  0.130317792330534      -8.820365228289065E-002
 -9.598460305108133E-003  0.118431481033642      -0.120895287913382     
 -1.317240111855904E-002  0.104253449619550      -0.146637079051322     
 -1.011480637293740E-002  7.329341722580088E-002 -0.162731548476044     
 -1.078643437045477E-003  4.173547991988246E-002 -0.166904428265429     
  1.222469764806413E-002  2.114991850893004E-002 -0.167264324993226     
  3.694262618391898E-002  2.025301513663688E-002 -0.167457517115895     
  6.849292605778398E-002  2.801308269044452E-002 -0.162896879051727     
  9.682329207741210E-002  4.081025461862535E-002 -0.146694740925950     
  0.107418047140241       5.097283034307928E-002 -0.120905874937292     
  0.115352034895560       6.068700578714556E-002 -8.803979934248064E-002
  8.558145352314482E-004  4.815584276707481E-002 -2.929340110322828E-002
  0.000000000000000E+000  0.000000000000000E+000  0.000000000000000E+000
  0.000000000000000E+000  0.000000000000000E+000  0.000000000000000E+000
  0.000000000000000E+000  0.000000000000000E+000  0.000000000000000E+000
  0.000000000000000E+000  0.000000000000000E+000  0.000000000000000E+000
  3.303991257784279E-002  1.003819020654449E-002 -1.773547971267482E-002
 -1.438921204254937E-002  9.622851136180256E-002 -6.640409550469040E-002
 -7.363668938602270E-003  6.534571726386203E-002 -7.685600904234925E-002
 -1.917730948748030E-002  6.272472542786449E-002 -0.100742684326572     
 -1.571698327678214E-002  3.591467437249477E-002 -0.109051081272954     
 -1.095255079087097E-002  1.590729700059042E-002 -0.115432243440395     
  4.047397890714633E-004  6.152388850095446E-004 -0.117287176262099     
  1.950616102570824E-002 -1.329953580842933E-003 -0.115932193223557     
  3.884005333980423E-002  4.425885567185676E-003 -0.109087873256276     
  6.379979151677594E-002  1.482062207092461E-002 -0.100781806579657     
  6.036262595301106E-002  2.636092255523479E-002 -7.694720457541708E-002
  9.052361427965350E-002  3.564319220219028E-002 -6.627029012070713E-002
 -7.883272309430459E-003  3.355950335206809E-002 -1.773560372538951E-002
  0.000000000000000E+000  0.000000000000000E+000  0.000000000000000E+000
  0.000000000000000E+000  0.000000000000000E+000  0.000000000000000E+000
  0.000000000000000E+000  0.000000000000000E+000  0.000000000000000E+000
  0.000000000000000E+000  0.000000000000000E+000  0.000000000000000E+000
  1.084779676048823E-002 -3.100629284090660E-003 -7.542188163069980E-003
  9.143492960348156E-003  2.929670827246448E-002 -2.016525102703739E-002
 -6.633854044208789E-003  3.412625919688780E-002 -3.997942728623902E-002
 -1.331503307030664E-002  2.904657320768394E-002 -5.458572372127492E-002
 -1.647329540444791E-002  1.786916027551548E-002 -6.305388265740930E-002
 -1.451144643050482E-002  3.916899460501331E-003 -7.459273618842158E-002
 -4.218536833835544E-003 -7.696466055816344E-003 -7.809653409870913E-002
  1.078780981243288E-002 -1.057193913149894E-002 -7.500697578180687E-002
  2.347084638068433E-002 -5.193113908326993E-003 -6.296716383465031E-002
  3.170844198726711E-002  3.029032879768472E-003 -5.457429796233389E-002
  3.294723264182794E-002  1.135752291872418E-002 -4.005865037847945E-002
  2.083080022531886E-002  2.254914851138949E-002 -2.014872590363711E-002
 -8.126965483384031E-003  7.808154277803679E-003 -7.535749899035183E-003
  0.000000000000000E+000  0.000000000000000E+000  0.000000000000000E+000
  0.000000000000000E+000  0.000000000000000E+000  0.000000000000000E+000
  0.000000000000000E+000  0.000000000000000E+000  0.000000000000000E+000
  0.000000000000000E+000  0.000000000000000E+000  0.000000000000000E+000
  0.000000000000000E+000  0.000000000000000E+000  0.000000000000000E+000
  0.000000000000000E+000  0.000000000000000E+000  0.000000000000000E+000
  0.000000000000000E+000  0.000000000000000E+000  0.000000000000000E+000
  0.000000000000000E+000  0.000000000000000E+000  0.000000000000000E+000
  0.000000000000000E+000  0.000000000000000E+000  0.000000000000000E+000
  0.000000000000000E+000  0.000000000000000E+000  0.000000000000000E+000
  0.000000000000000E+000  0.000000000000000E+000  0.000000000000000E+000
  0.000000000000000E+000  0.000000000000000E+000  0.000000000000000E+000
  0.000000000000000E+000  0.000000000000000E+000  0.000000000000000E+000
  0.000000000000000E+000  0.000000000000000E+000  0.000000000000000E+000
  0.000000000000000E+000  0.000000000000000E+000  0.000000000000000E+000
  0.000000000000000E+000  0.000000000000000E+000  0.000000000000000E+000
  0.000000000000000E+000  0.000000000000000E+000  0.000000000000000E+000
  0.000000000000000E+000  0.000000000000000E+000  0.000000000000000E+000
  0.000000000000000E+000  0.000000000000000E+000  0.000000000000000E+000
  0.000000000000000E+000  0.000000000000000E+000  0.000000000000000E+000
  0.000000000000000E+000  0.000000000000000E+000  0.000000000000000E+000
  0.000000000000000E+000  0.000000000000000E+000  0.000000000000000E+000
  0.000000000000000E+000  0.000000000000000E+000  0.000000000000000E+000
  0.000000000000000E+000  0.000000000000000E+000  0.000000000000000E+000
  0.000000000000000E+000  0.000000000000000E+000  0.000000000000000E+000
  0.000000000000000E+000  0.000000000000000E+000  0.000000000000000E+000
  0.000000000000000E+000  0.000000000000000E+000  0.000000000000000E+000
  0.000000000000000E+000  0.000000000000000E+000  0.000000000000000E+000
  0.000000000000000E+000  0.000000000000000E+000  0.000000000000000E+000
  0.000000000000000E+000  0.000000000000000E+000  0.000000000000000E+000
  0.000000000000000E+000  0.000000000000000E+000  0.000000000000000E+000
  0.000000000000000E+000  0.000000000000000E+000  0.000000000000000E+000
  0.000000000000000E+000  0.000000000000000E+000  0.000000000000000E+000
  0.000000000000000E+000  0.000000000000000E+000  0.000000000000000E+000
  0.000000000000000E+000  0.000000000000000E+000  0.000000000000000E+000
  0.000000000000000E+000  0.000000000000000E+000  0.000000000000000E+000
  0.000000000000000E+000  0.000000000000000E+000  0.000000000000000E+000
  0.000000000000000E+000  0.000000000000000E+000  0.000000000000000E+000
 -5.738414801512834E-007  3.379250656207775E-006 -3.649253299715960E-006
 -1.771274783728513E-006 -3.018250949910991E-006 -8.010228310135262E-006
 -3.995488533126028E-006  3.759385448936084E-006 -1.481052675536143E-005
 -4.556723894270948E-006 -5.834154245456417E-006 -8.899632157772197E-006
 -4.121489886096641E-006 -2.548100407056243E-005  6.524492230340126E-006
  4.885922967718568E-006  4.617582148402582E-006  7.672797708302248E-006
 -2.379914416473709E-006 -3.978643222781781E-006  8.937352626813538E-006
  4.226532125739774E-006  9.564761096813269E-006  6.329481426134207E-006
 -2.102252816648049E-005 -1.700869585897673E-005  7.031993497187564E-006
 -4.129722381378624E-006 -7.491804598458429E-006 -8.497258666384991E-006
  5.625059116926386E-006 -1.504045392681444E-006 -1.474419270405507E-005
 -2.012906324880111E-006 -3.296454988456419E-006 -8.065773707260076E-006
  2.964374006417185E-006  1.060730446642849E-006 -3.700152476611774E-006
  0.000000000000000E+000  0.000000000000000E+000  0.000000000000000E+000
  0.000000000000000E+000  0.000000000000000E+000  0.000000000000000E+000
  0.000000000000000E+000  0.000000000000000E+000  0.000000000000000E+000
  0.000000000000000E+000  0.000000000000000E+000  0.000000000000000E+000
 -8.850012137149489E-007  2.024463476731758E-006 -3.173288146003302E-006
 -2.188011579750999E-006 -2.359746357634930E-006 -7.628802842406384E-006
 -4.816741487116580E-006  3.283842773559534E-006 -1.422593648941569E-005
 -2.888770214570540E-006 -8.772858113400226E-006 -1.057060017699488E-005
 -3.136944539507706E-007 -1.898421969408502E-005  5.088790989796577E-006
  6.229941879049064E-006  7.421973068016481E-006  5.837962884190192E-006
  1.189608128429548E-006  2.111000333607639E-006  7.487696821650016E-006
  4.397589097938065E-006  1.029412931530719E-005  5.076282163799964E-006
 -1.642631284360059E-005 -9.711683838156873E-006  5.370638931953803E-006
 -6.978059685430250E-006 -7.216892797370719E-006 -1.014287477148239E-005
  5.478795303526015E-006 -2.446028803301250E-006 -1.420722325344567E-005
 -9.657470577332492E-007 -3.202233058599778E-006 -7.691022007064770E-006
  1.958509999892911E-006  1.114680296781865E-007 -3.215852517179319E-006
  0.000000000000000E+000  0.000000000000000E+000  0.000000000000000E+000
  0.000000000000000E+000  0.000000000000000E+000  0.000000000000000E+000
  0.000000000000000E+000  0.000000000000000E+000  0.000000000000000E+000
  0.000000000000000E+000  0.000000000000000E+000  0.000000000000000E+000
 -1.081519889742224E-006 -3.502374223692556E-007 -2.989543282783901E-006
 -1.310708476848113E-006 -6.222546767333497E-007 -7.055978874813191E-006
 -4.092910249153207E-006  2.925120858933159E-006 -1.416004012636549E-005
 -1.286297831580185E-007 -9.748367810195447E-006 -1.083579090881239E-005
  5.738128265117186E-006 -2.626474138208007E-006  3.991246476760001E-007
  1.331054353018457E-005  2.203693017148948E-005 -6.723044493683980E-007
  1.521767280912200E-005  2.623377888980427E-005 -2.610971147596175E-006
  1.072833125265767E-005  2.059621514257723E-005  1.259028182662815E-007
 -5.018026516490877E-006  3.839650728510291E-006  4.118748440804208E-007
 -7.359373374963007E-006 -4.172172708623781E-006 -1.067367668187693E-005
  4.922408129769653E-006 -1.919104303799600E-006 -1.411504118631929E-005
  6.139811330934489E-007 -1.238676022200442E-006 -7.107864257365892E-006
  3.280398825176079E-008 -1.249125529231702E-006 -3.023102150063268E-006
  0.000000000000000E+000  0.000000000000000E+000  0.000000000000000E+000
  0.000000000000000E+000  0.000000000000000E+000  0.000000000000000E+000
  0.000000000000000E+000  0.000000000000000E+000  0.000000000000000E+000
  0.000000000000000E+000  0.000000000000000E+000  0.000000000000000E+000
 -4.153975090251665E-007 -9.546519474081043E-006 -2.689600135176181E-006
 -1.596445414043776E-006  6.019710011955519E-006 -7.340316966191284E-006
 -9.810281675131798E-007 -5.244356342086450E-006 -1.359889478501032E-005
  3.236727989619658E-006 -6.559643956191005E-006 -1.154115083158316E-005
  8.060775727940680E-006 -4.417072025302994E-006 -6.434146377067416E-007
  1.731240367597905E-006 -1.175982289699384E-005  6.953405752192003E-006
 -8.938914967858531E-006 -1.550356980368260E-005  1.359470484749557E-005
 -8.565287369204288E-006 -1.864840655934242E-006  5.506802639003133E-006
 -8.819502447392016E-006  3.800033466535920E-006  5.023386286436343E-008
 -9.300844295522663E-006 -1.642094604404635E-006 -1.087862756232682E-005
 -4.044677997915954E-006 -3.485325091656561E-006 -1.357996968456388E-005
  6.482887077399333E-006  1.741573935098062E-006 -7.428631384486804E-006
 -8.636060962491543E-006 -5.457167139083019E-006 -2.720624709335351E-006
  0.000000000000000E+000  0.000000000000000E+000  0.000000000000000E+000
  0.000000000000000E+000  0.000000000000000E+000  0.000000000000000E+000
  0.000000000000000E+000  0.000000000000000E+000  0.000000000000000E+000
  0.000000000000000E+000  0.000000000000000E+000  0.000000000000000E+000
 -3.538266572953401E-008 -6.652927204465461E-006 -2.348951438594776E-006
  2.747298791786338E-006 -1.813477459479772E-005 -5.389548757913007E-006
  4.359194540302308E-006 -1.725192910160388E-005 -1.071249474320945E-005
  7.777029141364754E-006 -2.143616180041735E-006 -1.248518255025834E-005
  1.072168668779907E-005  4.285425613790112E-006 -8.299225189659471E-006
 -3.454716437018027E-006 -2.846792911144726E-005  1.652259129424060E-005
 -1.166023738100296E-006 -2.350165515835189E-006  4.243257866219013E-006
 -2.301606793945978E-005 -1.771381239057452E-005  1.672032294224898E-005
 -9.555204084607670E-007  1.178151860580327E-005 -8.531577394491399E-006
 -6.405815480954563E-006  5.146903812739542E-006 -1.206970748081870E-005
 -1.687003994864584E-005 -4.674007688962605E-006 -1.080798523469309E-005
 -1.846745877396533E-005 -7.400532766054782E-006 -5.340682490739983E-006
 -6.364605815396253E-006 -3.605209634319618E-006 -2.367371708806961E-006
  0.000000000000000E+000  0.000000000000000E+000  0.000000000000000E+000
  0.000000000000000E+000  0.000000000000000E+000  0.000000000000000E+000
  0.000000000000000E+000  0.000000000000000E+000  0.000000000000000E+000
  0.000000000000000E+000  0.000000000000000E+000  0.000000000000000E+000
 -1.924645451605024E-006 -3.280381889157371E-006 -2.968931972192820E-006
  7.428504458323748E-006 -1.893559831244808E-005 -2.886333354800368E-006
  3.636030958889763E-006 -6.152594145324647E-006 -9.478798950809041E-006
  6.948451157759987E-006  1.455378783572202E-005 -1.904280238909479E-005
  5.268722425747198E-006 -8.155671439851458E-006 -5.415767854069948E-006
  1.164870948611021E-005  2.248639171942706E-005 -1.937736611941488E-005
  1.159489914979454E-005  1.992110796126237E-005 -2.543276425048750E-005
  1.307833388481740E-005  2.068893590110114E-005 -1.848870200944679E-005
 -9.527501864861277E-006  4.895182666129387E-007 -5.533445796651000E-006
  9.703032357587748E-006  1.341110885915425E-005 -1.947089865171614E-005
 -6.160542213233180E-006  3.744294922462303E-007 -9.926758063115821E-006
 -2.210221768661775E-005 -3.646362791017516E-006 -2.618663363642816E-006
 -2.156901292018554E-006 -3.607706165334165E-006 -3.023081541846198E-006
  0.000000000000000E+000  0.000000000000000E+000  0.000000000000000E+000
  0.000000000000000E+000  0.000000000000000E+000  0.000000000000000E+000
  0.000000000000000E+000  0.000000000000000E+000  0.000000000000000E+000
  0.000000000000000E+000  0.000000000000000E+000  0.000000000000000E+000
 -4.954850765796334E-007 -2.227286598961728E-006 -3.228458763197289E-006
 -3.114122354051425E-006  1.048663663548400E-005 -9.158360193838114E-006
  2.405035464467831E-006  3.440795555044002E-006 -7.438714984939405E-006
  6.091905515457254E-006 -3.362641671391926E-006 -5.753487905976043E-006
  7.767358759863190E-006 -3.635667732626703E-005  2.753766356853116E-005
  3.901441533349855E-006 -1.212060231889896E-005  2.608922541827627E-006
 -2.070660056011434E-005 -3.547788553709419E-005  3.870983090198896E-005
 -1.242723502593604E-005 -2.637044284183137E-006  2.481229217035745E-006
 -3.391434083032986E-005 -1.078949472549544E-005  2.642986033196873E-005
 -7.984768132585953E-006  2.760515402964570E-006 -4.421233222651802E-006
  3.519099764362522E-006  4.276539810614956E-006 -8.482971375599731E-006
  9.108711894776157E-006  2.140378286661847E-006 -8.872728660250836E-006
 -1.822541779725290E-006 -1.777572322773967E-006 -3.371628226000258E-006
  0.000000000000000E+000  0.000000000000000E+000  0.000000000000000E+000
  0.000000000000000E+000  0.000000000000000E+000  0.000000000000000E+000
  0.000000000000000E+000  0.000000000000000E+000  0.000000000000000E+000
  0.000000000000000E+000  0.000000000000000E+000  0.000000000000000E+000
  1.033837381329546E-006 -4.063455266055639E-007 -1.763151790863908E-006
 -1.026636554384843E-005  2.218111218451100E-005 -1.348822972073864E-005
  1.015317386133158E-005 -1.836024490299963E-005  1.343942706833517E-005
 -5.276253541907141E-006  1.887303249680499E-005 -1.447426247048646E-005
  2.909548660415412E-006  1.317832603246751E-005 -1.690248143963016E-005
  3.486229086454001E-006  1.930662457348716E-007 -1.426024990287049E-005
 -8.145309633193555E-006 -1.505403736991820E-005  5.246165942172905E-006
 -3.168926200329544E-006  2.289316180136079E-006 -1.113928773687843E-005
  1.100964530188470E-005  9.439693151395850E-006 -1.880833784362748E-005
  1.838649753169985E-005  4.750873982281860E-006 -1.375965574937387E-005
 -2.010377570068751E-005 -4.284125776513621E-007  1.268470588898489E-005
  2.468385382123641E-005  2.199019763023859E-006 -1.376270924380390E-005
 -1.013328814536252E-006  4.955850251213535E-007 -1.807599920784296E-006
  0.000000000000000E+000  0.000000000000000E+000  0.000000000000000E+000
  0.000000000000000E+000  0.000000000000000E+000  0.000000000000000E+000
  0.000000000000000E+000  0.000000000000000E+000  0.000000000000000E+000
  0.000000000000000E+000  0.000000000000000E+000  0.000000000000000E+000
  1.473647928322498E-006 -3.414402618386523E-009 -1.483532621309457E-006
 -5.593455854772067E-006  8.708389888336018E-006 -7.378814269156214E-006
  1.936417376766236E-005 -2.452719805723628E-005  2.845916359792776E-005
 -2.378284794237150E-006  8.495284087480009E-006 -6.766940692266881E-006
  4.213546537393011E-006  5.582397293250908E-006  5.886336768832136E-006
 -5.400563957220891E-006 -4.845173061282016E-006 -3.824856534573787E-006
 -9.227938464946672E-006 -1.551968577764983E-005  1.049493204714771E-005
 -5.914202138519004E-008 -7.361999807398908E-006 -6.703429115969690E-006
  1.024254114496770E-006  6.323319716749040E-006  9.191074072131826E-006
  8.947527910456963E-006  2.145403140472071E-006 -7.684602897344400E-006
 -3.211654700353321E-005  4.524746132398204E-006  2.963126258952658E-005
  1.108015420857800E-005 -5.794495227931268E-007 -8.104155047961412E-006
 -7.692361951110712E-007  1.267566485300114E-006 -1.438797473073155E-006
  0.000000000000000E+000  0.000000000000000E+000  0.000000000000000E+000
  0.000000000000000E+000  0.000000000000000E+000  0.000000000000000E+000
  0.000000000000000E+000  0.000000000000000E+000  0.000000000000000E+000
  0.000000000000000E+000  0.000000000000000E+000  0.000000000000000E+000
  5.775852716280959E-007 -6.126729199134141E-007 -7.243629962581208E-007
 -1.259704518800691E-006  2.052574640112562E-006  2.962701215048052E-007
  7.766694599934492E-006 -1.080524909937600E-005  1.222138018631930E-005
  1.225916298471821E-005 -5.557748960676592E-006  1.964540235466721E-005
  1.588811804135194E-007  5.818811399984792E-006  7.993489097005678E-006
  2.934786906759339E-006  2.573595882997289E-006  5.367907138546867E-005
 -3.333483733480154E-006 -6.079665419657062E-006  9.100566445700967E-006
  2.684860461472010E-007  3.841685762203455E-006  5.339810217202290E-005
  4.947109726325051E-006  3.001803230645232E-006  7.692176498839725E-006
 -9.936460687900467E-006  7.322887290398904E-006  1.834010970878463E-005
 -1.415098505872145E-005  1.566085093140072E-006  1.330625156325218E-005
  2.449013291510637E-006 -1.540899601919348E-007  1.094775479094201E-007
 -8.399997817330331E-007  1.983733540212201E-007 -7.169530947675781E-007
  0.000000000000000E+000  0.000000000000000E+000  0.000000000000000E+000
  0.000000000000000E+000  0.000000000000000E+000  0.000000000000000E+000
  0.000000000000000E+000  0.000000000000000E+000  0.000000000000000E+000
  0.000000000000000E+000  0.000000000000000E+000  0.000000000000000E+000
  0.000000000000000E+000  0.000000000000000E+000  0.000000000000000E+000
  0.000000000000000E+000  0.000000000000000E+000  0.000000000000000E+000
  0.000000000000000E+000  0.000000000000000E+000  0.000000000000000E+000
  0.000000000000000E+000  0.000000000000000E+000  0.000000000000000E+000
  0.000000000000000E+000  0.000000000000000E+000  0.000000000000000E+000
  0.000000000000000E+000  0.000000000000000E+000  0.000000000000000E+000
  0.000000000000000E+000  0.000000000000000E+000  0.000000000000000E+000
  0.000000000000000E+000  0.000000000000000E+000  0.000000000000000E+000
  0.000000000000000E+000  0.000000000000000E+000  0.000000000000000E+000
  0.000000000000000E+000  0.000000000000000E+000  0.000000000000000E+000
  0.000000000000000E+000  0.000000000000000E+000  0.000000000000000E+000
  0.000000000000000E+000  0.000000000000000E+000  0.000000000000000E+000
  0.000000000000000E+000  0.000000000000000E+000  0.000000000000000E+000
  0.000000000000000E+000  0.000000000000000E+000  0.000000000000000E+000
  0.000000000000000E+000  0.000000000000000E+000  0.000000000000000E+000
  0.000000000000000E+000  0.000000000000000E+000  0.000000000000000E+000
  0.000000000000000E+000  0.000000000000000E+000  0.000000000000000E+000
  0.000000000000000E+000  0.000000000000000E+000  0.000000000000000E+000
  0.000000000000000E+000  0.000000000000000E+000  0.000000000000000E+000
  0.000000000000000E+000  0.000000000000000E+000  0.000000000000000E+000
  0.000000000000000E+000  0.000000000000000E+000  0.000000000000000E+000
  0.000000000000000E+000  0.000000000000000E+000  0.000000000000000E+000
  0.000000000000000E+000  0.000000000000000E+000  0.000000000000000E+000
  0.000000000000000E+000  0.000000000000000E+000  0.000000000000000E+000
  0.000000000000000E+000  0.000000000000000E+000  0.000000000000000E+000
  0.000000000000000E+000  0.000000000000000E+000  0.000000000000000E+000
  0.000000000000000E+000  0.000000000000000E+000  0.000000000000000E+000
  0.000000000000000E+000  0.000000000000000E+000  0.000000000000000E+000
  0.000000000000000E+000  0.000000000000000E+000  0.000000000000000E+000
  0.000000000000000E+000  0.000000000000000E+000  0.000000000000000E+000
  0.000000000000000E+000  0.000000000000000E+000  0.000000000000000E+000
  0.000000000000000E+000  0.000000000000000E+000  0.000000000000000E+000
  0.000000000000000E+000  0.000000000000000E+000  0.000000000000000E+000
  0.000000000000000E+000  0.000000000000000E+000  0.000000000000000E+000
  1.142084914422617E-002  4.440377396942389E-002  1.614311840487752E-002
  6.679386819830778E-002 -4.791656623668576E-002 -5.939334743109421E-002
  3.488263139979331E-002  7.586806359579383E-002 -0.228555883699055     
 -6.103365212498418E-002 -0.115868045963129      -0.332888996642039     
 -0.205291783128816       -1.08791057501451       7.361145664508198E-002
 -0.169521310070580      -0.485280830159953       0.296478566404031     
 -8.195322069235184E-002 -0.151213847394663       0.290670062645202     
 -0.308325820973727      -0.370109488079778       0.281809485347633     
 -0.812218477340411      -0.703280217503526       7.220801306040994E-002
 -9.173984215818619E-002 -0.119242260856485      -0.316405145818597     
  6.168956652967561E-002  7.968792925097187E-002 -0.212175750572591     
 -6.824667490517117E-002  3.697600127546433E-002 -5.268678570912783E-002
  1.915547945276170E-002  2.545068471271380E-002  1.690350958212589E-002
  0.000000000000000E+000  0.000000000000000E+000  0.000000000000000E+000
  0.000000000000000E+000  0.000000000000000E+000  0.000000000000000E+000
  0.000000000000000E+000  0.000000000000000E+000  0.000000000000000E+000
  0.000000000000000E+000  0.000000000000000E+000  0.000000000000000E+000
  1.551765204410379E-002  2.651081954725522E-002  1.397496946810156E-002
  6.694509530048988E-002 -3.901648215176251E-002 -4.523844926141336E-002
 -3.604781686534494E-003  8.126322000218093E-002 -0.201609118937095     
 -7.492720670435596E-002 -0.233075690099727      -0.341259849646580     
 -9.076482847829022E-002 -0.629736746005438      -3.986283597974982E-002
  5.302511682953676E-002 -3.518381341988965E-002  0.132551039183404     
  0.112400065442768       0.184931272805756       0.184775627067588     
 -5.816171468838172E-002  1.299152375056542E-002  0.129522820465031     
 -0.482275564491068      -0.384485413899989      -3.895165193880112E-002
 -0.179117321410287      -0.187542687709132      -0.323718698430213     
  7.884749321005363E-002  4.693130422028168E-002 -0.186064323656690     
 -6.412499630677289E-002  4.042753453245346E-002 -3.951288215146690E-002
  6.671811476659194E-003  2.250275176389870E-002  1.478543100625612E-002
  0.000000000000000E+000  0.000000000000000E+000  0.000000000000000E+000
  0.000000000000000E+000  0.000000000000000E+000  0.000000000000000E+000
  0.000000000000000E+000  0.000000000000000E+000  0.000000000000000E+000
  0.000000000000000E+000  0.000000000000000E+000  0.000000000000000E+000
  2.417046991459836E-002 -6.449979691325963E-003  1.299248253307970E-002
  5.308956020239065E-002 -2.618709494951322E-002 -3.559145367709329E-002
  1.822016596825662E-002 -7.163122449971620E-003 -0.198861607981710     
 -3.146277005742577E-003  3.032839919248362E-002 -0.332682890924302     
  0.169285178263962       0.444479494201300      -0.329251097261273     
  0.340982529902920       0.586989354002127      -0.123133823896313     
  0.385714220783070       0.657268621181284      -2.675114139964513E-002
  0.292991476416130       0.524028668115246      -0.101792104786540     
  0.302982461171697       0.363667855810131      -0.324916869582434     
  7.021479988473469E-003 -8.121654591500735E-004 -0.315980668866707     
 -9.188445952073361E-003  2.223600942648413E-002 -0.185110131678041     
 -5.687004565880473E-002  2.826671078422086E-002 -3.029713965515496E-002
 -1.538471715873388E-002  1.951640931583721E-002  1.364747963467087E-002
  0.000000000000000E+000  0.000000000000000E+000  0.000000000000000E+000
  0.000000000000000E+000  0.000000000000000E+000  0.000000000000000E+000
  0.000000000000000E+000  0.000000000000000E+000  0.000000000000000E+000
  0.000000000000000E+000  0.000000000000000E+000  0.000000000000000E+000
  2.881610553927456E-002 -6.886727335414319E-002  1.576253662518947E-002
  8.894490471891667E-002  4.179848841379979E-002 -7.965718896963231E-003
  4.842386431784909E-003  1.168901240951261E-002 -0.141570528918652     
  2.766249462662226E-002 -0.366072887387803      -0.278455077506898     
  9.540566128656330E-002 -0.467364466820696      -7.616996328122821E-002
  0.139231683290592      -4.863082643584479E-002  4.598589525797100E-002
 -2.007342192562363E-002 -4.120983682498927E-002  0.184468018981090     
 -7.963839389616129E-002  0.120398690406059       2.778162052118369E-002
 -0.419021292225214      -0.135402766862141      -8.927380944162497E-002
 -0.356427340919178      -0.173493868690172      -0.259400682910542     
 -1.055425320161190E-002  6.002706877961038E-003 -0.130302068576359     
 -9.140528331784189E-003  0.100031190725098      -3.027774069940091E-003
 -6.008719117523675E-002 -2.917920924175931E-003  1.580532576348792E-002
  0.000000000000000E+000  0.000000000000000E+000  0.000000000000000E+000
  0.000000000000000E+000  0.000000000000000E+000  0.000000000000000E+000
  0.000000000000000E+000  0.000000000000000E+000  0.000000000000000E+000
  0.000000000000000E+000  0.000000000000000E+000  0.000000000000000E+000
  4.584215320954947E-002 -0.157124749926641       1.800923458290528E-002
  1.459606783396457E-002  0.366003303693575       1.007314722133790E-002
  7.431210905321686E-002  0.237191480240120      -0.181066955944872     
  1.059618603416656E-002  -1.48530343642254       0.275685069255159     
  7.785341358011262E-002  0.208021874488523      -0.216833452637151     
  3.197805537461541E-002 -9.924311757604436E-002  1.745285821193682E-002
 -0.428195408023528      -0.744309388713089       0.562339654478447     
 -0.104263266954386      -2.865576413292672E-002  1.853371857937870E-002
  0.133696188701745       0.159241880829617      -0.216644852609979     
  -1.25883178014780      -0.713824854772866       0.267110372173343     
  0.174428506977459       0.193875503688204      -0.172683800674423     
  0.309082539737631       0.197659830301079       1.170575753993854E-002
 -0.145646267681014      -3.246161335195173E-002  1.793568485829359E-002
  0.000000000000000E+000  0.000000000000000E+000  0.000000000000000E+000
  0.000000000000000E+000  0.000000000000000E+000  0.000000000000000E+000
  0.000000000000000E+000  0.000000000000000E+000  0.000000000000000E+000
  0.000000000000000E+000  0.000000000000000E+000  0.000000000000000E+000
  2.778253837363454E-002 -1.646601002104788E-002 -6.092979054077960E-003
  0.323639166891702      -0.636319795290766       0.268144968011082     
 -0.195407682036194       0.921176707368324      -0.296574117603062     
 -0.120592315649292       9.969319605990054E-002 -0.153717732393346     
  7.928719034519220E-002  0.695694613182546      -0.609582971830390     
  0.205304918632813       0.186113995635603      -0.176620148267221     
 -0.299840626681768      -0.508680120931646       0.495616709038506     
  4.608422866553843E-002  0.263272418255309      -0.166200561030129     
  0.540136450119100       0.399714211574573      -0.595500196887731     
  0.143399140239726      -5.794586405147507E-002 -0.153512840009126     
  0.935524811558124       0.316333428065520      -0.304400183257409     
 -0.743558379776632      -4.487622517303318E-002  0.276158293551793     
 -2.373698874054406E-002  2.190425606537800E-002 -5.689110513187777E-003
  0.000000000000000E+000  0.000000000000000E+000  0.000000000000000E+000
  0.000000000000000E+000  0.000000000000000E+000  0.000000000000000E+000
  0.000000000000000E+000  0.000000000000000E+000  0.000000000000000E+000
  0.000000000000000E+000  0.000000000000000E+000  0.000000000000000E+000
  3.475850290463281E-002 -8.102247153477753E-002  3.145522154648462E-003
  0.148804191152466      -6.202174801018553E-002  0.250087983149938     
 -0.376038873663081       0.934109438344760      -0.360058224802635     
  0.142099783607950      -0.907378830552915       0.599354385475293     
  0.127579226632525      -0.674679014993322       0.720666890807301     
  5.217474260384576E-002  0.337186285693024      -0.434310525782686     
  0.292575610489223       0.518293279120360      -0.815594081693272     
  0.262133955137979       0.228609041444247      -0.437457401574676     
 -0.610198748367256      -0.210394671584374       0.679328688473674     
 -0.901379432391751      -0.351199816873431       0.637367291431897     
   1.00777879012188       0.150883406336655      -0.362233370298281     
 -0.146085886606474       9.833697765563273E-002  0.255862947248885     
 -8.921749087712190E-002 -9.354106358572726E-003  4.423440110249629E-003
  0.000000000000000E+000  0.000000000000000E+000  0.000000000000000E+000
  0.000000000000000E+000  0.000000000000000E+000  0.000000000000000E+000
  0.000000000000000E+000  0.000000000000000E+000  0.000000000000000E+000
  0.000000000000000E+000  0.000000000000000E+000  0.000000000000000E+000
  5.286226636648201E-002 -2.989975310713563E-002  7.581328777709574E-002
 -0.219442863992031       0.614634551938286      -0.101750222593623     
  0.123688570179802      -0.538952499302528       0.522842524811854     
  8.093468407925873E-002 -8.707523307685940E-002  0.435933947978047     
  5.940916231503337E-002  0.799448424890583      -0.942572525520882     
  0.179783345425476      -0.580616450050897       0.705361182070328     
 -0.330463672772781      -0.568919162473608       0.753256602258393     
 -0.596545983162510      -0.126820266591699       0.713992990105089     
  0.658926456618008       0.455127073868854      -0.952651120757556     
 -8.699336401843652E-002  3.198138600405431E-002  0.410240237179308     
 -0.541899603013835      -0.164832597328937       0.537965206774097     
  0.651948409703220       0.121101358858786      -0.108439595767720     
 -5.379193884879584E-002  3.258893312859872E-002  7.825402952466541E-002
  0.000000000000000E+000  0.000000000000000E+000  0.000000000000000E+000
  0.000000000000000E+000  0.000000000000000E+000  0.000000000000000E+000
  0.000000000000000E+000  0.000000000000000E+000  0.000000000000000E+000
  0.000000000000000E+000  0.000000000000000E+000  0.000000000000000E+000
  4.134625943650150E-002  1.999785803571636E-002  3.444694069526004E-002
 -0.103782242567176       0.213927346770663       1.065740923409877E-002
  0.178118819208234      -0.361060124880642       0.525242244210290     
 -0.159466359499545       0.547346895601505      -0.533398195367077     
  2.373420766239217E-003  0.193809184577841      -0.171330399886659     
 -0.224297864697797       0.153039753711878      -0.323244642302223     
 -0.175925792026290      -0.316396143772735      -3.929247802049928E-002
  0.238639978133304      -0.116944555068321      -0.301787373869225     
  0.146050609890570       0.107217382755505      -0.149354039377267     
  0.571879919677857       0.134822106319382      -0.563352180897350     
 -0.406615576648133      -2.401279200004019E-002  0.530861932493256     
  0.251156098726765       1.545226894837204E-002  2.138397819548091E-003
 -4.326103004451891E-003  4.936228214357591E-002  3.589182876161693E-002
  0.000000000000000E+000  0.000000000000000E+000  0.000000000000000E+000
  0.000000000000000E+000  0.000000000000000E+000  0.000000000000000E+000
  0.000000000000000E+000  0.000000000000000E+000  0.000000000000000E+000
  0.000000000000000E+000  0.000000000000000E+000  0.000000000000000E+000
  1.036689615821412E-002 -2.675798448931125E-004  3.953618804040794E-003
 -7.945472710996080E-003  5.894892133396345E-002  0.116832367480320     
 -5.798771254642091E-002  1.520288346263401E-002 -0.105660560452939     
  0.450115449563455      -0.291566459688502       0.691940603646217     
  0.200588227004621       0.150464225487112       0.834429808102827     
 -0.291808901903060       5.711821582878015E-003 -0.176588082635675     
 -3.643852408096147E-002 -5.235838010184651E-002  0.589508133434761     
  0.155294918818319      -0.264016155828294      -0.225893521252158     
  4.074167701498124E-002  0.249208858751760       0.823784863229091     
 -0.490194642572180       0.249106042468036       0.709054582408920     
  4.237568065110610E-002 -4.240269369012589E-002 -0.109240476711994     
  5.625109995924144E-002  2.371230232544903E-002  0.116314666010897     
 -6.112596320871579E-003  9.297463644181993E-003  4.369009529806208E-003
  0.000000000000000E+000  0.000000000000000E+000  0.000000000000000E+000
  0.000000000000000E+000  0.000000000000000E+000  0.000000000000000E+000
  0.000000000000000E+000  0.000000000000000E+000  0.000000000000000E+000
  0.000000000000000E+000  0.000000000000000E+000  0.000000000000000E+000
  0.000000000000000E+000  0.000000000000000E+000  0.000000000000000E+000
  0.000000000000000E+000  0.000000000000000E+000  0.000000000000000E+000
  0.000000000000000E+000  0.000000000000000E+000  0.000000000000000E+000
  0.000000000000000E+000  0.000000000000000E+000  0.000000000000000E+000
  0.000000000000000E+000  0.000000000000000E+000  0.000000000000000E+000
  0.000000000000000E+000  0.000000000000000E+000  0.000000000000000E+000
  0.000000000000000E+000  0.000000000000000E+000  0.000000000000000E+000
  0.000000000000000E+000  0.000000000000000E+000  0.000000000000000E+000
  0.000000000000000E+000  0.000000000000000E+000  0.000000000000000E+000
  0.000000000000000E+000  0.000000000000000E+000  0.000000000000000E+000
  0.000000000000000E+000  0.000000000000000E+000  0.000000000000000E+000
  0.000000000000000E+000  0.000000000000000E+000  0.000000000000000E+000
  0.000000000000000E+000  0.000000000000000E+000  0.000000000000000E+000
  0.000000000000000E+000  0.000000000000000E+000  0.000000000000000E+000
  0.000000000000000E+000  0.000000000000000E+000  0.000000000000000E+000
  0.000000000000000E+000  0.000000000000000E+000  0.000000000000000E+000
  0.000000000000000E+000  0.000000000000000E+000  0.000000000000000E+000
  0.000000000000000E+000  0.000000000000000E+000  0.000000000000000E+000
  0.000000000000000E+000  0.000000000000000E+000  0.000000000000000E+000
  0.000000000000000E+000  0.000000000000000E+000  0.000000000000000E+000
  0.000000000000000E+000  0.000000000000000E+000  0.000000000000000E+000
  0.000000000000000E+000  0.000000000000000E+000  0.000000000000000E+000
  0.000000000000000E+000  0.000000000000000E+000  0.000000000000000E+000
  0.000000000000000E+000  0.000000000000000E+000  0.000000000000000E+000
  0.000000000000000E+000  0.000000000000000E+000  0.000000000000000E+000
  0.000000000000000E+000  0.000000000000000E+000  0.000000000000000E+000
  0.000000000000000E+000  0.000000000000000E+000  0.000000000000000E+000
  0.000000000000000E+000  0.000000000000000E+000  0.000000000000000E+000
  0.000000000000000E+000  0.000000000000000E+000  0.000000000000000E+000
  0.000000000000000E+000  0.000000000000000E+000  0.000000000000000E+000
  0.000000000000000E+000  0.000000000000000E+000  0.000000000000000E+000
  0.000000000000000E+000  0.000000000000000E+000  0.000000000000000E+000
