         140  1.399999999999997E-002  1.399999999999997E-002
  0.000000000000000E+000  0.000000000000000E+000  0.000000000000000E+000
  0.000000000000000E+000  0.000000000000000E+000  0.000000000000000E+000
  2.908770595513761E-002  5.331784251203424E-002 -5.246343481687515E-002
  2.854901656030169E-002  0.128974229913407      -9.887907660758420E-002
  4.125458719661278E-002  0.158680391933545      -0.141661912047232     
  4.843193030002488E-002  0.172269152632093      -0.168668762338375     
  5.446151465316407E-002  0.159093412942491      -0.181313959354297     
  6.185727768733968E-002  0.139141586483204      -0.183099816804697     
  7.283383219467975E-002  0.126196552358515      -0.183210008403475     
  8.951212395826622E-002  0.123154821576608      -0.183112953559610     
  0.110475454589341       0.126731076379078      -0.181326752516816     
  0.124882437971746       0.128100936919557      -0.168674582410523     
  0.116719603287716       0.115111341488593      -0.141685553470766     
  9.733443122079746E-002  8.922544662746411E-002 -9.885717198424498E-002
  3.167133245422386E-002  5.189598062992785E-002 -5.251707102330201E-002
  0.000000000000000E+000  0.000000000000000E+000  0.000000000000000E+000
  0.000000000000000E+000  0.000000000000000E+000  0.000000000000000E+000
  0.000000000000000E+000  0.000000000000000E+000  0.000000000000000E+000
  0.000000000000000E+000  0.000000000000000E+000  0.000000000000000E+000
  2.638852010950397E-002  4.985533743584294E-002 -4.698652181565213E-002
  2.748454434052816E-002  0.122024309118218      -9.525416184881898E-002
  3.719729936769512E-002  0.154878897028676      -0.136427646337071     
  4.520880216114800E-002  0.166738497218634      -0.166084272462955     
  5.304858629639379E-002  0.153834314206086      -0.179190563248640     
  6.137990461195467E-002  0.134653244367023      -0.181358829178618     
  7.103396732132181E-002  0.123084319330074      -0.181059874348817     
  8.587740157850957E-002  0.120512406843241      -0.181383604011632     
  0.106640274222001       0.122888170707002      -0.179210757407337     
  0.121710820100053       0.122540940383316      -0.166089315182477     
  0.115458758256820       0.109692532915931      -0.136442583656871     
  9.185496007773909E-002  8.481733024670005E-002 -9.522680761066732E-002
  3.001586535506779E-002  4.782219185168325E-002 -4.703166333875443E-002
  0.000000000000000E+000  0.000000000000000E+000  0.000000000000000E+000
  0.000000000000000E+000  0.000000000000000E+000  0.000000000000000E+000
  0.000000000000000E+000  0.000000000000000E+000  0.000000000000000E+000
  0.000000000000000E+000  0.000000000000000E+000  0.000000000000000E+000
  2.392238448678079E-002  4.069808314305762E-002 -3.862240177479573E-002
  2.466135717715636E-002  0.110620488183457      -8.629171126113058E-002
  3.377251365992103E-002  0.146901213524491      -0.127363124787263     
  4.106372881554681E-002  0.158781575916872      -0.158015153275580     
  5.071439209047587E-002  0.147043602742414      -0.172243830857842     
  5.877365183786472E-002  0.129055409014971      -0.175181375565818     
  6.840132431222339E-002  0.118523755204509      -0.175404725335030     
  8.235354060949250E-002  0.115493017862246      -0.175233151922091     
  0.101952945543711       0.117479291626415      -0.172282193819695     
  0.116899392867621       0.114980880315848      -0.158018354896396     
  0.110274077844834       0.102710709632953      -0.127359874812489     
  8.338954139295673E-002  7.667555881603358E-002 -8.625894602942789E-002
  2.331773748984782E-002  4.108313222623167E-002 -3.864746396393503E-002
  0.000000000000000E+000  0.000000000000000E+000  0.000000000000000E+000
  0.000000000000000E+000  0.000000000000000E+000  0.000000000000000E+000
  0.000000000000000E+000  0.000000000000000E+000  0.000000000000000E+000
  0.000000000000000E+000  0.000000000000000E+000  0.000000000000000E+000
  2.114943040167618E-002  2.392012662009059E-002 -2.944546675494285E-002
  2.398352696643803E-002  9.893313721260577E-002 -7.549253766376215E-002
  3.158107051748817E-002  0.138553359419012      -0.116734210748957     
  3.947691923790210E-002  0.152757173309631      -0.148361757539684     
  4.745199197166730E-002  0.143380542636066      -0.163398338769822     
  5.644180820876703E-002  0.126868719192549      -0.167445609771212     
  6.685326252042217E-002  0.115834023490166      -0.168036393526953     
  8.167199259378376E-002  0.112410339241688      -0.167550151172134     
  0.100432480207265       0.112857715879061      -0.163467307549053     
  0.112493490163958       0.110576642540432      -0.148357403571023     
  0.104128756872465       9.665366981885171E-002 -0.116722910997471     
  7.364056883016541E-002  7.020771796408762E-002 -7.543825780123940E-002
  1.013708957075844E-002  3.031526125569205E-002 -2.947171340857751E-002
  0.000000000000000E+000  0.000000000000000E+000  0.000000000000000E+000
  0.000000000000000E+000  0.000000000000000E+000  0.000000000000000E+000
  0.000000000000000E+000  0.000000000000000E+000  0.000000000000000E+000
  0.000000000000000E+000  0.000000000000000E+000  0.000000000000000E+000
  1.860907160599943E-002  4.646755078914656E-003 -2.061251691349597E-002
  2.192354431315998E-002  9.087991977301989E-002 -6.532133453691193E-002
  3.156956235230460E-002  0.130564914289236      -0.108225190148445     
  3.612145261489191E-002  0.145891172491843      -0.138971806247304     
  4.551718528360208E-002  0.139089590457859      -0.155406274242822     
  5.365700637513431E-002  0.123451818179153      -0.159831483084633     
  6.537655200722557E-002  0.113259563665288      -0.161171316623810     
  8.015533840667675E-002  0.108340991507980      -0.160004912594641     
  9.771630196949099E-002  0.109050283608209      -0.155512725438631     
  0.108233167242110       0.104278354015666      -0.138975340515477     
  9.723617178238911E-002  9.258919322840867E-002 -0.108185223356454     
  6.768653903418202E-002  6.446881539713591E-002 -6.529526920085471E-002
 -5.251370704352772E-003  1.841567770962056E-002 -2.060375470423647E-002
  0.000000000000000E+000  0.000000000000000E+000  0.000000000000000E+000
  0.000000000000000E+000  0.000000000000000E+000  0.000000000000000E+000
  0.000000000000000E+000  0.000000000000000E+000  0.000000000000000E+000
  0.000000000000000E+000  0.000000000000000E+000  0.000000000000000E+000
  9.907906599350695E-003 -9.369165658658120E-003 -1.269058415858063E-002
  2.619818635005510E-002  8.569676269576822E-002 -5.841813559282632E-002
  2.597612260863491E-002  0.116337000090104      -9.691702235059438E-002
  3.423680954241132E-002  0.135861919673375      -0.128127831460738     
  4.091337028487994E-002  0.128424806331626      -0.143783805903722     
  4.977701743802010E-002  0.115544184678334      -0.148898649119205     
  6.092846970202062E-002  0.105536071059022      -0.150311007780485     
  7.530753150287395E-002  0.101091594224086      -0.149161855116647     
  9.081426216483113E-002  9.976248952157925E-002 -0.143934091962314     
  0.100523211504027       9.764307171172958E-002 -0.128154046238796     
  8.770806825248847E-002  8.067340520278825E-002 -9.686748690710018E-002
  6.110269319076706E-002  6.547368344842872E-002 -5.836356706546222E-002
 -1.307716091541571E-002  4.024147696307160E-003 -1.273651952802481E-002
  0.000000000000000E+000  0.000000000000000E+000  0.000000000000000E+000
  0.000000000000000E+000  0.000000000000000E+000  0.000000000000000E+000
  0.000000000000000E+000  0.000000000000000E+000  0.000000000000000E+000
  0.000000000000000E+000  0.000000000000000E+000  0.000000000000000E+000
  1.098597133916681E-002 -9.733262892370051E-003 -1.051815789571823E-002
  2.214171857688830E-002  7.041533607774925E-002 -4.759071398763030E-002
  2.332391056513013E-002  9.840994706605909E-002 -8.290982499856149E-002
  2.926186964027130E-002  0.117010153687168      -0.111748169038127     
  3.510628030223445E-002  0.111707235775735      -0.126500622840415     
  4.328295870425145E-002  0.101453881841406      -0.132281208106696     
  5.355909077970335E-002  9.275243754580711E-002 -0.133850071568706     
  6.640622268795467E-002  8.846435333192934E-002 -0.132635778536856     
  7.927250841358453E-002  8.641388584813432E-002 -0.126705685929874     
  8.669302327067099E-002  8.389791584114355E-002 -0.111791426414502     
  7.358598513174619E-002  6.946874791724823E-002 -8.288413344863634E-002
  4.982718833627120E-002  5.428044496630745E-002 -4.753475828603167E-002
 -1.386761091007167E-002  4.748943380944743E-003 -1.049344613834850E-002
  0.000000000000000E+000  0.000000000000000E+000  0.000000000000000E+000
  0.000000000000000E+000  0.000000000000000E+000  0.000000000000000E+000
  0.000000000000000E+000  0.000000000000000E+000  0.000000000000000E+000
  0.000000000000000E+000  0.000000000000000E+000  0.000000000000000E+000
  6.151865200987272E-003 -9.022038678114436E-003 -5.755350917608343E-003
  2.029893827980732E-002  5.006326466541481E-002 -3.595382746757330E-002
  1.887933440130439E-002  7.291944913611165E-002 -6.286066117100433E-002
  2.377930676690469E-002  8.964202233735484E-002 -8.713937221089878E-002
  2.808432325210326E-002  8.790443025483252E-002 -0.100967916693889     
  3.454334096034768E-002  8.086169431099129E-002 -0.106712699757724     
  4.303714748698435E-002  7.448302007150601E-002 -0.108759716144492     
  5.297400022027526E-002  7.062733109733355E-002 -0.107126148667016     
  6.216297997838829E-002  6.843376503829315E-002 -0.101200657256511     
  6.575674552779137E-002  6.547994731913341E-002 -8.719810157669380E-002
  5.374901451790236E-002  5.285382516301470E-002 -6.285454928727788E-002
  3.318646056663886E-002  4.256044529574125E-002 -3.591411549898271E-002
 -1.090425736173727E-002  8.540959264792754E-004 -5.729466538689579E-003
  0.000000000000000E+000  0.000000000000000E+000  0.000000000000000E+000
  0.000000000000000E+000  0.000000000000000E+000  0.000000000000000E+000
  0.000000000000000E+000  0.000000000000000E+000  0.000000000000000E+000
  0.000000000000000E+000  0.000000000000000E+000  0.000000000000000E+000
  3.117223133409569E-003 -7.766108619043040E-003 -4.194922062103163E-003
  1.479338798095619E-002  2.869466278554842E-002 -2.092930593664073E-002
  1.316104214994638E-002  3.998208790179233E-002 -3.575571558695795E-002
  1.697798676493958E-002  5.587155490113423E-002 -5.430451362259657E-002
  1.882853835936566E-002  5.537623446012502E-002 -6.446647508082450E-002
  2.275898402104279E-002  5.256818295220176E-002 -6.970468009344052E-002
  2.817376786371451E-002  4.871601402259946E-002 -7.168465049739646E-002
  3.434205235327208E-002  4.623583873494586E-002 -7.011197871242637E-002
  3.859880276742629E-002  4.411958533838203E-002 -6.465940177751781E-002
  3.991764995196806E-002  4.268132816024196E-002 -5.436036614271115E-002
  2.807071181378593E-002  3.143002993788462E-002 -3.574818688591314E-002
  1.746676402901776E-002  2.710475145306928E-002 -2.091747796809589E-002
 -8.297075234523733E-003 -1.136353340604158E-003 -4.154521978550913E-003
  0.000000000000000E+000  0.000000000000000E+000  0.000000000000000E+000
  0.000000000000000E+000  0.000000000000000E+000  0.000000000000000E+000
  0.000000000000000E+000  0.000000000000000E+000  0.000000000000000E+000
  0.000000000000000E+000  0.000000000000000E+000  0.000000000000000E+000
  1.662535174587971E-004 -3.451662052717870E-003 -3.496645230280437E-003
  6.749349469073836E-003  5.734714677630774E-003 -4.712038954562440E-003
  6.305436849831119E-003  8.331165132074778E-003 -8.732518833820486E-003
  1.012131441607936E-002  1.632838259959296E-002 -1.462409537640898E-002
  8.880082302795281E-003  1.752944882965922E-002 -1.728087563062520E-002
  1.013860060611745E-002  1.875442109121318E-002 -2.030963253242341E-002
  1.043638794001028E-002  1.802082596419076E-002 -2.075423192962976E-002
  1.126929133589108E-002  1.834540579839869E-002 -2.047628250898079E-002
  1.074994476318902E-002  1.653608111297496E-002 -1.733793995862187E-002
  9.109197149188116E-003  1.691941545439495E-002 -1.462620174734331E-002
  4.084436966616630E-003  9.649532266867020E-003 -8.740977540230016E-003
  1.606697702327241E-003  8.683475990969958E-003 -4.701668186321382E-003
 -3.076554692921023E-003 -1.561077087548425E-003 -3.478714155488606E-003
  0.000000000000000E+000  0.000000000000000E+000  0.000000000000000E+000
  0.000000000000000E+000  0.000000000000000E+000  0.000000000000000E+000
  0.000000000000000E+000  0.000000000000000E+000  0.000000000000000E+000
  0.000000000000000E+000  0.000000000000000E+000  0.000000000000000E+000
  0.000000000000000E+000  0.000000000000000E+000  0.000000000000000E+000
  0.000000000000000E+000  0.000000000000000E+000  0.000000000000000E+000
  0.000000000000000E+000  0.000000000000000E+000  0.000000000000000E+000
  0.000000000000000E+000  0.000000000000000E+000  0.000000000000000E+000
  0.000000000000000E+000  0.000000000000000E+000  0.000000000000000E+000
  0.000000000000000E+000  0.000000000000000E+000  0.000000000000000E+000
  0.000000000000000E+000  0.000000000000000E+000  0.000000000000000E+000
  0.000000000000000E+000  0.000000000000000E+000  0.000000000000000E+000
  0.000000000000000E+000  0.000000000000000E+000  0.000000000000000E+000
  0.000000000000000E+000  0.000000000000000E+000  0.000000000000000E+000
  0.000000000000000E+000  0.000000000000000E+000  0.000000000000000E+000
  0.000000000000000E+000  0.000000000000000E+000  0.000000000000000E+000
  0.000000000000000E+000  0.000000000000000E+000  0.000000000000000E+000
  0.000000000000000E+000  0.000000000000000E+000  0.000000000000000E+000
  0.000000000000000E+000  0.000000000000000E+000  0.000000000000000E+000
  0.000000000000000E+000  0.000000000000000E+000  0.000000000000000E+000
  0.000000000000000E+000  0.000000000000000E+000  0.000000000000000E+000
  0.000000000000000E+000  0.000000000000000E+000  0.000000000000000E+000
  0.000000000000000E+000  0.000000000000000E+000  0.000000000000000E+000
  0.000000000000000E+000  0.000000000000000E+000  0.000000000000000E+000
  0.000000000000000E+000  0.000000000000000E+000  0.000000000000000E+000
  0.000000000000000E+000  0.000000000000000E+000  0.000000000000000E+000
  0.000000000000000E+000  0.000000000000000E+000  0.000000000000000E+000
  0.000000000000000E+000  0.000000000000000E+000  0.000000000000000E+000
  0.000000000000000E+000  0.000000000000000E+000  0.000000000000000E+000
  0.000000000000000E+000  0.000000000000000E+000  0.000000000000000E+000
  0.000000000000000E+000  0.000000000000000E+000  0.000000000000000E+000
  0.000000000000000E+000  0.000000000000000E+000  0.000000000000000E+000
  0.000000000000000E+000  0.000000000000000E+000  0.000000000000000E+000
  0.000000000000000E+000  0.000000000000000E+000  0.000000000000000E+000
  0.000000000000000E+000  0.000000000000000E+000  0.000000000000000E+000
  0.000000000000000E+000  0.000000000000000E+000  0.000000000000000E+000
  0.000000000000000E+000  0.000000000000000E+000  0.000000000000000E+000
  0.000000000000000E+000  0.000000000000000E+000  0.000000000000000E+000
 -2.527795817774142E-003 -1.069249713367868E-002  1.223703030293641E-002
  1.147039376586404E-003 -2.516262093340513E-002  2.847638241608354E-002
 -1.942506623264622E-005 -4.264972310604349E-002  4.751140054422177E-002
 -1.191450522196572E-003 -4.175310247980590E-002  5.679599734845857E-002
  9.828302708504830E-004 -1.439366384826393E-002  4.961003232751217E-002
  2.177890312453071E-003 -1.204981284160114E-003  4.683523779570224E-002
 -1.967827462728102E-003 -3.548678014942081E-003  5.025534161832693E-002
 -1.747965020303455E-003  1.647933860084510E-003  4.648858913938368E-002
 -1.277648146336371E-002 -6.252987552782575E-003  4.944059156787817E-002
 -3.552900698600994E-002 -2.197113318478536E-002  5.675674236912060E-002
 -3.693269500452934E-002 -2.141557022261269E-002  4.753960100438172E-002
 -2.257469455689651E-002 -1.165351984401901E-002  2.861110412286987E-002
 -8.123153704881061E-003 -7.593780687253562E-003  1.234214698498601E-002
  0.000000000000000E+000  0.000000000000000E+000  0.000000000000000E+000
  0.000000000000000E+000  0.000000000000000E+000  0.000000000000000E+000
  0.000000000000000E+000  0.000000000000000E+000  0.000000000000000E+000
  0.000000000000000E+000  0.000000000000000E+000  0.000000000000000E+000
 -1.925925597724140E-003 -9.653658029311757E-003  1.082954404893435E-002
  9.291808977418571E-004 -2.295717379501003E-002  2.682948977652554E-002
  1.348454099092303E-003 -3.975486369899404E-002  4.514535488363852E-002
 -1.135168618816738E-004 -3.909978650464301E-002  5.578562339482462E-002
 -7.875880445877470E-004 -1.558585818242947E-002  4.982115814850403E-002
  5.387470455571534E-004 -4.731563924119613E-003  4.686591455656484E-002
 -2.822462043731368E-003 -4.934123187573827E-003  5.011423689896810E-002
 -4.054090320864553E-003 -1.649229021113329E-003  4.652298335062489E-002
 -1.297419036709742E-002 -8.481532900479217E-003  4.968153985345299E-002
 -3.381282636827782E-002 -1.974072808494135E-002  5.576371568863465E-002
 -3.506090667758083E-002 -1.876360236860128E-002  4.516453669501515E-002
 -2.046943970010496E-002 -1.071030334637539E-002  2.693851052346756E-002
 -7.511893852407389E-003 -6.541546444101045E-003  1.092373938772887E-002
  0.000000000000000E+000  0.000000000000000E+000  0.000000000000000E+000
  0.000000000000000E+000  0.000000000000000E+000  0.000000000000000E+000
  0.000000000000000E+000  0.000000000000000E+000  0.000000000000000E+000
  0.000000000000000E+000  0.000000000000000E+000  0.000000000000000E+000
 -2.022798571349792E-003 -7.478549078266608E-003  9.276021097103418E-003
  4.992048629050079E-004 -1.845114350935933E-002  2.311690743066640E-002
  2.188502195489536E-003 -3.386065318584210E-002  4.081018676863398E-002
  7.639969830155095E-004 -3.713327409794178E-002  5.315733260954275E-002
 -1.553108481180676E-003 -2.066093756549010E-002  5.085338644209837E-002
 -1.633817888706341E-003 -1.021733158864783E-002  4.888175513480152E-002
 -4.987652437229357E-003 -8.637569467681445E-003  5.101069160404194E-002
 -7.840935891868281E-003 -6.379013485470802E-003  4.863768975113694E-002
 -1.718004565148027E-002 -1.185112863203870E-002  5.084585394285893E-002
 -3.265176298144638E-002 -1.808868742317223E-002  5.320793704523356E-002
 -3.026458653788079E-002 -1.503942696391210E-002  4.079177149714612E-002
 -1.617756946594319E-002 -8.789181044267305E-003  2.317306843540775E-002
 -5.551735822269288E-003 -5.510145872636337E-003  9.354513756973319E-003
  0.000000000000000E+000  0.000000000000000E+000  0.000000000000000E+000
  0.000000000000000E+000  0.000000000000000E+000  0.000000000000000E+000
  0.000000000000000E+000  0.000000000000000E+000  0.000000000000000E+000
  0.000000000000000E+000  0.000000000000000E+000  0.000000000000000E+000
 -2.592083344475463E-003 -3.802759944388668E-003  7.664007101836780E-003
 -2.987705907731088E-004 -1.319788753756785E-002  1.888817198878955E-002
  1.919848639928043E-003 -2.750749504419268E-002  3.535569198287607E-002
  8.768877960024943E-004 -3.806158725065289E-002  5.124902284144250E-002
 -1.944471367560685E-003 -3.001984182695704E-002  5.489312391563959E-002
 -4.086935860422784E-003 -1.897601382008694E-002  5.372815438711976E-002
 -8.203767086533434E-003 -1.416416623829586E-002  5.439555999140042E-002
 -1.425933695173281E-002 -1.286926945022732E-002  5.352495365941026E-002
 -2.525795757412974E-002 -1.696640493083437E-002  5.507851259779056E-002
 -3.363984157748332E-002 -1.854764962067322E-002  5.141739998730704E-002
 -2.449882450341296E-002 -1.208214791049027E-002  3.529506144990866E-002
 -1.107910215214067E-002 -6.794623559954527E-003  1.888530919805355E-002
 -2.026460915019150E-003 -4.155516891954379E-003  7.731743632313221E-003
  0.000000000000000E+000  0.000000000000000E+000  0.000000000000000E+000
  0.000000000000000E+000  0.000000000000000E+000  0.000000000000000E+000
  0.000000000000000E+000  0.000000000000000E+000  0.000000000000000E+000
  0.000000000000000E+000  0.000000000000000E+000  0.000000000000000E+000
 -2.639291250292607E-003 -2.009692032219349E-004  5.638250047631932E-003
 -4.052044873177254E-004 -1.001901933185884E-002  1.540118763575404E-002
  1.636392043597001E-003 -2.461480624701900E-002  3.161554211831460E-002
  9.962447293603328E-004 -3.957158569522702E-002  4.974453330017235E-002
 -3.051542462674439E-003 -3.683651749139039E-002  5.735161873058508E-002
 -6.053538692435565E-003 -2.523160838727420E-002  5.608026672064389E-002
 -1.063428883331470E-002 -1.834657752412606E-002  5.512807161373890E-002
 -1.867831138461330E-002 -1.763875560893265E-002  5.584697086686412E-002
 -3.049428471398417E-002 -2.120956533681215E-002  5.747713712963718E-002
 -3.498829178161247E-002 -1.920248911128438E-002  4.994379631988290E-002
 -2.193090982496050E-002 -1.090594661400878E-002  3.157652440004682E-002
 -8.246235198561842E-003 -5.339900702847039E-003  1.541247492338328E-002
  1.135428432174789E-003 -2.346934034002378E-003  5.680737273347799E-003
  0.000000000000000E+000  0.000000000000000E+000  0.000000000000000E+000
  0.000000000000000E+000  0.000000000000000E+000  0.000000000000000E+000
  0.000000000000000E+000  0.000000000000000E+000  0.000000000000000E+000
  0.000000000000000E+000  0.000000000000000E+000  0.000000000000000E+000
 -1.677627833533637E-003  1.902363595779642E-003  4.364478514404477E-003
 -1.365596151842750E-003 -9.417661217614018E-003  1.299160012829852E-002
  2.440867393110129E-003 -2.430895485059473E-002  2.884909911945736E-002
  9.457610893770464E-004 -3.773371085265480E-002  4.616918608807381E-002
 -2.509814232987898E-003 -3.373725562032982E-002  5.248658636838049E-002
 -5.773891282621400E-003 -2.330672054446057E-002  5.078055421681748E-002
 -9.892938458721834E-003 -1.706608776588056E-002  4.999206146919692E-002
 -1.723619371288588E-002 -1.650115744746289E-002  5.067975572498470E-002
 -2.794028493243548E-002 -1.903828540780173E-002  5.249902035125704E-002
 -3.320522093776496E-002 -1.818716351762520E-002  4.627367404502587E-002
 -2.225727798894570E-002 -1.016684379137528E-002  2.889987101548506E-002
 -7.429393747723121E-003 -5.915874432336948E-003  1.303984416740037E-002
  2.536998871871483E-003 -5.135018608399228E-004  4.427091454535544E-003
  0.000000000000000E+000  0.000000000000000E+000  0.000000000000000E+000
  0.000000000000000E+000  0.000000000000000E+000  0.000000000000000E+000
  0.000000000000000E+000  0.000000000000000E+000  0.000000000000000E+000
  0.000000000000000E+000  0.000000000000000E+000  0.000000000000000E+000
 -2.217089029053664E-003  2.319148612950219E-003  3.841638777137372E-003
 -7.841018512272841E-004 -8.858096690971651E-003  1.040295758167450E-002
  2.057878468009065E-003 -2.295712573129385E-002  2.574802953944066E-002
  1.179526645515900E-003 -2.789306451699089E-002  3.687295156952252E-002
 -9.159371326079630E-004 -2.042538410356201E-002  3.714158442226503E-002
 -3.608432261322864E-003 -1.608902698433844E-002  3.898548228065572E-002
 -8.066821109950656E-003 -1.392073657097614E-002  4.217967733229730E-002
 -1.218127887045020E-002 -1.114160370760858E-002  3.911502411785472E-002
 -1.735150150718117E-002 -1.106385082976911E-002  3.730892171483403E-002
 -2.459978126968993E-002 -1.288905939410389E-002  3.679515995602835E-002
 -2.105647507732990E-002 -9.882801931356121E-003  2.589128074887459E-002
 -7.350492421886180E-003 -5.181103061566493E-003  1.049324117463794E-002
  3.127602667886948E-003 -8.037022890368525E-004  3.880337727321236E-003
  0.000000000000000E+000  0.000000000000000E+000  0.000000000000000E+000
  0.000000000000000E+000  0.000000000000000E+000  0.000000000000000E+000
  0.000000000000000E+000  0.000000000000000E+000  0.000000000000000E+000
  0.000000000000000E+000  0.000000000000000E+000  0.000000000000000E+000
 -1.185859622240673E-003  1.852426879352474E-003  2.318931069694618E-003
 -1.364472332292346E-003 -6.827815624365284E-003  7.882681683959119E-003
  1.304975967683223E-003 -1.728017392668333E-002  1.988587641219071E-002
  4.515969551547688E-004 -1.291365129708295E-002  2.114609417405708E-002
  9.915411238087333E-005 -6.016439719879439E-003  1.703243556892099E-002
 -1.865408380975075E-003 -9.810937123950500E-003  2.638224095271822E-002
 -6.396413466322114E-003 -1.103491646256000E-002  3.420570490426070E-002
 -7.547399924318349E-003 -6.460619173741420E-003  2.644579505394147E-002
 -5.605906850339643E-003 -3.104669621296891E-003  1.753481800174096E-002
 -1.125165997265644E-002 -5.968885174247672E-003  2.096863033247183E-002
 -1.570231491906262E-002 -7.612916168407599E-003  1.998868124238647E-002
 -5.390757813830889E-003 -4.723537902855664E-003  8.007763464921647E-003
  2.251383559883298E-003 -1.168807191636560E-004  2.336015990014809E-003
  0.000000000000000E+000  0.000000000000000E+000  0.000000000000000E+000
  0.000000000000000E+000  0.000000000000000E+000  0.000000000000000E+000
  0.000000000000000E+000  0.000000000000000E+000  0.000000000000000E+000
  0.000000000000000E+000  0.000000000000000E+000  0.000000000000000E+000
 -5.736935848212867E-004  1.365791472136286E-003  1.134402651557749E-003
 -1.597928011426955E-003 -3.681253929009522E-003  4.791552095831383E-003
 -3.429416713838574E-004 -8.042855009425878E-003  1.000161898721857E-002
 -6.008451789775135E-004 -1.657775328521170E-003  5.883754955135335E-003
 -1.178025495676908E-005  8.941294295228573E-004  2.959672717474555E-003
 -1.034159090603585E-003 -5.556571992244768E-003  1.550505596491436E-002
 -3.945546613237031E-003 -6.767623416099197E-003  2.185578946944701E-002
 -4.126402019011584E-003 -3.534072432910673E-003  1.522531131327268E-002
  4.594914952913306E-004  2.718300207446684E-004  3.491518009158358E-003
 -1.102190786192509E-003 -1.308138661602675E-003  5.782017899662093E-003
 -6.769628414659264E-003 -4.305462359000075E-003  1.000290083198510E-002
 -2.512885978704344E-003 -3.351336267092443E-003  4.847094161665670E-003
  1.533907543579611E-003  2.099091252411868E-004  1.202381766303733E-003
  0.000000000000000E+000  0.000000000000000E+000  0.000000000000000E+000
  0.000000000000000E+000  0.000000000000000E+000  0.000000000000000E+000
  0.000000000000000E+000  0.000000000000000E+000  0.000000000000000E+000
  0.000000000000000E+000  0.000000000000000E+000  0.000000000000000E+000
  1.390645433954841E-004  6.665784304341085E-004  1.275527576225323E-003
 -9.467176109010983E-004 -1.930956772005050E-004  7.860675418718199E-004
 -7.225596634490571E-004 -6.633565326755831E-004  1.806093246303640E-003
 -2.928138629386965E-004  1.399297612555880E-003 -4.234356275707849E-004
 -2.691301389057322E-006  1.552140692175706E-003 -4.656785646820946E-004
 -8.844514785540240E-004 -1.012487889090965E-003  3.166747437451439E-003
 -9.812826319516306E-004 -1.719270105338100E-003  4.132485936508131E-003
 -3.196057424066902E-004 -1.186231296976482E-003  2.950291406300916E-003
  1.257879856035523E-003  7.146014681102606E-004 -3.488870258721984E-004
  1.346016600706961E-003  4.437241188022868E-004 -4.301955814495917E-004
 -2.114657382634774E-004 -9.286485152483904E-004  1.783872574341449E-003
  2.949390840802081E-004 -9.545589757337872E-004  7.820370307385858E-004
  5.194536955296521E-004  4.622695525430647E-004  1.300647325636672E-003
  0.000000000000000E+000  0.000000000000000E+000  0.000000000000000E+000
  0.000000000000000E+000  0.000000000000000E+000  0.000000000000000E+000
  0.000000000000000E+000  0.000000000000000E+000  0.000000000000000E+000
  0.000000000000000E+000  0.000000000000000E+000  0.000000000000000E+000
  0.000000000000000E+000  0.000000000000000E+000  0.000000000000000E+000
  0.000000000000000E+000  0.000000000000000E+000  0.000000000000000E+000
  0.000000000000000E+000  0.000000000000000E+000  0.000000000000000E+000
  0.000000000000000E+000  0.000000000000000E+000  0.000000000000000E+000
  0.000000000000000E+000  0.000000000000000E+000  0.000000000000000E+000
  0.000000000000000E+000  0.000000000000000E+000  0.000000000000000E+000
  0.000000000000000E+000  0.000000000000000E+000  0.000000000000000E+000
  0.000000000000000E+000  0.000000000000000E+000  0.000000000000000E+000
  0.000000000000000E+000  0.000000000000000E+000  0.000000000000000E+000
  0.000000000000000E+000  0.000000000000000E+000  0.000000000000000E+000
  0.000000000000000E+000  0.000000000000000E+000  0.000000000000000E+000
  0.000000000000000E+000  0.000000000000000E+000  0.000000000000000E+000
  0.000000000000000E+000  0.000000000000000E+000  0.000000000000000E+000
  0.000000000000000E+000  0.000000000000000E+000  0.000000000000000E+000
  0.000000000000000E+000  0.000000000000000E+000  0.000000000000000E+000
  0.000000000000000E+000  0.000000000000000E+000  0.000000000000000E+000
  0.000000000000000E+000  0.000000000000000E+000  0.000000000000000E+000
  0.000000000000000E+000  0.000000000000000E+000  0.000000000000000E+000
  0.000000000000000E+000  0.000000000000000E+000  0.000000000000000E+000
  0.000000000000000E+000  0.000000000000000E+000  0.000000000000000E+000
  0.000000000000000E+000  0.000000000000000E+000  0.000000000000000E+000
  0.000000000000000E+000  0.000000000000000E+000  0.000000000000000E+000
  0.000000000000000E+000  0.000000000000000E+000  0.000000000000000E+000
  0.000000000000000E+000  0.000000000000000E+000  0.000000000000000E+000
  0.000000000000000E+000  0.000000000000000E+000  0.000000000000000E+000
  0.000000000000000E+000  0.000000000000000E+000  0.000000000000000E+000
  0.000000000000000E+000  0.000000000000000E+000  0.000000000000000E+000
  0.000000000000000E+000  0.000000000000000E+000  0.000000000000000E+000
  0.000000000000000E+000  0.000000000000000E+000  0.000000000000000E+000
  0.000000000000000E+000  0.000000000000000E+000  0.000000000000000E+000
  0.000000000000000E+000  0.000000000000000E+000  0.000000000000000E+000
  0.000000000000000E+000  0.000000000000000E+000  0.000000000000000E+000
  0.000000000000000E+000  0.000000000000000E+000  0.000000000000000E+000
  0.000000000000000E+000  0.000000000000000E+000  0.000000000000000E+000
   5.15239392591138       -18.8049100578592       -16.5566016284300     
  -16.4708518114495        57.2550835719912       -42.3495875541446     
  -12.9797770984484        80.4416869919521       -51.3779660939282     
  -4.97207088116253       -74.3540306407577        29.7167508402454     
   21.1126829631185       -8.05463994922954        3.96296553342842     
   96.4036393360203        177.299536090702       -109.062485697895     
   137.170267589546        235.576227259541       -154.266156495891     
   110.199455259345        176.520499946570       -113.523335915957     
  -14.3501331797725        16.9719364837725        1.05963284917328     
  -61.9949178022876       -41.5851254378181        29.8340064846882     
   75.7333627066880        28.6413800857615       -50.6098551218259     
   60.6085689939518        15.2905242115057       -42.9483470352585     
  -17.2556908600758       -4.08886593730207       -16.4969781378918     
  0.000000000000000E+000  0.000000000000000E+000  0.000000000000000E+000
  0.000000000000000E+000  0.000000000000000E+000  0.000000000000000E+000
  0.000000000000000E+000  0.000000000000000E+000  0.000000000000000E+000
  0.000000000000000E+000  0.000000000000000E+000  0.000000000000000E+000
   2.53777564432093       -15.7088494784250       -15.2343814990815     
  -16.6686293176823        60.3863613100013       -43.1091825920989     
  -12.2182601276338        75.4851454801529       -51.4451001603846     
   7.41060854518134       -52.3365167131252        21.0056829560395     
   26.7474343177223        27.2387974924630        1.84335394739537     
   78.8631578733217        173.692836288821       -105.521168611564     
   116.103414382675        200.242823956103       -150.603323040173     
   114.818511845991        158.069816513695       -109.938909731379     
   12.6730762144394        37.9369680212279      -0.604478647707626     
  -49.2765371097550       -20.0199675487214        21.3142220327650     
   71.3002937329543        27.0323262213698       -50.8136710515517     
   63.0445606237928        16.4781459720380       -43.5567054572802     
  -13.4574784181102       -4.82357970119339       -15.1649817651376     
  0.000000000000000E+000  0.000000000000000E+000  0.000000000000000E+000
  0.000000000000000E+000  0.000000000000000E+000  0.000000000000000E+000
  0.000000000000000E+000  0.000000000000000E+000  0.000000000000000E+000
  0.000000000000000E+000  0.000000000000000E+000  0.000000000000000E+000
  0.988309359819512       -10.1460408185316       -14.8037333744785     
  -16.1906928878610        66.6540495759688       -45.5856586185017     
  -6.41372379705346        76.0455999948738       -55.1982277993942     
   17.1029878978419       -9.56257542363599       0.684606055884109     
   38.5480479575162        71.3249914885113       -20.0568405362092     
   69.5535651457262        153.996645782689       -91.9211152116419     
   85.1242762253658        147.109061776123       -114.958532891408     
   100.871405519723        138.595784469425       -95.1418978159029     
   42.4426223651455        67.6248772781539       -20.6672284950731     
  -17.8441781573246        9.00355380314603        1.63464910827108     
   69.5086734730834        32.5712190559286       -54.7140434454840     
   67.5721909356372        19.7425708641948       -45.7791401663001     
  -8.25323068614174       -3.51933497967971       -14.6785839487542     
  0.000000000000000E+000  0.000000000000000E+000  0.000000000000000E+000
  0.000000000000000E+000  0.000000000000000E+000  0.000000000000000E+000
  0.000000000000000E+000  0.000000000000000E+000  0.000000000000000E+000
  0.000000000000000E+000  0.000000000000000E+000  0.000000000000000E+000
   1.70796792504640       -6.25751381986348       -15.7573549440880     
  -11.3045822347886        76.7273361160749       -51.5955052562011     
   2.30120996360592        78.2832735954482       -61.8822240619442     
   27.9485469933547        27.2349964401084       -25.3650494518381     
   50.6366495797811        112.295185191419       -60.7010178734530     
   65.8428588574870        131.733600399039       -79.9922917788416     
   50.9699886666957        88.4400507550537       -51.6033410020853     
   81.9733434004033        123.231146625207       -81.5713830789970     
   69.2309937789891        96.5988539575652       -58.3527484933149     
   8.33200012238610        36.0416169535891       -23.8420945847998     
   68.4271558182792        41.5593101938377       -61.8148235015980     
   73.1933522343101        28.6973457299188       -51.4758520886457     
  -5.77668515328743       -1.16730541179277       -15.5371762450643     
  0.000000000000000E+000  0.000000000000000E+000  0.000000000000000E+000
  0.000000000000000E+000  0.000000000000000E+000  0.000000000000000E+000
  0.000000000000000E+000  0.000000000000000E+000  0.000000000000000E+000
  0.000000000000000E+000  0.000000000000000E+000  0.000000000000000E+000
   5.36520843624267       -6.09125236317510       -16.1226508489056     
  -6.88980459635270        85.5378681490567       -56.3205590519880     
   13.5179715351527        74.1779911131495       -66.7267880897630     
   35.6817239325951        23.4445367302597       -29.2756030400688     
   54.6358938929012        115.389991846574       -78.4532644946332     
   64.8908256599265        128.442871265760       -91.7181776203259     
   41.3161572827649        72.2051330908133       -39.2856988414319     
   78.2335470422800        119.835435270008       -91.5630724781890     
   69.7493302853538        101.491463506956       -75.2941449278722     
   1.58374730672664        40.6884158971044       -27.7264731212067     
   60.4471604801478        49.4987746484898       -67.1549060775555     
   78.3401133245528        36.8070886569449       -56.0221523968376     
  -7.84415565823477        1.81133151836558       -15.8360385672714     
  0.000000000000000E+000  0.000000000000000E+000  0.000000000000000E+000
  0.000000000000000E+000  0.000000000000000E+000  0.000000000000000E+000
  0.000000000000000E+000  0.000000000000000E+000  0.000000000000000E+000
  0.000000000000000E+000  0.000000000000000E+000  0.000000000000000E+000
   6.00497588242898       -7.01558272100437       -14.4327622664277     
   1.96505338335039        88.9330783547015       -59.7718309400475     
   19.3775431160899        66.0364918574037       -69.1645375442776     
   38.7293958628800      -0.837302393209742       -19.5359790306701     
   49.2354519790389        90.1286319095252       -74.6562004197160     
   67.0530528036151        134.877020124565       -117.249996008504     
   54.5075762734793        95.2123785066575       -74.3385531639776     
   82.1165606902260        124.698576688911       -115.944551642636     
   51.6455171737087        85.4637312477759       -72.1747389888971     
  -20.9927766842829        31.1499763720652       -17.8476634431584     
   50.6952525019143        50.5012999572945       -69.9077240457250     
   76.9295367426917        46.1442974128800       -59.4268031013942     
  -9.16247002940212        1.75371363317700       -14.1604120467610     
  0.000000000000000E+000  0.000000000000000E+000  0.000000000000000E+000
  0.000000000000000E+000  0.000000000000000E+000  0.000000000000000E+000
  0.000000000000000E+000  0.000000000000000E+000  0.000000000000000E+000
  0.000000000000000E+000  0.000000000000000E+000  0.000000000000000E+000
   8.18944311034666       -9.86766552844031       -13.5556709959552     
   7.65563235192886        81.8307431317491       -56.6721614394641     
   20.5004817662263        66.7120506064879       -72.5259514137655     
   36.0581317306016        17.1437798942885       -34.5448242119140     
   44.3343157421734        83.0727190760995       -83.9640212242665     
   60.9752465310109        125.038962884322       -130.157176414588     
   61.7454050094969        107.550573783717       -108.200359194310     
   77.1606091863815        115.272593930509       -129.213507415565     
   49.4851058858924        79.3318342498139       -83.2199085824423     
  -4.12906749627852        38.1971883423892       -32.8762514232135     
   50.1554576441352        51.5740332719090       -73.3478480141440     
   67.8818867583747        47.5904786963872       -56.3532333435422     
  -12.7019118151089        2.09583171596762       -13.3399488582314     
  0.000000000000000E+000  0.000000000000000E+000  0.000000000000000E+000
  0.000000000000000E+000  0.000000000000000E+000  0.000000000000000E+000
  0.000000000000000E+000  0.000000000000000E+000  0.000000000000000E+000
  0.000000000000000E+000  0.000000000000000E+000  0.000000000000000E+000
   4.75399075682007       -9.86714258579435       -9.05422732597302     
   15.5908423027228        60.7865889173001       -46.8281681236669     
   14.7450443207671        73.8364090204984       -74.4663245192921     
   27.7529570822046        71.6868242929122       -85.5842884546081     
   41.0188636670008        93.0061299146162       -112.213279496662     
   53.7329279223236        107.892489040244       -129.556535977290     
   68.0467268054038        117.815944260476       -147.012130006459     
   66.4909760485462        100.778543521998       -129.090647169946     
   60.5352745338842        82.4138512445969       -112.980324837099     
   47.6292596049610        59.0408445605816       -84.5522218796665     
   58.4677816304260        50.0112748293002       -75.1769945974264     
   45.3632179083868        43.9032395802307       -46.6127812952313     
  -10.8698952689060      -0.845772351634715       -8.83934173613907     
  0.000000000000000E+000  0.000000000000000E+000  0.000000000000000E+000
  0.000000000000000E+000  0.000000000000000E+000  0.000000000000000E+000
  0.000000000000000E+000  0.000000000000000E+000  0.000000000000000E+000
  0.000000000000000E+000  0.000000000000000E+000  0.000000000000000E+000
   2.25060938267258       -7.70401954426235       -5.98090675559093     
   17.9424602399041        32.9640617883709       -28.4952381516696     
   11.3983390939769        63.5972355825710       -60.2565523062129     
   16.6308680529407        90.0769772835251       -108.711642938253     
   30.4621096415644        76.3757949740494       -107.265224740526     
   39.4601205353630        88.2885536623558       -122.339273029277     
   64.7144818570523        111.325625690605       -184.704311318705     
   56.7781482842864        78.3598434401732       -121.954980882805     
   51.2737332230919        64.9797126887564       -108.207464553229     
   69.3311142695513        59.1870566018043       -108.219829241646     
   50.4090861720439        41.8618652134815       -60.8301105168927     
   19.8504830934141        32.0538006667603       -28.1140583343508     
  -7.82388874196678       -2.01641041643403       -6.20419023145511     
  0.000000000000000E+000  0.000000000000000E+000  0.000000000000000E+000
  0.000000000000000E+000  0.000000000000000E+000  0.000000000000000E+000
  0.000000000000000E+000  0.000000000000000E+000  0.000000000000000E+000
  0.000000000000000E+000  0.000000000000000E+000  0.000000000000000E+000
 -0.976759454009243       -3.16600559073985       -7.17780253008531     
   10.4619816138971        1.45568523599447       -2.71321344866058     
   14.4597422483179        17.6207085489207       -16.5830136944866     
   22.5964584455963        30.0372383097824       -31.4061079387868     
   23.4244834072158        28.2891750767055       -30.1790939590840     
   28.8119287989880        41.4446223085963       -43.5115524418536     
   35.2890692473174        60.3997627911531       -75.5321996794678     
   21.5787840906459        45.7923227165888       -43.4861192096079     
   12.8428754654344        34.6691288735403       -30.3334831944843     
   14.6644171652066        34.5040830468069       -31.3070753864806     
   8.28194688733789        21.4608695158548       -16.6876998578430     
  -3.86368512196091        9.72281341339647       -2.61944864628311     
  -2.19223806148442       -2.40413819626667       -7.14120926235914     
  0.000000000000000E+000  0.000000000000000E+000  0.000000000000000E+000
  0.000000000000000E+000  0.000000000000000E+000  0.000000000000000E+000
  0.000000000000000E+000  0.000000000000000E+000  0.000000000000000E+000
  0.000000000000000E+000  0.000000000000000E+000  0.000000000000000E+000
  0.000000000000000E+000  0.000000000000000E+000  0.000000000000000E+000
  0.000000000000000E+000  0.000000000000000E+000  0.000000000000000E+000
  0.000000000000000E+000  0.000000000000000E+000  0.000000000000000E+000
  0.000000000000000E+000  0.000000000000000E+000  0.000000000000000E+000
  0.000000000000000E+000  0.000000000000000E+000  0.000000000000000E+000
  0.000000000000000E+000  0.000000000000000E+000  0.000000000000000E+000
  0.000000000000000E+000  0.000000000000000E+000  0.000000000000000E+000
  0.000000000000000E+000  0.000000000000000E+000  0.000000000000000E+000
  0.000000000000000E+000  0.000000000000000E+000  0.000000000000000E+000
  0.000000000000000E+000  0.000000000000000E+000  0.000000000000000E+000
  0.000000000000000E+000  0.000000000000000E+000  0.000000000000000E+000
  0.000000000000000E+000  0.000000000000000E+000  0.000000000000000E+000
  0.000000000000000E+000  0.000000000000000E+000  0.000000000000000E+000
  0.000000000000000E+000  0.000000000000000E+000  0.000000000000000E+000
  0.000000000000000E+000  0.000000000000000E+000  0.000000000000000E+000
  0.000000000000000E+000  0.000000000000000E+000  0.000000000000000E+000
  0.000000000000000E+000  0.000000000000000E+000  0.000000000000000E+000
  0.000000000000000E+000  0.000000000000000E+000  0.000000000000000E+000
  0.000000000000000E+000  0.000000000000000E+000  0.000000000000000E+000
  0.000000000000000E+000  0.000000000000000E+000  0.000000000000000E+000
  0.000000000000000E+000  0.000000000000000E+000  0.000000000000000E+000
  0.000000000000000E+000  0.000000000000000E+000  0.000000000000000E+000
  0.000000000000000E+000  0.000000000000000E+000  0.000000000000000E+000
  0.000000000000000E+000  0.000000000000000E+000  0.000000000000000E+000
  0.000000000000000E+000  0.000000000000000E+000  0.000000000000000E+000
  0.000000000000000E+000  0.000000000000000E+000  0.000000000000000E+000
  0.000000000000000E+000  0.000000000000000E+000  0.000000000000000E+000
  0.000000000000000E+000  0.000000000000000E+000  0.000000000000000E+000
  0.000000000000000E+000  0.000000000000000E+000  0.000000000000000E+000
  0.000000000000000E+000  0.000000000000000E+000  0.000000000000000E+000
  0.000000000000000E+000  0.000000000000000E+000  0.000000000000000E+000
  0.000000000000000E+000  0.000000000000000E+000  0.000000000000000E+000
