         140  1.399999999999997E-002  1.399999999999997E-002
  0.000000000000000E+000  0.000000000000000E+000  0.000000000000000E+000
  0.000000000000000E+000  0.000000000000000E+000  0.000000000000000E+000
  3.201610656087878E-002  6.403598583931357E-002 -7.586442402774822E-002
  3.149026032265098E-002  7.668749802355150E-002 -0.114650611236533     
  4.150583572302133E-002  0.104842703257422      -0.163540157309731     
  4.534114928131779E-002  0.132969034614791      -0.189184035052393     
  5.457605395959125E-002  0.159395991363216      -0.213081383846544     
  6.627211280324699E-002  0.151153342663060      -0.224302107693667     
  8.154523441340607E-002  0.141311468719193      -0.227861641420771     
  9.769473455744596E-002  0.132990711473965      -0.224298782600244     
  0.110722489765332       0.127009974810988      -0.213092270532580     
  9.251853015410008E-002  0.105833208041074      -0.189202190043851     
  7.006720989434664E-002  8.843323985098794E-002 -0.163577664596093     
  5.065434058176707E-002  6.561297028467605E-002 -0.114645294466180     
  3.946107842953486E-002  5.976942495339814E-002 -7.593284825582211E-002
  0.000000000000000E+000  0.000000000000000E+000  0.000000000000000E+000
  0.000000000000000E+000  0.000000000000000E+000  0.000000000000000E+000
  0.000000000000000E+000  0.000000000000000E+000  0.000000000000000E+000
  0.000000000000000E+000  0.000000000000000E+000  0.000000000000000E+000
  2.472509421763043E-002  6.428093183845439E-002 -6.723229442195243E-002
  2.786584546748743E-002  8.402774583196926E-002 -0.113121763733127     
  3.426239187624130E-002  0.109352763404718      -0.157090938074646     
  4.091089248605818E-002  0.136846827418052      -0.187708731094848     
  5.063668451213826E-002  0.155047339887503      -0.209672143283390     
  6.295096653595925E-002  0.143571250931478      -0.221486418899552     
  7.681836703038895E-002  0.133120068711737      -0.224006284129272     
  9.278743226271119E-002  0.126322700572882      -0.221492749244542     
  0.108909758798636       0.121415499167706      -0.209682675335822     
  9.806941594830834E-002  0.103919848666304      -0.187725018672479     
  7.757610291760604E-002  8.439874481956057E-002 -0.157113956205995     
  5.881805145171789E-002  6.613839580116752E-002 -0.113108675855345     
  4.332004886843336E-002  5.356628903486486E-002 -6.728649126885733E-002
  0.000000000000000E+000  0.000000000000000E+000  0.000000000000000E+000
  0.000000000000000E+000  0.000000000000000E+000  0.000000000000000E+000
  0.000000000000000E+000  0.000000000000000E+000  0.000000000000000E+000
  0.000000000000000E+000  0.000000000000000E+000  0.000000000000000E+000
  1.808168173674600E-002  6.454973819634369E-002 -5.617684579604431E-002
  1.931336093808958E-002  0.100584297497736      -0.106220550598740     
  2.459809553152123E-002  0.118040858525905      -0.148524512020564     
  3.175450517181179E-002  0.148797140575548      -0.181220154050149     
  4.273736025209571E-002  0.148090582959935      -0.204175553707997     
  5.409513215028033E-002  0.129665135928705      -0.213945141394993     
  6.684503979107903E-002  0.115837571300389      -0.217473592162406     
  8.515303571836427E-002  0.111694368647056      -0.213967087485807     
  0.106805252814113       0.111077425995794      -0.204188244725017     
  0.112958465311741       0.101941536080160      -0.181227451502306     
  8.991294297935574E-002  8.034952418833616E-002 -0.148523706710777     
  7.742361330341962E-002  6.699899544175324E-002 -0.106182769872807     
  4.687287203100275E-002  4.793005801748068E-002 -5.620882426171217E-002
  0.000000000000000E+000  0.000000000000000E+000  0.000000000000000E+000
  0.000000000000000E+000  0.000000000000000E+000  0.000000000000000E+000
  0.000000000000000E+000  0.000000000000000E+000  0.000000000000000E+000
  0.000000000000000E+000  0.000000000000000E+000  0.000000000000000E+000
  1.713607277298037E-002  5.723372545232274E-002 -4.672759780555873E-002
  7.774288365948813E-003  0.116618122299579      -9.695340569497521E-002
  1.387044635766995E-002  0.142584438192263      -0.139535490083308     
  1.960058684406648E-002  0.152485354657709      -0.173534905307966     
  3.065099067681286E-002  0.133350766724166      -0.192831083832087     
  3.985357963079765E-002  0.105731733375100      -0.200508575503747     
  5.125495403766941E-002  8.882409661610076E-002 -0.202388883982558     
  7.155284441151698E-002  8.740944857174389E-002 -0.200559773791794     
  0.100090077940082       9.325768764096946E-002 -0.192860707759748     
  0.122183028522213       9.321914368050437E-002 -0.173521814812327     
  0.116484894279965       8.331157649934298E-002 -0.139506174367514     
  9.702968509204503E-002  6.497700174835085E-002 -9.687223811195193E-002
  4.099303750525123E-002  4.344104899966881E-002 -4.674272036382585E-002
  0.000000000000000E+000  0.000000000000000E+000  0.000000000000000E+000
  0.000000000000000E+000  0.000000000000000E+000  0.000000000000000E+000
  0.000000000000000E+000  0.000000000000000E+000  0.000000000000000E+000
  0.000000000000000E+000  0.000000000000000E+000  0.000000000000000E+000
  1.857303774114538E-002  3.745908778156203E-002 -3.737041730580128E-002
  1.881550849783010E-003  0.116527341609152      -8.850053179111962E-002
  4.585244506990163E-003  0.141791336925419      -0.130226460050745     
  1.037846097435158E-002  0.140436257862825      -0.162728311705028     
  1.827503916066254E-002  0.113790386728038      -0.178652885774456     
  2.750278798306394E-002  8.275708334874553E-002 -0.183418635908914     
  3.672324128762011E-002  6.363723537780046E-002 -0.183560083173535     
  5.789548512190635E-002  6.528981801188312E-002 -0.183525686745515     
  8.936507276193974E-002  7.277176423006461E-002 -0.178715013096393     
  0.116341493952160       7.922023785824883E-002 -0.162706501773438     
  0.120380038972933       7.482403261792439E-002 -0.130152503671703     
  9.978265889895260E-002  5.980359501126518E-002 -8.838100353924712E-002
  2.313611342603897E-002  3.476766096363988E-002 -3.737022843249182E-002
  0.000000000000000E+000  0.000000000000000E+000  0.000000000000000E+000
  0.000000000000000E+000  0.000000000000000E+000  0.000000000000000E+000
  0.000000000000000E+000  0.000000000000000E+000  0.000000000000000E+000
  0.000000000000000E+000  0.000000000000000E+000  0.000000000000000E+000
  2.195436457333911E-002  7.856426310871122E-003 -2.709956118686418E-002
 -3.872350130673209E-003  0.111551426780764      -7.644635382653761E-002
  3.017494399952988E-003  0.130780748437101      -0.120692120254033     
 -1.485150835380128E-004  0.122569382564740      -0.148324711407369     
  9.524147602301535E-003  9.562531302995080E-002 -0.162404513402975     
  1.614152544272976E-002  6.247623408789586E-002 -0.163439316442813     
  2.611253057046591E-002  4.524744013174172E-002 -0.162778323610080     
  4.611898356693409E-002  4.537539722123794E-002 -0.163653680957664     
  7.804000968824279E-002  5.615295637585654E-002 -0.162513515535395     
  0.106116790761772       6.115380546132460E-002 -0.148292397697529     
  0.111597231718234       6.799679659234226E-002 -0.120608880550961     
  9.835114481811819E-002  5.229845247031560E-002 -7.628107944189877E-002
 -4.272184208635502E-003  2.286907848219008E-002 -2.708068256066162E-002
  0.000000000000000E+000  0.000000000000000E+000  0.000000000000000E+000
  0.000000000000000E+000  0.000000000000000E+000  0.000000000000000E+000
  0.000000000000000E+000  0.000000000000000E+000  0.000000000000000E+000
  0.000000000000000E+000  0.000000000000000E+000  0.000000000000000E+000
  9.529735242980069E-003 -1.286637157404626E-002 -1.432157077853780E-002
  5.225975417184715E-003  0.108325195093442      -7.051972088878415E-002
 -6.404449477245282E-003  0.109443018715699      -0.106329677993317     
 -4.364210949585738E-003  0.103847612537102      -0.131407165360290     
  2.447569698691831E-004  7.520119943841644E-002 -0.142090279986290     
  8.021138500586463E-003  4.697306438625061E-002 -0.141988525652866     
  1.749256768638329E-002  3.030034371166133E-002 -0.140561386537968     
  3.687698509276147E-002  3.066097321566991E-002 -0.142362819690810     
  6.500936352332291E-002  3.789259680136882E-002 -0.142234404735294     
  9.199716408427665E-002  4.821191599617496E-002 -0.131398066969823     
  9.785974494957109E-002  4.911438049460773E-002 -0.106221019302944     
  9.106290117464540E-002  5.868922996797506E-002 -7.041904768608519E-002
 -1.595265401360680E-002  1.680450231655747E-003 -1.428275123093996E-002
  0.000000000000000E+000  0.000000000000000E+000  0.000000000000000E+000
  0.000000000000000E+000  0.000000000000000E+000  0.000000000000000E+000
  0.000000000000000E+000  0.000000000000000E+000  0.000000000000000E+000
  0.000000000000000E+000  0.000000000000000E+000  0.000000000000000E+000
  1.188274673773052E-002 -1.318893655194348E-002 -1.336690012623448E-002
  2.632092390328614E-003  9.028481465286181E-002 -5.661145440262241E-002
 -6.120877900643197E-003  8.307073741261117E-002 -8.795413242770997E-002
 -9.310698778251225E-003  8.183338116009971E-002 -0.109213405057539     
 -5.412017090660360E-003  5.671801642109208E-002 -0.118209427585416     
  1.688266003753048E-003  3.489900860838856E-002 -0.119669740048738     
  1.171414368172342E-002  2.024771736016969E-002 -0.118693387973112     
  2.968696811806033E-002  1.915956157722586E-002 -0.120261300331483     
  5.183981168092771E-002  2.376887332748140E-002 -0.118387444960972     
  7.540170001084570E-002  3.290507837801205E-002 -0.109215951604173     
  7.489227288034658E-002  3.628403476052191E-002 -8.788033492678970E-002
  7.686237583497224E-002  4.729884558005393E-002 -5.649917503588339E-002
 -1.738263122747654E-002  3.750961950566247E-003 -1.340053404892669E-002
  0.000000000000000E+000  0.000000000000000E+000  0.000000000000000E+000
  0.000000000000000E+000  0.000000000000000E+000  0.000000000000000E+000
  0.000000000000000E+000  0.000000000000000E+000  0.000000000000000E+000
  0.000000000000000E+000  0.000000000000000E+000  0.000000000000000E+000
  6.867431107952929E-004 -6.224037994271961E-003 -5.197976480656927E-003
  1.270037497701450E-002  5.080080992814830E-002 -3.791363138069627E-002
 -1.078557893137537E-002  5.637020708485072E-002 -6.059891197396600E-002
 -8.868126992097837E-003  5.264707684514117E-002 -7.708207231106021E-002
 -8.837749586860092E-003  3.775257296284521E-002 -8.609804962301308E-002
 -3.183523492021504E-003  2.275761119962699E-002 -9.110460329144940E-002
  7.036512776776162E-003  1.209292827844798E-002 -9.230021177697080E-002
  2.158495143700383E-002  8.761530931164009E-003 -9.171680851385838E-002
  3.708701338427753E-002  1.130052084544388E-002 -8.623053825649533E-002
  4.990436419729526E-002  1.867908195904832E-002 -7.709775565881147E-002
  5.421450151319114E-002  1.891954845694627E-002 -6.060935892405503E-002
  3.753177944255579E-002  3.633115268707818E-002 -3.781361511393286E-002
 -5.684022020161187E-003 -2.545323560346840E-003 -5.187042641639225E-003
  0.000000000000000E+000  0.000000000000000E+000  0.000000000000000E+000
  0.000000000000000E+000  0.000000000000000E+000  0.000000000000000E+000
  0.000000000000000E+000  0.000000000000000E+000  0.000000000000000E+000
  0.000000000000000E+000  0.000000000000000E+000  0.000000000000000E+000
 -1.915727651977192E-004 -4.962284916700597E-003 -6.375733383845258E-003
  1.134057022035938E-002  1.359119904647624E-002 -1.026446790371179E-002
 -1.596472563222268E-003  1.889951296765080E-002 -2.157691253938391E-002
  6.894559891504414E-006  2.235175412891442E-002 -3.366376390105209E-002
 -6.389309127163085E-003  1.732599642165764E-002 -4.207087621598277E-002
 -2.990492057657620E-003  1.172131836780031E-002 -5.155780970165526E-002
  2.561616024781029E-003  4.200333685796730E-003 -5.364107682904823E-002
  1.181532409812797E-002  3.331423045117316E-003 -5.206671188982337E-002
  1.812503428514991E-002  3.208300328025251E-003 -4.214666927551664E-002
  1.928581512014445E-002  1.118988873568398E-002 -3.363189374487304E-002
  1.721520378998645E-002  8.066412748403792E-003 -2.160511682301540E-002
  6.081029706233404E-003  1.660490570463108E-002 -1.024873692943467E-002
 -4.179183808047437E-003 -2.665425983354229E-003 -6.376028891248473E-003
  0.000000000000000E+000  0.000000000000000E+000  0.000000000000000E+000
  0.000000000000000E+000  0.000000000000000E+000  0.000000000000000E+000
  0.000000000000000E+000  0.000000000000000E+000  0.000000000000000E+000
  0.000000000000000E+000  0.000000000000000E+000  0.000000000000000E+000
  0.000000000000000E+000  0.000000000000000E+000  0.000000000000000E+000
  0.000000000000000E+000  0.000000000000000E+000  0.000000000000000E+000
  0.000000000000000E+000  0.000000000000000E+000  0.000000000000000E+000
  0.000000000000000E+000  0.000000000000000E+000  0.000000000000000E+000
  0.000000000000000E+000  0.000000000000000E+000  0.000000000000000E+000
  0.000000000000000E+000  0.000000000000000E+000  0.000000000000000E+000
  0.000000000000000E+000  0.000000000000000E+000  0.000000000000000E+000
  0.000000000000000E+000  0.000000000000000E+000  0.000000000000000E+000
  0.000000000000000E+000  0.000000000000000E+000  0.000000000000000E+000
  0.000000000000000E+000  0.000000000000000E+000  0.000000000000000E+000
  0.000000000000000E+000  0.000000000000000E+000  0.000000000000000E+000
  0.000000000000000E+000  0.000000000000000E+000  0.000000000000000E+000
  0.000000000000000E+000  0.000000000000000E+000  0.000000000000000E+000
  0.000000000000000E+000  0.000000000000000E+000  0.000000000000000E+000
  0.000000000000000E+000  0.000000000000000E+000  0.000000000000000E+000
  0.000000000000000E+000  0.000000000000000E+000  0.000000000000000E+000
  0.000000000000000E+000  0.000000000000000E+000  0.000000000000000E+000
  0.000000000000000E+000  0.000000000000000E+000  0.000000000000000E+000
  0.000000000000000E+000  0.000000000000000E+000  0.000000000000000E+000
  0.000000000000000E+000  0.000000000000000E+000  0.000000000000000E+000
  0.000000000000000E+000  0.000000000000000E+000  0.000000000000000E+000
  0.000000000000000E+000  0.000000000000000E+000  0.000000000000000E+000
  0.000000000000000E+000  0.000000000000000E+000  0.000000000000000E+000
  0.000000000000000E+000  0.000000000000000E+000  0.000000000000000E+000
  0.000000000000000E+000  0.000000000000000E+000  0.000000000000000E+000
  0.000000000000000E+000  0.000000000000000E+000  0.000000000000000E+000
  0.000000000000000E+000  0.000000000000000E+000  0.000000000000000E+000
  0.000000000000000E+000  0.000000000000000E+000  0.000000000000000E+000
  0.000000000000000E+000  0.000000000000000E+000  0.000000000000000E+000
  0.000000000000000E+000  0.000000000000000E+000  0.000000000000000E+000
  0.000000000000000E+000  0.000000000000000E+000  0.000000000000000E+000
  0.000000000000000E+000  0.000000000000000E+000  0.000000000000000E+000
  0.000000000000000E+000  0.000000000000000E+000  0.000000000000000E+000
  0.000000000000000E+000  0.000000000000000E+000  0.000000000000000E+000
 -1.546734523589854E-004  4.247465679981735E-004 -5.106137135133435E-004
 -9.777225581037660E-004 -5.078260106523192E-004 -4.355693583163651E-004
 -1.252774086552194E-003  5.897444381693365E-004  3.063670641945184E-004
 -1.244415504945238E-003 -1.246993358032513E-003  1.255088690289635E-003
 -6.115343938404034E-004  5.481826193455532E-003  1.279398354956936E-003
 -2.886065740386536E-004  7.109651563531860E-004  2.546259921809408E-003
 -4.498400334953574E-003 -7.842939353433087E-003  5.340950696865788E-003
  5.946435285729388E-004 -1.382166456266197E-004  2.612491269024110E-003
  4.957134049257889E-003  2.114918140734650E-003  1.306838921216498E-003
 -4.509571491438062E-004 -1.712277538891538E-003  1.264109051942652E-003
  1.067776170234037E-003 -8.311539333710600E-004  3.341288909779036E-004
  1.160957766468660E-004 -1.072545025213628E-003 -4.112375756421166E-004
  6.205296404646580E-004  1.510094618775542E-004 -5.294032416090952E-004
  0.000000000000000E+000  0.000000000000000E+000  0.000000000000000E+000
  0.000000000000000E+000  0.000000000000000E+000  0.000000000000000E+000
  0.000000000000000E+000  0.000000000000000E+000  0.000000000000000E+000
  0.000000000000000E+000  0.000000000000000E+000  0.000000000000000E+000
 -2.376182656356164E-004  4.885602711762343E-004 -4.639565606836458E-004
 -9.849312663325572E-004 -2.778612406662601E-004 -5.166705805861968E-004
 -1.104919194143652E-003  2.056586186007811E-004  1.629524400799083E-004
 -1.062528170812265E-003 -4.006352494590608E-004  1.189717328791776E-003
 -4.806291872301370E-004  3.479891079978866E-003  1.432777393962084E-003
 -5.792209308558612E-004 -3.531961076416918E-004  2.798812548051439E-003
 -2.740216454148842E-003 -4.793149842318220E-003  4.816488007948407E-003
 -8.777545508956723E-005 -8.116757944899077E-004  2.836947539963771E-003
  3.237164818994331E-003  1.272780099604245E-003  1.447399369784095E-003
  1.877557986776459E-004 -1.137545738885444E-003  1.199251503641845E-003
  6.812793532610082E-004 -8.863903178577279E-004  1.929499522536889E-004
  3.069719714570529E-004 -9.654321873301034E-004 -4.966609265697139E-004
  6.881940432399527E-004  9.857746504103726E-005 -4.807509937148418E-004
  0.000000000000000E+000  0.000000000000000E+000  0.000000000000000E+000
  0.000000000000000E+000  0.000000000000000E+000  0.000000000000000E+000
  0.000000000000000E+000  0.000000000000000E+000  0.000000000000000E+000
  0.000000000000000E+000  0.000000000000000E+000  0.000000000000000E+000
 -3.609273857953563E-004  6.952887258827025E-004 -4.341711198321121E-004
 -9.331112791936139E-004  4.703950182779618E-005 -6.003074820439773E-004
 -9.279188513986291E-004  2.300518034711963E-004  2.172706255639509E-005
 -8.096931305162798E-004  1.377267780372715E-004  8.872337042956534E-004
 -5.635983024627451E-004 -5.962295756267431E-004  1.807797646103296E-003
 -5.511583842278978E-004 -1.328723886301972E-003  2.966143544431778E-003
 -6.685464650118671E-005 -1.671301434508494E-004  3.599952616029291E-003
 -7.862358111665535E-004 -1.099014957082019E-003  2.951982491761923E-003
 -6.886104213961369E-005 -6.899622192658902E-004  1.778034017648721E-003
  5.675224540770041E-004 -6.210407354884801E-004  9.010057724236202E-004
  6.352590977707299E-004 -7.021082976081499E-004  4.835156619785418E-005
  5.444122192285703E-004 -7.670226801177487E-004 -5.875163031034906E-004
  8.759986330525978E-004  7.237120614675707E-005 -4.462380483203049E-004
  0.000000000000000E+000  0.000000000000000E+000  0.000000000000000E+000
  0.000000000000000E+000  0.000000000000000E+000  0.000000000000000E+000
  0.000000000000000E+000  0.000000000000000E+000  0.000000000000000E+000
  0.000000000000000E+000  0.000000000000000E+000  0.000000000000000E+000
 -4.374642208729465E-004  4.419231381783380E-004 -3.931646567573531E-004
 -9.351633772692963E-004  6.642759955256986E-004 -7.844408833536424E-004
 -5.533976390775123E-004 -1.221717277590006E-003 -1.613409237429621E-004
 -3.205636989398519E-004 -2.949046239934819E-004  5.084585043847608E-004
 -4.155653128272786E-004 -3.152366313261462E-003  2.514618275359307E-003
 -7.509761218103113E-004 -1.972942629093828E-003  3.278705607156651E-003
  2.287779378945548E-003  3.934199956009856E-003  9.734973322126829E-004
 -1.172070173426630E-003 -1.495887287705766E-003  3.200225380796528E-003
 -2.443700917131717E-003 -1.886187090284821E-003  2.485943303384662E-003
 -8.967512123851406E-005 -4.265311235389456E-004  5.175400506382228E-004
 -8.411556840168611E-004 -1.122840719810117E-003 -1.361622278065600E-004
  1.019715929895456E-003 -4.859601335084251E-004 -7.759332186507026E-004
  6.400795187495480E-004 -1.401195175385704E-004 -3.946773742952507E-004
  0.000000000000000E+000  0.000000000000000E+000  0.000000000000000E+000
  0.000000000000000E+000  0.000000000000000E+000  0.000000000000000E+000
  0.000000000000000E+000  0.000000000000000E+000  0.000000000000000E+000
  0.000000000000000E+000  0.000000000000000E+000  0.000000000000000E+000
 -3.162449788816344E-004  1.299806621952187E-004 -2.867023730937302E-004
 -6.176075770544735E-004 -5.542283606043820E-004 -7.317950713923037E-004
  1.524958203935029E-004 -2.917955310730351E-003  2.714954429945549E-005
 -1.096246293301230E-004  6.832256603160388E-004 -2.493680309464490E-004
  1.929728569748996E-004  1.561625889540015E-003  9.767133811227434E-005
  1.791409429081431E-004  2.146877003665082E-005  2.199163806514809E-003
  1.955759940112546E-004  3.406096647459259E-004  2.129981383370678E-003
 -1.100079943307207E-005  2.291802564909371E-004  2.149035070928219E-003
  1.178949470575826E-003  9.071785474057662E-004  1.589136530238366E-004
  4.552476688517280E-004  1.529205278526046E-004 -1.683096968761782E-004
 -2.665757913793941E-003 -1.354939426304253E-003  4.773594799597914E-005
 -2.197773021966728E-004 -8.278359097531329E-004 -7.175955174541623E-004
  2.792824522806808E-004 -2.003223561742480E-004 -2.806826981859638E-004
  0.000000000000000E+000  0.000000000000000E+000  0.000000000000000E+000
  0.000000000000000E+000  0.000000000000000E+000  0.000000000000000E+000
  0.000000000000000E+000  0.000000000000000E+000  0.000000000000000E+000
  0.000000000000000E+000  0.000000000000000E+000  0.000000000000000E+000
 -4.147565057772960E-004  1.085998441427279E-004 -1.660475116272250E-004
  2.833019700487508E-004 -2.464547299918295E-003 -3.346117541874087E-004
  5.947858649606807E-004 -3.321298090300612E-003  9.489033548052480E-005
  1.896183193300437E-004  3.494365068348848E-004 -8.102654294205159E-004
  2.391342086165752E-004  2.501544178738817E-003 -1.355704404320647E-003
  3.993454007849479E-004  3.569708224530003E-004  1.212990709658799E-003
 -1.558604509679556E-003 -2.689508077470460E-003  5.065624760407398E-003
  8.887659209541529E-005  5.384257232140531E-004  1.227557901383366E-003
  2.065808367412243E-003  1.496445801648375E-003 -1.371132680285560E-003
  1.054005442476376E-004  2.947873334682284E-004 -7.468747964391391E-004
 -3.142679558091677E-003 -1.147516727175763E-003  8.036340641344731E-005
 -2.292410498170585E-003 -9.937922909822492E-004 -3.287729378508808E-004
  3.029541166929283E-004 -3.024040620435539E-004 -1.613661728514514E-004
  0.000000000000000E+000  0.000000000000000E+000  0.000000000000000E+000
  0.000000000000000E+000  0.000000000000000E+000  0.000000000000000E+000
  0.000000000000000E+000  0.000000000000000E+000  0.000000000000000E+000
  0.000000000000000E+000  0.000000000000000E+000  0.000000000000000E+000
 -3.851274768386860E-004  3.037388921956837E-004 -3.126704492807890E-004
  7.451376269215101E-004 -3.529775248976338E-003  7.134867045366990E-005
  5.928220201707559E-004 -2.021183147133195E-003 -3.058511633979380E-004
 -1.014344441709236E-005  1.599002834549201E-003 -2.277214121293344E-003
  4.962615438267135E-004 -9.795679866834230E-005  6.604548603271815E-005
  3.177162221680065E-004 -6.559743107444658E-004  1.520239913481110E-003
  8.680899188296672E-004  1.527122789378962E-003  3.341176214843256E-004
 -6.603392103404453E-004  1.853656855053626E-005  1.436673861089795E-003
 -3.415627432653492E-004  3.934985909139817E-004  8.574109821363412E-005
  1.416033061721473E-003  8.011331766996217E-004 -2.295615970724007E-003
 -1.924897216615179E-003 -4.747635832238106E-004 -3.679114938317979E-004
 -3.401485958976282E-003 -1.121353168519262E-003  6.863702724750877E-005
  4.490613808109558E-004 -1.779325950390848E-004 -3.110298656828356E-004
  0.000000000000000E+000  0.000000000000000E+000  0.000000000000000E+000
  0.000000000000000E+000  0.000000000000000E+000  0.000000000000000E+000
  0.000000000000000E+000  0.000000000000000E+000  0.000000000000000E+000
  0.000000000000000E+000  0.000000000000000E+000  0.000000000000000E+000
 -3.100211396531015E-004  2.049175115528893E-004 -3.799477122527824E-004
  7.454058061825647E-004 -2.980073549354850E-003  3.007991905410520E-004
 -3.266891847960400E-004  1.038136383967003E-003 -1.874067670397370E-003
 -4.968181254556584E-004  2.287290412283457E-003 -3.670706928377910E-003
  7.829554173491323E-004 -1.537888320929237E-003  1.090570367692197E-003
 -1.015238454285233E-005 -2.943205624640848E-004  1.821362375777528E-003
  2.568199097051722E-003  4.422599529285822E-003 -8.001554104480346E-003
 -1.866423865669488E-004 -1.129480717348801E-004  1.754094907721355E-003
 -1.759402677010239E-003 -9.037813150311442E-005  1.188958390437856E-003
  2.240445762601889E-003  7.208885732588373E-004 -3.674662633883645E-003
  1.179230758350421E-003  2.517804368844157E-004 -1.940290161460104E-003
 -2.907654177669607E-003 -8.324086823485983E-004  2.865792196904628E-004
  3.247602189771265E-004 -1.711546122833502E-004 -3.729329283997022E-004
  0.000000000000000E+000  0.000000000000000E+000  0.000000000000000E+000
  0.000000000000000E+000  0.000000000000000E+000  0.000000000000000E+000
  0.000000000000000E+000  0.000000000000000E+000  0.000000000000000E+000
  0.000000000000000E+000  0.000000000000000E+000  0.000000000000000E+000
 -2.345200825669673E-005 -4.031665675601804E-005 -3.462085936045432E-004
  7.792874694386707E-005 -1.163482118050666E-003  1.068705855614573E-004
 -8.290629593810329E-004  1.973830101482063E-003 -2.968513055066339E-003
  5.313947717687268E-004 -6.286592703605914E-004 -2.452535646020073E-004
 -1.939819283808516E-004 -1.758787944740225E-004 -7.710549989035792E-004
  8.707565052861911E-004  4.531176952409479E-004  4.799141746586192E-005
 -5.422068979686386E-004 -9.645492271886304E-004  5.174502747936541E-003
 -2.417208082298665E-005  9.974833851612648E-004  3.896632161017619E-005
  2.933459572972559E-006 -2.405547015546232E-004 -7.881496615581653E-004
 -8.052926105928215E-004  1.455568170454425E-004 -2.239127820059148E-004
  2.155721959613509E-003  2.730531338338778E-004 -2.977764181130713E-003
 -1.011237937250466E-003 -5.001837757294745E-004  8.827726543782627E-005
 -2.741631627084412E-005 -4.191338854537126E-005 -3.409819378965714E-004
  0.000000000000000E+000  0.000000000000000E+000  0.000000000000000E+000
  0.000000000000000E+000  0.000000000000000E+000  0.000000000000000E+000
  0.000000000000000E+000  0.000000000000000E+000  0.000000000000000E+000
  0.000000000000000E+000  0.000000000000000E+000  0.000000000000000E+000
 -1.181669154838622E-006 -7.001261726221253E-005 -1.066945996043204E-004
 -9.405841691070618E-006 -2.593018866083574E-004 -2.031447328996796E-004
  4.597694218865481E-005  4.135732369587593E-004 -1.158320415922873E-003
  9.271408612505737E-004 -1.387696600670367E-003  2.037370161554177E-003
 -9.649132489514006E-004  1.414264989160177E-003 -3.641736869936974E-003
 -6.139577726133949E-004  4.035020354193490E-004 -5.477583999205525E-003
  1.153300948035753E-004  2.373996100012417E-004  1.306725033305922E-002
  6.603310062049705E-004 -3.335660576708124E-004 -5.245914654929470E-003
  1.692355177532772E-003 -1.241199854912399E-004 -3.642943028946167E-003
 -1.640806456743233E-003  1.087864186224190E-004  2.056506047555290E-003
  3.323474457335298E-004  2.460376768038198E-004 -1.148999095582878E-003
 -2.118656699073670E-004 -1.309215508230132E-004 -2.021034806604657E-004
 -6.099353860416085E-005 -3.704828749666511E-005 -1.069076654321364E-004
  0.000000000000000E+000  0.000000000000000E+000  0.000000000000000E+000
  0.000000000000000E+000  0.000000000000000E+000  0.000000000000000E+000
  0.000000000000000E+000  0.000000000000000E+000  0.000000000000000E+000
  0.000000000000000E+000  0.000000000000000E+000  0.000000000000000E+000
  0.000000000000000E+000  0.000000000000000E+000  0.000000000000000E+000
  0.000000000000000E+000  0.000000000000000E+000  0.000000000000000E+000
  0.000000000000000E+000  0.000000000000000E+000  0.000000000000000E+000
  0.000000000000000E+000  0.000000000000000E+000  0.000000000000000E+000
  0.000000000000000E+000  0.000000000000000E+000  0.000000000000000E+000
  0.000000000000000E+000  0.000000000000000E+000  0.000000000000000E+000
  0.000000000000000E+000  0.000000000000000E+000  0.000000000000000E+000
  0.000000000000000E+000  0.000000000000000E+000  0.000000000000000E+000
  0.000000000000000E+000  0.000000000000000E+000  0.000000000000000E+000
  0.000000000000000E+000  0.000000000000000E+000  0.000000000000000E+000
  0.000000000000000E+000  0.000000000000000E+000  0.000000000000000E+000
  0.000000000000000E+000  0.000000000000000E+000  0.000000000000000E+000
  0.000000000000000E+000  0.000000000000000E+000  0.000000000000000E+000
  0.000000000000000E+000  0.000000000000000E+000  0.000000000000000E+000
  0.000000000000000E+000  0.000000000000000E+000  0.000000000000000E+000
  0.000000000000000E+000  0.000000000000000E+000  0.000000000000000E+000
  0.000000000000000E+000  0.000000000000000E+000  0.000000000000000E+000
  0.000000000000000E+000  0.000000000000000E+000  0.000000000000000E+000
  0.000000000000000E+000  0.000000000000000E+000  0.000000000000000E+000
  0.000000000000000E+000  0.000000000000000E+000  0.000000000000000E+000
  0.000000000000000E+000  0.000000000000000E+000  0.000000000000000E+000
  0.000000000000000E+000  0.000000000000000E+000  0.000000000000000E+000
  0.000000000000000E+000  0.000000000000000E+000  0.000000000000000E+000
  0.000000000000000E+000  0.000000000000000E+000  0.000000000000000E+000
  0.000000000000000E+000  0.000000000000000E+000  0.000000000000000E+000
  0.000000000000000E+000  0.000000000000000E+000  0.000000000000000E+000
  0.000000000000000E+000  0.000000000000000E+000  0.000000000000000E+000
  0.000000000000000E+000  0.000000000000000E+000  0.000000000000000E+000
  0.000000000000000E+000  0.000000000000000E+000  0.000000000000000E+000
  0.000000000000000E+000  0.000000000000000E+000  0.000000000000000E+000
  0.000000000000000E+000  0.000000000000000E+000  0.000000000000000E+000
  0.000000000000000E+000  0.000000000000000E+000  0.000000000000000E+000
  0.000000000000000E+000  0.000000000000000E+000  0.000000000000000E+000
  0.000000000000000E+000  0.000000000000000E+000  0.000000000000000E+000
   1.76964290096009      -0.978155155607937       0.486469812793160     
   2.40129361723761      -0.846712235117028       -11.2189794901062     
  0.736014803158598       2.580816093684965E-002  -23.6060614221207     
  -6.89625632444913        1.81294775234311       -28.8363337342266     
  -10.2334574351740       0.546999517327247       -22.5632676425783     
  -13.1064315047768       -17.9170253490888       -2.49865351794438     
 -0.178656551266132      -0.881897444422180        4.07971122168845     
  -9.17119374108156       -21.2928631084051       -2.54649043544544     
   3.70509451440720       -10.3211084171061       -22.4112541236390     
   5.95033755560350       -4.83989259499435       -28.9887912821577     
 -0.998319232361488      -5.462868686198999E-002  -23.8538799594369     
  -2.61733041719794        1.22522308555409       -11.3493903005449     
  -1.38707587897187        1.21894316491667       0.454874061897546     
  0.000000000000000E+000  0.000000000000000E+000  0.000000000000000E+000
  0.000000000000000E+000  0.000000000000000E+000  0.000000000000000E+000
  0.000000000000000E+000  0.000000000000000E+000  0.000000000000000E+000
  0.000000000000000E+000  0.000000000000000E+000  0.000000000000000E+000
   1.43977279582159        1.53757815678838       0.551647997719333     
  0.980864599880410       -1.16723115701755       -9.51095308685304     
  -1.52438816193881       0.380358558834035       -22.4829806883037     
  -7.69018856912514        2.08983286922235       -29.6629875015112     
  -7.98857665903915       -9.65228253774754       -23.3027154750099     
  -9.46002608616968       -18.5373173902893       -1.95358075788718     
   1.86377655040789        2.81017390200625        3.06584002872000     
  -10.7863733069199       -17.5446915865131       -2.26100457594950     
  -5.19613813346784       -12.8330897978671       -23.2215051821253     
   6.39541902631106       -5.44989342978784       -29.8263557646091     
  0.798226435292788       -1.64128598115708       -22.7312644674584     
  -1.93016972018188      -5.480875504231620E-002  -9.63134786032482     
  0.761553185085004        2.09959901507391       0.538277602155344     
  0.000000000000000E+000  0.000000000000000E+000  0.000000000000000E+000
  0.000000000000000E+000  0.000000000000000E+000  0.000000000000000E+000
  0.000000000000000E+000  0.000000000000000E+000  0.000000000000000E+000
  0.000000000000000E+000  0.000000000000000E+000  0.000000000000000E+000
  0.841324960333623        7.53233880595960       0.403843324003905     
  0.282148776767696       -3.48259129785181       -7.00570306355004     
  -5.70486962629441       -6.78717390310780       -19.4879882905913     
  -7.19570315779056        4.70096730371169       -30.5382542708383     
  -6.15951383340608       -36.2638249529332       -21.7524789621223     
  -2.35577811611213       -21.5284980068028       -2.21939394957575     
   18.7526859664599        32.3414670546064       -3.26437327368745     
  -15.7095287776277       -11.1929287653779       -3.10561872349169     
  -27.6648729507947       -23.2779296485102       -22.1490560457768     
   8.55368556566539       -3.60393279996681       -30.7446460150584     
  -2.95851223344305       -8.60138426366842       -19.7240446130708     
  -3.02806058620434       -1.53007957027391       -7.13210844028790     
   5.82675587872304        4.35405344023050       0.426774975909982     
  0.000000000000000E+000  0.000000000000000E+000  0.000000000000000E+000
  0.000000000000000E+000  0.000000000000000E+000  0.000000000000000E+000
  0.000000000000000E+000  0.000000000000000E+000  0.000000000000000E+000
  0.000000000000000E+000  0.000000000000000E+000  0.000000000000000E+000
 -8.668591005738140E-002   7.19266543409207      -8.242977310255326E-002
  -4.18334693035568        27.2890393530324       -6.49822475680567     
  -7.25832123773966        13.7260211279628       -16.1059210915130     
  -4.27184070519431       -13.3169610815028       -26.2717029045760     
  -2.94146512187965       -47.1472660994027       -12.7556373991373     
   2.94511069209591       0.517125549164947       -9.36360962018055     
   42.1096020291217        73.2352806449010       -41.1988798312163     
 -0.672874292015567        3.40445744679341       -9.95734811412858     
  -41.4296218184562       -27.4657623425090       -12.1730385072430     
  -10.1116270168835       -10.6661156687908       -26.3791024740488     
   16.7789725864319        1.10503181868139       -16.3938207161407     
   25.3069098807229        9.67349884823626       -6.58305229117042     
   5.78677489982991        3.32993112989166      -3.083465536304692E-003
  0.000000000000000E+000  0.000000000000000E+000  0.000000000000000E+000
  0.000000000000000E+000  0.000000000000000E+000  0.000000000000000E+000
  0.000000000000000E+000  0.000000000000000E+000  0.000000000000000E+000
  0.000000000000000E+000  0.000000000000000E+000  0.000000000000000E+000
   1.67102134426270        3.51466352950251      -0.401509565881498     
  -12.3805404265953        41.4081492864957       -7.43424626866500     
  -6.67542705596007        15.3663305733803       -15.1997627957085     
  -2.30722642776811       -25.0298985377382       -12.7077806577661     
   4.24583948616784        26.8320311928692       -41.2506660281912     
   16.4447599153468        13.7339746637630       -23.1559609544298     
  -46.5892188066568       -79.9992338055518        45.1397331601580     
   2.56056070350445        20.8029572740583       -23.1032197020818     
   21.5426988428451        17.8498167351396       -41.7899679664561     
  -21.3447807337211       -14.7819459406611       -12.4949154864022     
   18.7385799248440        2.83018757097577       -15.7597076352577     
   41.0601391009683        9.55719289143469       -7.29136581125705     
   1.89493411098960        3.03818176050986      -0.354516192172354     
  0.000000000000000E+000  0.000000000000000E+000  0.000000000000000E+000
  0.000000000000000E+000  0.000000000000000E+000  0.000000000000000E+000
  0.000000000000000E+000  0.000000000000000E+000  0.000000000000000E+000
  0.000000000000000E+000  0.000000000000000E+000  0.000000000000000E+000
  0.999431746047851        1.54705776359062        2.06359115984209     
  -4.93692231282546        14.9525612204174      -0.782615202598474     
  0.969031842374863       -24.4561174393961        1.71326216301505     
  0.388715379021549       -25.5483823262165       -2.29056183803636     
   2.78976683002617        6.20661370080174       -26.9526285174648     
   7.74896338713325        17.6914358988328       -41.2934158919784     
  -29.6814872343163       -51.0442294627480        37.4935290017275     
   9.29847426223308        14.2549931255044       -39.4229173962849     
   5.44611034017908        6.73515660123085       -28.5094857517143     
  -23.8075275085572       -12.8548186466631       -1.19917875198122     
  -20.2901265198920       -10.8219796431736        1.28238471014868     
   14.5348130267720        2.96833879340179      -0.520793257946349     
  0.809481382219336        1.50709834313253        2.00427896444315     
  0.000000000000000E+000  0.000000000000000E+000  0.000000000000000E+000
  0.000000000000000E+000  0.000000000000000E+000  0.000000000000000E+000
  0.000000000000000E+000  0.000000000000000E+000  0.000000000000000E+000
  0.000000000000000E+000  0.000000000000000E+000  0.000000000000000E+000
  -2.87533012479535        2.61882798602456        2.73242306602175     
   6.99059486175467       -18.1820341432971        7.32860101598332     
   5.04878127066436       -40.3315180292511        16.2606048259925     
   2.88277283106378       -15.7913549443420       -1.84664480523954     
   10.2554601183594       -33.7462557845936        13.6912288283179     
  -1.47120934174351       -29.8250766165083        4.83304667547838     
  0.876321589197375        2.15451572158001       -28.1117321579564     
  -24.3807023836170       -15.4218682160894        3.85160138009257     
  -33.3643765876415       -7.70950645218980        13.1215245932436     
  -15.8658783799591       -5.49937900315697      -0.761568691381071     
  -37.2255664206746       -15.5912598104648        16.4236688184707     
  -19.8776566039713       -3.29521370273228        7.58247415717839     
   3.74554936965731       -1.19888563635480        2.67003860012405     
  0.000000000000000E+000  0.000000000000000E+000  0.000000000000000E+000
  0.000000000000000E+000  0.000000000000000E+000  0.000000000000000E+000
  0.000000000000000E+000  0.000000000000000E+000  0.000000000000000E+000
  0.000000000000000E+000  0.000000000000000E+000  0.000000000000000E+000
  -2.31628264734839        2.64117827272631      -0.214522984268606     
   8.43871216203449       -27.3589543998343        13.5819251069494     
   1.71384280045775       -19.5587206715176        7.86389269792863     
   2.46805435945575       -3.33086788513956       -3.77859808687748     
   2.67989931610691       -1.56942107860470       -9.99279972771740     
  0.995721451171771        13.7921294661680       -38.9362051118430     
   3.23971141704751        5.17045698800274       -65.0927320132819     
   10.8341980028348        7.39411761799589       -37.2065777283676     
  -1.90327674705378        1.78435861761882       -10.3715524024012     
  -3.33544519076790       0.605402469340814       -3.87357048226860     
  -18.1604952202343       -8.26969355739461        8.55977497914323     
  -28.4060629376238       -6.53563867410794        13.7609220032588     
   3.52286136633593      -0.754619405433634      -0.185379688162246     
  0.000000000000000E+000  0.000000000000000E+000  0.000000000000000E+000
  0.000000000000000E+000  0.000000000000000E+000  0.000000000000000E+000
  0.000000000000000E+000  0.000000000000000E+000  0.000000000000000E+000
  0.000000000000000E+000  0.000000000000000E+000  0.000000000000000E+000
 -0.240508532251777        1.19990010597871       -1.21409244521191     
   1.25634123379546       -15.9770074029037        11.7151689694801     
  -7.68644425844793        10.1079137923073       -15.9047319331317     
   1.88335374321705        2.04848272486106       -10.6675450429195     
   7.29435052175442       -18.3804891071092        30.7746756712981     
   1.63852336558757       0.544515400770141       -19.9411245749598     
  -25.3044329221946       -43.7920307543268        128.660434089235     
 -0.512581163565924        1.67346909797779       -18.4075760325827     
  -18.0989608922839       -2.68628397879511        29.3588142811324     
   1.02513118635789        2.61166958983083       -10.2467516724923     
   11.9053360318102       -1.48511606787346       -15.1063371542785     
  -14.6595741836522       -7.09552888960266        11.8772036078405     
   1.16616108232782       0.403859521963480       -1.22678717988382     
  0.000000000000000E+000  0.000000000000000E+000  0.000000000000000E+000
  0.000000000000000E+000  0.000000000000000E+000  0.000000000000000E+000
  0.000000000000000E+000  0.000000000000000E+000  0.000000000000000E+000
  0.000000000000000E+000  0.000000000000000E+000  0.000000000000000E+000
  0.457926435412239       0.455972526107579        1.37542397709375     
  -2.13375307776592       -3.42389089598593       0.514747511103536     
 -0.831135110889145        8.12615529642905       -10.4152815586148     
  -2.76098087141526       -5.97847670953404       -1.80392211767470     
   22.6954402353910       -24.7761006802056        88.1231694430557     
  -11.7898410911986       -2.00909824417318        6.21357168798600     
  -4.35807433950654       -7.43834523462807        107.121776773293     
   4.44434999655904       -11.1992868356764        7.42074571272194     
  -31.2342484508667        7.05599299072229        85.7048905236161     
  -3.66336731636358       -5.22930379037887       -1.63418723350167     
   7.20260196819771        3.30060339793937       -10.1642387664103     
  -1.85937042218681       -3.63239383075203       0.540825033439162     
  0.155841374882429       0.628446468426106        1.39996338059355     
  0.000000000000000E+000  0.000000000000000E+000  0.000000000000000E+000
  0.000000000000000E+000  0.000000000000000E+000  0.000000000000000E+000
  0.000000000000000E+000  0.000000000000000E+000  0.000000000000000E+000
  0.000000000000000E+000  0.000000000000000E+000  0.000000000000000E+000
  0.000000000000000E+000  0.000000000000000E+000  0.000000000000000E+000
  0.000000000000000E+000  0.000000000000000E+000  0.000000000000000E+000
  0.000000000000000E+000  0.000000000000000E+000  0.000000000000000E+000
  0.000000000000000E+000  0.000000000000000E+000  0.000000000000000E+000
  0.000000000000000E+000  0.000000000000000E+000  0.000000000000000E+000
  0.000000000000000E+000  0.000000000000000E+000  0.000000000000000E+000
  0.000000000000000E+000  0.000000000000000E+000  0.000000000000000E+000
  0.000000000000000E+000  0.000000000000000E+000  0.000000000000000E+000
  0.000000000000000E+000  0.000000000000000E+000  0.000000000000000E+000
  0.000000000000000E+000  0.000000000000000E+000  0.000000000000000E+000
  0.000000000000000E+000  0.000000000000000E+000  0.000000000000000E+000
  0.000000000000000E+000  0.000000000000000E+000  0.000000000000000E+000
  0.000000000000000E+000  0.000000000000000E+000  0.000000000000000E+000
  0.000000000000000E+000  0.000000000000000E+000  0.000000000000000E+000
  0.000000000000000E+000  0.000000000000000E+000  0.000000000000000E+000
  0.000000000000000E+000  0.000000000000000E+000  0.000000000000000E+000
  0.000000000000000E+000  0.000000000000000E+000  0.000000000000000E+000
  0.000000000000000E+000  0.000000000000000E+000  0.000000000000000E+000
  0.000000000000000E+000  0.000000000000000E+000  0.000000000000000E+000
  0.000000000000000E+000  0.000000000000000E+000  0.000000000000000E+000
  0.000000000000000E+000  0.000000000000000E+000  0.000000000000000E+000
  0.000000000000000E+000  0.000000000000000E+000  0.000000000000000E+000
  0.000000000000000E+000  0.000000000000000E+000  0.000000000000000E+000
  0.000000000000000E+000  0.000000000000000E+000  0.000000000000000E+000
  0.000000000000000E+000  0.000000000000000E+000  0.000000000000000E+000
  0.000000000000000E+000  0.000000000000000E+000  0.000000000000000E+000
  0.000000000000000E+000  0.000000000000000E+000  0.000000000000000E+000
  0.000000000000000E+000  0.000000000000000E+000  0.000000000000000E+000
  0.000000000000000E+000  0.000000000000000E+000  0.000000000000000E+000
  0.000000000000000E+000  0.000000000000000E+000  0.000000000000000E+000
  0.000000000000000E+000  0.000000000000000E+000  0.000000000000000E+000
  0.000000000000000E+000  0.000000000000000E+000  0.000000000000000E+000
