          80  8.000000000000007E-003  8.000000000000007E-003
  0.000000000000000E+000  0.000000000000000E+000  0.000000000000000E+000
  0.000000000000000E+000  0.000000000000000E+000  0.000000000000000E+000
  3.244903848632164E-002  3.038532514298648E-002 -9.828969263979086E-002
  2.515593276731480E-002  1.867315888483916E-002 -0.153758550102911     
  3.434857518676033E-002  1.987150261716300E-002 -0.223359760318043     
  2.841468261354724E-002  2.663492172293903E-002 -0.258395593058143     
  3.335727795128073E-002  2.300291464835073E-002 -0.289305367789655     
  3.053192273843770E-002  5.172230431107952E-002 -0.313045110461939     
  6.397489879566493E-002  0.110919833417092      -0.326946109250804     
  2.963717102364084E-002  5.243739221484225E-002 -0.313067316392189     
  3.300398926248554E-003  4.048642374078226E-002 -0.289316589666348     
  9.007079300173897E-003  3.806468898119059E-002 -0.258405573174290     
  1.393198671503929E-004  3.977911237216483E-002 -0.223403789883000     
  3.659517313129293E-003  3.115225614042103E-002 -0.153746170149722     
  1.010885702710262E-002  4.330148613184232E-002 -9.838525631837185E-002
  0.000000000000000E+000  0.000000000000000E+000  0.000000000000000E+000
  0.000000000000000E+000  0.000000000000000E+000  0.000000000000000E+000
  0.000000000000000E+000  0.000000000000000E+000  0.000000000000000E+000
  0.000000000000000E+000  0.000000000000000E+000  0.000000000000000E+000
  2.123081186977818E-002  3.739796279422090E-002 -8.609199023405323E-002
  1.965846968145779E-002  2.517529821362328E-002 -0.150363826397320     
  2.168948074019066E-002  2.649127700773956E-002 -0.213299427606314     
  2.159708092723588E-002  2.691271734549912E-002 -0.256639292928927     
  2.459427787015328E-002  2.713964532813289E-002 -0.285684490485835     
  2.621900468665357E-002  5.152653523806434E-002 -0.311231896648707     
  5.918801966178453E-002  0.102611040141154      -0.326054885870002     
  3.154766287855782E-002  4.856265150540865E-002 -0.311255170707230     
  1.122837335863195E-002  3.494794343320722E-002 -0.285700073250672     
  1.258032402558737E-002  3.225795408341529E-002 -0.256645674504675     
  1.214334328461014E-002  3.208759392305018E-002 -0.213325679608372     
  1.200761147745053E-002  2.962420902063427E-002 -0.150344785124885     
  2.178168757074228E-002  3.707326244277445E-002 -8.616521688981138E-002
  0.000000000000000E+000  0.000000000000000E+000  0.000000000000000E+000
  0.000000000000000E+000  0.000000000000000E+000  0.000000000000000E+000
  0.000000000000000E+000  0.000000000000000E+000  0.000000000000000E+000
  0.000000000000000E+000  0.000000000000000E+000  0.000000000000000E+000
  1.085199056862347E-002  5.007470130329653E-002 -7.198865367466852E-002
  7.341601698155716E-003  4.118809797097864E-002 -0.138334179602439     
  6.269436844800349E-003  3.767730153290580E-002 -0.202224925929974     
  5.589829564247237E-003  4.157955971426515E-002 -0.246397351998962     
  1.184275721719506E-002  2.630504481033800E-002 -0.283065336358418     
  1.919420822298902E-002  5.750008252906064E-002 -0.303230001071220     
  4.956479438539957E-002  8.592365267106239E-002 -0.325469485297227     
  4.012752117097661E-002  4.540317627393670E-002 -0.303264850952199     
  1.682927663458743E-002  2.347168702494896E-002 -0.283088762148786     
  3.319205753984691E-002  2.566900705321060E-002 -0.246394412311239     
  2.946458170393863E-002  2.428462853866478E-002 -0.202226727688356     
  3.197663258227298E-002  2.692236121654820E-002 -0.138285439174319     
  3.792361933672635E-002  3.439408667783742E-002 -7.202994876534763E-002
  0.000000000000000E+000  0.000000000000000E+000  0.000000000000000E+000
  0.000000000000000E+000  0.000000000000000E+000  0.000000000000000E+000
  0.000000000000000E+000  0.000000000000000E+000  0.000000000000000E+000
  0.000000000000000E+000  0.000000000000000E+000  0.000000000000000E+000
  6.525380769867950E-003  7.145272337803109E-002 -6.156490200405516E-002
 -6.000602628722250E-003  6.233139198668148E-002 -0.125522475469670     
 -1.130845176812592E-002  6.587918097461351E-002 -0.190126554339912     
 -1.041156972478873E-002  5.427403673773816E-002 -0.238395712946401     
 -3.151578282469242E-003  5.915137266434710E-002 -0.272123491668031     
  1.487580995229582E-002  7.847033422981198E-002 -0.300813026227280     
  3.140827211840581E-002  5.444901761075074E-002 -0.311993690674860     
  6.035871862565868E-002  5.210695055522335E-002 -0.300847948864050     
  5.268666108644850E-002  2.686413978389906E-002 -0.272169364119210     
  5.214707402826020E-002  1.814869619151431E-002 -0.238373266790379     
  6.260964821419784E-002  2.313361263944519E-002 -0.190090828105736     
  5.686714806204091E-002  2.589484565927784E-002 -0.125433170459411     
  5.860299598557476E-002  4.132946201140542E-002 -6.157941930749154E-002
  0.000000000000000E+000  0.000000000000000E+000  0.000000000000000E+000
  0.000000000000000E+000  0.000000000000000E+000  0.000000000000000E+000
  0.000000000000000E+000  0.000000000000000E+000  0.000000000000000E+000
  0.000000000000000E+000  0.000000000000000E+000  0.000000000000000E+000
  4.073794724526611E-003  9.065205647784574E-002 -5.599906234254481E-002
 -1.410668901495269E-002  9.328379337637059E-002 -0.118753745364419     
 -2.596625828488032E-002  9.962111832179044E-002 -0.182802930076739     
 -2.557934128451092E-002  0.106778217019039      -0.231442212608105     
 -1.477684703214116E-002  0.104683864516944      -0.274069988119533     
  3.351978065089964E-003  5.949064620417201E-002 -0.290697651446721     
  1.904271050828610E-002  3.302973447125847E-002 -0.291012091180456     
  4.977617671726935E-002  3.273063108746486E-002 -0.290795674381009     
  9.790381529964234E-002  3.956102443860528E-002 -0.274121230733162     
  0.105184228148240       3.127947922338994E-002 -0.231421888741781     
  9.916359392970446E-002  2.733889000959701E-002 -0.182726618965374     
  8.777588873505535E-002  3.440693435254472E-002 -0.118635278696391     
  7.644184494769311E-002  4.877993500181377E-002 -5.599242286076127E-002
  0.000000000000000E+000  0.000000000000000E+000  0.000000000000000E+000
  0.000000000000000E+000  0.000000000000000E+000  0.000000000000000E+000
  0.000000000000000E+000  0.000000000000000E+000  0.000000000000000E+000
  0.000000000000000E+000  0.000000000000000E+000  0.000000000000000E+000
  1.224013591853843E-002  6.697449572075830E-002 -5.008331703792639E-002
 -3.042822993272993E-002  0.137980049259822      -0.117702754334294     
 -3.982144406449265E-002  0.141009475697724      -0.179534435219526     
 -4.202080835938575E-002  0.133537999604828      -0.233884396570174     
 -2.808422426291643E-002  8.813467411270949E-002 -0.262112424473354     
 -9.794454938487997E-003  4.186054980379658E-002 -0.267183542702717     
  6.071940126405838E-003  1.054664563912302E-002 -0.266174940476464     
  4.122686911762100E-002  1.262113685681686E-002 -0.267452416496806     
  9.029514556489873E-002  1.981170546473299E-002 -0.262220489286626     
  0.136443135355168       3.039662936913798E-002 -0.233833786150611     
  0.141907426403228       3.607103779520610E-002 -0.179442702792611     
  0.134554952205261       4.258901507297642E-002 -0.117543653784273     
  5.179395242651606E-002  4.399516476942265E-002 -5.006908893645466E-002
  0.000000000000000E+000  0.000000000000000E+000  0.000000000000000E+000
  0.000000000000000E+000  0.000000000000000E+000  0.000000000000000E+000
  0.000000000000000E+000  0.000000000000000E+000  0.000000000000000E+000
  0.000000000000000E+000  0.000000000000000E+000  0.000000000000000E+000
  2.452757011778944E-002  3.637811595084222E-002 -3.966299552725645E-002
 -4.064809689944158E-002  0.141540448875137      -0.112943719470110     
 -4.769688053463453E-002  0.134556346861379      -0.171215018882472     
 -5.205171978395899E-002  0.111962465875632      -0.213214996261479     
 -3.769097240325387E-002  6.980296283102105E-002 -0.235674241549480     
 -2.078882488718085E-002  2.183566788778329E-002 -0.237854680943992     
 -3.297730932088809E-003 -5.690357156669094E-003 -0.233452033167436     
  2.956588575565735E-002 -6.852264502520105E-003 -0.238353038351320     
  7.925698487036978E-002  2.336846193537672E-003 -0.235856042620686     
  0.122757781641706       1.095918247729607E-002 -0.213160085791492     
  0.140226978461677       2.603960548201007E-002 -0.171113319098151     
  0.142622509084960       3.555218918477489E-002 -0.112726505272858     
  1.914058531408220E-002  3.930173886745193E-002 -3.964241291124358E-002
  0.000000000000000E+000  0.000000000000000E+000  0.000000000000000E+000
  0.000000000000000E+000  0.000000000000000E+000  0.000000000000000E+000
  0.000000000000000E+000  0.000000000000000E+000  0.000000000000000E+000
  0.000000000000000E+000  0.000000000000000E+000  0.000000000000000E+000
  2.645070161111479E-002  1.598350972071881E-002 -3.089070349778824E-002
 -3.817875799069523E-002  0.129199759012343      -0.100888073940961     
 -5.170371694328339E-002  0.109485678370530      -0.148584250439930     
 -5.345953009906469E-002  8.886884680397322E-002 -0.183187394628481     
 -4.495624191419140E-002  4.707631275460615E-002 -0.202207211907419     
 -2.888164083444321E-002  7.567474761210399E-003 -0.202303183920735     
 -1.028146884155844E-002 -1.784542077925379E-002 -0.200751122335038     
  2.142278242238982E-002 -2.101910526506165E-002 -0.203205974712746     
  6.320774930600603E-002 -1.531323068882698E-002 -0.202411719535224     
  0.103439935528389      -1.766435160515409E-003 -0.183150524441857     
  0.120586006615167       1.005569206814662E-002 -0.148528491101275     
  0.130805279384023       3.157317646426794E-002 -0.100679517544324     
  5.096776643068662E-004  3.074778768690522E-002 -3.087262577579845E-002
  0.000000000000000E+000  0.000000000000000E+000  0.000000000000000E+000
  0.000000000000000E+000  0.000000000000000E+000  0.000000000000000E+000
  0.000000000000000E+000  0.000000000000000E+000  0.000000000000000E+000
  0.000000000000000E+000  0.000000000000000E+000  0.000000000000000E+000
  2.460163264702686E-002  9.501756050124420E-003 -2.039168165607731E-002
 -4.046147653873999E-002  9.719123190206186E-002 -7.828505865265648E-002
 -3.902944444831517E-002  6.807273404818041E-002 -0.104112060388789     
 -4.878367618345919E-002  5.781357749753513E-002 -0.134064487309327     
 -4.251826658458260E-002  2.621769219302618E-002 -0.148699431648993     
 -3.131444899378458E-002 -1.549475931865952E-003 -0.155917421350609     
 -1.268793694730828E-002 -2.207733040921162E-002 -0.157409769594279     
  1.471929319492397E-002 -2.783874137072490E-002 -0.156857386686552     
  4.388397097899529E-002 -2.366174370842701E-002 -0.148843721151804     
  7.422044423262342E-002 -1.323998306365642E-002 -0.134066913290161     
  7.851551303941438E-002  3.158034191937419E-004 -0.104200798342940     
  0.104323343319806       1.359928407057784E-002 -7.811004248508288E-002
 -4.129525678748633E-003  2.595912737114946E-002 -2.038762099340762E-002
  0.000000000000000E+000  0.000000000000000E+000  0.000000000000000E+000
  0.000000000000000E+000  0.000000000000000E+000  0.000000000000000E+000
  0.000000000000000E+000  0.000000000000000E+000  0.000000000000000E+000
  0.000000000000000E+000  0.000000000000000E+000  0.000000000000000E+000
  8.439666210262682E-003 -3.721459200451544E-003 -9.786613312043120E-003
  3.149547525738421E-003  3.311611906395828E-002 -2.865230669118997E-002
 -2.067819526074551E-002  3.526391364389511E-002 -5.398156375233833E-002
 -3.108443490275089E-002  2.950491901967294E-002 -8.001413855923273E-002
 -3.595061192172676E-002  1.317175610687087E-002 -9.598435715030244E-002
 -3.102203538692108E-002 -6.852912649170308E-003 -0.112939846380470     
 -1.413025429299544E-002 -2.503584361885990E-002 -0.118892598253662     
  9.768113038575301E-003 -3.046201819939016E-002 -0.113726754598114     
  2.908856658439594E-002 -2.436947985119734E-002 -9.599527829669899E-002
  4.094069562820211E-002 -1.209510993284691E-002 -8.002125364484003E-002
  4.093232498567280E-002 -2.440266675601344E-004 -5.405656933731879E-002
  2.713724078046336E-002  1.925990044475665E-002 -2.862533602163674E-002
 -7.458546945883126E-003  5.406689783880713E-003 -9.782975781180578E-003
  0.000000000000000E+000  0.000000000000000E+000  0.000000000000000E+000
  0.000000000000000E+000  0.000000000000000E+000  0.000000000000000E+000
  0.000000000000000E+000  0.000000000000000E+000  0.000000000000000E+000
  0.000000000000000E+000  0.000000000000000E+000  0.000000000000000E+000
  0.000000000000000E+000  0.000000000000000E+000  0.000000000000000E+000
  0.000000000000000E+000  0.000000000000000E+000  0.000000000000000E+000
  0.000000000000000E+000  0.000000000000000E+000  0.000000000000000E+000
  0.000000000000000E+000  0.000000000000000E+000  0.000000000000000E+000
  0.000000000000000E+000  0.000000000000000E+000  0.000000000000000E+000
  0.000000000000000E+000  0.000000000000000E+000  0.000000000000000E+000
  0.000000000000000E+000  0.000000000000000E+000  0.000000000000000E+000
  0.000000000000000E+000  0.000000000000000E+000  0.000000000000000E+000
  0.000000000000000E+000  0.000000000000000E+000  0.000000000000000E+000
  0.000000000000000E+000  0.000000000000000E+000  0.000000000000000E+000
  0.000000000000000E+000  0.000000000000000E+000  0.000000000000000E+000
  0.000000000000000E+000  0.000000000000000E+000  0.000000000000000E+000
  0.000000000000000E+000  0.000000000000000E+000  0.000000000000000E+000
  0.000000000000000E+000  0.000000000000000E+000  0.000000000000000E+000
  0.000000000000000E+000  0.000000000000000E+000  0.000000000000000E+000
  0.000000000000000E+000  0.000000000000000E+000  0.000000000000000E+000
  0.000000000000000E+000  0.000000000000000E+000  0.000000000000000E+000
  0.000000000000000E+000  0.000000000000000E+000  0.000000000000000E+000
  0.000000000000000E+000  0.000000000000000E+000  0.000000000000000E+000
  0.000000000000000E+000  0.000000000000000E+000  0.000000000000000E+000
  0.000000000000000E+000  0.000000000000000E+000  0.000000000000000E+000
  0.000000000000000E+000  0.000000000000000E+000  0.000000000000000E+000
  0.000000000000000E+000  0.000000000000000E+000  0.000000000000000E+000
  0.000000000000000E+000  0.000000000000000E+000  0.000000000000000E+000
  0.000000000000000E+000  0.000000000000000E+000  0.000000000000000E+000
  0.000000000000000E+000  0.000000000000000E+000  0.000000000000000E+000
  0.000000000000000E+000  0.000000000000000E+000  0.000000000000000E+000
  0.000000000000000E+000  0.000000000000000E+000  0.000000000000000E+000
  0.000000000000000E+000  0.000000000000000E+000  0.000000000000000E+000
  0.000000000000000E+000  0.000000000000000E+000  0.000000000000000E+000
  0.000000000000000E+000  0.000000000000000E+000  0.000000000000000E+000
  0.000000000000000E+000  0.000000000000000E+000  0.000000000000000E+000
  0.000000000000000E+000  0.000000000000000E+000  0.000000000000000E+000
  0.000000000000000E+000  0.000000000000000E+000  0.000000000000000E+000
 -3.132184666923616E-003  6.678696473605820E-003 -2.770381309536668E-002
 -3.126896317137966E-002 -5.785764394359691E-003 -6.523617665286560E-002
 -3.519866044971116E-002  6.156502210232119E-003 -6.135217272879943E-002
 -2.432860526714819E-002 -1.120269322412533E-002 -1.922931091261769E-002
  3.524804869509676E-002  1.946709197739753E-002  6.563127104704169E-003
  2.417448559377879E-002 -4.391691801703398E-002 -1.107909266685332E-002
  0.148844327225768       0.259111007663831      -8.654854117562892E-002
 -4.986045428301007E-002  5.638954396069436E-005 -1.156111550823858E-002
 -2.546206355876998E-003  4.025766018116659E-002  5.909672601601768E-003
  1.507146632084766E-003 -2.626333058128294E-002 -1.960290200436817E-002
  2.416950910091453E-002 -2.603482352427166E-002 -6.147862968909212E-002
  8.941348436150232E-003 -3.055449970357385E-002 -6.507928641525502E-002
  6.843651240035479E-003  3.674474331361796E-004 -2.758148834638807E-002
  0.000000000000000E+000  0.000000000000000E+000  0.000000000000000E+000
  0.000000000000000E+000  0.000000000000000E+000  0.000000000000000E+000
  0.000000000000000E+000  0.000000000000000E+000  0.000000000000000E+000
  0.000000000000000E+000  0.000000000000000E+000  0.000000000000000E+000
 -6.797398093628106E-003  3.470615534947479E-003 -2.309882025933416E-002
 -3.361284306127438E-002 -1.031946667323867E-003 -6.206536785822423E-002
 -3.302957205223160E-002 -3.521431309991287E-003 -6.865729558556007E-002
 -5.531628458113309E-003  5.978070962736725E-003 -1.791256273264603E-002
  3.806615656138470E-002  9.340115803632326E-004  3.483152058885939E-003
  2.752900711367499E-002 -1.429845067589081E-002  6.986726528928538E-003
  0.101693178005266       0.177480021666997      -9.085392898984938E-002
 -2.637638031731619E-002  1.774996658438042E-002  6.377199788902085E-003
 -1.895384709580843E-002  3.387261202997594E-002  2.872941203111841E-003
  6.895497205551300E-003 -1.457333448445310E-003 -1.823865316151789E-002
  1.321580384916686E-002 -2.987249774581500E-002 -6.872014580077797E-002
  1.528441300272675E-002 -2.956462352686295E-002 -6.188290354855396E-002
  6.164362809125086E-003 -4.258774837272856E-003 -2.299872506598578E-002
  0.000000000000000E+000  0.000000000000000E+000  0.000000000000000E+000
  0.000000000000000E+000  0.000000000000000E+000  0.000000000000000E+000
  0.000000000000000E+000  0.000000000000000E+000  0.000000000000000E+000
  0.000000000000000E+000  0.000000000000000E+000  0.000000000000000E+000
 -9.605544704294190E-003  3.484029821244178E-004 -1.931745121452062E-002
 -3.325223665376199E-002 -5.595638927632958E-003 -5.828979684962049E-002
 -3.020427615379519E-002  5.918731689156494E-003 -6.982313537253078E-002
  1.163786886324388E-002 -1.064036127699667E-002 -2.447875246451001E-002
  2.103555334551694E-002 -4.818908030793552E-003  1.446375302891168E-002
  1.880731064650505E-002  2.102312593482747E-002 -2.942155074015500E-003
 -5.246178542227947E-002 -9.027571964813087E-002 -4.529247628409624E-002
  7.340493573399974E-003  2.686486833522352E-002 -3.056657094303262E-003
 -1.528385864169921E-002  1.643299225937110E-002  1.382931006212445E-002
 -1.619462391780541E-002  4.726434304304662E-003 -2.461597819649769E-002
  1.808657780006751E-002 -2.389351804346986E-002 -6.981183889736126E-002
  1.288650821958539E-002 -3.061135199560528E-002 -5.801178928982156E-002
  5.388417974718945E-003 -7.950306186639201E-003 -1.924195603985044E-002
  0.000000000000000E+000  0.000000000000000E+000  0.000000000000000E+000
  0.000000000000000E+000  0.000000000000000E+000  0.000000000000000E+000
  0.000000000000000E+000  0.000000000000000E+000  0.000000000000000E+000
  0.000000000000000E+000  0.000000000000000E+000  0.000000000000000E+000
 -9.547061324198698E-003 -5.355163532248833E-003 -1.766031564264977E-002
 -3.715254937295007E-002  7.268693359532111E-003 -5.226241810394235E-002
 -1.958988480828298E-002 -9.758408430957212E-003 -6.761457952619318E-002
  1.822345045601051E-002  1.145988103076519E-002 -2.019338345659259E-002
  3.264743920588468E-002  1.397053280494513E-002  2.037872593014662E-003
  2.439792515480377E-003 -4.517570147840247E-002 -1.291961093542272E-003
 -4.162165565105335E-002 -7.198032229425105E-002 -3.911363077237887E-003
 -3.819947092284059E-002 -1.883391809346230E-002 -2.419550429446198E-003
 -3.741991886128037E-003  3.538813980663671E-002  2.072444600944583E-003
  1.945493243089621E-003  2.229510377901693E-002 -2.008667377360733E-002
  8.998454696922392E-004 -2.183158030946362E-002 -6.745984040354285E-002
  2.497040594617756E-002 -2.795996496427476E-002 -5.193645884290701E-002
  1.211128630192113E-003 -1.039371986655265E-002 -1.755940655983705E-002
  0.000000000000000E+000  0.000000000000000E+000  0.000000000000000E+000
  0.000000000000000E+000  0.000000000000000E+000  0.000000000000000E+000
  0.000000000000000E+000  0.000000000000000E+000  0.000000000000000E+000
  0.000000000000000E+000  0.000000000000000E+000  0.000000000000000E+000
 -1.290210142706278E-002  1.687018893677287E-002 -1.710677070071219E-002
 -3.328378090207338E-002 -2.008929831887211E-002 -4.849729499713008E-002
 -2.524983809743353E-002  1.506188063070440E-002 -5.523355357751716E-002
  2.005594147169747E-002 -6.488757816883424E-003 -2.813515999847360E-002
  2.900801866063834E-002 -4.719828505422877E-002  6.614125199337528E-003
  3.881364112388556E-002  0.128799847508021      -7.343647929691488E-002
  4.577970121415950E-002  7.820366766997276E-002 -8.753911102324730E-002
  9.008593363793363E-002  9.543119512775182E-002 -7.208971121233977E-002
 -5.598492698836482E-002  8.943370343702372E-004  6.788930062311028E-003
 -1.588912505097086E-002  1.362058541287089E-002 -2.818236852363928E-002
  2.566718724909989E-002 -1.442092427236566E-002 -5.514138880704038E-002
  1.370485492366815E-003 -3.737382467142093E-002 -4.814300808196761E-002
  2.028751546886529E-002 -3.114299353951732E-003 -1.700300089397493E-002
  0.000000000000000E+000  0.000000000000000E+000  0.000000000000000E+000
  0.000000000000000E+000  0.000000000000000E+000  0.000000000000000E+000
  0.000000000000000E+000  0.000000000000000E+000  0.000000000000000E+000
  0.000000000000000E+000  0.000000000000000E+000  0.000000000000000E+000
 -9.929880296374326E-003 -9.072498712313602E-004 -1.683736227690116E-002
 -4.117835589453532E-002  4.543283439690685E-002 -5.014186633599424E-002
 -1.497947433378327E-002 -3.389771282720696E-002 -5.186592333473591E-002
  2.759049707690223E-002 -0.130189083189820       1.133380909110485E-002
  2.720422941050739E-002 -9.677906989456316E-002  5.074968086408145E-002
  6.586922832680302E-003 -2.768482598179049E-002 -5.803879849050891E-003
  2.623851238366103E-002  4.534565318572039E-002 -4.102484924873207E-002
 -2.537919368177484E-002 -7.413306441931744E-003 -7.731767626374589E-003
 -9.590250483586864E-002 -2.476105164527614E-002  4.980428089594899E-002
 -0.127919178789138      -4.219122062546741E-002  1.221251898332158E-002
 -2.229497946459100E-002 -3.048356697127870E-002 -5.186342531553929E-002
  5.824720883630614E-002 -1.326080900296252E-002 -4.975982554145889E-002
  3.684401215342099E-003 -8.959430131290276E-003 -1.664898112770637E-002
  0.000000000000000E+000  0.000000000000000E+000  0.000000000000000E+000
  0.000000000000000E+000  0.000000000000000E+000  0.000000000000000E+000
  0.000000000000000E+000  0.000000000000000E+000  0.000000000000000E+000
  0.000000000000000E+000  0.000000000000000E+000  0.000000000000000E+000
 -2.013519059205219E-003  1.380314708786048E-003 -1.773346705524045E-002
 -5.185629001580030E-002  6.267640044884458E-002 -6.141146997882339E-002
 -1.209273189621200E-002 -4.531593584460228E-002 -3.086028470078165E-002
  4.394335600309766E-003 -3.083473270480071E-002 -1.277107763363179E-002
  2.443912132469377E-002 -3.200596441609568E-002 -1.324345876415441E-002
  7.439472253006635E-003 -7.530634981440576E-002  9.048372374549572E-002
 -3.083512998672616E-002 -5.343906383883379E-002  6.282358860121863E-002
 -6.769607842626006E-002 -3.070589497878558E-002  8.788261639669218E-002
 -4.021393307120815E-002  4.725126424113787E-003 -1.322946829497230E-002
 -2.780558621871078E-002 -1.154490352627315E-002 -1.364632984094211E-002
 -3.014955857299397E-002 -3.346055766375039E-002 -3.188506618988715E-002
  7.725182295897533E-002 -1.387773466983897E-002 -6.041644116214505E-002
  2.047890768047555E-003 -1.027765145315829E-003 -1.763859998798888E-002
  0.000000000000000E+000  0.000000000000000E+000  0.000000000000000E+000
  0.000000000000000E+000  0.000000000000000E+000  0.000000000000000E+000
  0.000000000000000E+000  0.000000000000000E+000  0.000000000000000E+000
  0.000000000000000E+000  0.000000000000000E+000  0.000000000000000E+000
  2.773201626551801E-003 -9.509639600559742E-004 -1.905809825829377E-002
 -5.711038182527513E-002  6.433921146066153E-002 -5.254580795297750E-002
 -3.608138550527053E-002  2.545142868481386E-003 -5.608637166657208E-002
 -1.379137286991731E-002  7.550644934942533E-003 -2.631778849249833E-002
 -3.993868874957630E-002  8.277920779329358E-002 -0.127925456390269     
  1.586964526344416E-002  4.674283641345842E-002 -0.174121867967470     
 -2.203230133901642E-002 -3.833807969785093E-002  9.758924925179099E-002
  3.047585444276029E-002  3.626141599285248E-002 -0.169957579099833     
  9.066612662804556E-002  6.844341584357541E-003 -0.127262324980817     
  1.285730726897297E-002 -8.425822368319824E-003 -2.539544965665233E-002
  2.180581341450973E-002 -3.028519875515357E-002 -5.700136747554860E-002
  8.477101186040767E-002 -1.763028762663125E-002 -5.266684886368544E-002
 -2.397116240935632E-003  2.019458057298380E-003 -1.882181760759882E-002
  0.000000000000000E+000  0.000000000000000E+000  0.000000000000000E+000
  0.000000000000000E+000  0.000000000000000E+000  0.000000000000000E+000
  0.000000000000000E+000  0.000000000000000E+000  0.000000000000000E+000
  0.000000000000000E+000  0.000000000000000E+000  0.000000000000000E+000
  6.888334173226580E-003 -2.873891195760596E-003 -1.104439186987306E-002
 -5.150054727122406E-002  4.368643105213830E-002 -4.526877753297560E-002
 -3.957433962072011E-002  9.136782201394602E-003 -3.017139493814210E-002
 -8.030974599958277E-002  5.837337138230824E-002 -0.110788836398327     
  8.487617618706385E-002 -2.773099968653876E-002  0.141377092634736     
 -3.205662730458386E-002  1.883534432877875E-002 -4.622570344586881E-002
  2.151599278626316E-003  3.759916334646401E-003 -0.262999064266556     
  3.232128058227029E-002 -1.848070581877340E-002 -4.713158749339696E-002
 -6.571859745294607E-002  5.874965495214733E-002  0.139597570464667     
  8.899023170069580E-002 -3.948873148970959E-002 -0.108479457908414     
  3.075076539966057E-002 -3.081400527904204E-002 -3.266316206756860E-002
  6.503412555197541E-002 -2.323348256372093E-002 -4.573704926174763E-002
 -6.076691816990588E-003  4.639099012397745E-003 -1.088049854205863E-002
  0.000000000000000E+000  0.000000000000000E+000  0.000000000000000E+000
  0.000000000000000E+000  0.000000000000000E+000  0.000000000000000E+000
  0.000000000000000E+000  0.000000000000000E+000  0.000000000000000E+000
  0.000000000000000E+000  0.000000000000000E+000  0.000000000000000E+000
  1.931441111886917E-004 -3.362783530725545E-003 -6.512910362739609E-003
  8.172023183789103E-004  4.949963027921718E-003 -5.795655917245564E-003
  1.108362288841911E-002 -1.506669940602219E-002  1.969511734244645E-002
  1.833803060035869E-002 -1.717829417985936E-002  3.114187735074853E-002
  0.108656544298638       1.939035688312052E-002  0.188650215975015     
  8.731180837658975E-002  1.772780363478868E-002  0.164518398421458     
  1.471683127615571E-002  2.560574009116105E-002  0.106093883407119     
 -2.825463586488356E-002  8.325721345969013E-002  0.158866877557393     
 -3.762564555918456E-002  0.104283462877760       0.190556811845520     
 -2.425748457775169E-002  7.459143934735499E-003  3.126458407972690E-002
 -1.857906240701736E-002  1.911046667297097E-003  2.020535210303013E-002
  3.958830249525551E-003  3.274825856260097E-003 -6.144177128656645E-003
 -2.997266828630796E-003 -1.542625364817440E-003 -6.392011353356390E-003
  0.000000000000000E+000  0.000000000000000E+000  0.000000000000000E+000
  0.000000000000000E+000  0.000000000000000E+000  0.000000000000000E+000
  0.000000000000000E+000  0.000000000000000E+000  0.000000000000000E+000
  0.000000000000000E+000  0.000000000000000E+000  0.000000000000000E+000
  0.000000000000000E+000  0.000000000000000E+000  0.000000000000000E+000
  0.000000000000000E+000  0.000000000000000E+000  0.000000000000000E+000
  0.000000000000000E+000  0.000000000000000E+000  0.000000000000000E+000
  0.000000000000000E+000  0.000000000000000E+000  0.000000000000000E+000
  0.000000000000000E+000  0.000000000000000E+000  0.000000000000000E+000
  0.000000000000000E+000  0.000000000000000E+000  0.000000000000000E+000
  0.000000000000000E+000  0.000000000000000E+000  0.000000000000000E+000
  0.000000000000000E+000  0.000000000000000E+000  0.000000000000000E+000
  0.000000000000000E+000  0.000000000000000E+000  0.000000000000000E+000
  0.000000000000000E+000  0.000000000000000E+000  0.000000000000000E+000
  0.000000000000000E+000  0.000000000000000E+000  0.000000000000000E+000
  0.000000000000000E+000  0.000000000000000E+000  0.000000000000000E+000
  0.000000000000000E+000  0.000000000000000E+000  0.000000000000000E+000
  0.000000000000000E+000  0.000000000000000E+000  0.000000000000000E+000
  0.000000000000000E+000  0.000000000000000E+000  0.000000000000000E+000
  0.000000000000000E+000  0.000000000000000E+000  0.000000000000000E+000
  0.000000000000000E+000  0.000000000000000E+000  0.000000000000000E+000
  0.000000000000000E+000  0.000000000000000E+000  0.000000000000000E+000
  0.000000000000000E+000  0.000000000000000E+000  0.000000000000000E+000
  0.000000000000000E+000  0.000000000000000E+000  0.000000000000000E+000
  0.000000000000000E+000  0.000000000000000E+000  0.000000000000000E+000
  0.000000000000000E+000  0.000000000000000E+000  0.000000000000000E+000
  0.000000000000000E+000  0.000000000000000E+000  0.000000000000000E+000
  0.000000000000000E+000  0.000000000000000E+000  0.000000000000000E+000
  0.000000000000000E+000  0.000000000000000E+000  0.000000000000000E+000
  0.000000000000000E+000  0.000000000000000E+000  0.000000000000000E+000
  0.000000000000000E+000  0.000000000000000E+000  0.000000000000000E+000
  0.000000000000000E+000  0.000000000000000E+000  0.000000000000000E+000
  0.000000000000000E+000  0.000000000000000E+000  0.000000000000000E+000
  0.000000000000000E+000  0.000000000000000E+000  0.000000000000000E+000
  0.000000000000000E+000  0.000000000000000E+000  0.000000000000000E+000
  0.000000000000000E+000  0.000000000000000E+000  0.000000000000000E+000
  0.000000000000000E+000  0.000000000000000E+000  0.000000000000000E+000
  0.000000000000000E+000  0.000000000000000E+000  0.000000000000000E+000
  -11.1081968902037        200.097016137911       -24.7535955237156     
  -28.9809716669871       -190.491265262811        239.364885066728     
  -195.018444828565        19.8335557386890        309.369222556744     
  -281.894606661309       -213.851821922063        405.949579937585     
   164.285814924941        89.4978813047037        351.103506403103     
   1.02791922026745       -73.6529048168488       -440.019656218410     
   160.647783561460        258.516793710560       -179.028590444490     
  -40.3855123656863       -46.1267170100927       -437.389622917362     
   35.2412595529170        193.979599462419        338.279741385816     
  -69.5471673283989       -360.060934432636        410.565757533741     
   144.719870341884       -139.561811638405        322.652634084202     
  -148.400548459600       -117.216593044568        247.530908433522     
   192.780119906664        97.2914348463223       -23.7831163275203     
  0.000000000000000E+000  0.000000000000000E+000  0.000000000000000E+000
  0.000000000000000E+000  0.000000000000000E+000  0.000000000000000E+000
  0.000000000000000E+000  0.000000000000000E+000  0.000000000000000E+000
  0.000000000000000E+000  0.000000000000000E+000  0.000000000000000E+000
  -4.89826495022279        113.803521596239       -30.0507817111299     
  -22.7059757226079       -145.159061522171        215.705239191597     
  -205.574550661300       -77.0190688922737        273.335561469892     
  -209.334064560225        117.028064786991        427.318312538531     
  -5.12752806800152        240.400468892302        416.851848405713     
   15.4054045104259       -405.567468405090       -442.111612603428     
  -252.085517229140       -469.564071556388       -109.179228405493     
  -376.259923794342       -219.624085061379       -438.022049784728     
   196.339295892422        88.0135322176499        398.662843439205     
   211.515707475117       -122.173714935915        435.840060479418     
   48.5355730824529       -205.095312470102        285.818285851786     
  -122.284219571592       -94.7360155715497        223.327902439176     
   116.680268176903        60.8795477662173       -29.5109560487434     
  0.000000000000000E+000  0.000000000000000E+000  0.000000000000000E+000
  0.000000000000000E+000  0.000000000000000E+000  0.000000000000000E+000
  0.000000000000000E+000  0.000000000000000E+000  0.000000000000000E+000
  0.000000000000000E+000  0.000000000000000E+000  0.000000000000000E+000
  -5.35966915473063       -49.6335220729416       -16.4260204105667     
   39.1138427612796       -70.2337092965101        110.359208614949     
  -292.831502545130        63.3103750932208        285.247221824502     
  -125.166987629565       -332.883095310244        296.462500713940     
  -88.5076276829072       -583.957552622706        724.336585765455     
  -226.911059875052        448.510681463545       -556.899164947926     
  -257.170477156596       -459.117557593688        67.2846049280937     
   544.434316861237        45.5683604932776       -560.621158436094     
  -472.821791796870       -385.338758820917        711.111606943111     
  -243.113019805403       -288.597764881483        302.379069756494     
   176.800644571309       -230.168593103183        296.882119961903     
  -115.838660072582       -18.5362528840859        116.180005675305     
  -16.5253681699994       -16.4013927341586       -16.1599455353917     
  0.000000000000000E+000  0.000000000000000E+000  0.000000000000000E+000
  0.000000000000000E+000  0.000000000000000E+000  0.000000000000000E+000
  0.000000000000000E+000  0.000000000000000E+000  0.000000000000000E+000
  0.000000000000000E+000  0.000000000000000E+000  0.000000000000000E+000
   62.5969591542466       -196.524492369246       -25.0126404586055     
  -85.7778060725864       -84.9989349047672        26.6773312746779     
  -93.3733652518603       -191.644282096213       -28.0874867237447     
  -35.9334756737091        288.239635254320        452.262207424639     
  -69.4681339131121        701.256290216728        162.779688597681     
  -221.758386746333       -739.298902762832       -217.603357505662     
   540.216776763913        946.959128685437       -337.114571950715     
  -530.507167813155       -547.615838510621       -232.174476416121     
   664.870473545610        301.432815541765        154.076600862555     
   299.532330002170        133.349645302174        453.301303222439     
  -129.352079551526       -172.049750375216       -19.9308630746229     
  -15.9436786860748       -102.773703582717        32.2221250294084     
  -181.267485692278       -35.3765202349246       -25.0606621469272     
  0.000000000000000E+000  0.000000000000000E+000  0.000000000000000E+000
  0.000000000000000E+000  0.000000000000000E+000  0.000000000000000E+000
  0.000000000000000E+000  0.000000000000000E+000  0.000000000000000E+000
  0.000000000000000E+000  0.000000000000000E+000  0.000000000000000E+000
  -31.1544635792680        512.039775027647       -12.3313765072376     
   110.024710613849       -137.271299482013       -98.6620119213986     
  -151.327954541347        54.8279706430743       -70.3073750949807     
   200.465689006544       -46.0468625950052       -142.021567638075     
  -174.999482923735       -2714.20268294790        816.293864647821     
  -72.3143491094759        986.787960417415       -278.741540665736     
  -872.133917262875       -1515.71589316238        543.769351154420     
   828.400379873211        385.441785835930       -246.437567799582     
  -2295.06897753908       -1512.52154218802        815.970981470307     
  -154.580294522743        148.983697722594       -144.162142291906     
   100.916024436626       -104.403109766317       -60.2319654532815     
  -167.814477602918        35.6561481945915       -94.2731389770273     
   449.397707513810        223.967015762251       -12.2267699961434     
  0.000000000000000E+000  0.000000000000000E+000  0.000000000000000E+000
  0.000000000000000E+000  0.000000000000000E+000  0.000000000000000E+000
  0.000000000000000E+000  0.000000000000000E+000  0.000000000000000E+000
  0.000000000000000E+000  0.000000000000000E+000  0.000000000000000E+000
  -27.3150600035875        480.401973853035       -51.4906831393585     
  -170.308518258931        251.157371968841       -190.625906036534     
   88.0949991362979        16.7542835864433       -532.300996279677     
   167.435887493086       -1818.96632943599        502.064099534822     
  -313.811796845221        2406.82866995678       -1271.09512814294     
   454.757146829800        441.125026909170       -1360.97343900328     
  -904.534053321744       -1558.92005439711        2715.72021001996     
   176.798255743018        629.017695811249       -1398.51781084734     
   2263.24305216080        944.496392493432       -1287.68301751793     
  -1640.51099443180       -747.324268728880        502.700420840826     
  -53.8125514928994        87.9237404520437       -523.147136204306     
   303.621309571289       -16.0053061118077       -187.096731279325     
   417.985521532175        212.912810161478       -50.4232704709897     
  0.000000000000000E+000  0.000000000000000E+000  0.000000000000000E+000
  0.000000000000000E+000  0.000000000000000E+000  0.000000000000000E+000
  0.000000000000000E+000  0.000000000000000E+000  0.000000000000000E+000
  0.000000000000000E+000  0.000000000000000E+000  0.000000000000000E+000
   95.5053486223781        241.700284310801        17.7413522919917     
   999.518692492201       -2095.27310682549       -3.24442933705719     
  -437.247352942828        305.060480155053       -449.809578763257     
  -323.652319379847        830.509650625900       -774.915653286564     
   548.721250904303       -336.202363389244       -455.234825732604     
  -9.41668991614933       -505.160614059594        900.845691132638     
   894.445725114590        1549.68354813243       -3411.40977120795     
  -419.419565482960       -260.660177311252        873.914467200340     
  -582.733678488894        305.228056902958       -438.484958044644     
   942.917116504061        152.400351516607       -818.272110496032     
   474.360428662248       -223.621595048589       -433.050562617172     
  -2350.28464759194       -180.487415868693        1.69109680792302     
   162.413496451488        201.819410019130        16.8722870120262     
  0.000000000000000E+000  0.000000000000000E+000  0.000000000000000E+000
  0.000000000000000E+000  0.000000000000000E+000  0.000000000000000E+000
  0.000000000000000E+000  0.000000000000000E+000  0.000000000000000E+000
  0.000000000000000E+000  0.000000000000000E+000  0.000000000000000E+000
   195.628644876649       -185.427289596829       -53.5140781624360     
   42.7887834838539       -117.579965862001       -66.9801239722627     
  -2019.35610121247        2716.17104248419       -2784.16917261393     
   862.761929889074       -845.282977808752        483.430496642369     
   426.166294293423       -365.514161289967        742.722409693160     
   370.865664481923       -292.926781956648       -292.253361820221     
  -527.495267254351       -908.611840108304        2792.94925322618     
  -448.618671599819        171.589362974910       -280.071088249114     
  -528.226113718077        180.157346689157        767.598733765122     
  -1234.71694276760        323.888721358907        561.173779048449     
   3387.42754092415       -382.357685648535       -2802.01121491657     
  -133.246015318732       -18.5198100890215       -62.4747343821551     
  -259.723139138117        76.6287354982218       -57.0570968241298     
  0.000000000000000E+000  0.000000000000000E+000  0.000000000000000E+000
  0.000000000000000E+000  0.000000000000000E+000  0.000000000000000E+000
  0.000000000000000E+000  0.000000000000000E+000  0.000000000000000E+000
  0.000000000000000E+000  0.000000000000000E+000  0.000000000000000E+000
   186.644993508698        31.7691524151901        55.0722569349485     
  -544.833861108663        462.320486613599       -630.688221044267     
  -1188.31980926790        977.227808085387       -1650.08032713438     
   200.953417421662        29.1942952701498        518.549975098197     
  -597.329246400398        524.580595520214       -1587.10339489828     
   96.3038103416407       -544.423455945655        188.320696982801     
   82.5627397118798        129.765499130551       -1322.37723869382     
  -525.388083697674       -183.578298368497        232.328490688568     
   715.640080703768       -252.215453205255       -1571.78312096640     
  -44.5500258873643        180.618017067544        497.429982436954     
   1477.47659979902       -556.171313781956       -1672.67960045297     
   690.373845921787       -240.201671928405       -636.093496759603     
  -68.0132332214828        178.972585997688        53.0703257540715     
  0.000000000000000E+000  0.000000000000000E+000  0.000000000000000E+000
  0.000000000000000E+000  0.000000000000000E+000  0.000000000000000E+000
  0.000000000000000E+000  0.000000000000000E+000  0.000000000000000E+000
  0.000000000000000E+000  0.000000000000000E+000  0.000000000000000E+000
   58.1451577404809       -44.9395839920013        43.2325016342977     
  -17.5563553833201        192.358800123605       -326.752927019782     
   336.936146678157       -250.001006139296        458.377573998906     
   687.435267990367       -131.681624499708        1005.29935602370     
  -274.811618961127        38.9801801223490       -332.026475466292     
   121.369333988593        104.254133684138       -81.7825826195338     
  -809.909296575036       -1425.91057151661       -3657.32056145828     
   25.2948562594448        108.012720971406       -188.615330874868     
   183.613494685033       -231.258501938508       -352.067471885484     
  -430.025953181174        509.026071365146        970.614999286044     
  -422.955501404173        182.641757659339        501.026962985556     
   183.363868006746        78.1149193739607       -334.815203515829     
  -69.4086286989026        29.5311342211202        45.3875688354729     
  0.000000000000000E+000  0.000000000000000E+000  0.000000000000000E+000
  0.000000000000000E+000  0.000000000000000E+000  0.000000000000000E+000
  0.000000000000000E+000  0.000000000000000E+000  0.000000000000000E+000
  0.000000000000000E+000  0.000000000000000E+000  0.000000000000000E+000
  0.000000000000000E+000  0.000000000000000E+000  0.000000000000000E+000
  0.000000000000000E+000  0.000000000000000E+000  0.000000000000000E+000
  0.000000000000000E+000  0.000000000000000E+000  0.000000000000000E+000
  0.000000000000000E+000  0.000000000000000E+000  0.000000000000000E+000
  0.000000000000000E+000  0.000000000000000E+000  0.000000000000000E+000
  0.000000000000000E+000  0.000000000000000E+000  0.000000000000000E+000
  0.000000000000000E+000  0.000000000000000E+000  0.000000000000000E+000
  0.000000000000000E+000  0.000000000000000E+000  0.000000000000000E+000
  0.000000000000000E+000  0.000000000000000E+000  0.000000000000000E+000
  0.000000000000000E+000  0.000000000000000E+000  0.000000000000000E+000
  0.000000000000000E+000  0.000000000000000E+000  0.000000000000000E+000
  0.000000000000000E+000  0.000000000000000E+000  0.000000000000000E+000
  0.000000000000000E+000  0.000000000000000E+000  0.000000000000000E+000
  0.000000000000000E+000  0.000000000000000E+000  0.000000000000000E+000
  0.000000000000000E+000  0.000000000000000E+000  0.000000000000000E+000
  0.000000000000000E+000  0.000000000000000E+000  0.000000000000000E+000
  0.000000000000000E+000  0.000000000000000E+000  0.000000000000000E+000
  0.000000000000000E+000  0.000000000000000E+000  0.000000000000000E+000
  0.000000000000000E+000  0.000000000000000E+000  0.000000000000000E+000
  0.000000000000000E+000  0.000000000000000E+000  0.000000000000000E+000
  0.000000000000000E+000  0.000000000000000E+000  0.000000000000000E+000
  0.000000000000000E+000  0.000000000000000E+000  0.000000000000000E+000
  0.000000000000000E+000  0.000000000000000E+000  0.000000000000000E+000
  0.000000000000000E+000  0.000000000000000E+000  0.000000000000000E+000
  0.000000000000000E+000  0.000000000000000E+000  0.000000000000000E+000
  0.000000000000000E+000  0.000000000000000E+000  0.000000000000000E+000
  0.000000000000000E+000  0.000000000000000E+000  0.000000000000000E+000
  0.000000000000000E+000  0.000000000000000E+000  0.000000000000000E+000
  0.000000000000000E+000  0.000000000000000E+000  0.000000000000000E+000
  0.000000000000000E+000  0.000000000000000E+000  0.000000000000000E+000
  0.000000000000000E+000  0.000000000000000E+000  0.000000000000000E+000
  0.000000000000000E+000  0.000000000000000E+000  0.000000000000000E+000
