          80  8.000000000000007E-003  8.000000000000007E-003
  0.000000000000000E+000  0.000000000000000E+000  0.000000000000000E+000
  0.000000000000000E+000  0.000000000000000E+000  0.000000000000000E+000
  2.310986209032058E-002  2.928492236528651E-002 -4.658674322702808E-002
  2.093726657245693E-002  2.381152114105994E-002 -6.295054225583023E-002
  2.268272527116755E-002  1.817531240675792E-002 -8.760230181526292E-002
  2.095437720290703E-002  2.069817487661360E-002 -9.832787920845804E-002
  2.088781506588373E-002  2.459759844761556E-002 -0.107330419883205     
  2.369289298508768E-002  4.729953204452942E-002 -0.113042334565205     
  3.148928829672842E-002  5.456675606322670E-002 -0.118109804339792     
  2.909412757972588E-002  4.417603967940670E-002 -0.113045332478761     
  1.085884016904649E-002  3.041266999378964E-002 -0.107339384410169     
  7.442738122477019E-003  2.851734898995880E-002 -9.833368947289974E-002
  4.385282287478674E-003  2.874330875272804E-002 -8.762203455971518E-002
  1.012980515286689E-002  3.004176614749554E-002 -6.295198042435082E-002
  1.383862906023643E-002  3.469750469867200E-002 -4.659898086479899E-002
  0.000000000000000E+000  0.000000000000000E+000  0.000000000000000E+000
  0.000000000000000E+000  0.000000000000000E+000  0.000000000000000E+000
  0.000000000000000E+000  0.000000000000000E+000  0.000000000000000E+000
  0.000000000000000E+000  0.000000000000000E+000  0.000000000000000E+000
  1.886655724155337E-002  2.649801993674272E-002 -4.085874734647170E-002
  1.812502685783524E-002  3.029457439924707E-002 -6.329324981520570E-002
  1.835550798524424E-002  2.602282547462091E-002 -8.446411965065388E-002
  1.851757565477484E-002  2.707391534454327E-002 -9.851299904670309E-002
  1.892866031114668E-002  3.018014405318040E-002 -0.106005780577662     
  2.259444146156876E-002  4.775702973841321E-002 -0.112961006642495     
  2.920548170010567E-002  5.061187480604749E-002 -0.117108574113674     
  3.003776729604434E-002  4.345252987359711E-002 -0.112966422885829     
  1.665739222673791E-002  3.150001100011587E-002 -0.106014683863569     
  1.417319302121534E-002  2.958760123825426E-002 -9.851863473584022E-002
  1.333442675395427E-002  2.891504877896281E-002 -8.447726291964099E-002
  1.715308272402027E-002  3.084419999507625E-002 -6.328848038513271E-002
  1.354117576997735E-002  2.962187980147173E-002 -4.086338531123613E-002
  0.000000000000000E+000  0.000000000000000E+000  0.000000000000000E+000
  0.000000000000000E+000  0.000000000000000E+000  0.000000000000000E+000
  0.000000000000000E+000  0.000000000000000E+000  0.000000000000000E+000
  0.000000000000000E+000  0.000000000000000E+000  0.000000000000000E+000
  1.300078557939834E-002  2.048828317890733E-002 -3.177075460111769E-002
  1.226348673228088E-002  4.327126472521293E-002 -6.132742113776396E-002
  1.192679112053176E-002  4.191776869541430E-002 -8.119739024725899E-002
  1.356201411012973E-002  3.911426366435290E-002 -9.623744019722999E-002
  1.548995587365463E-002  4.043690134389905E-002 -0.104462419857906     
  2.049934911195636E-002  4.896837929239324E-002 -0.111643587306177     
  2.609436772064018E-002  4.521996896624133E-002 -0.115118391159067     
  3.212185984423861E-002  4.223851837878432E-002 -0.111652112103070     
  2.722767595453525E-002  3.363207166122327E-002 -0.104473301286734     
  2.706025490180211E-002  3.130777320185887E-002 -9.623847132874434E-002
  3.029914031344140E-002  3.128076854296487E-002 -8.119929499918638E-002
  3.131678679042229E-002  3.225410375842128E-002 -6.130688512883638E-002
  1.126197094244844E-002  2.152020288549825E-002 -3.176184531881214E-002
  0.000000000000000E+000  0.000000000000000E+000  0.000000000000000E+000
  0.000000000000000E+000  0.000000000000000E+000  0.000000000000000E+000
  0.000000000000000E+000  0.000000000000000E+000  0.000000000000000E+000
  0.000000000000000E+000  0.000000000000000E+000  0.000000000000000E+000
  1.407888444507689E-002  9.513512760714186E-003 -2.369827706592195E-002
  1.911852253301263E-003  5.662698751640672E-002 -5.591625165290025E-002
  5.807700214746614E-003  6.875745537734340E-002 -7.870398810067315E-002
  5.562980437355286E-003  6.637656399300895E-002 -9.514684910866066E-002
  1.158690098885345E-002  5.968359321971153E-002 -0.103946046269340     
  1.647981781488140E-002  4.431684694180148E-002 -0.108287765457732     
  2.063576869661993E-002  3.575627721758617E-002 -0.108768341297420     
  3.010803487295641E-002  3.644393462095801E-002 -0.108311241251993     
  4.582086982168436E-002  3.986649579403353E-002 -0.103956026138962     
  5.464329742679029E-002  3.799538475483819E-002 -9.514152950678020E-002
  5.658038166509127E-002  3.940115980618116E-002 -7.868573994468239E-002
  4.803935880003146E-002  2.993651428505207E-002 -5.586831527078811E-002
  1.197091597923501E-003  1.696997447248440E-002 -2.367865671482758E-002
  0.000000000000000E+000  0.000000000000000E+000  0.000000000000000E+000
  0.000000000000000E+000  0.000000000000000E+000  0.000000000000000E+000
  0.000000000000000E+000  0.000000000000000E+000  0.000000000000000E+000
  0.000000000000000E+000  0.000000000000000E+000  0.000000000000000E+000
  8.797814598254064E-003 -5.376153256080941E-003 -1.472343116720056E-002
  1.725197558991882E-003  6.894125374409880E-002 -5.223422178359959E-002
 -2.675533302337343E-003  7.900948999442818E-002 -7.690810312283118E-002
  5.876224465070581E-005  7.926730836340921E-002 -9.491751030863071E-002
  6.361385124849538E-003  5.938480576120738E-002 -0.101762840004003     
  1.156943556269715E-002  3.700107155446208E-002 -0.100993323300854     
  1.478379207389057E-002  2.561367572560671E-002 -9.979866896696597E-002
  2.627654102619896E-002  2.857702342653842E-002 -0.101059338825580     
  4.820321266489220E-002  3.520475919465719E-002 -0.101789141161345     
  6.852226543423734E-002  3.967691977217817E-002 -9.490129592679013E-002
  6.966416608876677E-002  3.715210517853024E-002 -7.686221078094971E-002
  5.878354717007793E-002  3.594597915165559E-002 -5.217342558940512E-002
 -9.071365557780231E-003  4.920867972887019E-003 -1.468541058958463E-002
  0.000000000000000E+000  0.000000000000000E+000  0.000000000000000E+000
  0.000000000000000E+000  0.000000000000000E+000  0.000000000000000E+000
  0.000000000000000E+000  0.000000000000000E+000  0.000000000000000E+000
  0.000000000000000E+000  0.000000000000000E+000  0.000000000000000E+000
  1.306847216584651E-002 -5.206894037664354E-003 -1.294679491308970E-002
 -9.739589133055163E-004  6.639642273777951E-002 -4.604828995476053E-002
 -5.581033517896229E-003  7.801654987223783E-002 -7.307827202508121E-002
 -4.384456527035743E-003  7.547296720848348E-002 -8.986324410640852E-002
  1.352154925100524E-003  5.278367753991230E-002 -9.426452458218705E-002
  6.878303910735763E-003  2.946388313080126E-002 -9.084309287515180E-002
  1.031839375121183E-002  1.787771531003564E-002 -8.806905757966095E-002
  2.217503307162883E-002  2.078756299872639E-002 -9.099232929655572E-002
  4.503228868951378E-002  2.759892476573610E-002 -9.432963171248873E-002
  6.743247286032975E-002  3.392771113189736E-002 -8.983524929207065E-002
  7.023105900721328E-002  3.415863910623078E-002 -7.300585194524352E-002
  5.793050781114596E-002  3.228992637649658E-002 -4.597861098149780E-002
 -1.105107883518469E-002  8.748858706026076E-003 -1.289502170506899E-002
  0.000000000000000E+000  0.000000000000000E+000  0.000000000000000E+000
  0.000000000000000E+000  0.000000000000000E+000  0.000000000000000E+000
  0.000000000000000E+000  0.000000000000000E+000  0.000000000000000E+000
  0.000000000000000E+000  0.000000000000000E+000  0.000000000000000E+000
  9.808953576217326E-003 -2.397091621619378E-003 -8.037942406930666E-003
  2.089990844637904E-003  5.403048144148499E-002 -3.967054801251538E-002
 -6.816610704781697E-003  6.789190175314187E-002 -6.405958531105289E-002
 -6.573641803691491E-003  6.344611088947281E-002 -7.949062544985272E-002
 -2.301709571527696E-003  4.400844401864726E-002 -8.298816256192275E-002
  2.944066453227125E-003  2.360071499412294E-002 -7.918071821446611E-002
  7.637679209253040E-003  1.322610538822181E-002 -7.627712609648400E-002
  1.914448852142041E-002  1.448343948796742E-002 -7.944838742817574E-002
  3.930614616238978E-002  2.006120782262918E-002 -8.310074508215839E-002
  5.809692981070629E-002  2.604149834514926E-002 -7.946203203958251E-002
  6.209199994497496E-002  2.802760041034302E-002 -6.397321856155981E-002
  4.568161946028823E-002  2.876803277389264E-002 -3.960428734498162E-002
 -6.939081971604202E-003  7.303025546630755E-003 -7.954768445109235E-003
  0.000000000000000E+000  0.000000000000000E+000  0.000000000000000E+000
  0.000000000000000E+000  0.000000000000000E+000  0.000000000000000E+000
  0.000000000000000E+000  0.000000000000000E+000  0.000000000000000E+000
  0.000000000000000E+000  0.000000000000000E+000  0.000000000000000E+000
  9.658132368983722E-003 -3.119598527500328E-003 -6.026150848519553E-003
  3.700922807530388E-003  3.898075807253047E-002 -3.007171474708928E-002
 -5.086599916545110E-003  4.897672025196799E-002 -4.938834241258046E-002
 -6.314574620673732E-003  4.807583154405899E-002 -6.360468953797335E-002
 -4.483001180391082E-003  3.354797625400437E-002 -6.772660417380040E-002
  3.534631646887374E-004  1.922725135028360E-002 -6.646606602619916E-002
  5.959485476220404E-003  1.029624751564759E-002 -6.475367060683972E-002
  1.671149499957738E-002  1.005905049507359E-002 -6.686519479600177E-002
  3.134980823764187E-002  1.295982764105238E-002 -6.787038544100622E-002
  4.468418262280484E-002  1.857950895390717E-002 -6.361005960889653E-002
  4.487020303526620E-002  2.010705017961120E-002 -4.926629085398282E-002
  3.183675043877034E-002  2.259204573426639E-002 -3.009580191322236E-002
 -7.452464847278708E-003  6.881137455996656E-003 -5.815546904257861E-003
  0.000000000000000E+000  0.000000000000000E+000  0.000000000000000E+000
  0.000000000000000E+000  0.000000000000000E+000  0.000000000000000E+000
  0.000000000000000E+000  0.000000000000000E+000  0.000000000000000E+000
  0.000000000000000E+000  0.000000000000000E+000  0.000000000000000E+000
  6.602681886417060E-003 -3.073101245921158E-003 -4.809230362292456E-003
  3.712247648108985E-003  2.004403868761018E-002 -1.607406860161609E-002
 -1.331547599275735E-003  2.787097470629982E-002 -3.037700664992405E-002
 -4.354221702124631E-003  2.847957393442562E-002 -4.038641210001087E-002
 -4.524284260204745E-003  2.148696762428185E-002 -4.636393823028723E-002
 -1.531108230563955E-003  1.306999416286897E-002 -4.839210512900354E-002
  3.981986113941165E-003  6.839165739964063E-003 -4.904781215734010E-002
  1.229356241074823E-002  5.303318752840109E-003 -4.880787511280366E-002
  2.091100250956932E-002  6.873619815945531E-003 -4.651902357923145E-002
  2.675726279915393E-002  1.048304405795359E-002 -4.035586490037192E-002
  2.477773666587169E-002  1.280067829493246E-002 -3.037691005829284E-002
  1.545599896124810E-002  1.317058631317064E-002 -1.597758393468643E-002
 -5.954588009379096E-003  4.201154474223122E-003 -4.821469776250635E-003
  0.000000000000000E+000  0.000000000000000E+000  0.000000000000000E+000
  0.000000000000000E+000  0.000000000000000E+000  0.000000000000000E+000
  0.000000000000000E+000  0.000000000000000E+000  0.000000000000000E+000
  0.000000000000000E+000  0.000000000000000E+000  0.000000000000000E+000
  2.015038770600694E-003 -2.980964053049644E-003 -1.507742475869086E-003
  3.201666867882030E-003  4.721944725765571E-003 -5.125713190372938E-003
  2.181437229040201E-003  6.127504256548313E-003 -8.321876055266799E-003
  5.901721435985134E-004  9.077174246612816E-003 -1.329660184146905E-002
 -9.188993830501948E-004  7.528618531138896E-003 -1.653100054242078E-002
 -6.386896913840172E-004  5.509320532529264E-003 -2.004719052641844E-002
  1.661387538945791E-003  2.774288292386735E-003 -2.151334687565139E-002
  5.197468213480455E-003  2.273059620678591E-003 -2.030310837509852E-002
  6.973776931549631E-003  3.009814706217223E-003 -1.659184525994354E-002
  7.541452846602849E-003  5.036726484714536E-003 -1.328523218335941E-002
  4.219114630208677E-003  4.954154227627943E-003 -8.312542593849335E-003
  2.499101804327318E-003  5.105522539571488E-003 -5.125023478852436E-003
 -3.593242598878209E-003  2.648654294675857E-004 -1.467643458234697E-003
  0.000000000000000E+000  0.000000000000000E+000  0.000000000000000E+000
  0.000000000000000E+000  0.000000000000000E+000  0.000000000000000E+000
  0.000000000000000E+000  0.000000000000000E+000  0.000000000000000E+000
  0.000000000000000E+000  0.000000000000000E+000  0.000000000000000E+000
  0.000000000000000E+000  0.000000000000000E+000  0.000000000000000E+000
  0.000000000000000E+000  0.000000000000000E+000  0.000000000000000E+000
  0.000000000000000E+000  0.000000000000000E+000  0.000000000000000E+000
  0.000000000000000E+000  0.000000000000000E+000  0.000000000000000E+000
  0.000000000000000E+000  0.000000000000000E+000  0.000000000000000E+000
  0.000000000000000E+000  0.000000000000000E+000  0.000000000000000E+000
  0.000000000000000E+000  0.000000000000000E+000  0.000000000000000E+000
  0.000000000000000E+000  0.000000000000000E+000  0.000000000000000E+000
  0.000000000000000E+000  0.000000000000000E+000  0.000000000000000E+000
  0.000000000000000E+000  0.000000000000000E+000  0.000000000000000E+000
  0.000000000000000E+000  0.000000000000000E+000  0.000000000000000E+000
  0.000000000000000E+000  0.000000000000000E+000  0.000000000000000E+000
  0.000000000000000E+000  0.000000000000000E+000  0.000000000000000E+000
  0.000000000000000E+000  0.000000000000000E+000  0.000000000000000E+000
  0.000000000000000E+000  0.000000000000000E+000  0.000000000000000E+000
  0.000000000000000E+000  0.000000000000000E+000  0.000000000000000E+000
  0.000000000000000E+000  0.000000000000000E+000  0.000000000000000E+000
  0.000000000000000E+000  0.000000000000000E+000  0.000000000000000E+000
  0.000000000000000E+000  0.000000000000000E+000  0.000000000000000E+000
  0.000000000000000E+000  0.000000000000000E+000  0.000000000000000E+000
  0.000000000000000E+000  0.000000000000000E+000  0.000000000000000E+000
  0.000000000000000E+000  0.000000000000000E+000  0.000000000000000E+000
  0.000000000000000E+000  0.000000000000000E+000  0.000000000000000E+000
  0.000000000000000E+000  0.000000000000000E+000  0.000000000000000E+000
  0.000000000000000E+000  0.000000000000000E+000  0.000000000000000E+000
  0.000000000000000E+000  0.000000000000000E+000  0.000000000000000E+000
  0.000000000000000E+000  0.000000000000000E+000  0.000000000000000E+000
  0.000000000000000E+000  0.000000000000000E+000  0.000000000000000E+000
  0.000000000000000E+000  0.000000000000000E+000  0.000000000000000E+000
  0.000000000000000E+000  0.000000000000000E+000  0.000000000000000E+000
  0.000000000000000E+000  0.000000000000000E+000  0.000000000000000E+000
  0.000000000000000E+000  0.000000000000000E+000  0.000000000000000E+000
  0.000000000000000E+000  0.000000000000000E+000  0.000000000000000E+000
  0.000000000000000E+000  0.000000000000000E+000  0.000000000000000E+000
 -0.628544253443205      -0.335758653950651        1.28298886036502     
 -0.956566779684097      -9.169166381143600E-003   1.83658259131380     
  -1.26141888756468      -3.965676881635762E-002   3.04687846628856     
  -1.19655500199569       0.135083608306100        3.91656425924684     
  -1.04169667448562       0.433262095847596        4.76414021638572     
 -0.889293705554590       -1.27972611783042        5.31907169403414     
  -1.18824813339396       -2.04440126304298        5.79571577773167     
 -0.693130649452863       -1.41722788666721        5.32177801776675     
  0.892659357768616      -0.674596536797992        4.76100605928720     
  0.722180994990253      -0.952011107569137        3.91536491593526     
  0.598729654816395       -1.09785329568348        3.05016384142579     
  0.472942876521300      -0.824489150010547        1.84281694082089     
  3.711912957806995E-002 -0.706095274011135        1.28279697770899     
  0.000000000000000E+000  0.000000000000000E+000  0.000000000000000E+000
  0.000000000000000E+000  0.000000000000000E+000  0.000000000000000E+000
  0.000000000000000E+000  0.000000000000000E+000  0.000000000000000E+000
  0.000000000000000E+000  0.000000000000000E+000  0.000000000000000E+000
 -0.521683116144129      -0.270638278089543        1.10342408700421     
 -0.879953471027433       4.391230882019211E-002   1.76083347549489     
  -1.03376571536664      -3.120182212550236E-002   2.85560333914830     
 -0.972311507258386       6.819884102636230E-002   3.85808383407254     
 -0.790940722300219       0.240375230371609        4.70277683954542     
 -0.716860488183963       -1.27314100828257        5.33138019407632     
  -1.05542985051886       -1.81359397989141        5.78714157171251     
 -0.763841934328950       -1.25514556533803        5.33443433732461     
  0.600285821359773      -0.553424681909913        4.69929388991248     
  0.549436973935085      -0.793832131252719        3.85684631304313     
  0.490266931927792      -0.898750590757877        2.85949515260968     
  0.476886788257783      -0.732599883964774        1.76723623875628     
  3.733769829773784E-002 -0.581430810557854        1.10338719033289     
  0.000000000000000E+000  0.000000000000000E+000  0.000000000000000E+000
  0.000000000000000E+000  0.000000000000000E+000  0.000000000000000E+000
  0.000000000000000E+000  0.000000000000000E+000  0.000000000000000E+000
  0.000000000000000E+000  0.000000000000000E+000  0.000000000000000E+000
 -0.392996004860000      -0.176557213150779       0.830921143742605     
 -0.681948725569620       0.224745058067311        1.54596498378315     
 -0.703614167837258      -0.132945515112308        2.58720733856205     
 -0.607612862157886      -9.466677709833381E-002   3.69987960821264     
 -0.405638457365747       7.058884874970582E-002   4.57030778594010     
 -0.522908784588252       -1.55494073972395        5.29238716005612     
 -0.863123478054920       -1.48321108166750        5.75196718493161     
  -1.08379510394195       -1.21383789753595        5.29340410385643     
  0.262237080933788      -0.304853409705776        4.56910615050781     
  0.218640511976303      -0.564591493502923        3.69891234987280     
  0.232508905986237      -0.667550379101802        2.59160567134718     
  0.526560789532466      -0.473988716388150        1.55247454855504     
  5.021966490922104E-002 -0.423844215755283       0.831474926137100     
  0.000000000000000E+000  0.000000000000000E+000  0.000000000000000E+000
  0.000000000000000E+000  0.000000000000000E+000  0.000000000000000E+000
  0.000000000000000E+000  0.000000000000000E+000  0.000000000000000E+000
  0.000000000000000E+000  0.000000000000000E+000  0.000000000000000E+000
 -0.295881058882722      -6.992195300223092E-002  0.570346698512048     
 -0.476242369348328       0.661723419801201        1.16127321563429     
 -0.395972579340351       0.581825689751252        2.24431086038102     
 -0.140944775041269       0.527615082600468        3.36467716720305     
  3.348506009637241E-002 -0.680575611504033        4.40819283664016     
 -0.102950062482971      -0.671932562330068        5.06495275488028     
  0.154137089451236       0.270334013979386        4.90429085423185     
 -0.526671253531710      -0.416239986785215        5.06582770155713     
 -0.595225451956325      -0.297929902513095        4.40686612498001     
  0.533218280812671       0.151971419935016        3.36489004069401     
  0.695790434961687      -4.688949961868153E-002   2.24910809966881     
  0.793528790612337      -8.071590981139527E-002   1.16851360529619     
  9.008969021333077E-002 -0.288374791713891       0.571843293120931     
  0.000000000000000E+000  0.000000000000000E+000  0.000000000000000E+000
  0.000000000000000E+000  0.000000000000000E+000  0.000000000000000E+000
  0.000000000000000E+000  0.000000000000000E+000  0.000000000000000E+000
  0.000000000000000E+000  0.000000000000000E+000  0.000000000000000E+000
 -0.128326064001648       7.578972725396668E-002  0.359528897561276     
 -0.442274643578716       0.952028322879653       0.847075486764049     
 -0.194462699466113        1.06333108164353        1.77094560473000     
  0.160211358451646       0.342869871305569        2.99964176997092     
  0.306728469726973      -0.190965376022880        4.07081155724223     
  0.308221089046578       0.187345413614187        4.43888155008872     
  0.379614515858457       0.656262935898721        4.18833972202732     
  7.268729942501610E-003  0.359915551606741        4.44444418599987     
 -0.310523461145255       0.176985866403851        4.07010593908450     
  0.226972873281854       0.318376866149886        2.99856391092016     
   1.01686038198573       0.368367490213389        1.77530133770719     
   1.02894426049274       9.408069505720876E-002  0.854781646597930     
  0.129977726768087      -7.245122347272333E-002  0.360851206388576     
  0.000000000000000E+000  0.000000000000000E+000  0.000000000000000E+000
  0.000000000000000E+000  0.000000000000000E+000  0.000000000000000E+000
  0.000000000000000E+000  0.000000000000000E+000  0.000000000000000E+000
  0.000000000000000E+000  0.000000000000000E+000  0.000000000000000E+000
 -0.110313478808616       6.114059593907682E-002  0.277118162378851     
 -0.317554134245662       0.979560962354686       0.594402984049478     
  3.757771524904387E-002  0.383167511095214        1.53786339399689     
  0.466189252545725      -0.414703630802662        2.95650012692855     
  0.506878601464064      -0.121832000544043        3.61124725750761     
  0.399303941807055      -1.979033672190538E-002   4.15193015926254     
 -0.210097163918119      -0.365594101526755        4.76065655801806     
 -0.221977554179833       0.330147789838274        4.16249073265090     
 -0.354778264519981       0.379263440344974        3.61366881683790     
 -0.590579413881237       0.198765583507441        2.95849768308498     
  0.318535658472936       0.229241780876844        1.53849651717007     
  0.997754980365465       0.218006468404224       0.601008504414021     
  0.107719424015700      -6.514817236804808E-002  0.276865463033242     
  0.000000000000000E+000  0.000000000000000E+000  0.000000000000000E+000
  0.000000000000000E+000  0.000000000000000E+000  0.000000000000000E+000
  0.000000000000000E+000  0.000000000000000E+000  0.000000000000000E+000
  0.000000000000000E+000  0.000000000000000E+000  0.000000000000000E+000
 -7.829400012343214E-002  3.344892955709088E-002  0.206867007197801     
 -0.157481802189048       0.605659818225831       0.465091065055197     
  0.379111607190931      -0.809578026292487        1.76221533151513     
  0.751092496151471       -1.02078783085596        2.96989770009070     
  0.676079618043650      -0.337940765513908        3.25499975733676     
  0.455828896199517      -9.194700580367558E-003   3.45559794502656     
 -0.141409462320856      -0.243201581965487        4.35625547346925     
 -0.246675223624874       0.381533469944300        3.47532481595946     
 -0.628235658296360       0.418028419136771        3.25441180371667     
  -1.25232159161457       0.142269625620596        2.96857644778118     
 -0.881745567756392      -7.268904940463548E-002   1.75919709016859     
  0.600517944869465       0.169724916628762       0.468643731536327     
  6.721267689232198E-002 -4.949499435028485E-002  0.205220475198058     
  0.000000000000000E+000  0.000000000000000E+000  0.000000000000000E+000
  0.000000000000000E+000  0.000000000000000E+000  0.000000000000000E+000
  0.000000000000000E+000  0.000000000000000E+000  0.000000000000000E+000
  0.000000000000000E+000  0.000000000000000E+000  0.000000000000000E+000
 -6.200249347317629E-002  6.512147125096845E-002  8.348793828476636E-002
 -6.224424085830255E-002  0.125320715594315       0.461776949094063     
  0.665995993879889       -1.59485567579814        1.97617538350669     
  0.909056987272577       -1.17900158924150        2.71306101644669     
  0.698901120825522      -0.123124901068204        2.36615957211819     
  0.472054678978612       0.443168863550323        1.93749728080458     
  0.319422034130648       0.559019347571082        2.00489693814391     
  0.145183070651848       0.631647651785093        1.93860996791236     
 -0.450330934984390       0.546409785806372        2.35951044355957     
  -1.45568377293321       0.201965916983054        2.70073125936362     
  -1.70742791899950      -0.219958001522498        1.97040837295867     
  0.141844835345949       1.297763543281671E-002  0.467623022538954     
  8.329457895786822E-002 -2.214433855737942E-002  7.490661234135319E-002
  0.000000000000000E+000  0.000000000000000E+000  0.000000000000000E+000
  0.000000000000000E+000  0.000000000000000E+000  0.000000000000000E+000
  0.000000000000000E+000  0.000000000000000E+000  0.000000000000000E+000
  0.000000000000000E+000  0.000000000000000E+000  0.000000000000000E+000
 -4.427695134300254E-002  0.120597229053802       0.119466667011410     
 -6.444488839306141E-002 -0.156319027497767       0.313147473463685     
  0.529592599281877       -1.31172022703790        1.58449708005644     
  0.683684711678955      -0.699078572796029        1.71434719643798     
  0.425930080910826       0.242984522074016       0.977523522227965     
  0.339393579641585       0.532508807178685       0.581733035752052     
  0.289839901586286       0.507355788173234       0.656896676359928     
  0.289528185751922       0.562052634661892       0.576662077704428     
 -2.892842518765339E-003  0.493377096759107       0.979210542738095     
 -0.929171136521439       0.244825492897210        1.69667510906642     
  -1.39749813107314      -0.196110866148060        1.58505260289394     
 -0.102007231783963      -0.131738097443780       0.310130254894445     
  0.126156119734464       2.221021141469829E-002  0.122975879526088     
  0.000000000000000E+000  0.000000000000000E+000  0.000000000000000E+000
  0.000000000000000E+000  0.000000000000000E+000  0.000000000000000E+000
  0.000000000000000E+000  0.000000000000000E+000  0.000000000000000E+000
  0.000000000000000E+000  0.000000000000000E+000  0.000000000000000E+000
 -7.103932497135514E-003  4.909637298054819E-002  3.476917046388452E-002
 -5.476114423707600E-002 -4.594932041591030E-002  0.129541900513648     
  8.497810962286430E-002 -0.343356737999766       0.442758678345581     
  0.217388965699573      -7.126139112267993E-002  0.319189693026576     
  0.167713782092934       0.240617269056981      -1.435561439930008E-002
  0.162998840155942       0.304663444753668       2.755163165132282E-002
  0.160921730255303       0.283930587228054       0.384744284366965     
  0.180169799146558       0.294426243182301       3.299906800679506E-002
  0.120028482179905       0.267179140915574      -7.224308624406528E-003
 -0.166048102824533       0.155166361597831       0.313637176551587     
 -0.339741309569241      -9.632934231240281E-002  0.442889206256478     
 -1.281832965829001E-002 -6.919166664818746E-002  0.130105757923269     
  4.590125909132719E-002  1.812000248384413E-002  3.407585193085168E-002
  0.000000000000000E+000  0.000000000000000E+000  0.000000000000000E+000
  0.000000000000000E+000  0.000000000000000E+000  0.000000000000000E+000
  0.000000000000000E+000  0.000000000000000E+000  0.000000000000000E+000
  0.000000000000000E+000  0.000000000000000E+000  0.000000000000000E+000
  0.000000000000000E+000  0.000000000000000E+000  0.000000000000000E+000
  0.000000000000000E+000  0.000000000000000E+000  0.000000000000000E+000
  0.000000000000000E+000  0.000000000000000E+000  0.000000000000000E+000
  0.000000000000000E+000  0.000000000000000E+000  0.000000000000000E+000
  0.000000000000000E+000  0.000000000000000E+000  0.000000000000000E+000
  0.000000000000000E+000  0.000000000000000E+000  0.000000000000000E+000
  0.000000000000000E+000  0.000000000000000E+000  0.000000000000000E+000
  0.000000000000000E+000  0.000000000000000E+000  0.000000000000000E+000
  0.000000000000000E+000  0.000000000000000E+000  0.000000000000000E+000
  0.000000000000000E+000  0.000000000000000E+000  0.000000000000000E+000
  0.000000000000000E+000  0.000000000000000E+000  0.000000000000000E+000
  0.000000000000000E+000  0.000000000000000E+000  0.000000000000000E+000
  0.000000000000000E+000  0.000000000000000E+000  0.000000000000000E+000
  0.000000000000000E+000  0.000000000000000E+000  0.000000000000000E+000
  0.000000000000000E+000  0.000000000000000E+000  0.000000000000000E+000
  0.000000000000000E+000  0.000000000000000E+000  0.000000000000000E+000
  0.000000000000000E+000  0.000000000000000E+000  0.000000000000000E+000
  0.000000000000000E+000  0.000000000000000E+000  0.000000000000000E+000
  0.000000000000000E+000  0.000000000000000E+000  0.000000000000000E+000
  0.000000000000000E+000  0.000000000000000E+000  0.000000000000000E+000
  0.000000000000000E+000  0.000000000000000E+000  0.000000000000000E+000
  0.000000000000000E+000  0.000000000000000E+000  0.000000000000000E+000
  0.000000000000000E+000  0.000000000000000E+000  0.000000000000000E+000
  0.000000000000000E+000  0.000000000000000E+000  0.000000000000000E+000
  0.000000000000000E+000  0.000000000000000E+000  0.000000000000000E+000
  0.000000000000000E+000  0.000000000000000E+000  0.000000000000000E+000
  0.000000000000000E+000  0.000000000000000E+000  0.000000000000000E+000
  0.000000000000000E+000  0.000000000000000E+000  0.000000000000000E+000
  0.000000000000000E+000  0.000000000000000E+000  0.000000000000000E+000
  0.000000000000000E+000  0.000000000000000E+000  0.000000000000000E+000
  0.000000000000000E+000  0.000000000000000E+000  0.000000000000000E+000
  0.000000000000000E+000  0.000000000000000E+000  0.000000000000000E+000
  0.000000000000000E+000  0.000000000000000E+000  0.000000000000000E+000
  0.000000000000000E+000  0.000000000000000E+000  0.000000000000000E+000
   285.624213831937       -3069.26586201554       -1328.05473038933     
  -1720.50568757778        574.379055443336       -4510.27668464760     
  -3443.43623998076       -1819.42381020471       -6734.42693269716     
  -4125.37314900001       -2472.02708168119       -5942.70898818146     
  -2193.28936519791       -751.526948994091       -2179.45540220557     
   1093.75962487532        8910.58294985040       -1144.83901593660     
   9083.72744593933        15833.6554225953       -2980.61415674184     
   7608.31711209776        5936.49929165274       -1175.70309314570     
   187.319329923416       -2200.23713866677       -2094.16382927580     
  -174.554254663839       -4667.83649371902       -5821.12793532074     
   96.2673818552919       -3818.25136389273       -6702.83768296398     
   1373.63960154942       -1145.90454526402       -4556.35319912715     
  -2650.95523618505       -1169.10158887690       -1480.87645949819     
  0.000000000000000E+000  0.000000000000000E+000  0.000000000000000E+000
  0.000000000000000E+000  0.000000000000000E+000  0.000000000000000E+000
  0.000000000000000E+000  0.000000000000000E+000  0.000000000000000E+000
  0.000000000000000E+000  0.000000000000000E+000  0.000000000000000E+000
  -46.6740429472059       -2337.17480632740       -1339.36612893448     
  -2220.64443037566        1699.17476424702       -4338.32046455036     
  -3837.44274495551       -1373.96518051770       -6693.20797611120     
  -3305.55498622328       -1187.36812861554       -6188.88960676468     
  -972.388333974854       -353.380377715503       -1986.50105570817     
   1161.39019514526        4929.88690397737       -572.827143192733     
   4902.20867232351        8571.19798590783       -2028.76523315651     
   4028.45183370727        3898.11832485611       -614.785154847638     
   24.0973992559462       -912.918272440174       -1876.13710507794     
   559.882053396293       -3272.02674440581       -6068.26961640959     
   676.840278384218       -3909.10838452727       -6661.81889053564     
   2595.69457106293       -1000.94692299335       -4402.11780282558     
  -1869.49618055453       -1107.87350594440       -1474.06695038579     
  0.000000000000000E+000  0.000000000000000E+000  0.000000000000000E+000
  0.000000000000000E+000  0.000000000000000E+000  0.000000000000000E+000
  0.000000000000000E+000  0.000000000000000E+000  0.000000000000000E+000
  0.000000000000000E+000  0.000000000000000E+000  0.000000000000000E+000
  -481.950988409136       -1420.54752568967       -1459.54571350408     
  -2923.14801600290        5006.34859031424       -4167.89296803257     
  -4102.57362171124       -1402.81916124163       -6279.12712138581     
  -2181.49243273811        720.486188339280       -5970.01613181198     
   319.171807713864       -1189.26619157131       -2306.48768749837     
  -323.296885981287       -4598.37555034851        218.073818141235     
  -2486.22117343201       -4256.74881622376       -43.2408989462742     
  -3472.39173323538       -2212.54660073333        143.453868629950     
  -1226.31929317795       -196.198032737789       -2191.06928049365     
   1718.35416473103       -1308.77055163452       -5857.65471068326     
   782.366626990037       -4117.89819940593       -6252.97960027751     
   5806.84614906102        65.1552182434907       -4250.22744623939     
  -891.738439292182       -1054.83120532082       -1563.65256375685     
  0.000000000000000E+000  0.000000000000000E+000  0.000000000000000E+000
  0.000000000000000E+000  0.000000000000000E+000  0.000000000000000E+000
  0.000000000000000E+000  0.000000000000000E+000  0.000000000000000E+000
  0.000000000000000E+000  0.000000000000000E+000  0.000000000000000E+000
  -169.477962560274       -844.008098300476       -1786.39587667444     
  -4131.05075861305        9834.71350880843       -4732.22435260680     
  -3273.57669680973        4954.15416918141       -5815.24846794431     
  -763.437127759547       -986.053187967915       -5000.69082201495     
   1289.60324189972        719.476182026225       -2607.45620418882     
   920.286896815138       -1014.58234375738       -1435.01548004573     
  -2679.38427553098       -4646.18847483471       -158.918515827476     
  -1506.98552491643        163.918154072275       -1370.69315573619     
  -32.1710064219350        1554.01241059206       -2532.10053894145     
  -501.047357814529       -1020.00420016290       -4916.53694303900     
   5920.29842907923       -192.420920024414       -5805.71429849588     
   10589.3944143069        1425.58525157016       -4811.51581594244     
  -614.154271707454       -508.113497480594       -1860.24805502352     
  0.000000000000000E+000  0.000000000000000E+000  0.000000000000000E+000
  0.000000000000000E+000  0.000000000000000E+000  0.000000000000000E+000
  0.000000000000000E+000  0.000000000000000E+000  0.000000000000000E+000
  0.000000000000000E+000  0.000000000000000E+000  0.000000000000000E+000
  -64.3223150719565       -534.621232302282       -1559.41021308491     
  -4023.02653966718        10520.7501491401       -5151.86241526962     
  -2650.45944561125        5821.54001180019       -6078.11824678493     
  -1245.20050646720        3960.85988168692       -4479.31303811934     
   799.236119776621        9092.52329123813       -4714.88887559816     
   2992.55581354993        6866.90226966692       -6416.32622640977     
   1327.15703728189        2226.83741659139       -4608.84797104938     
   4215.76783613521        5773.90510974661       -6207.40348403901     
   7517.97131365727        5282.68363637489       -4689.54066236091     
   3973.01337939762        945.883898827156       -4383.70351760370     
   6386.54532608267        740.410390613071       -6094.86666742979     
   11161.6188177872        1895.00999982560       -5226.30638688244     
  -451.073913932009       -307.602989659383       -1600.22481607476     
  0.000000000000000E+000  0.000000000000000E+000  0.000000000000000E+000
  0.000000000000000E+000  0.000000000000000E+000  0.000000000000000E+000
  0.000000000000000E+000  0.000000000000000E+000  0.000000000000000E+000
  0.000000000000000E+000  0.000000000000000E+000  0.000000000000000E+000
   114.730123583011       -207.469219821601       -1430.42524041252     
  -2813.47650069355        7158.11086178027       -4489.22969990914     
  -1753.56161142446        2069.71304334963       -4299.63361510428     
  -3573.76586896955        13110.1443160701       -8534.26368710398     
   44.2390620211071        7077.69425335191       -2387.74806442901     
   324.142428043580        5302.42445659184       -4064.38299381525     
   3715.44024088099        6290.33147574244       -9188.88116274395     
   4594.11918507460        2885.44924007799       -4143.21552108624     
   6352.37676532236        3602.91229915305       -2486.47425421061     
   13129.8713884110        3476.60363801852       -8464.73493879614     
   2781.61126768437       -383.699393135912       -4378.64537455901     
   7684.41184125954        1243.15241262561       -4547.02728673710     
  -271.718691898026        33.7181193723730       -1466.14591513713     
  0.000000000000000E+000  0.000000000000000E+000  0.000000000000000E+000
  0.000000000000000E+000  0.000000000000000E+000  0.000000000000000E+000
  0.000000000000000E+000  0.000000000000000E+000  0.000000000000000E+000
  0.000000000000000E+000  0.000000000000000E+000  0.000000000000000E+000
  -258.444621640630       -38.4021159296753       -863.129101272193     
  -1141.78210951721        2833.32054242250       -3260.09621037580     
  -289.918875841219       -2940.31332793993       -381.340807419869     
  -6143.94879278112        19100.7036203249       -13765.2051274528     
  -905.339233053376        11389.2030764810       -4987.76411869097     
  -883.768506968213       -526.655367414417        5046.83805538947     
   2563.29903578520        4347.82838672441       -5685.26354846781     
   136.654490055958       -1055.60639849418        4905.11016337531     
   10404.2279029090        4866.07323501584       -5027.31914265823     
   19815.8350592963        4283.70953221480       -13894.9239508533     
  -2293.08289518490       -1687.97432622499       -463.644540209672     
   3094.77884450417        508.938813276175       -3312.87584186256     
   87.5604613340941       -207.890780967429       -873.851674695365     
  0.000000000000000E+000  0.000000000000000E+000  0.000000000000000E+000
  0.000000000000000E+000  0.000000000000000E+000  0.000000000000000E+000
  0.000000000000000E+000  0.000000000000000E+000  0.000000000000000E+000
  0.000000000000000E+000  0.000000000000000E+000  0.000000000000000E+000
   8.01780277264412        290.545964309043       -784.047651633545     
  -619.927947914261       -399.595080836088       -1650.95194858481     
   1940.79422006562       -7576.39864125922        4082.42099189635     
  -6593.85301246422        17558.3719354745       -14328.4917853172     
  -2450.63501365673        13019.0336527086       -9510.27513560358     
  -100.085085087755       -2598.02697207989        12639.4437203350     
   1019.94963988552        1825.44242959004       -2131.99012248493     
  -2226.06978707518       -1375.87604267486        12595.7560443288     
   12395.7137990361        4362.65885861396       -9428.13733708121     
   18713.0277142481        3116.06462474055       -14563.5321603516     
  -7573.25484476699       -2130.48585981228        4106.48890434838     
  -9.78163754998736       -699.722705094259       -1697.34525508782     
   248.532388862529        196.318558185755       -761.776724237772     
  0.000000000000000E+000  0.000000000000000E+000  0.000000000000000E+000
  0.000000000000000E+000  0.000000000000000E+000  0.000000000000000E+000
  0.000000000000000E+000  0.000000000000000E+000  0.000000000000000E+000
  0.000000000000000E+000  0.000000000000000E+000  0.000000000000000E+000
  -49.7724255337850        416.412821587630       -652.481630405168     
  -537.501107317017       -2048.54513615452       -108.945775581922     
   2332.67288250270       -6782.16912873254        5102.14443869106     
  -3119.55329035039        9300.80899404456       -9082.61576547970     
   1100.39085405898        812.002327784294        4874.11081708584     
   241.645635975188       -1860.44267385099        18393.2865793201     
   25.0700266327015        136.566370462619       -1027.63883312452     
  -1851.99250024459       -686.832264687883        18450.5976621560     
   44.5480689170656        1389.58388188333        5003.87103076690     
   9689.63539425252        1970.61537007980       -9248.56876343284     
  -7145.75209812167       -1403.91986745237        5182.50110258781     
  -1518.27037382613       -1491.67246490702       -103.999131956717     
   379.172381259364        192.319797739340       -659.392288901613     
  0.000000000000000E+000  0.000000000000000E+000  0.000000000000000E+000
  0.000000000000000E+000  0.000000000000000E+000  0.000000000000000E+000
  0.000000000000000E+000  0.000000000000000E+000  0.000000000000000E+000
  0.000000000000000E+000  0.000000000000000E+000  0.000000000000000E+000
  -13.0722586422343        22.5185972047423       -331.331201749706     
  -496.967428720621       -872.388292200910       -118.869912022429     
   524.896105045838       -2216.89766883093        1330.28306882014     
   94.4336241023543        1749.06075839076       -2417.89341272230     
   1869.40151728368       -3110.43561148807        11302.6721395554     
   570.626420969139       -466.490251131175        13382.6899051495     
  -372.466686373354       -547.755235954187        3203.85289074750     
  -821.672090537322        302.580991188869        13615.9391003564     
  -3655.62990125328        90.2853107595127        11385.1883848011     
   1449.25129587722        981.143975497570       -2520.07716123055     
  -2227.32909106567       -668.694681112823        1370.82455947632     
  -509.859359643166       -875.870550635754       -119.654613142484     
   17.8584828870782        8.48602226490271       -321.737130829699     
  0.000000000000000E+000  0.000000000000000E+000  0.000000000000000E+000
  0.000000000000000E+000  0.000000000000000E+000  0.000000000000000E+000
  0.000000000000000E+000  0.000000000000000E+000  0.000000000000000E+000
  0.000000000000000E+000  0.000000000000000E+000  0.000000000000000E+000
  0.000000000000000E+000  0.000000000000000E+000  0.000000000000000E+000
  0.000000000000000E+000  0.000000000000000E+000  0.000000000000000E+000
  0.000000000000000E+000  0.000000000000000E+000  0.000000000000000E+000
  0.000000000000000E+000  0.000000000000000E+000  0.000000000000000E+000
  0.000000000000000E+000  0.000000000000000E+000  0.000000000000000E+000
  0.000000000000000E+000  0.000000000000000E+000  0.000000000000000E+000
  0.000000000000000E+000  0.000000000000000E+000  0.000000000000000E+000
  0.000000000000000E+000  0.000000000000000E+000  0.000000000000000E+000
  0.000000000000000E+000  0.000000000000000E+000  0.000000000000000E+000
  0.000000000000000E+000  0.000000000000000E+000  0.000000000000000E+000
  0.000000000000000E+000  0.000000000000000E+000  0.000000000000000E+000
  0.000000000000000E+000  0.000000000000000E+000  0.000000000000000E+000
  0.000000000000000E+000  0.000000000000000E+000  0.000000000000000E+000
  0.000000000000000E+000  0.000000000000000E+000  0.000000000000000E+000
  0.000000000000000E+000  0.000000000000000E+000  0.000000000000000E+000
  0.000000000000000E+000  0.000000000000000E+000  0.000000000000000E+000
  0.000000000000000E+000  0.000000000000000E+000  0.000000000000000E+000
  0.000000000000000E+000  0.000000000000000E+000  0.000000000000000E+000
  0.000000000000000E+000  0.000000000000000E+000  0.000000000000000E+000
  0.000000000000000E+000  0.000000000000000E+000  0.000000000000000E+000
  0.000000000000000E+000  0.000000000000000E+000  0.000000000000000E+000
  0.000000000000000E+000  0.000000000000000E+000  0.000000000000000E+000
  0.000000000000000E+000  0.000000000000000E+000  0.000000000000000E+000
  0.000000000000000E+000  0.000000000000000E+000  0.000000000000000E+000
  0.000000000000000E+000  0.000000000000000E+000  0.000000000000000E+000
  0.000000000000000E+000  0.000000000000000E+000  0.000000000000000E+000
  0.000000000000000E+000  0.000000000000000E+000  0.000000000000000E+000
  0.000000000000000E+000  0.000000000000000E+000  0.000000000000000E+000
  0.000000000000000E+000  0.000000000000000E+000  0.000000000000000E+000
  0.000000000000000E+000  0.000000000000000E+000  0.000000000000000E+000
  0.000000000000000E+000  0.000000000000000E+000  0.000000000000000E+000
  0.000000000000000E+000  0.000000000000000E+000  0.000000000000000E+000
