3
3 3
17 12
0 0 0 0 1 2 3 4 5 6 7 8 9 10 11 12 13 14 14 14 14 
0 0 0 0 1 2 3 4 5 6 7 8 9 9 9 9 
-1.49171157295599 -5.48350671752397E-08 1.41269494872654 1
-1.40279258063468 -0.010171974474083 1.39632973473105 1
-1.23720231096234 -0.0284542663945654 1.36559096772302 1
-1.01841723549746 -0.0238114463492295 1.31353243530445 1
-0.817745742178827 -0.0226696543714508 1.26702254890557 1
-0.625856264202259 -0.0284120876041017 1.22526419012328 1
-0.436894452630378 -0.0291456148796977 1.18218709239355 1
-0.250194860792972 -0.0557618512098062 1.14991564849887 1
-0.074412027933531 -0.128720570401782 1.13856739991742 1
0.076864975859061 -0.244608173598529 1.14990452209579 1
0.1931781409743 -0.392931575359026 1.18215701148841 1
0.288230530033835 -0.556076764464886 1.225179619131 1
0.389088866707294 -0.719290439419315 1.26689692192488 1
0.48853674708056 -0.893778803244022 1.31341878878674 1
0.593859784136602 -1.08553875229096 1.36545641916367 1
0.692543945130942 -1.2198806058397 1.39619831526702 1
0.74585311479549 -1.29185549872189 1.41256799602813 1
-1.49142849068335 2.64267713460335E-10 1.40044947279499 1
-1.40747129912629 -0.0121280903126814 1.38070935948946 1
-1.24969434844042 -0.0345467465973326 1.34359224834285 1
-1.03478492032908 -0.0313086940819475 1.28113644363554 1
-0.833032022237083 -0.028516718587448 1.22473317058162 1
-0.637548005863541 -0.0314232375330666 1.17442407611205 1
-0.444008688945919 -0.029926924783383 1.12484763405327 1
-0.253004514984466 -0.0551412594386975 1.08842003666934 1
-0.0740100472341267 -0.128026730537392 1.07553393651679 1
0.0788100344686629 -0.24667528418602 1.08850724499344 1
0.196059889072478 -0.399458271079825 1.12486965680053 1
0.291486754203496 -0.56771845165853 1.17433617268863 1
0.391701538188519 -0.735475126009846 1.22458616949114 1
0.490259484617024 -0.911724711982209 1.28098819609063 1
0.594843883089557 -1.09941930828854 1.34345187534265 1
0.693193635897465 -1.22491501612746 1.38057579960894 1
0.745711540618688 -1.29161028470427 1.40032101510371 1
-1.49084990172919 1.1288123327763E-07 1.37542107010945 1
-1.41671326040236 -0.0155705022154616 1.34866932082565 1
-1.27444631539127 -0.0456474687376656 1.29835269041953 1
-1.07026202401074 -0.050136746046643 1.21563977602561 1
-0.870757650724935 -0.0516947102467556 1.14059590431263 1
-0.672820896724954 -0.0572816246691183 1.07454473309792 1
-0.474467216355283 -0.0590938325465297 1.01329407298329 1
-0.278009958988991 -0.0872364608036934 0.969557373356712 1
-0.0938282445567188 -0.162357181684562 0.954016136487088 1
0.0635227533048219 -0.284263759132146 0.969845547844621 1
0.186033857081057 -0.440364987044269 1.01342194994625 1
0.286764389681194 -0.611219247564281 1.0744505387837 1
0.390554719572847 -0.779790172870577 1.14040687343922 1
0.491751351652226 -0.95191882130594 1.2154228841467 1
0.597636314248831 -1.12643685373127 1.2982001785995 1
0.694842449406031 -1.23464896012546 1.34853135294356 1
0.745422178610492 -1.29110909428819 1.37528953637867 1
-1.49005659447709 2.67291121068639E-07 1.34110445688069 1
-1.42892221747798 -0.0194888989984745 1.30448204350884 1
-1.30725827744057 -0.0589181096525123 1.2356993821681 1
-1.12182343727273 -0.0810070050036518 1.12745745195947 1
-0.931833444019763 -0.0996686735775312 1.03042658431169 1
-0.737593026216722 -0.121157698806563 0.946711256583907 1
-0.539189119579332 -0.1388524643454 0.873091535353285 1
-0.340079974548971 -0.179366974088407 0.822012446689101 1
-0.150772161686857 -0.260992591187066 0.803933621223076 1
0.0147774549828542 -0.383926002035324 0.822576123917615 1
0.149329691453554 -0.53621563935084 0.873363103741048 1
0.263878177653692 -0.699288615286824 0.946609612366394 1
0.379625640098638 -0.85675697262109 1.03018366944633 1
0.490869895983006 -1.01209886214793 1.12715113335183 1
0.602591617379326 -1.16152950787383 1.23552969726468 1
0.697566042958632 -1.24719348517831 1.30433795670353 1
0.74502543239208 -1.29042190869835 1.34096870557122 1
-1.48924628790094 4.25009769387329E-07 1.30605249271735 1
-1.44131290855795 -0.0233528784732785 1.25911261151752 1
-1.34057903424379 -0.0721365141674 1.17113118367433 1
-1.17499354496559 -0.113411511050725 1.03886944615781 1
-0.99583204560741 -0.151466624371723 0.922650504125617 1
-0.806585796987564 -0.191309515047299 0.824481824891567 1
-0.609261429625159 -0.227186106862243 0.741558754170912 1
-0.408276474556174 -0.281780426804008 0.685433159315545 1
-0.21407558584305 -0.370644269796032 0.665772242394731 1
-0.0398087866254633 -0.494032554127464 0.686278203194743 1
0.107875944499088 -0.640985350289227 0.741975769005222 1
0.237668508075873 -0.794152782349989 0.824373647566567 1
0.366847153641681 -0.938171046525569 0.922355978249079 1
0.489464278847627 -1.0744437392934 1.03847608082635 1
0.607847583323784 -1.19703725183217 1.17094347288372 1
0.700427906873076 -1.25986839682182 1.25896220592001 1
0.744620184527526 -1.2897199978044 1.30591243345313 1
-1.48840695777645 5.88377581795939E-07 1.26974503784733 1
-1.45411971909825 -0.027307279564152 1.21192054160509 1
-1.3750259191417 -0.0857116713769332 1.10376964342927 1
-1.23024273402162 -0.14727926964773 0.948354591441155 1
-1.06268242000798 -0.206089263648721 0.815006485701695 1
-0.879031629287717 -0.265675318924083 0.704881060136031 1
-0.683217447363046 -0.321064151145175 0.615118571146633 1
-0.480578200543935 -0.390742829193063 0.555825916609052 1
-0.28142782242924 -0.487310080765655 0.53537432834406 1
-0.0980127575212512 -0.610963599115693 0.556962371802639 1
0.0635637049211344 -0.751887899846753 0.615685130087136 1
0.209538054741309 -0.894116303142901 0.704767019686566 1
0.353051092278899 -1.02347129767964 0.814661378719927 1
0.487833174460146 -1.13932514879178 0.947874669543556 1
0.613359218683168 -1.23370000884004 1.10356285395783 1
0.703419975195342 -1.27294930589376 1.21176353315298 1
0.744200421501267 -1.28899294587697 1.26960051632611 1
-1.48757109230622 7.51071031434506E-07 1.23358745580403 1
-1.46681785234232 -0.031148680943091 1.16481925375539 1
-1.40919485192154 -0.098995633429914 1.03643313947956 1
-1.2856158565917 -0.181616942319759 0.85886940889846 1
-1.13038451784733 -0.262439749880364 0.709908530068766 1
-0.953157494169096 -0.343162253155231 0.589462537563386 1
-0.759637338735152 -0.41935132564452 0.494361378158467 1
-0.555932545892097 -0.505060074546196 0.432999294893803 1
-0.352092656882419 -0.609713873124527 0.412206760004293 1
-0.159327532210397 -0.733216577161921 0.434425940948656 1
0.0166655398159967 -0.867128760471473 0.495076278544042 1
0.179544384910469 -0.997095732265608 0.589343134079362 1
0.338183492572457 -1.11037417062495 0.709514566115311 1
0.485855788423622 -1.20455021698365 0.858305187096728 1
0.618983977173142 -1.26997606864405 1.03620713574858 1
0.706455521241354 -1.28587951387345 1.16465563931032 1
0.743782391206525 -1.28826889513286 1.23343849044546 1
-1.48674467670182 9.11925152467025E-07 1.19783865281807 1
-1.47932611923033 -0.0348664432663081 1.11819270425493 1
-1.44286484789565 -0.111934308338924 0.969717399109278 1
-1.34065501169098 -0.216072277989304 0.770760208216363 1
-1.1982568475923 -0.319773792207664 0.607165877695718 1
-1.02808738376147 -0.422617376523962 0.477397185949151 1
-0.837490849183977 -0.520506981176428 0.377835424082477 1
-0.633215376536005 -0.622900869732243 0.315029580416584 1
-0.424937747784506 -0.73589405655653 0.29414788043676 1
-0.222729508563152 -0.85890337419524 0.316743126842408 1
-0.0319997412560024 -0.985045981089711 0.378696663780513 1
0.148247542577201 -1.10175551242223 0.477272744330375 1
0.322547666658337 -1.19791635854002 0.606724450615647 1
0.483607859523228 -1.26954521572999 0.770113694311049 1
0.624657880843691 -1.30564673918111 0.969472279322619 1
0.709503070274638 -1.29858330597994 1.11802254162254 1
0.743369086947655 -1.28755303013469 1.1976852938619 1
-1.48591922899475 1.07259088127552E-06 1.16213171880293 1
-1.49179367913471 -0.0385347145268931 1.07156069588405 1
-1.47643202703431 -0.124748037361275 0.902933685376992 1
-1.39579404249393 -0.250771927244222 0.683133035197618 1
-1.26657616672164 -0.377952663073024 0.505757213212541 1
-1.10385349637508 -0.503579974088279 0.367593064867976 1
-0.916546023834191 -0.623783648697701 0.264426240729131 1
-0.711972221597918 -0.743313746192688 0.200804614156332 1
-0.499373889096743 -0.864830282347321 0.180091665962786 1
-0.287621752185583 -0.987153055659705 0.202804714805799 1
-0.0819007251284103 -1.10506432856543 0.265433310325748 1
0.116063255021086 -1.20789345359661 0.367463865820242 1
0.306403292413299 -1.28626865277221 0.505269253640347 1
0.48119775008363 -1.33474958420419 0.682405422373824 1
0.630388575494898 -1.34116574713216 0.902669348154924 1
0.712573114945521 -1.31122706940394 1.07138397518223 1
0.742956266750419 -1.28683800355706 1.16197397139493 1
-1.48509079406866 1.2338380445195E-06 1.12629556469104 1
-1.50429332646175 -0.0421936853691737 1.02470779769523 1
-1.51008898443291 -0.137553224652695 0.835781478002364 1
-1.45121480321671 -0.285739530193253 0.595517537759501 1
-1.33540602584414 -0.436798211266587 0.405034891968649 1
-1.18035589174093 -0.585636087060888 0.259240182149908 1
-0.996533857334532 -0.728554162009435 0.153193238541412 1
-0.791796516722681 -0.865517862721266 0.0892964309193191 1
-0.574917775818605 -0.995685488159294 0.068976600628372 1
-0.353531268960982 -1.11722233405877 0.0915841140140205 1
-0.132628788194194 -1.22663698138531 0.154346372412792 1
0.0833003436948494 -1.31521612070409 0.259106446959889 1
0.289937004644074 -1.37539714803744 0.404500990959706 1
0.478696493873012 -1.40033271235103 0.594709484444474 1
0.636171734113503 -1.37675833514354 0.835497746380137 1
0.715667305157555 -1.32389400729052 1.02452447995813 1
0.742541952595012 -1.28612038936428 1.12613341294982 1
-1.48453827920215 1.34137993111671E-06 1.10239506595326 1
-1.51262010208586 -0.0446171616088228 0.993431875270526 1
-1.53251245979413 -0.146052552393964 0.790927154363836 1
-1.48823830123383 -0.3091669085906 0.537259609044158 1
-1.38150759857811 -0.476384620051243 0.338423785131056 1
-1.23172279026469 -0.640959261743042 0.187966131036811 1
-1.05036286911514 -0.799264696117849 0.0803937949029435 1
-0.845617762546296 -0.948031017970291 0.0166047349295611 1
-0.625925955990166 -1.08404062418885 -0.00333300536738608 1
-0.398072216456386 -1.20498106306702 0.0190842130203292 1
-0.166943287799824 -1.30855340881236 0.0816441874045646 1
0.0611049317897079 -1.38739060154836 0.187829498328103 1
0.278758554375117 -1.43518065505448 0.337859650995256 1
0.476966855489507 -1.44417906016175 0.536398417003026 1
0.640052397237189 -1.40045541534581 0.790630430313201 1
0.717740657711102 -1.33232523559145 0.993244149555988 1
0.74226563067393 -1.28564178507389 1.10222997679414 1
-1.48426222789963 1.39511075298064E-06 1.09045373331747 1
-1.51677809434773 -0.0458240305207386 0.977800366344396 1
-1.54371026390816 -0.150289400621447 0.768504039002083 1
-1.50675067393978 -0.320896864321277 0.508185275833735 1
-1.40458743455556 -0.496243168772894 0.305248471777192 1
-1.25746824332955 -0.668740808699175 0.152540655057328 1
-1.07737086343495 -0.834790311258629 0.044280029757679 1
-0.872645742831125 -0.989494881413555 -0.0194008123893965 1
-0.651558277458087 -1.12844031664825 -0.0391252628450081 1
-0.42046350945956 -1.24906575571683 -0.0168255092345848 1
-0.184201293572241 -1.34967776763554 0.0455789859370214 1
0.0499343283431742 -1.42359153288588 0.152402598533243 1
0.273127217261013 -1.46513027557538 0.304669308342698 1
0.476088203466985 -1.46611095514532 0.507297629496497 1
0.641996853605619 -1.41228546169769 0.768200812836871 1
0.718778850155346 -1.33653373801963 0.977610436761568 1
0.742127572802821 -1.28540266148509 1.09028717654528 1
1
