3
3 3
17 12
0 0 0 0 1 2 3 4 5 6 7 8 9 10 11 12 13 14 14 14 14 
0 0 0 0 1 2 3 4 5 6 7 8 9 9 9 9 
0.74585311479549 -1.29185549872189 1.41256799602813 1
0.720061975044775 -1.20658852535523 1.406887532251 1
0.672196894213127 -1.04923015082541 1.39634526920914 1
0.590388508888605 -0.855678215508847 1.37832330898282 1
0.519700620909154 -0.681955193108147 1.36275145426868 1
0.45734035855958 -0.514795820462237 1.34901477665555 1
0.393461679076194 -0.351233544008151 1.33494324692451 1
0.347191648447979 -0.180219787079855 1.32475322026394 1
0.332089220090241 1.1732095209302E-06 1.32143332342423 1
0.347200924631165 0.18024976096456 1.32477295101028 1
0.393440468562682 0.351195429334993 1.33497303606093 1
0.457318381202236 0.514739871639461 1.34906044602324 1
0.519675760943995 0.681899277392024 1.36281289138471 1
0.590402703391887 0.855713448524239 1.37841040578619 1
0.672216914617428 1.04928715094583 1.39645264414073 1
0.720064596730734 1.20659565950029 1.40700651121663 1
0.745855913890468 1.29186008212142 1.41269538109489 1
0.745714002636834 -1.29161454905088 1.40053399384003 1
0.723692865847535 -1.20974484614864 1.39089974486786 1
0.682393930593241 -1.05704414855943 1.3729185776905 1
0.603062282307048 -0.866129063316197 1.34371892911194 1
0.530796653751309 -0.692334022110328 1.31824341126405 1
0.465015277108949 -0.523631484566207 1.29607533805124 1
0.397606381831307 -0.357477767699933 1.27540457499487 1
0.348261931827791 -0.183418806288737 1.26077312459804 1
0.331558311507833 4.74150485673258E-06 1.25570028577027 1
0.348270467477893 0.183453633883963 1.2607925671729 1
0.397588278541389 0.357448528743029 1.2754363867923 1
0.465000307191889 0.523583661852876 1.29612528616241 1
0.530773749000452 0.692286115586651 1.31830743180064 1
0.6030776323022 0.866165218850992 1.34380633588714 1
0.682412307121234 1.05709348273909 1.37303187739241 1
0.7236938144668 1.20974756585801 1.39102326501754 1
0.745716896897662 1.29161918866737 1.40066286308967 1
0.745437747036364 -1.29113605963133 1.37663629479882 1
0.730750258648492 -1.21601281536764 1.3591662494766 1
0.702306390913328 -1.07256155124808 1.32643160529305 1
0.629232803714113 -0.886882885144588 1.27489625372435 1
0.555787432313542 -0.71294487763237 1.2295515917666 1
0.485324693317119 -0.541177905513202 1.19042162983195 1
0.412864848690048 -0.36987803417261 1.15644318594915 1
0.358906814892803 -0.189771799345372 1.13283750276617 1
0.339665502942414 1.15832805464232E-05 1.1242172041195 1
0.358914056963679 0.189815811277406 1.13285635477447 1
0.412852389146383 0.369866046226266 1.15647906890533 1
0.485322140567998 0.541145949743282 1.19048022982047 1
0.55576820607434 0.712912718506786 1.22962076370195 1
0.629250336386368 0.886920819205696 1.2749842876321 1
0.702321335600768 1.07259568002944 1.32655668799167 1
0.7307479733459 1.21600677683695 1.3592987785734 1
0.745440830282103 1.29114081088617 1.37676811141004 1
0.745025118911249 -1.29042136573285 1.3409415876755 1
0.740829748258832 -1.22537492660156 1.31171811758707 1
0.731030598202884 -1.09573902293514 1.25688735313671 1
0.67134728814645 -0.917881864129987 1.17242391604151 1
0.602035074988891 -0.743730533973081 1.09803397231898 1
0.53095528839254 -0.567386617044608 1.03425261043562 1
0.45686483626667 -0.388400430797756 0.98103136762779 1
0.400517741395417 -0.19926187588248 0.944504135252906 1
0.379423631397738 2.0778016661713E-05 0.930792970118874 1
0.400523585513034 0.199317700618812 0.944522162449158 1
0.45685921685062 0.388412638110697 0.981073160987905 1
0.530966759983718 0.56737722757121 1.03432364828847 1
0.602020726739995 0.743721234877487 1.09811077252032 1
0.671367743095165 0.91792223052683 1.17251285043124 1
0.731039911875993 1.0957505156859 1.2570299813027 1
0.740822899812398 1.22535584056758 1.31186413151612 1
0.745028484433579 1.29042628373588 1.34107780660212 1
0.744611163730702 -1.28970437330365 1.30513208262137 1
0.750467496500089 -1.23476712511292 1.26397145604232 1
0.758801886522585 -1.11899098674246 1.1867977280072 1
0.716703433353179 -0.948980684893832 1.07057801568968 1
0.657591256360944 -0.774615630174069 0.968912487493065 1
0.592438886707695 -0.593680355785068 0.882415242664056 1
0.522785110602011 -0.406983419674155 0.811758253956128 1
0.468664166285409 -0.208783712774412 0.763690702255222 1
0.447700946521221 2.86696607996149E-05 0.745484650907063 1
0.46866915649525 0.208848909738595 0.763708070811165 1
0.522784720992531 0.407017855584713 0.811805474350173 1
0.592459783782439 0.593692130927025 0.882497329112496 1
0.657581168833272 0.774628404752643 0.968996745688675 1
0.716726473032816 0.94902319985932 1.07066774667863 1
0.758805032450092 1.11897986881792 1.18695779845271 1
0.750456344600485 1.23473499411375 1.26413108261385 1
0.744614812437454 1.28970945859115 1.3052727180217 1
0.744195416351407 -1.28898427669073 1.26916754206312 1
0.759656136816453 -1.24419995898946 1.21577248479074 1
0.785611347338886 -1.14234355772682 1.11586323468701 1
0.765471406770306 -0.980214327945893 0.969900060803938 1
0.722869914799584 -0.805634976997102 0.843976348714551 1
0.670447310524682 -0.62008884952603 0.738055644124046 1
0.611535515784166 -0.425648134986407 0.653032722559812 1
0.564435841172194 -0.218348316351514 0.595769343080132 1
0.545663700777729 3.49368812503377E-05 0.574079494139746 1
0.564440541610819 0.21841984137381 0.595786334264375 1
0.611538688895571 0.425702351242317 0.653084548014643 1
0.670472866602771 0.620120046101538 0.738146421636697 1
0.722863451221568 0.805668850642366 0.844067769349661 1
0.765496683225517 0.98025863787885 0.9699904121394 1
0.785607761956717 1.14230985339594 1.11604055430466 1
0.759640946847708 1.24415478193112 1.21594592504958 1
0.744199349468616 1.28898952998695 1.26931261305807 1
0.7437814506704 -1.28826726607418 1.23335712865877 1
0.768400233755282 -1.25359234256553 1.16752190590668 1
0.811412713729506 -1.16559599411146 1.04466359721853 1
0.816684626278835 -1.01131428594731 0.871344812322462 1
0.795695813925384 -0.836521883957491 0.724562883556609 1
0.761542321966556 -0.64638501678132 0.602866317618245 1
0.718515411373163 -0.444234037853104 0.50684535051281 1
0.682357152243795 -0.227873355870321 0.442942589466431 1
0.667466842561341 3.96444813214457E-05 0.418867180092623 1
0.682362032878347 0.227948331108126 0.442959503561704 1
0.718520737130153 0.444305598231719 0.506900872540878 1
0.761568548845797 0.646433855943471 0.602963220442562 1
0.7956924179084 0.836575777262642 0.724661091308846 1
0.816711833462421 1.01136004778354 0.871435592444665 1
0.811401982726129 1.16553991306209 1.04485780971163 1
0.768381257466929 1.25353422653924 1.16770925003858 1
0.743785666979215 1.28827268665912 1.23350661623945 1
0.743368919912832 -1.28755274082148 1.19767084438864 1
0.776795909759955 -1.26295214611583 1.11917016635271 1
0.836423356843496 -1.18876777945179 0.973119036108268 1
0.869804278332584 -1.04230659548881 0.774889548591251 1
0.874414564203636 -0.86730217891279 0.610748511827316 1
0.862858853936621 -0.672590807066108 0.477036576212162 1
0.839735808729985 -0.462756588622062 0.373493217009211 1
0.817582527105287 -0.237366678375116 0.305591012722457 1
0.807895441559716 4.29383355606586E-05 0.280264609589273 1
0.817587955326164 0.237442492847971 0.305608160513826 1
0.839742184551964 0.462843289170131 0.373551498775106 1
0.862882633671012 0.672655681758015 0.477136954267055 1
0.874413800465322 0.867375120819646 0.610853124866739 1
0.869833176788349 1.04235349843518 0.774980559616213 1
0.836405157045992 1.18868950217332 0.973329789340573 1
0.776773344348041 1.2628811826346 1.11937152147585 1
0.74337341843163 1.28755832811526 1.19782473324591 1
0.742955165812047 -1.28683609667314 1.16187873389085 1
0.784979278047879 -1.27233968430325 1.0703921835172 1
0.860985241331043 -1.2120082324267 0.900738741203557 1
0.924635386231361 -1.07339095218498 0.680001258474445 1
0.957949081102735 -0.898174166543135 0.502060891605587 1
0.972333125591241 -0.698875021086861 0.360203227867397 1
0.972210843824433 -0.481335053891188 0.252737724940938 1
0.966416744173512 -0.246889348997659 0.183581997160129 1
0.962943663792139 4.49557669526537E-05 0.158187810955406 1
0.966422996020722 0.246963613059126 0.183599706572045 1
0.972217456232719 0.481434966324994 0.252797800871156 1
0.972352127712321 0.698954556014711 0.360304321112071 1
0.957950640802577 0.898265383649035 0.502171551337304 1
0.924665807410774 1.07343871820399 0.680092294118133 1
0.860959291142827 1.2119077878294 0.900965774843311 1
0.78495325012486 1.27225587821691 1.0706077548533 1
0.74295994737771 1.28684185117013 1.16203703707652 1
0.742541676807917 -1.28611991168634 1.12610955577926 1
0.792973354431031 -1.28172118948145 1.02139257989073 1
0.885125646500348 -1.23523375462301 0.827847352417728 1
0.980637069096776 -1.10445551277552 0.586830341256151 1
1.04498553614365 -0.929026727944905 0.398327924804596 1
1.08783377879117 -0.725143001160434 0.251821040456072 1
1.11305463007705 -0.49990245690995 0.143674448125278 1
1.12540364935735 -0.256406938065716 0.0757314373997507 1
1.12891289223131 4.58753369065343E-05 0.0513306107579397 1
1.1254109372245 0.256477613244079 0.075750000615163 1
1.11306084532047 0.500013890487349 0.143735446537478 1
1.08784620376483 0.72523597385356 0.251920371760505 1
1.04498917210494 0.929135501000138 0.398444289791852 1
0.980668877354811 1.10450390138242 0.586921216474059 1
0.885091749579626 1.23511123767574 0.828090379447821 1
0.792943972713101 1.28162458563496 1.02162250465364 1
0.742546741239094 1.28612583327941 1.12627227046502 1
0.74226585231119 -1.28564216896144 1.10224914969238 1
0.79821917761282 -1.28797926348432 0.988558580646303 1
0.901037639625062 -1.25072669093466 0.778897651867813 1
1.0185622209238 -1.12517769387014 0.525648893754655 1
1.10472052442743 -0.949607619923936 0.331990727959347 1
1.16775403739791 -0.742665813166417 0.184426206484504 1
1.2109914914401 -0.512288603782106 0.0777210319125876 1
1.23628899663214 -0.262756358875016 0.0120301801057343 1
1.24481994570518 4.58867604880672E-05 -0.011086872946858 1
1.23629707595676 0.262823520413041 0.0120494841106853 1
1.21099714309152 0.512406799193448 0.0777821360962581 1
1.16776122529892 0.742767083786236 0.184522912685562 1
1.10472542958356 0.949727715534744 0.332110701129686 1
1.0185948909765 1.12522636606746 0.525739553647439 1
0.900998346819122 1.25058949460962 0.779151185640822 1
0.798187608891324 1.28787414278754 0.988798165746535 1
0.742271105432361 1.28564820201865 1.10241480714029 1
0.742127572802821 -1.28540266148509 1.09028717654528 1
0.800836212048452 -1.29111663111021 0.972065705366424 1
0.908986468314158 -1.2584937835218 0.754286733327463 1
1.03765955303365 -1.13556638904072 0.495187369408161 1
1.13491602346802 -0.959925507867698 0.299355015980925 1
1.20824662656652 -0.751450616823554 0.151704245454188 1
1.26068109383443 -0.518498260945452 0.0461335355937159 1
1.29259548305286 -0.265939634553777 -0.0181147149696394 1
1.3036979425831 4.57730928858072E-05 -0.0404532347553361 1
1.29260397403972 0.26600481253592 -0.0180950023816803 1
1.2606864186613 0.518619663110516 0.0461945821006436 1
1.20825106298646 0.751555915375292 0.151799320656553 1
1.13492154774196 0.960051202795123 0.299476755120173 1
1.03769264571999 1.13561517728705 0.495277897822071 1
0.908944456312926 1.25834923675612 0.75454549928894 1
0.80080355435561 1.29100724463494 0.972310152105461 1
0.74213292052023 1.28540875042278 1.09045430929255 1
1
