3
3 3
17 12
0 0 0 0 1 2 3 4 5 6 7 8 9 10 11 12 13 14 14 14 14 
0 0 0 0 1 2 3 4 5 6 7 8 9 9 9 9 
-1.49171157295599 -5.48350671752397E-08 1.41269494872654 1
-1.40648528785687 -0.00972074141865861 1.39699791628634 1
-1.24680898571605 -0.0277046476829574 1.36749787770046 1
-1.02512419997191 -0.0243426543475958 1.31528286621091 1
-0.818485671344497 -0.0224771739230912 1.26711587336572 1
-0.621788211170516 -0.0285832391330839 1.22439855138545 1
-0.429744122771553 -0.0292629396748713 1.18059264826107 1
-0.244842819995452 -0.0576063217696217 1.14942034162671 1
-0.0746673031481224 -0.129192448348857 1.13881352451347 1
0.0726327984103569 -0.240933209593221 1.14941532415783 1
0.189521534362288 -0.386835917392325 1.18057366849066 1
0.286048969242527 -0.552639135474732 1.22431410723636 1
0.389617750716851 -0.719823524441236 1.26698739941861 1
0.491417084195852 -0.899825086650731 1.3151606706603 1
0.599316933810925 -1.09349434713708 1.36736570615022 1
0.694783415817526 -1.22285531458315 1.39686655989439 1
0.74585311479549 -1.29185549872189 1.41256799602813 1
-1.49125676805417 3.36884823973984E-08 1.39302115415431 1
-1.41332052406681 -0.0121369841585148 1.370527212667 1
-1.26541961700898 -0.0356555758643723 1.32854170976315 1
-1.05352283710583 -0.0400479017679753 1.27374255383957 1
-0.85025814450655 -0.0443090876927466 1.23354509557597 1
-0.653159576103997 -0.0553599245266025 1.20345877465164 1
-0.458700876182907 -0.0612741824253819 1.17357871873364 1
-0.27060081705456 -0.0936718061034403 1.15320392769482 1
-0.0968885064450517 -0.167694696931049 1.14713867445369 1
0.0542905310366784 -0.281189180002082 1.15335150617813 1
0.1762896830029 -0.427875624346377 1.17363671934038 1
0.278577212321723 -0.593218660385539 1.20337609536743 1
0.386647341586702 -0.758302493760259 1.23340823540093 1
0.492060441197245 -0.932320946595942 1.27359610915008 1
0.601758559217399 -1.11360941668424 1.32839700305378 1
0.696115269561044 -1.22998955649165 1.37039212975189 1
0.74562565926116 -1.29146153361707 1.39289178350818 1
-1.49113331055763 5.77183373337284E-08 1.38768067208033 1
-1.4146992182076 -0.0119673509360428 1.36521056790951 1
-1.26919620598366 -0.0356055634498719 1.32296627139955 1
-1.0642142387392 -0.0494756995934738 1.25077451770173 1
-0.869167190966556 -0.068043807620722 1.18411664445224 1
-0.679957961841724 -0.0942866422165689 1.12610528535484 1
-0.49215400044915 -0.114280163082668 1.07134882705189 1
-0.308355336914951 -0.156730182879275 1.03363933880728 1
-0.135734179177954 -0.234966434764834 1.02076592961891 1
0.0185500707824163 -0.345383255537154 1.0338324490207 1
0.147109301089886 -0.483325134529502 1.07144416214826 1
0.258264747783637 -0.635895062524016 1.12601656018796 1
0.375548286325901 -0.786570582821745 1.18394468182078 1
0.489242879147133 -0.946323300526273 1.25058364285054 1
0.603698013829237 -1.11685899693764 1.32282355537293 1
0.696953612589827 -1.23110051384789 1.36507473969549 1
0.745563916103314 -1.29135459117786 1.38755064507854 1
-1.49005071157574 2.68436173172327E-07 1.34084997635013 1
-1.43072787156096 -0.0173005061302704 1.30410834607924 1
-1.31284973561137 -0.0534124762573935 1.23533937176994 1
-1.13332506549941 -0.0894771989638274 1.1399597590828 1
-0.950010294893835 -0.129036766889555 1.06305591368352 1
-0.763900634280587 -0.174068869677784 1.00310804490133 1
-0.574054612557455 -0.21293766183424 0.952250259831312 1
-0.385262316339398 -0.269574968303804 0.919557496114698 1
-0.205262096709978 -0.355411668138393 0.909287205176967 1
-0.0407042777057171 -0.468201982654557 0.920118033883058 1
0.102641728111249 -0.603469940243146 0.952545614215153 1
0.231210880765626 -0.748534465183013 1.00301686070902 1
0.363260192578546 -0.887196860596961 1.06283048325281 1
0.48925753301449 -1.02630095972465 1.13967253135558 1
0.610157112201751 -1.16361972683305 1.23517232258801 1
0.700365600471536 -1.24766414163802 1.30396391918587 1
0.745022490254769 -1.29041681275976 1.34071419376451 1
-1.48929639229416 4.15257414653531E-07 1.30821989138758 1
-1.44167916241712 -0.0206408123299428 1.26242758222169 1
-1.34268573857571 -0.0648148441638632 1.17667330440336 1
-1.18283645238409 -0.119699099598305 1.05715941569782 1
-1.01101911566464 -0.179638474078709 0.959435419733164 1
-0.830708810689813 -0.244064722059901 0.883152328040892 1
-0.642766530513091 -0.301845431004599 0.821314219809081 1
-0.452847365966281 -0.372441570765756 0.782430691265186 1
-0.268639090001535 -0.465190324230617 0.770130881505007 1
-0.0959890790054639 -0.578017272873742 0.783249204544793 1
0.0600138260021282 -0.707346052348628 0.821756797815547 1
0.204040191129993 -0.841425425651243 0.883056311792719 1
0.350014432329716 -0.96542035590872 0.959157045090641 1
0.487906108713583 -1.084384538421 1.05678696266771 1
0.615238562499335 -1.19519507587464 1.17649187851244 1
0.702959938457107 -1.25882941739524 1.26227729131995 1
0.744645242572166 -1.28976339967286 1.30808009850089 1
-1.48843885449291 5.82169182217625E-07 1.27112481507628 1
-1.45423634355415 -0.0246240908589446 1.21466809840789 1
-1.37689157056615 -0.0782747506862145 1.10897572781771 1
-1.23845120273597 -0.152893477179576 0.965376645436534 1
-1.07806035174642 -0.233154162709192 0.8497311165483 1
-0.902541931319722 -0.316509634632464 0.761173296135747 1
-0.715117789583385 -0.392939637388664 0.692606525079457 1
-0.522753448622805 -0.477388864973128 0.65075440878483 1
-0.333299407057431 -0.577195660449286 0.637761973937567 1
-0.151912024671933 -0.690864498710936 0.651865372937762 1
0.0173148877505545 -0.815458454584092 0.693213171577433 1
0.177268792785147 -0.939897687048461 0.761073096824238 1
0.337273879327022 -1.05033424027805 0.849399144362729 1
0.487043542707396 -1.1492493279079 0.964914904879294 1
0.620727861114893 -1.2315889030657 1.10877687498207 1
0.705801909270158 -1.2717084345484 1.21451108761991 1
0.744216373582383 -1.28902057573143 1.27098046313237 1
-1.48760719088737 7.44044777924321E-07 1.23514899585568 1
-1.46639743634642 -0.0284573942335661 1.16844567350954 1
-1.410019298353 -0.0912488495375351 1.04357764537168 1
-1.29249554334925 -0.185272655770778 0.875762441594531 1
-1.14344992083607 -0.285697756030368 0.74126534239725 1
-0.972867443499783 -0.387911073463578 0.639192101635102 1
-0.786209619097877 -0.482884446338506 0.562627224411866 1
-0.591660445152383 -0.581091804696548 0.516854775877089 1
-0.39719294182787 -0.68787185226178 0.502777444209134 1
-0.207257754806172 -0.802228942619428 0.518249578032604 1
-0.0250191589833036 -0.921907713147795 0.563393833656661 1
0.150645310837821 -1.03654126438698 0.639087510201764 1
0.324546295122618 -1.13332918551647 0.740879703146952 1
0.486099019022489 -1.2123439411414 0.875212162819977 1
0.626097605942901 -1.26680485924801 1.04336216853676 1
0.708575337517519 -1.28416906421424 1.16828215927402 1
0.743800444710414 -1.28830016476353 1.23500022241343 1
-1.48676861749506 9.07265299444349E-07 1.19887427544671 1
-1.47866873209444 -0.0323384160581598 1.121821110091 1
-1.44344677777654 -0.104373194592326 0.977587779981703 1
-1.34693157550594 -0.217821569589124 0.785516951790663 1
-1.2091850879509 -0.338335554196081 0.632288946476461 1
-1.04342582308741 -0.459297149062502 0.516891730900967 1
-0.857400167750116 -0.572724614552579 0.432539904644177 1
-0.660548637268356 -0.684632321469967 0.383010874597745 1
-0.460986590179078 -0.798375276159022 0.36791752863602 1
-0.262472028366911 -0.913494653248802 0.384691833184332 1
-0.0672130745412264 -1.02838959599047 0.433467646426613 1
0.12415208705129 -1.13337914465279 0.516782774064356 1
0.311910810236795 -1.21667105860255 0.631849512273786 1
0.485204163441386 -1.27586316406512 0.784877765835224 1
0.631487424760143 -1.30235590148966 0.977355488780948 1
0.711362643350214 -1.29674909379503 1.12165103579526 1
0.743381060138566 -1.28757376833931 1.19872104377058 1
-1.4859330277471 1.06990508230517E-06 1.16272862050265 1
-1.49089586433951 -0.0362047606786342 1.07537594334986 1
-1.47675397874232 -0.117448519889895 0.91186883671283 1
-1.40117706624935 -0.250260107968822 0.695508057476879 1
-1.27469720351644 -0.390804803108926 0.523408924371647 1
-1.11375241596475 -0.530462540191978 0.394508544616592 1
-0.92836438144817 -0.662291756333213 0.302190371729114 1
-0.729224132306557 -0.787860484131638 0.248771664216192 1
-0.524587828726221 -0.908545308833839 0.232607806186497 1
-0.317522255551436 -1.02442052161488 0.250737790787603 1
-0.1092838207558 -1.13453923353529 0.30327879153869 1
0.0977338643854402 -1.22990578595371 0.394395190752407 1
0.299309439395224 -1.29973515258436 0.522915649382844 1
0.484309339582005 -1.33916183677124 0.694780007143929 1
0.636859411527 -1.33777812727301 0.911619829950094 1
0.714140534248969 -1.30928349497604 1.07519933425896 1
0.742963167737138 -1.28684995643376 1.16257094645504 1
-1.48509521180387 1.23297817339601E-06 1.12648666556672 1
-1.5031598272048 -0.0400887751984637 1.02880469403166 1
-1.51016129925629 -0.130578393288439 0.845968537669493 1
-1.45554046014799 -0.282738967813418 0.605274014044865 1
-1.34029207143499 -0.44325487386024 0.414289352945384 1
-1.1841032051046 -0.601534933389669 0.271889131973669 1
-0.99928924783559 -0.751701931165654 0.171619306151238 1
-0.797808043560242 -0.890888166478453 0.114325958974671 1
-0.588065657711372 -1.01850164965073 0.0970988152434432 1
-0.372444607590325 -1.1351664342542 0.116578008130703 1
-0.151238278518189 -1.24057614837226 0.172868811466404 1
0.0714084418887915 -1.3264069715549 0.271771377545558 1
0.286766356821794 -1.38286145037985 0.41374213487041 1
0.483438836671004 -1.40258289990557 0.604456910017922 1
0.642234316348264 -1.37331445949237 0.845702764050857 1
0.716921570610281 -1.32185866071959 1.02862153240173 1
0.742544161978241 -1.28612421613375 1.12632453731217 1
-1.4845396419621 1.34111468255007E-06 1.10245401575629 1
-1.51129001378378 -0.0426604285091051 0.997931664321504 1
-1.53230822728801 -0.139274595097592 0.802293414702105 1
-1.49160383868763 -0.304300657561291 0.545381065700774 1
-1.38383774322383 -0.478119573347715 0.341732967788722 1
-1.23084041394135 -0.648813871967153 0.190227285027081 1
-1.04644169048804 -0.811200793624885 0.0845442980676447 1
-0.843432595462386 -0.959459340204903 0.0245824028593573 1
-0.630313976228987 -1.09168412217973 0.0066108124911351 1
-0.409009944871441 -1.20885568770762 0.0270240722065985 1
-0.179179936186197 -1.31110044742443 0.0859007023618961 1
0.0538651861939956 -1.39054818364272 0.190106580568548 1
0.278400176503013 -1.43806814044997 0.341149818448742 1
0.482847448116146 -1.44466296404239 0.544504723390959 1
0.645804540652487 -1.39686874970122 0.802016549102216 1
0.71876797635604 -1.33019356201256 0.997744158896263 1
0.742266312212964 -1.28564296553582 1.10228893384222 1
-1.48426222789963 1.39511075298064E-06 1.09045373331747 1
-1.5153494741635 -0.0439441822255867 0.982517026175072 1
-1.5433663571354 -0.143615937963436 0.780488399779231 1
-1.50961274204254 -0.315069338383427 0.51546663838906 1
-1.40558595034862 -0.495536335850563 0.305475852981948 1
-1.25418571153616 -0.672435444560041 0.149402242791658 1
-1.06999748321173 -0.840929634219987 0.040996844131397 1
-0.866227694193588 -0.993722143942137 -0.020311294795419 1
-0.65142409739607 -1.1282510301085 -0.0386600676416294 1
-0.427281483118963 -1.24567411406345 -0.0177749391410293 1
-0.193143158344329 -1.34633464339467 0.0424066377109591 1
0.0450973766708666 -1.4225896381952 0.149280060859717 1
0.274218228203578 -1.46564232565416 0.304874739720923 1
0.482550857040062 -1.46567714268525 0.514560690799951 1
0.647587820647972 -1.40862921754883 0.780205999252529 1
0.719690152513404 -1.33435509254012 0.98232735193245 1
0.742127572802821 -1.28540266148509 1.09028717654528 1
1
