3
3 3
17 12
0 0 0 0 1 2 3 4 5 6 7 8 9 10 11 12 13 14 14 14 14 
0 0 0 0 1 2 3 4 5 6 7 8 9 9 9 9 
0.745855913890469 1.29186008212142 1.41269538109489 1
0.690250944648946 1.2168442613109 1.3956360076399 1
0.588328796590976 1.07742206014682 1.36360320944264 1
0.485359483701233 0.887232300570612 1.31162860267083 1
0.388086692709636 0.717980106448935 1.26667005854191 1
0.290014217412526 0.55885942496374 1.2259227430475 1
0.196634814379528 0.398864019794906 1.18375053641594 1
0.0813465300407961 0.248654669101264 1.15049720423868 1
-0.074068121965109 0.128223328804399 1.13829163039699 1
-0.256082468216982 0.0538633611267644 1.15050644421368 1
-0.443771603692425 0.0291413425812223 1.18375682309639 1
-0.629152695972927 0.0282663881699965 1.22595763085563 1
-0.815970302393638 0.0228906754126552 1.26669891398817 1
-1.01144746919695 0.0232991639736553 1.31172719147891 1
-1.22726096099868 0.0291904327344189 1.36360268533826 1
-1.3988846010523 0.0106546335808554 1.39562498629643 1
-1.49171157295599 -5.48350671752397E-08 1.41269494872654 1
0.745716350845904 1.29161824245 1.40061559996397 1
0.690915314418069 1.22204446852208 1.38013228690894 1
0.589315149138054 1.09149041293 1.34158382863861 1
0.487081593407809 0.904931508517457 1.27900403478741 1
0.39063223318777 0.73395774431581 1.22402164308381 1
0.293150761187384 0.570544436571544 1.17446893004279 1
0.199411341189899 0.405649012499849 1.12541331348205 1
0.083188058950643 0.25101123520149 1.08755401592011 1
-0.0737788160513796 0.127725238328842 1.07342931993347 1
-0.259076313127805 0.0534850589964437 1.08746394218377 1
-0.451052342083264 0.0301511646476662 1.12537371183723 1
-0.640820770877142 0.0314145010051411 1.17450916634551 1
-0.831046354989417 0.0286933073507012 1.22407608495715 1
-1.02758175941053 0.0306759346682631 1.27912205502316 1
-1.23993216526011 0.0353712799042538 1.34158523806555 1
-1.40372557958534 0.0126780442109395 1.38012116725321 1
-1.4914323209744 -4.8126285969695E-10 1.40061516221227 1
0.745439077557552 1.29113777370444 1.37661640556968 1
0.692382405169669 1.23212096997445 1.34933942448099 1
0.591597200317811 1.11888193648674 1.29785657375616 1
0.489567568530001 0.941714883184623 1.21413236373906 1
0.392893954016494 0.77054236853417 1.13912467995902 1
0.294549478459047 0.602128830945536 1.07195686974941 1
0.198181907825241 0.43081124355193 1.00911200873717 1
0.0786326247494938 0.269918462975572 0.962014565114619 1
-0.082050752636533 0.14205671985896 0.944039462574185 1
-0.273238164374174 0.0669586195492374 0.961727190597561 1
-0.472261967822872 0.043838302987431 1.00898128845956 1
-0.668832255017123 0.0460341123702368 1.07200788040845 1
-0.863791504764166 0.0450588852910356 1.13923009637299 1
-1.06057018766859 0.0469491523976968 1.21428906857355 1
-1.26478409880629 0.0470928251529292 1.29786181356463 1
-1.41319604924123 0.016443042442766 1.34932811240328 1
-1.49087752428409 1.07504759544239E-07 1.37661595712273 1
0.745028304312774 1.29042597161632 1.3410622163726 1
0.694918503305568 1.24642101301312 1.30357738849727 1
0.595772518425111 1.15808579907709 1.2327620252266 1
0.490945625006486 1.00020013227986 1.11893680863762 1
0.389356149680564 0.836671276977411 1.016072189076 1
0.28471343077256 0.669543370312078 0.924790292065627 1
0.179738802394249 0.496874558023451 0.843378329905668 1
0.0516438426357301 0.332981440040775 0.784023628507378 1
-0.116104367369164 0.201040657849751 0.760959849515964 1
-0.314458267445085 0.121971171637907 0.783443824169626 1
-0.520303192492358 0.0928980612641588 0.843111821317274 1
-0.722232614505174 0.0883051197435487 0.924854838029066 1
-0.919185232580358 0.0812236570372944 1.01625081094014 1
-1.11174324601535 0.0750434141888963 1.11914952005817 1
-1.3008075372271 0.0630828078043332 1.23277311974963 1
-1.42686354551726 0.0213925479818701 1.30356574396486 1
-1.49005560725766 2.67483274160628E-07 1.34106175208093 1
0.744613400089359 1.28970701122552 1.30515047322598 1
0.697788554386727 1.26033068363903 1.25700320585819 1
0.600665612484038 1.19651356756532 1.16624178186388 1
0.490377121671242 1.06266866661331 1.02502072832724 1
0.379923685807736 0.913612184410731 0.898467362244154 1
0.264649798716258 0.755177060201509 0.787700427456838 1
0.146972415683182 0.588086605768093 0.692109029853417 1
0.00716825864843746 0.426492841259464 0.623885292437744 1
-0.169041798041267 0.292728354230275 0.59719457601243 1
-0.37330800279534 0.20735068897862 0.623009788630055 1
-0.58296363492888 0.166932576758304 0.691703405224864 1
-0.786293440045667 0.148533367461328 0.787772681121986 1
-0.980990133821307 0.127890466256996 0.898714243693577 1
-1.1653885412769 0.106810468517947 1.02528680569146 1
-1.33651785009096 0.0780639156814145 1.16625923260387 1
-1.4403599397071 0.0258574698101852 1.25699110906981 1
-1.48922542454763 4.29070627314317E-07 1.30514999293025 1
0.744200138519674 1.28899089728192 1.26938090881734 1
0.700879329639428 1.27378334763287 1.2102590262045 1
0.60604781881337 1.23390858424782 1.09920845988937 1
0.488335784060326 1.12744448591947 0.933728880958689 1
0.366119995329348 0.99788339474675 0.788059895078585 1
0.237044449260958 0.853670299781229 0.662790575596823 1
0.103697991350069 0.697360394362279 0.557682151780447 1
-0.0500846802857757 0.542067249497483 0.484160455158245 1
-0.235720783822205 0.408214133235007 0.455380619619573 1
-0.444877967336611 0.314825032890566 0.482990091495133 1
-0.656012467007478 0.259094600007059 0.557135986049992 1
-0.857717860197525 0.221714936953335 0.662864501158786 1
-1.04695516606489 0.182000947710074 0.788369044199225 1
-1.22029442084626 0.141002699467507 0.934044886775691 1
-1.37157858899924 0.0921056052976516 1.09923268739037 1
-1.45357073627971 0.0299026448543385 1.21024636168109 1
-1.4883985286268 5.90018237477814E-07 1.2693804125809 1
0.743787631470774 1.28827609079804 1.23367665142421 1
0.704102851765338 1.28697178155753 1.16330976397753 1
0.611723399990432 1.27071023101718 1.03166122308738 1
0.485418603001426 1.19362531090255 0.844449588499479 1
0.349712744437906 1.08655333022047 0.683370759198506 1
0.204945125663134 0.959853824111883 0.547645659810579 1
0.0541594418624993 0.8174199400622 0.43681248285134 1
-0.114957024333488 0.670807232610863 0.360900266236063 1
-0.310596878988476 0.537895942309604 0.331283619521584 1
-0.524041068095496 0.435479516622367 0.359435309728402 1
-0.73527029143598 0.362072286286881 0.436124413390521 1
-0.933553905846475 0.302628943205868 0.547716332806855 1
-1.11542628975896 0.240561351388925 0.683737373326263 1
-1.2759783655006 0.176653592868556 0.84481278769256 1
-1.40627228757379 0.10559686424305 1.03169258024074 1
-1.46661897725612 0.0337006864373529 1.16329643665171 1
-1.48757314242816 7.50671994242518E-07 1.23367613927617 1
0.743373505297066 1.28755847863869 1.19783225182258 1
0.707425549904551 1.30006213687863 1.11592547348359 1
0.617610824362111 1.30732803013369 0.963299487365112 1
0.481940051339552 1.26101827280735 0.756413559610704 1
0.33159755245454 1.17841764547763 0.583033760684606 1
0.169878599156986 1.07137463623892 0.440282736554721 1
0.000460628298847506 0.944818878743142 0.326961505090051 1
-0.184913116358354 0.8084157692253 0.251151257517415 1
-0.39096793674391 0.677094156141741 0.221772438909708 1
-0.608343928415867 0.564970677596859 0.249390317597999 1
-0.818804548193912 0.47232148238384 0.326129576909806 1
-1.01252735853272 0.388778513095732 0.440345895174271 1
-1.18580831268575 0.302195533154316 0.583454017007375 1
-1.33243000706442 0.213395426528527 0.756821854712568 1
-1.44091270458559 0.118812968762247 0.963338317516907 1
-1.4796318816247 0.037363741753942 1.11591139777965 1
-1.48674451651937 9.119563304933E-07 1.19783172370048 1
0.742960003123961 1.28684194776917 1.16204186215417 1
0.710810978296239 1.31301545872245 1.0684073636007 1
0.623637783799263 1.34363363892382 0.894591142792835 1
0.478036223216947 1.32905527386723 0.669814491641699 1
0.312222972008456 1.2723718658005 0.486746123802752 1
0.132640603341076 1.18657954372864 0.339820410488216 1
-0.0562620071480145 1.07740274321829 0.226682241558811 1
-0.258544386345973 0.95236431290782 0.153021390843104 1
-0.47528966821315 0.823134272956335 0.124762236134201 1
-0.696300285867686 0.700813967210848 0.150964721768814 1
-0.905317293473736 0.587780791275265 0.225705527268924 1
-1.09360497424108 0.478648419592672 0.339872588551764 1
-1.25736987538901 0.365963276435834 0.487216628229532 1
-1.38922648919328 0.250826416183698 0.670265946491296 1
-1.4753526048333 0.131752291899457 0.89463769278098 1
-1.4925574190264 0.0409039297232998 1.06839247273862 1
-1.48591713917467 1.07299764534251E-06 1.16204131808208 1
0.742546464742931 1.2861253541573 1.12624833853412 1
0.714241355809719 1.32589258373423 1.02072011368324 1
0.629763101520962 1.3797730004203 0.825515325373966 1
0.473848252398107 1.39758972880907 0.584256405466682 1
0.291998502462619 1.36780324280287 0.393583889809167 1
0.0939330656653461 1.30433389615509 0.244766786037939 1
-0.115036275486363 1.21354270529123 0.133956055373475 1
-0.334674297121724 1.10064152914528 0.0640908884453843 1
-0.562302930635464 0.973835678255032 0.0376607122279517 1
-0.786756496752933 0.840985147403135 0.0617383101867056 1
-0.993884031234503 0.706794267122823 0.132833622482953 1
-1.17615521392459 0.571064242181399 0.244805186938742 1
-1.32978517597237 0.431204284626098 0.394101983129673 1
-1.446311339015 0.288751475745808 0.584749521944612 1
-1.50969774639759 0.144523418954126 0.825569803365591 1
-1.50543942078477 0.0443670710191412 1.02070435299905 1
-1.48508968938146 1.23405306162218E-06 1.12624777851066 1
0.74227083811323 1.28564773879881 1.10239166952101 1
0.716550757740081 1.33443540965865 0.988841424739648 1
0.633896127094618 1.40377279781916 0.779268138000488 1
0.470910576733261 1.44352196057216 0.527833506164699 1
0.278081308498896 1.43216656243457 0.333290448695389 1
0.0673780032349205 1.38412768996024 0.184524350368526 1
-0.155265285822948 1.30610901330292 0.0764964979673422 1
-0.386700745675614 1.20169532735085 0.0101066283474602 1
-0.621682213025095 1.07667665759963 -0.0146971775803766 1
-0.848331517094649 0.936636170664727 0.0075567357292825 1
-1.05396983170344 0.787945413102006 0.0752764141686545 1
-1.23193139675188 0.633969027932726 0.184551962989754 1
-1.37848760335283 0.475444838742046 0.333838730537344 1
-1.48450499685038 0.314281938265259 0.528353527828383 1
-1.53253863372754 0.152948151849203 0.779328019243094 1
-1.51400234214077 0.0466353885060226 0.988825052956607 1
-1.48453818749382 1.34139778129101E-06 1.10239109886582 1
0.74213292052023 1.28540875042278 1.09045430929254 1
0.717709996364866 1.3387037092991 0.972870608514722 1
0.63597223094254 1.41576787424699 0.756084519461694 1
0.469417340428193 1.46654578338119 0.499724081580044 1
0.271047848427653 1.46449310474171 0.303489636650289 1
0.0539701108552419 1.42426314024646 0.155017750791793 1
-0.175562948465128 1.35271802813805 0.04863469057905 1
-0.412938148161038 1.25261460972552 -0.0158225395551778 1
-0.65161456487582 1.12851748419427 -0.0397291003172876 1
-0.879346814573393 0.984852015600919 -0.0184711821383488 1
-1.08420338142711 0.828842492831719 0.0473656361589175 1
-1.25996084250405 0.665653477028967 0.155039636262792 1
-1.40292678131628 0.497702282775199 0.304052710780254 1
-1.50363952932338 0.327097100061684 0.500257389305891 1
-1.54395969601198 0.157149811472909 0.756147128786921 1
-1.51828337728573 0.0477640579857566 0.972853924527824 1
-1.48426222789963 1.39511075298064E-06 1.09045373331747 1
1
