3
3 3
17 12
0 0 0 0 1 2 3 4 5 6 7 8 9 10 11 12 13 14 14 14 14 
0 0 0 0 1 2 3 4 5 6 7 8 9 9 9 9 
0.74585311479549 -1.29185549872189 1.41256799602813 1
0.707644962252764 -1.20384056783448 1.40672795787814 1
0.636591909984353 -1.04298272824846 1.39586750538641 1
0.519626064649415 -0.854710006669573 1.37798552634105 1
0.42159161954354 -0.68382064818462 1.3629984618822 1
0.332864399848418 -0.519302815935639 1.34943472824986 1
0.241228649432118 -0.358987955400719 1.33542589588943 1
0.173150397718066 -0.186762729643242 1.32502103087599 1
0.148809949961457 4.5915767757207E-06 1.32130706523415 1
0.173159256378445 0.186807533995998 1.32504074215637 1
0.241227806144261 0.358990257434032 1.33546104643954 1
0.332878046260444 0.51933587907529 1.34948785156465 1
0.421558759536051 0.683771423889158 1.36306063541588 1
0.519723326534442 0.854871825516662 1.37808440793662 1
0.636603566102754 1.04301420683316 1.39597178866276 1
0.707650868202701 1.20385398153456 1.40684716896754 1
0.745855913890469 1.29186008212142 1.41269538109489 1
0.745713050949812 -1.29161290067825 1.40045166743658 1
0.711962857797175 -1.20712592263443 1.39059895131494 1
0.648543204308472 -1.05102457359682 1.37218518143026 1
0.534164951409714 -0.865116084179085 1.34244368331131 1
0.434028934225529 -0.694008675732676 1.3167517503758 1
0.341243563961913 -0.527828569846088 1.29394129930571 1
0.245643019630922 -0.364781912380152 1.27260205125805 1
0.174256146924036 -0.18959539858024 1.25725132764134 1
0.148244012146606 8.5453861310851E-06 1.25160882171569 1
0.174264544913532 0.189645118801038 1.2572708004741 1
0.245644015253746 0.364791112279916 1.27263878941325 1
0.341264293176915 0.527864420284311 1.293997319299 1
0.433999994496666 0.693967304863605 1.31681736724824 1
0.534260267159499 0.865271986329957 1.34253803684724 1
0.64855391376044 1.0510499752879 1.37229671187772 1
0.711966721692691 1.20713447639636 1.39072268201596 1
0.745715945861684 1.29161754067933 1.40058054683974 1
0.745433930078288 -1.29112944845656 1.37630610596207 1
0.72027414393242 -1.21367300848876 1.35846137294953 1
0.671744697000397 -1.06705044111194 1.32500019120976 1
0.565086139564297 -0.885853488089884 1.27158564788452 1
0.464394068923039 -0.714311641876039 1.22450530005387 1
0.367426675489196 -0.544819039496322 1.18320807138723 1
0.267534282648975 -0.376328519277852 1.14720540583116 1
0.192271965257267 -0.195240786902041 1.12195688803531 1
0.164081618668844 1.59820018218865E-05 1.11245350281171 1
0.192279622464706 0.195299478518753 1.12197588297212 1
0.267538328421654 0.376350782155124 1.14724531719535 1
0.367458935571341 0.544859949686263 1.18326990348938 1
0.46437195622835 0.714285630303218 1.2245777939437 1
0.565178092566135 0.885997497733635 1.27167096995424 1
0.671752948831453 1.06706376481029 1.32512617265156 1
0.720274157343338 1.21367189261483 1.35859410703211 1
0.745437015935186 1.29113420125389 1.37643796329629 1
0.745021179868751 -1.29041454310136 1.34060083783382 1
0.731838541731838 -1.22335449173626 1.3108232552602 1
0.70453218876584 -1.09074865267945 1.25498501541538 1
0.615629283468366 -0.916519107381708 1.16756526520483 1
0.523099073655854 -0.744335147086505 1.0902756846916 1
0.429607235791047 -0.569944522403769 1.02316672234812 1
0.332296132136366 -0.393404194996766 0.966890533645649 1
0.258026314416724 -0.203590263805725 0.928067488085226 1
0.229467372274453 2.55256686197221E-05 0.913305322555225 1
0.258033314635863 0.203659512950797 0.928085845578397 1
0.332303168401493 0.39344353154257 0.966934897347592 1
0.429650155765841 0.569991289979614 1.02323613969084 1
0.52308461908549 0.744330892234681 1.09035796303359 1
0.615717539033883 0.916645197213813 1.16763743338946 1
0.704535393724634 1.09074422147751 1.25513214316829 1
0.731833402821858 1.22333912713784 1.31096938863551 1
0.745024548085757 1.29041946269621 1.34073709878595 1
0.744610690378903 -1.28970355343311 1.30509113496709 1
0.742749937539841 -1.23298292003675 1.26321078758182 1
0.735904004712307 -1.1143170066635 1.18486012871331 1
0.669809548435938 -0.94701694668207 1.06567628667999 1
0.592694225725333 -0.774194728745783 0.961254719097982 1
0.510505422121299 -0.594933274230687 0.871606146855467 1
0.423013498932584 -0.410387567442498 0.798061026038135 1
0.355192039052795 -0.211895486688533 0.74791685131718 1
0.328583531061405 3.34314695516838E-05 0.728849192698923 1
0.355198742026322 0.211972279879951 0.747934716959118 1
0.423022274692954 0.410441436611508 0.798109325080887 1
0.510553751932204 0.594984094406488 0.871681036424404 1
0.592685407488556 0.774211068540748 0.961345938345278 1
0.669895162675407 0.947124850697615 1.06573578633214 1
0.735901042946868 1.11429503285304 1.18502782910588 1
0.74274011445532 1.23295343959161 1.26337042238891 1
0.744614339409473 1.2897086389119 1.30523177541759 1
0.744195298858582 -1.2889840731869 1.2691573782577 1
0.753312313169723 -1.24272629930243 1.21466386924134 1
0.766645667524734 -1.13816674713663 1.11313085983979 1
0.727818401251335 -0.977879193709126 0.964999047629348 1
0.672234218370661 -0.804411478588936 0.83764950119934 1
0.607861693605713 -0.620221438444502 0.730060672890613 1
0.536201230826454 -0.427575132797712 0.643540055909552 1
0.479344504168577 -0.220301554986497 0.585328120291948 1
0.456593170926835 3.9645093965672E-05 0.563341186321041 1
0.479351195848853 0.220382651992104 0.58534570918549 1
0.536210763260618 0.42764095035315 0.643591571246548 1
0.607911277658677 0.62027436219992 0.730137878763899 1
0.672229494401845 0.804447483860525 0.837748539690515 1
0.727902184649665 0.977968284417888 0.965046370180743 1
0.766635532618554 1.13812715085309 1.11331866656372 1
0.753298107579121 1.24268259622581 1.21483743967366 1
0.744199232056167 1.2889893265306 1.26930245050617 1
0.74378121599075 -1.28826685959652 1.23333682751865 1
0.763471900975334 -1.25243895745108 1.16595378229502 1
0.796515883054682 -1.1619412977501 1.04096491171022 1
0.788097188377574 -1.00864438137074 0.866737213291452 1
0.758549445590246 -0.834533518281938 0.720444156106127 1
0.716854099784356 -0.645430758932306 0.59917802401387 1
0.665519715426727 -0.444709688272502 0.503610524790915 1
0.623015505650051 -0.228682514904696 0.440283986734091 1
0.605561153277069 4.43647698584358E-05 0.416629099152589 1
0.623022409250888 0.228765153831572 0.440301490676234 1
0.66552922847613 0.444785140722746 0.50366458442414 1
0.716901680761342 0.645484131281235 0.599254755695163 1
0.758547562318019 0.834588157321745 0.720549927833239 1
0.788179795824796 1.00871437943019 0.866772952417705 1
0.796497878527023 1.16188424148622 1.04117214626267 1
0.763453602365532 1.25238112753827 1.16614148028932 1
0.743785432460107 1.28827228027629 1.23348631760312 1
0.743369045973541 -1.28755295916534 1.19768174936531 1
0.773332021703341 -1.26210672849783 1.11720867181426 1
0.825718730936944 -1.18560598103939 0.968587219890364 1
0.849773753335272 -1.03926757972532 0.770655343220223 1
0.849267583600819 -0.864516782244128 0.608724565358281 1
0.833505096404193 -0.670524258736914 0.477304604983426 1
0.805508729967183 -0.461765965383205 0.375930142238798 1
0.779629650988769 -0.237025815106593 0.309921045612666 1
0.768440119209886 4.79296072580497E-05 0.285627705450559 1
0.779636918057526 0.237107876773775 0.309938622054546 1
0.805517694970162 0.461849259260169 0.375986189951634 1
0.833548460115495 0.670576810865231 0.477378575149827 1
0.849267679991732 0.86458922373059 0.608836166110319 1
0.849855633892127 1.03931831311483 0.77068000924187 1
0.825692401702442 1.18553162765999 0.968813286482413 1
0.77330983738964 1.26203487619131 1.11741062611471 1
0.743373544406101 1.28755854640818 1.19783563687764 1
0.742955569150536 -1.28683679527689 1.16191362499103 1
0.783080324700101 -1.27180513749379 1.06809877543538 1
0.854714233562221 -1.20934566461963 0.895539336424234 1
0.91259557795883 -1.06998796476532 0.67566431755564 1
0.942993833716059 -0.894595379760242 0.500648161912574 1
0.95515036232354 -0.695697777885655 0.361839766013576 1
0.952325693622908 -0.478876954130449 0.257225557395283 1
0.944449624622799 -0.245396333583301 0.190472559580236 1
0.940106992810188 5.06845057244688E-05 0.166364846534923 1
0.944457342729304 0.245476285309304 0.190490335730904 1
0.952333809265204 0.478966846623565 0.25728315930211 1
0.955188235653335 0.695748589039393 0.361909114878462 1
0.942995435642532 0.894685139973572 0.500764904279257 1
0.912676980668987 1.07001918379474 0.675678244688502 1
0.854679274790459 1.20925401886941 0.895783885637569 1
0.783054349109545 1.27171924673582 1.06831518809295 1
0.742960350440277 1.28684254961089 1.16207192387349 1
0.742541664872081 -1.28611989101283 1.12610852326075 1
0.792720364574094 -1.28151356039744 1.01875142596137 1
0.883491636798233 -1.23310986451046 0.822024596944156 1
0.976267852496747 -1.10074019094739 0.581814222395242 1
1.03906708746267 -0.92470530815594 0.396009574796897 1
1.08074623654768 -0.720897721751574 0.252289260325261 1
1.10457472089453 -0.496006184753055 0.146727901524341 1
1.11581631785101 -0.253776172636157 0.0809592434063481 1
1.11879267257292 5.27265333492624E-05 0.0577708998045257 1
1.11582455893725 0.253852678089848 0.0809773322251883 1
1.10458173851877 0.496101577896937 0.146786668360051 1
1.08077757188737 0.720945989952398 0.252352339462421 1
1.0390697991397 0.924811934243436 0.396130837287547 1
0.976348984755932 1.10075171106695 0.581817727483424 1
0.883447809273599 1.2330009604422 0.82228728459694 1
0.792690682077368 1.28141364142665 1.01898245120091 1
0.742546729311423 1.28612581261073 1.12627123807385 1
0.742265648592503 -1.28564181610982 1.10223152685382 1
0.799087133578605 -1.2879877140144 0.985735712016322 1
0.902552612864582 -1.24895724837746 0.772774290189811 1
1.01913849390123 -1.12124767221168 0.519945743588211 1
1.10430936907931 -0.944784552989883 0.328282459711265 1
1.16649820182625 -0.737702786322484 0.182722811445498 1
1.20886054109489 -0.507429297920816 0.0778572501425574 1
1.23342322844088 -0.259364729656112 0.0137446463439267 1
1.2415231196755 5.36847711647703E-05 -0.00840649985008295 1
1.23343185560127 0.259438184758995 0.0137630088574927 1
1.208866697121 0.507527736371075 0.0779165678380639 1
1.16652463321389 0.737748907603426 0.182780759265675 1
1.10431261333993 0.944902160853113 0.328406374100892 1
1.01921955435341 1.1212459632408 0.519942488233812 1
0.902502750877707 1.24883686470125 0.773048863607623 1
0.799055025192928 1.2878784541417 0.985976562329048 1
0.742270901853038 1.28564784924935 1.1023971864752 1
0.742127572802821 -1.28540266148509 1.09028717654528 1
0.802260876027463 -1.29122637616847 0.969196864319684 1
0.912064289095446 -1.25688482141038 0.748089063754666 1
1.04065868009584 -1.13150644859104 0.489148334301352 1
1.13715950233745 -0.954829123889692 0.294837694784077 1
1.20975727344181 -0.746109483633609 0.148662638601151 1
1.26152885827491 -0.513143718030084 0.044426770256981 1
1.29285911054099 -0.262160454918822 -0.0186453178264541 1
1.30356604483421 5.40814754624536E-05 -0.0401876328316673 1
1.29286793759919 0.26223223003431 -0.0186268045680198 1
1.26153455983526 0.513243552301803 0.0444863155725355 1
1.20978115301907 0.746154438525754 0.148717817893042 1
1.13716297540687 0.954952170970492 0.294962858888279 1
1.04073972430637 1.13149810285087 0.489141737295019 1
0.912011386598097 1.25675870111334 0.748369538406571 1
0.802227562460546 1.29111244641368 0.96944264666106 1
0.74213292052023 1.28540875042278 1.09045430929255 1
1
