3
3 3
17 12
0 0 0 0 1 2 3 4 5 6 7 8 9 10 11 12 13 14 14 14 14 
0 0 0 0 1 2 3 4 5 6 7 8 9 9 9 9 
-1.49171157295599 -5.48350671752395E-08 1.41269494872654 1
-1.41039765401741 -0.0301449616978433 1.41842801224439 1
-1.26029532079298 -0.0862801115886805 1.42884409326108 1
-1.06222886593506 -0.144615876609097 1.44796267031166 1
-0.889336810641054 -0.199285134458965 1.46337132966018 1
-0.726654715699319 -0.252457633975041 1.4772786855895 1
-0.566442456739153 -0.303464407942657 1.49143880966531 1
-0.410068543890679 -0.366674377463679 1.50067503140495 1
-0.257386218586819 -0.445725364020228 1.50377397616371 1
-0.11243572305732 -0.53851551647447 1.50065706335235 1
0.0204685704649498 -0.64233908834313 1.49139790768154 1
0.144537136540604 -0.755385582067057 1.47724758941395 1
0.271933352698803 -0.869696903002258 1.46332123617222 1
0.405685172921109 -0.992043212972713 1.44790369130517 1
0.55530330734262 -1.13448013704192 1.42875262106023 1
0.679031404033784 -1.23645990773272 1.41831443630986 1
0.74585311479549 -1.29185549872189 1.41256799602813 1
-1.49143557510115 -1.11464840567907E-09 1.40075592811215 1
-1.41465937184898 -0.0312570513874013 1.40207241546375 1
-1.2713849287971 -0.0899579284083264 1.40421074133808 1
-1.07674359552744 -0.148758369606827 1.41091624773171 1
-0.903150887696434 -0.202255954345822 1.41579909478696 1
-0.737729618353249 -0.253745242931019 1.42089199161453 1
-0.573850486637628 -0.303379036987899 1.42800029486588 1
-0.413459667934329 -0.365775152036441 1.43254070162433 1
-0.257163867124237 -0.445340068572006 1.43390003659156 1
-0.10995710873884 -0.540951959336524 1.43262036428574 1
0.0242481655634649 -0.648680871555047 1.4280084691779 1
0.14897936569598 -0.765630550246373 1.42085871200375 1
0.276295877696863 -0.883164047612063 1.41572383688238 1
0.409390224499128 -1.0067134815419 1.41082373939015 1
0.557678749014335 -1.14593805754577 1.40410839978235 1
0.680203997999032 -1.24071107641114 1.4019559904895 1
0.745715083654458 -1.291616421431 1.40062750808483 1
-1.4908841300396 1.06219010593079E-07 1.37690170663073 1
-1.42314884059233 -0.0334349092447763 1.36939655467257 1
-1.29348552367787 -0.0972083762659483 1.35499917742763 1
-1.10591883809847 -0.157337734457761 1.33687877664977 1
-0.931252664028591 -0.209059688606359 1.32069636815002 1
-0.760705945914794 -0.257787652192411 1.30814107424968 1
-0.589819999173029 -0.305231780895286 1.30112589804669 1
-0.421645090593183 -0.366420435235555 1.2962584014639 1
-0.258233080189143 -0.447191498374024 1.29413100414429 1
-0.106414648080308 -0.548261720716633 1.2965331432243 1
0.0306314910976867 -0.663375258994589 1.30123211735163 1
0.157006222995621 -0.787570015252342 1.30810341936677 1
0.284510585103938 -0.910940279535766 1.32057078325162 1
0.416617777829402 -1.03632811359618 1.33671923241797 1
0.562481392502282 -1.16873318471264 1.35487511920543 1
0.682572330347168 -1.24916079549042 1.36927443938107 1
0.745439296760723 -1.29113874383649 1.37677035487307 1
-1.49005666940163 2.6727653770482E-07 1.34110769794033 1
-1.43578921359257 -0.0365325291022444 1.3203547858333 1
-1.3264299762507 -0.107710013064913 1.28113213290101 1
-1.15037204889201 -0.171380146222101 1.22585605603711 1
-0.975355799962806 -0.222621192624915 1.17820062688379 1
-0.79845995786591 -0.269529607360638 1.13930847556296 1
-0.61829439723645 -0.315825896685668 1.11123378668354 1
-0.439372677343531 -0.376819440111252 1.09235017672017 1
-0.265682405563924 -0.460092864467278 1.08503397913383 1
-0.106543724062216 -0.568660199134608 1.09291759186157 1
0.0356978761578507 -0.693239274992053 1.11148716363295 1
0.165772999433915 -0.826167869161764 1.13926430556913 1
0.294899713158971 -0.955974724618307 1.1779997147699 1
0.426786499905108 -1.08193738603595 1.22559609566277 1
0.569906107261546 -1.20256007858548 1.28097548673337 1
0.686224504618615 -1.26166940911866 1.32022412387806 1
0.74502546986309 -1.29042197360013 1.3409719470292 1
-1.48922942655931 4.28291672914817E-07 1.30532311057985 1
-1.4483103120551 -0.039428515417772 1.27130264641277 1
-1.3591085120137 -0.117763342714595 1.20723288354498 1
-1.19560921802254 -0.186796923820004 1.11502230263427 1
-1.02172938157289 -0.240131589666318 1.03620056137765 1
-0.840068075052943 -0.287960900222948 0.971296101611303 1
-0.652080655745595 -0.335630218813869 0.922459627221394 1
-0.46351552917537 -0.398334873702575 0.889784556419683 1
-0.280021117801396 -0.484926482533957 0.877375570900131 1
-0.113092162616752 -0.600171548382721 0.890644460574138 1
0.0354431567961337 -0.732309145314755 0.922860206545753 1
0.170672878337646 -0.871448940421543 0.971245528158655 1
0.303001976720236 -1.00495337419438 1.03592475866014 1
0.436154993173316 -1.1289159950128 1.11466233269681 1
0.577586128626034 -1.23593249928709 1.20704365492727 1
0.689991754260819 -1.27397375766638 1.27116342213675 1
0.744611751888707 -1.28970539202465 1.30518296167315 1
-1.48840010948997 5.89710537146062E-07 1.2694487970181 1
-1.46070381312789 -0.0420563880550372 1.22206065061707 1
-1.39151623840881 -0.127230922353043 1.13299999422799 1
-1.24205086056475 -0.204142046019576 1.00436947553224 1
-1.07134850287511 -0.263105767249944 0.895160431675634 1
-0.887079081886955 -0.315615502824231 0.805090721607851 1
-0.693245786447766 -0.368117658994109 0.73627963524807 1
-0.496522236239138 -0.435151582095219 0.690413189357316 1
-0.303845531373838 -0.526189308770095 0.67317049681582 1
-0.128459607127784 -0.647007966478815 0.691566007620431 1
0.0278930721029157 -0.784111427413049 0.736828025772827 1
0.17028573078569 -0.926021944992884 0.805034044409879 1
0.30799244660237 -1.05947963806604 0.894810747693104 1
0.444453334768263 -1.17790658360026 1.00391033715816 1
0.585638175372727 -1.26877760375921 1.13277809261036 1
0.693927564964299 -1.2860333712195 1.22191279111852 1
0.744196996558719 -1.28898701369399 1.2693042390883 1
-1.48757685074846 7.49950204141738E-07 1.2338365525248 1
-1.47279966326997 -0.0443063420677498 1.17308404472824 1
-1.42322770895943 -0.135833466143436 1.0591001007822 1
-1.28957450206505 -0.223822089983828 0.895172323233105 1
-1.12468151966999 -0.29297239578912 0.75700726640589 1
-0.940648901312627 -0.355022764434912 0.643243220436186 1
-0.743612021897273 -0.416824940099404 0.555787456802459 1
-0.540755576892672 -0.491561497620261 0.497721410195304 1
-0.33980573583212 -0.58847134358619 0.476063857734562 1
-0.155181588630434 -0.713362741731521 0.499164567823724 1
0.0108955754129013 -0.851993737792305 0.556482916956966 1
0.162998195861067 -0.992152658345676 0.643180929580214 1
0.308866378784017 -1.12067428112073 0.756585929811712 1
0.451266408605342 -1.22900677546555 0.89461628134324 1
0.594090938613717 -1.30058684737275 1.05884575235787 1
0.698041897011691 -1.29764588944912 1.17292754052634 1
0.743785271099751 -1.28827388326137 1.2336876177807 1
-1.48675243513818 9.10415044895942E-07 1.1981742645991 1
-1.48466199978042 -0.0461255614905848 1.12381408285855 1
-1.4544279479089 -0.143485439500601 0.984598204404509 1
-1.33888399143078 -0.246507287571713 0.787362518847372 1
-1.18301998913555 -0.331420850772099 0.623079166774855 1
-1.00264248203182 -0.408945344605697 0.488651012971589 1
-0.805541802711774 -0.485506650558841 0.385342588325462 1
-0.598921701706469 -0.572075219823953 0.317191065568158 1
-0.390705620798256 -0.676629561932246 0.292025348284357 1
-0.195810591737687 -0.803833297891549 0.318923935287304 1
-0.0176194740339523 -0.939878978560547 0.386186129813503 1
0.147350753877195 -1.07283829201253 0.488584160951983 1
0.304806546427741 -1.19050254220725 0.622590096915889 1
0.456365899314488 -1.28316335914752 0.786713103937139 1
0.603111406652617 -1.33147807388095 0.984311333850204 1
0.702412714441035 -1.30884049589235 1.1236487490901 1
0.743372967071375 -1.28755975071571 1.19802094689027 1
-1.48591757221265 1.0729133585225E-06 1.16206005029052 1
-1.4963538983192 -0.0474122403232549 1.07342585723535 1
-1.4853119132691 -0.150001718450379 0.908056415185802 1
-1.39101949502717 -0.273292580808862 0.681575734903819 1
-1.24841091979807 -0.381291634240254 0.497174629652243 1
-1.0761113243748 -0.482066883488153 0.348559221294813 1
-0.882972076976126 -0.580547887602263 0.235396367368448 1
-0.675585306617701 -0.684372123383107 0.161719629794033 1
-0.461315052164935 -0.798926758257461 0.1350093598997 1
-0.254713358754122 -0.926210650559789 0.163743605707697 1
-0.0612127225162844 -1.0543690925412 0.236391637543336 1
0.120813851726161 -1.173064660078 0.348490082794382 1
0.294376349942939 -1.27216073626159 0.496625810904366 1
0.459323629431865 -1.34182792910711 0.68083982914184 1
0.612957883191747 -1.36152802927574 0.907736544976836 1
0.707159929419728 -1.3196209429206 1.07325120209317 1
0.742955438165993 -1.28683656840469 1.16190229407432 1
-1.48509407733336 1.23319898754248E-06 1.12643759103031 1
-1.5075584358718 -0.0481129790464128 1.02303763821046 1
-1.51504728181031 -0.155168149333769 0.831034633329649 1
-1.44469697333185 -0.303613778630342 0.581937681790925 1
-1.31937014963103 -0.441670865534821 0.386488422670347 1
-1.15951584024757 -0.573135798395891 0.233240273110377 1
-0.974402932324929 -0.70037253968443 0.118968908175731 1
-0.769374799565769 -0.826612931232864 0.0463547891693402 1
-0.550467019457492 -0.953342756036378 0.0209105794584504 1
-0.330982344078861 -1.07839202459598 0.0486627438725378 1
-0.119268475993968 -1.19337983078524 0.120116300982161 1
0.0837006699211047 -1.29087201130563 0.233172119516688 1
0.27762359723051 -1.36390471671878 0.38589295279311 1
0.459983840033081 -1.40360359674124 0.581127667272312 1
0.623398387338602 -1.38990761122863 0.830682121970086 1
0.712170911957958 -1.32968573916591 1.02285326084737 1
0.742543594610576 -1.28612323342273 1.12627545674441 1
-1.48454198552681 1.34065852944826E-06 1.10255539287528 1
-1.5149528704966 -0.0483794403560185 0.988742989274865 1
-1.53472222179162 -0.158180735898006 0.778258872157594 1
-1.48148913988794 -0.325337186746704 0.51865890339683 1
-1.36925308262031 -0.486152561805872 0.32238054795037 1
-1.21934381757434 -0.640966894415538 0.173027393491181 1
-1.04108514957318 -0.790034323587059 0.0644531685535284 1
-0.838752394301729 -0.93323310192753 -0.00257807567162721 1
-0.617212703406737 -1.0689521831747 -0.0250872890491752 1
-0.388613205957185 -1.19167566490332 -8.21002432580542E-05 1
-0.163575601173348 -1.29590518140015 0.0657043879282083 1
0.0549070201097085 -1.37663019193989 0.17296232343814 1
0.264079956848572 -1.42941777500374 0.321762988739717 1
0.459619118503392 -1.4464181978635 0.517807583724079 1
0.630658384643554 -1.4084828547841 0.777884409408842 1
0.715647862638596 -1.3362299451993 0.988551699191903 1
0.742267484268852 -1.28564499559906 1.10239032342065 1
-1.48426222789963 1.39511075298064E-06 1.09045373331747 1
-1.51869004501453 -0.0484975510046741 0.971212978633005 1
-1.54467032236577 -0.159669762507858 0.75117867409337 1
-1.50019952367345 -0.336460987920126 0.487637990775203 1
-1.39472192312722 -0.509025308518966 0.292889657302911 1
-1.24998514813603 -0.675902059196007 0.147585748578129 1
-1.07532213005938 -0.836243863986507 0.0438077597205259 1
-0.874447786133813 -0.98819637096406 -0.0189505623512991 1
-0.651614110037287 -1.128539273468 -0.0393540491588472 1
-0.418356212866743 -1.25001538940657 -0.0163600138960356 1
-0.186474642426265 -1.34863304779774 0.0451121358263395 1
0.0399914516174704 -1.42064950303074 0.147522959443974 1
0.257024897746019 -1.46294789976018 0.29226362852461 1
0.459367200335695 -1.46822966820605 0.486768225026399 1
0.634358838108729 -1.41785783569458 0.750793067929437 1
0.717419476811459 -1.33952912060046 0.971018068699696 1
0.742127572802821 -1.28540266148509 1.09028717654528 1
1
