3
3 3
17 12
0 0 0 0 1 2 3 4 5 6 7 8 9 10 11 12 13 14 14 14 14 
0 0 0 0 1 2 3 4 5 6 7 8 9 9 9 9 
0.74585311479549 -1.29185549872189 1.41256799602813 1
0.719174569898796 -1.2036258512066 1.41845418997621 1
0.669916591292026 -1.04218428673162 1.42932210219367 1
0.585569603839471 -0.845005257669374 1.44792786407293 1
0.515679721859691 -0.670985854178069 1.46334511832025 1
0.453582866276545 -0.505208461031664 1.47704383451826 1
0.390751154721439 -0.343471282724539 1.49090436436515 1
0.346706385459815 -0.175567671791707 1.5006232396611 1
0.332339846741712 -8.91261457068138E-06 1.50379933016965 1
0.346714248765707 0.1755751376271 1.50063890231938 1
0.390731285613999 0.343421211911467 1.49094277487075 1
0.453558998954006 0.505134756835904 1.4770991508749 1
0.515651385891135 0.670910977874062 1.46341784567654 1
0.58558278851755 0.845031409677063 1.44800868487543 1
0.669940084599208 1.04224681456298 1.4294201893015 1
0.719178076289562 1.20363523135266 1.41857267721388 1
0.745855913890468 1.29186008212142 1.41269538109489 1
0.745714420312038 -1.29161527248659 1.40057012514854 1
0.722931974104043 -1.20688843758456 1.4019319558631 1
0.680338676749638 -1.05015519571373 1.40434910068066 1
0.598220640884155 -0.855495628653712 1.41022749797739 1
0.526549399487109 -0.681267465521016 1.41479907268246 1
0.461020148347326 -0.513888553157084 1.41935069661098 1
0.394729579422401 -0.349556764450972 1.42591400449344 1
0.347715086376225 -0.178675374046575 1.43075089592715 1
0.331837159596931 -5.12083601503677E-06 1.43207519914082 1
0.347722331356342 0.178688393212697 1.43076643067453 1
0.394712199678834 0.349515618014673 1.4259536534025 1
0.461003408392221 0.513823485519909 1.41940964914811 1
0.526523146382666 0.681201299418578 1.41487399497914 1
0.598235065703782 0.855523267020164 1.41030851721762 1
0.680360507480946 1.05021019005329 1.40445367316817 1
0.722933549676119 1.20689315446102 1.40205529859081 1
0.745717314287136 1.29161991193429 1.40069898994202 1
0.745438605069943 -1.2911375457912 1.37671051964057 1
0.73028226746364 -1.2133765876179 1.36908998032608 1
0.700809646140754 -1.0660065636091 1.35471787668992 1
0.62422167486761 -0.876357361165225 1.33515071520777 1
0.550519118717752 -0.701714086304993 1.31796776370391 1
0.479762721979332 -0.5311503485355 1.30413197871493 1
0.408054115167171 -0.361658816817335 1.29600366776279 1
0.356226023043258 -0.184855683499593 1.29099739590065 1
0.3378057246744 2.24068506324407E-06 1.28858204751561 1
0.356232159890402 0.184879412090135 1.29101266130436 1
0.408041402696157 0.361635139771788 1.29604581432789 1
0.479759012220333 0.531102252976614 1.30419830329275 1
0.550496842186843 0.701665120846271 1.31804707137381 1
0.624238495710464 0.876387912098216 1.33523213772142 1
0.700828006187254 1.0660465895485 1.35483536660848 1
0.730280083340645 1.21337203712799 1.3692229690772 1
0.745441687728706 1.2911422966993 1.37684232709747 1
0.745025624736174 -1.29042224184857 1.34098534444215 1
0.740874878807335 -1.2230913309429 1.31988120531714 1
0.730597008880279 -1.08974091059864 1.28033306082028 1
0.666008391286232 -0.907593899880573 1.22297424904959 1
0.594385590752037 -0.7323292585633 1.17364244499735 1
0.521220360482688 -0.556997050869524 1.13272399246924 1
0.446348517708856 -0.379779972745412 1.10300792107258 1
0.391014166586139 -0.194110299825785 1.08357009998526 1
0.370357075532244 1.24165474261641E-05 1.07568543255634 1
0.391019055975851 0.194148483070626 1.08358499621879 1
0.446341833817705 0.379781137534689 1.10305372786731 1
0.521232285180451 0.556973407488121 1.13280103409865 1
0.594368707443617 0.732305475861802 1.1737282724397 1
0.666028561853042 0.907628607111155 1.22305625567749 1
0.73060961511729 1.08975858620339 1.28046984594408 1
0.740867336489196 1.22307293395831 1.32002865961008 1
0.745028989912472 1.29042715964719 1.34112155797214 1
0.744611321676566 -1.2897046468743 1.30514574584745 1
0.751034110952619 -1.23283716895592 1.2704010214359 1
0.759502286259059 -1.11355123303208 1.20547195927261 1
0.711159220143053 -0.938930626828915 1.11122513714421 1
0.6474169262541 -0.763042882509554 1.03105249804468 1
0.577964751802066 -0.582927200363827 0.964457326956182 1
0.505519006522836 -0.397960076944329 0.914447943130451 1
0.450854607929345 -0.203395649264344 0.88155208305914 1
0.429729736339138 2.1455555346669E-05 0.868613116428094 1
0.4508587117218 0.203446150038551 0.88156672238601 1
0.505517284662551 0.397984346361831 0.914497157448202 1
0.577987976076539 0.582926761044089 0.964544052130996 1
0.64740481881438 0.763043573229718 1.03114471159593 1
0.711182482051997 0.938969220892793 1.11130766422298 1
0.759508489936882 1.1135465723169 1.20562794790505 1
0.751021500137222 1.23280492202399 1.27056306232896 1
0.744614970275269 1.28970973209798 1.30528637956266 1
0.74419681183584 -1.28898669374412 1.26928825949631 1
0.760677145599082 -1.2425878450433 1.22070197232443 1
0.787331624409253 -1.13737338467857 1.13016733896321 1
0.759935873434241 -0.970283174757251 1.0007624553933 1
0.710541179520299 -0.793772340440729 0.892141078782591 1
0.651641332374264 -0.608871139143512 0.80240327314608 1
0.587868956446696 -0.416150415451123 0.734417070562128 1
0.538545829625535 -0.212687027743148 0.689796369811439 1
0.518934223629758 2.90050855892193E-05 0.672538596729121 1
0.538549667078772 0.212747062834001 0.689810945670148 1
0.587870987847032 0.416195480069363 0.734469242921057 1
0.651670970558786 0.608892220924295 0.802497864715623 1
0.71053314242194 0.793796507567162 0.892239417937275 1
0.759961928042205 0.970325296342376 1.00084539136509 1
0.787330719225323 1.137346485851 1.13034227878551 1
0.760659806050722 1.24254179349679 1.22087873460046 1
0.744200743998406 1.28899194647641 1.26943331560287 1
0.743782814985357 -1.28826962914037 1.23347514975291 1
0.769837674765311 -1.25232642651324 1.17081290546128 1
0.814142200401648 -1.16116599723373 1.05442978636371 1
0.811905008336875 -1.00159711036046 0.892175154678518 1
0.782674735072674 -0.824464296265164 0.758258879380836 1
0.740486592062366 -0.634783857021152 0.648706299896667 1
0.69101544360832 -0.4343194564808 0.565779401921581 1
0.65124368040703 -0.221968367010118 0.511702234180165 1
0.634932054873692 3.49816856326553E-05 0.491087014879041 1
0.651247720961541 0.222035005314443 0.511716997393024 1
0.691020130178883 0.434382861482273 0.565833944204966 1
0.74051822062325 0.634824659785116 0.64880638795195 1
0.782670124216096 0.824510854498359 0.75836299497382 1
0.811933581196624 1.0016423770202 0.892258354190274 1
0.814133560428347 1.16111700226536 1.05462331465606 1
0.769815921339954 1.25226664211572 1.17100453606649 1
0.743787030360851 1.28827504917398 1.23362462277776 1
0.743368920639325 -1.2875527420798 1.19767090723434 1
0.778575315787559 -1.26206256815726 1.12062749299906 1
0.840066303318628 -1.18495265902146 0.978065265002579 1
0.866768831196784 -1.03290349028666 0.785748629018626 1
0.862913219535516 -0.855149204782137 0.630371239377047 1
0.842949871757541 -0.660691085806465 0.505057951405139 1
0.812816462455415 -0.452485268196419 0.410893011321463 1
0.786362794955839 -0.231248933638666 0.350127902665016 1
0.77494906096039 3.9322779189193E-05 0.327329393860751 1
0.78636745787585 0.231319122703098 0.350143160925497 1
0.812822826163171 0.452564470528133 0.410949205635034 1
0.842979543323861 0.660749751292058 0.50516063792489 1
0.862911462846986 0.855217044748694 0.630480710749046 1
0.86679967945961 1.03295150612873 0.785831914233173 1
0.84004936312209 1.1848816929893 0.978276960778422 1
0.778549425780916 1.26198911145148 1.12083419096062 1
0.743373419157625 1.28755832937329 1.19782479608386 1
0.742954803924015 -1.28683546986379 1.16184742849381 1
0.78694553824897 -1.27180391073642 1.07004812735506 1
0.865225964389013 -1.20875203788181 0.900892061000185 1
0.924234378260079 -1.06422689668899 0.681801763479321 1
0.950380859408521 -0.885851176781026 0.509502015000147 1
0.957535214098289 -0.686613203588358 0.373233327193133 1
0.951208753124613 -0.470662168186964 0.272221747743542 1
0.941414770867636 -0.240536082898238 0.208053638066277 1
0.93631591823053 4.19559615269942E-05 0.184465555350288 1
0.941420427445519 0.240606631511 0.208069757491812 1
0.951215930208671 0.47075451941901 0.272278742215689 1
0.957559435905449 0.686687801565648 0.373335169926486 1
0.950381453071365 0.885939154598835 0.509616346635057 1
0.924267288857353 1.06427724964731 0.681884923101478 1
0.865200217589126 1.2086592141666 0.901121439008822 1
0.786915753788992 1.27171683418462 1.07027014175477 1
0.742959585737244 1.28684122450702 1.16200573554045 1
0.742541798844677 -1.28612012306051 1.12612011266116 1
0.79500954796333 -1.28151907810518 1.01926007386681 1
0.889724564315304 -1.23248747640094 0.823205488989181 1
0.983507061688635 -1.09546639966974 0.580515029230767 1
1.04309321958138 -0.916471235829618 0.395609288842188 1
1.08101432497708 -0.712466580227645 0.252932865416075 1
1.10183085170322 -0.488791429437646 0.149220504754425 1
1.11119441178659 -0.249799689602694 0.0847451772282086 1
1.11347196770954 4.30958244205304E-05 0.0616788957495968 1
1.11120134221844 0.249867821885528 0.0847624988987763 1
1.10183818065691 0.488894585335879 0.149277496829389 1
1.08103044914802 0.71255538216256 0.253030634388402 1
1.04309577194613 0.916578293438594 0.395727999896427 1
0.983541865682753 1.09551872408976 0.580597865230794 1
0.8896896518268 1.23237296246575 0.823452037142861 1
0.794976065826505 1.28141847024261 1.01949758978231 1
0.742546863192369 1.28612604460427 1.12628282604491 1
0.742266101391138 -1.28564260038118 1.10227069654109 1
0.800261327747456 -1.28800432714783 0.985141575527353 1
0.905803777115231 -1.24833180255435 0.770895947227436 1
1.02398136556245 -1.11632012297831 0.514391282354582 1
1.10751745605468 -0.936911638867577 0.323741708369607 1
1.16769845756034 -0.729725225611207 0.179613713849831 1
1.20820695269584 -0.500894095268645 0.0766799196569123 1
1.23153522725713 -0.255984308019578 0.0139299919792665 1
1.23923577420109 4.30110729190036E-05 -0.00796911948945654 1
1.23154313890026 0.256049248419215 0.0139483309637849 1
1.20821407800225 0.501003149962095 0.0767364095331926 1
1.16770794446447 0.72982255008082 0.179706741886138 1
1.1075211376594 0.937030861738935 0.323863050288014 1
1.02401735787952 1.11637355894546 0.514473778259414 1
0.905762569099679 1.24820287142705 0.771153666553107 1
0.800225463462402 1.28789471616556 0.985389580793647 1
0.742271354341915 1.28564863333773 1.10243635133157 1
0.742127572802821 -1.28540266148509 1.09028717654528 1
0.802881485687135 -1.2912629409862 0.967947145520327 1
0.913843954736205 -1.25629303075249 0.744505407498691 1
1.04444747080585 -1.12679843077977 0.481519205228495 1
1.14024923246339 -0.947182305860686 0.288616461290197 1
1.21186013303606 -0.738397208454566 0.14442866223555 1
1.26248703621669 -0.506975411113623 0.0424977225267344 1
1.29299951657923 -0.259092034301569 -0.0189278399071819 1
1.30349594268131 4.27906745699125E-05 -0.0400464695179739 1
1.29300793987233 0.259155038900665 -0.0189089388698006 1
1.26249401578518 0.507087153511894 0.042553841452795 1
1.21186610963098 0.738498613524511 0.144518829127122 1
1.14025345610065 0.947307521244481 0.288739055805475 1
1.04448404945585 1.12685238226554 0.481601500851071 1
0.913799558232606 1.25615686849222 0.74476867110572 1
0.802844436721765 1.29114881246086 0.968200454847901 1
0.74213292052023 1.28540875042278 1.09045430929255 1
1
