3
3 3
17 12
0 0 0 0 1 2 3 4 5 6 7 8 9 10 11 12 13 14 14 14 14 
0 0 0 0 1 2 3 4 5 6 7 8 9 9 9 9 
0.74585311479549 -1.29185549872189 1.41256799602813 1
0.707128934662742 -1.20261116306734 1.40664908611399 1
0.635107760300794 -1.03998723312588 1.39564063533403 1
0.518403542739876 -0.852869021550846 1.37779861844443 1
0.421421122881727 -0.683411947273452 1.36297240259914 1
0.333402346122057 -0.520335607745224 1.34951696238212 1
0.242329688528554 -0.360957293856396 1.33559421532826 1
0.173545928344281 -0.188697843604151 1.32508143660926 1
0.148612220275 4.29573492046476E-06 1.32127682025929 1
0.173554644474914 0.188741810510938 1.32510131621968 1
0.24232769800349 0.360957930838399 1.33562938384994 1
0.333415708286648 0.520368022920618 1.34957014368354 1
0.421387379462573 0.683361150942015 1.36303440076295 1
0.518501053385584 0.853031383976386 1.3778973571952 1
0.635118920048979 1.04001778365364 1.39574454825809 1
0.707135096795604 1.20262511143525 1.40676821559633 1
0.745855913890468 1.29186008212142 1.41269538109489 1
0.745713420984185 -1.2916135415975 1.40048367753904 1
0.711504341009533 -1.2059379059833 1.39052780433327 1
0.647131230048443 -1.04807528678727 1.37189918543619 1
0.532887043564531 -0.863247899293385 1.34210498353386 1
0.433816470015987 -0.693566653720366 1.31648970539379 1
0.341794080739175 -0.528849936811798 1.29365456822118 1
0.246787849048068 -0.366772873171582 1.27222292181299 1
0.17468651692412 -0.191552467830014 1.25656445637452 1
0.148047988080961 8.28080869907183E-06 1.25071820008539 1
0.174694773053207 0.191601435339607 1.25658408651044 1
0.246787813786791 0.366780470782332 1.27225975734368 1
0.341814290231505 0.528885005045616 1.29371054978391 1
0.433786679471661 0.693523785202872 1.31655519629833 1
0.532982619157968 0.863404398781359 1.34219919303156 1
0.647141523348915 1.04809990109246 1.37201029303841 1
0.711508417632329 1.20594691342111 1.39065150001033 1
0.745716315642918 1.29161818144905 1.40061255299431 1
0.745436341695697 -1.29113362550641 1.3765147247446 1
0.71994768176714 -1.21253641457559 1.3585713606204 1
0.670506616027668 -1.06411773442965 1.32484826325018 1
0.563171738247018 -0.883834187062249 1.27117690957776 1
0.462776779937507 -0.713708367132283 1.22392544240444 1
0.36584255986651 -0.545738070236834 1.1822317891706 1
0.265846175895228 -0.378308165734329 1.1456705321516 1
0.189309591762057 -0.197214826455053 1.11962577761255 1
0.160213488248674 1.58834571572899E-05 1.10965247486617 1
0.189317076777103 0.197273151195364 1.11964490106958 1
0.265849514552132 0.378329105668879 1.14571071645863 1
0.365874415433459 0.545778064567287 1.18229348734206 1
0.462754056639749 0.713681024601999 1.22399792593593 1
0.563263872749054 0.883978986837377 1.27126210210535 1
0.670514738349248 1.06413059586629 1.32497367927281 1
0.719947794559009 1.21253563247427 1.35870409874435 1
0.745439425902821 1.29113837732917 1.37664655634935 1
0.745024060095984 -1.29041953180839 1.34084999406257 1
0.731859166328615 -1.22235467864558 1.31093321003 1
0.703977470915734 -1.08798813570474 1.2546608613872 1
0.612549633808213 -0.914465808038072 1.16622431883701 1
0.517993132511553 -0.743678743154037 1.0878381084927 1
0.42214651537177 -0.570867546134807 1.01922237891011 1
0.322519065024068 -0.395473114945216 0.961205839199099 1
0.245328554109824 -0.205641311746097 0.920512985566287 1
0.215136467079056 2.59613155812119E-05 0.904746072664989 1
0.245335283351566 0.205711262244408 0.920531408211466 1
0.322526026143441 0.395512009021523 0.961250816792144 1
0.422190335303141 0.570913494408211 1.01929185569818 1
0.517978781911755 0.74367368963679 1.08792070613556 1
0.612637748596424 0.914592909738068 1.16629624374453 1
0.703981108990829 1.0879835973288 1.25480739766308 1
0.73185385986949 1.2223393738405 1.31107946783135 1
0.745027426342643 1.2904244502393 1.34098622428566 1
0.744610887007049 -1.28970389400354 1.30510814443314 1
0.743180394740744 -1.232194145031 1.26295910772622 1
0.736282044444211 -1.11191009634356 1.1838532991243 1
0.666112790638707 -0.945163850226523 1.06258704737522 1
0.584787362841926 -0.773714446243311 0.95578947893416 1
0.497965537465882 -0.59605224239549 0.863193979345545 1
0.406073610775722 -0.41267639761643 0.786461102726755 1
0.333846596323904 -0.214087490624985 0.733213212459312 1
0.304976225007696 3.44781480053782E-05 0.712555299288074 1
0.333852938250005 0.214166146525707 0.733231072725741 1
0.406082881218042 0.412730850395144 0.786510384451044 1
0.498016277923522 0.596102393473367 0.863269334483879 1
0.584779377750967 0.773730687629706 0.955881446703305 1
0.666197917028979 0.945272844507763 1.06264606924768 1
0.7362800035498 1.11188823326749 1.18402055321025 1
0.743170109758409 1.2321643421384 1.2631190855293 1
0.744614535903107 1.28970897940287 1.30524878278583 1
0.744194319972988 -1.28898237770489 1.26907269902117 1
0.754001946246993 -1.2421144012239 1.21420499750613 1
0.767660252345025 -1.13602848990402 1.11168808055435 1
0.724039898456768 -0.976114287942174 0.960653639534593 1
0.663154608842361 -0.803997522723815 0.829834900314646 1
0.593065911469552 -0.621444914228607 0.718033831407025 1
0.516059769247897 -0.430022511536597 0.6270455474058 1
0.454242974953911 -0.222604885568937 0.564659693007245 1
0.429033554380712 4.10914286437253E-05 0.540586777519353 1
0.454249282452753 0.222688645836739 0.564677218138075 1
0.516070097058993 0.430089615699753 0.62709834102713 1
0.593118751672116 0.621497103201799 0.718111937007561 1
0.663151092988978 0.804033934354686 0.829935046332179 1
0.72412301250561 0.976204563395533 0.96070030394739 1
0.767651345703569 1.13598930038071 1.1118754802139 1
0.753987077149966 1.24207005099818 1.21437909146931 1
0.744198253840223 1.28898763144417 1.26921778171334 1
0.743780602876642 -1.28826579765021 1.23328378962039 1
0.764291488608314 -1.25196675811241 1.16542516384195 1
0.79790290957524 -1.15998181746663 1.03929416393802 1
0.784602845400812 -1.00685317732231 0.861796285069878 1
0.74950449585778 -0.83407397609327 0.711424911423861 1
0.701933588639172 -0.646664807096066 0.585177463315562 1
0.645187476190437 -0.447251255697919 0.484327214423468 1
0.597886996018829 -0.231065586010467 0.416142959593527 1
0.578112676258086 4.59644427168783E-05 0.390089850325782 1
0.597893544470157 0.231151261426662 0.416160367728436 1
0.645197872061508 0.447328317866891 0.484382725491042 1
0.701984745154384 0.646717130960501 0.585255343779901 1
0.749503912964493 0.834129303780635 0.711531998536479 1
0.784684734067751 1.0069244646328 0.861831283124994 1
0.797886303152576 1.1599255407631 1.03950088020834 1
0.764272403128988 1.25190802006922 1.16561354126755 1
0.743784819765427 1.28827121857776 1.23343328624616 1
0.743369256336019 -1.28755332352436 1.19769994693004 1
0.774201561502484 -1.26176263725587 1.11659692853902 1
0.827327806510268 -1.18379784515957 0.966655717235861 1
0.846940811604141 -1.03741610007443 0.765676362479536 1
0.841321455959477 -0.863978555272188 0.599792775572561 1
0.820267810642216 -0.671740972415715 0.46340545652988 1
0.787498062393196 -0.464382356935757 0.356670578943847 1
0.757554200827801 -0.239479109435261 0.285712067900892 1
0.744443001461646 4.94103117723205E-05 0.25897831951001 1
0.757561181409823 0.2395640851863 0.28572955671102 1
0.787507838632179 0.464467168145496 0.356728088730293 1
0.82031465534742 0.671791870997349 0.463480414530233 1
0.841322735460283 0.864051769222732 0.599905685940041 1
0.847022023026649 1.03746818000933 0.765700314622551 1
0.827302927855909 1.18372467884362 0.966881008642417 1
0.774178519207975 1.26168964335728 1.11679974842234 1
0.743373754624671 1.28755891068219 1.19785383219802 1
0.742955764842212 -1.2868371342253 1.161930553447 1
0.783968835541619 -1.27160957638488 1.06720804758767 1
0.856515096003852 -1.20773801992071 0.893023140667884 1
0.9108914123572 -1.06813852665199 0.671081401465217 1
0.937234624008203 -0.894039448663781 0.493271060723827 1
0.945341534237118 -0.696948535930864 0.350632988756162 1
0.938998547522303 -0.481603669920627 0.241642090364181 1
0.928275671468737 -0.247937572318451 0.170686270385171 1
0.922626350555079 5.17269524574082E-05 0.144470613353475 1
0.928283203272432 0.248019709916564 0.170704024151217 1
0.939007283868436 0.481694506270422 0.241700953038452 1
0.945382444146365 0.696996723273953 0.350702490444348 1
0.937237136231282 0.894129886701158 0.49338881855439 1
0.910972271333255 1.06817103010718 0.671094766768883 1
0.856481527870786 1.20764795763138 0.893266515354132 1
0.783941958635996 1.27152229289583 1.06742561001161 1
0.742960545998081 1.28684288848022 1.16208885024164 1
0.742541830275902 -1.28612017750106 1.12612283164293 1
0.793593529681569 -1.28146704965495 1.01749980927665 1
0.885425921552413 -1.23170381285314 0.818775925437723 1
0.975923823374916 -1.09889398769463 0.578149089433578 1
1.03609738120772 -0.924132874249015 0.391591177743603 1
1.07536747251024 -0.722183653223876 0.246127597125502 1
1.0973095665628 -0.498844185289855 0.138064081864251 1
1.1072242499238 -0.256406005132931 0.0695411915780047 1
1.10964605974439 5.30719772168781E-05 0.0448908991269446 1
1.10723242548769 0.256483488819595 0.0695593706544614 1
1.09731693371141 0.498939555141273 0.138123727534581 1
1.07540118171502 0.722228040813692 0.246189443925723 1
1.03610062429779 0.92423991337337 0.391712912260039 1
0.976004587912689 1.09890666532629 0.578152306373476 1
0.885383360214355 1.23159690586615 0.819036890237918 1
0.793562926464312 1.28136549573892 1.01773232572845 1
0.742546894602091 1.28612609903212 1.12628554469134 1
0.742265773529677 -1.28564203250766 1.10224233463822 1
0.799939063093575 -1.28804107935179 0.984199409101392 1
0.904559500579961 -1.24768680046409 0.768959126087748 1
1.01977959221622 -1.11940514763974 0.517161632168714 1
1.10339262799424 -0.944202628571156 0.326561193410685 1
1.16438942882786 -0.739013477620671 0.181139237982594 1
1.20607112386243 -0.510342448241903 0.0754820643908289 1
1.2304174389578 -0.262054171217543 0.00994554901009086 1
1.23850978121829 5.34414728641747E-05 -0.0130733763977589 1
1.2304260878667 0.262127569508306 0.00996410156047571 1
1.20607742077594 0.510440030248121 0.0755419116154404 1
1.16441773287075 0.739054743218788 0.181194749123297 1
1.10339611763572 0.944320391737701 0.326685088426031 1
1.01986041746155 1.11940447957856 0.51715833350787 1
0.904510800654725 1.24756869716654 0.76923153426024 1
0.799906028574942 1.28793002702733 0.984442008350997 1
0.742271026704742 1.28564806559671 1.10240799292665 1
0.742127572802821 -1.28540266148509 1.09028717654528 1
0.803104579551775 -1.29133219683557 0.967497898554674 1
0.914115691236986 -1.25568826948483 0.743958255922406 1
1.0418090900959 -1.12967354553999 0.486831890536733 1
1.13729082210029 -0.954250069704095 0.294573297391672 1
1.20930896432247 -0.747438954225978 0.149565302772078 1
1.26100684866895 -0.516098836999083 0.0454777319605517 1
1.29268025818969 -0.264881875551307 -0.0182853527272324 1
1.30365545462546 5.35244519869513E-05 -0.0403676765885139 1
1.29268915080265 0.264953038780901 -0.018266594870938 1
1.26101258575374 0.516197369595957 0.0455376146421055 1
1.20933447013612 0.747478543203145 0.149617390954598 1
1.13729439830909 0.954373134419302 0.294698173664555 1
1.04188996466207 1.12966617238747 0.486825381533529 1
0.914063896616949 1.2555645683066 0.744236334214865 1
0.803070336099448 1.29121639298661 0.9677455679142 1
0.74213292052023 1.28540875042278 1.09045430929255 1
1
