          80  8.000000000000007E-003  8.000000000000007E-003
  0.000000000000000E+000  0.000000000000000E+000  0.000000000000000E+000
  0.000000000000000E+000  0.000000000000000E+000  0.000000000000000E+000
  1.853527132339969E-002  2.500853124322954E-002 -4.183402507038398E-002
  1.759706260894416E-002  2.661511895420670E-002 -6.122196172049275E-002
  1.865768486930107E-002  1.795551884985217E-002 -8.598769296646122E-002
  1.648342575627501E-002  2.066116618387866E-002 -9.833421542470340E-002
  1.620274308600937E-002  2.638057587544936E-002 -0.106404032909245     
  1.919270509511726E-002  4.255113954827629E-002 -0.111860978758805     
  2.447793380572623E-002  4.241594561110842E-002 -0.115574339042904     
  2.723528023755449E-002  3.790313699084912E-002 -0.111870007301638     
  1.469489726850867E-002  2.722427081519703E-002 -0.106406296979591     
  9.579155235253749E-003  2.460596605381404E-002 -9.832836574117450E-002
  6.130201997767390E-003  2.511451312909282E-002 -8.598655277306687E-002
  1.411643743509429E-002  2.851954918002303E-002 -6.120491499807973E-002
  1.239838723824819E-002  2.859931547723186E-002 -4.180374526522633E-002
  0.000000000000000E+000  0.000000000000000E+000  0.000000000000000E+000
  0.000000000000000E+000  0.000000000000000E+000  0.000000000000000E+000
  0.000000000000000E+000  0.000000000000000E+000  0.000000000000000E+000
  0.000000000000000E+000  0.000000000000000E+000  0.000000000000000E+000
  1.598196187397713E-002  2.243751864977956E-002 -3.702025417742288E-002
  1.489750444325488E-002  3.176760503102238E-002 -6.092228186916416E-002
  1.540488491304407E-002  2.770312533113992E-002 -8.331381652460060E-002
  1.460254142642360E-002  2.960183034327027E-002 -9.788751902570483E-002
  1.535215672189963E-002  3.440691171251266E-002 -0.105089407965894     
  1.902718238925198E-002  4.353487191034919E-002 -0.111870383674953     
  2.332261789318407E-002  4.041912294249606E-002 -0.114410219660186     
  2.817187255599496E-002  3.825219894628103E-002 -0.111882398497438     
  2.206537742615550E-002  3.049196005310921E-002 -0.105090703619892     
  1.825702586972715E-002  2.744021049621181E-002 -9.787933771041919E-002
  1.619293523419707E-002  2.717104766027963E-002 -8.330610431998996E-002
  1.994769127670655E-002  2.875994940664834E-002 -6.089613825331161E-002
  1.144923277704344E-002  2.510123801370272E-002 -3.698782592794596E-002
  0.000000000000000E+000  0.000000000000000E+000  0.000000000000000E+000
  0.000000000000000E+000  0.000000000000000E+000  0.000000000000000E+000
  0.000000000000000E+000  0.000000000000000E+000  0.000000000000000E+000
  0.000000000000000E+000  0.000000000000000E+000  0.000000000000000E+000
  1.242960611295945E-002  1.675204558049940E-002 -2.918951189375673E-002
  9.918091147707904E-003  4.290815638930480E-002 -5.891954531164247E-002
  9.543981304462530E-003  4.797038013293890E-002 -8.101513753486742E-002
  1.055915604225752E-002  4.983657140245545E-002 -9.756537218675328E-002
  1.375432056998471E-002  4.913654043565674E-002 -0.106071798402950     
  1.852533428483173E-002  4.407604418073059E-002 -0.111239620857268     
  2.198549251551553E-002  3.809834663096790E-002 -0.112188595567223     
  2.889059334501259E-002  3.809467553745113E-002 -0.111254497968209     
  3.560652791469415E-002  3.646005170009908E-002 -0.106071406825242     
  3.778608798971567E-002  3.404680415282534E-002 -9.755168152700214E-002
  3.667011817192731E-002  3.222285925562085E-002 -8.099061590450803E-002
  3.211077815969419E-002  3.002758176315949E-002 -5.888085507216000E-002
  8.308338169764168E-003  1.917840525876827E-002 -2.914851987552636E-002
  0.000000000000000E+000  0.000000000000000E+000  0.000000000000000E+000
  0.000000000000000E+000  0.000000000000000E+000  0.000000000000000E+000
  0.000000000000000E+000  0.000000000000000E+000  0.000000000000000E+000
  0.000000000000000E+000  0.000000000000000E+000  0.000000000000000E+000
  1.307855341733384E-002  7.535936592399948E-003 -2.212177787775069E-002
  2.867647324805663E-003  5.433138029442842E-002 -5.407773282789779E-002
  3.993896232748552E-003  7.145598908936887E-002 -8.108212060868518E-002
  3.783181175017039E-003  7.245133403468015E-002 -0.100096873952160     
  1.072261577020110E-002  6.052972585031305E-002 -0.108132403384211     
  1.595891936330070E-002  4.232276670828614E-002 -0.107611633213914     
  1.944584937952965E-002  3.369649155320720E-002 -0.106150413805774     
  2.869282151184996E-002  3.502727974160942E-002 -0.107665118302109     
  4.700512741047866E-002  3.954795837763530E-002 -0.108144741809536     
  6.073576008047366E-002  3.947659355475357E-002 -0.100070061188888     
  5.977274068774600E-002  3.916265178074570E-002 -8.103555532455231E-002
  4.554901495482554E-002  2.962098283005547E-002 -5.401827538352707E-002
  4.116983222676081E-006  1.514522180327016E-002 -2.207876334582645E-002
  0.000000000000000E+000  0.000000000000000E+000  0.000000000000000E+000
  0.000000000000000E+000  0.000000000000000E+000  0.000000000000000E+000
  0.000000000000000E+000  0.000000000000000E+000  0.000000000000000E+000
  0.000000000000000E+000  0.000000000000000E+000  0.000000000000000E+000
  9.030846315249487E-003 -2.986862719418472E-003 -1.447322833710124E-002
  3.630271886997186E-003  6.295511978487216E-002 -5.071947021880375E-002
 -1.768918932676588E-003  7.851548179397327E-002 -7.920397780192770E-002
  4.845517745444269E-004  8.087028479967168E-002 -9.965367900790811E-002
  6.992866208281719E-003  6.191088078420143E-002 -0.105517301921891     
  1.323503601663894E-002  4.044184348986998E-002 -0.101269939109067     
  1.729089860124876E-002  2.996051405150326E-002 -9.816475509032727E-002
  2.849460185749447E-002  3.177448858096847E-002 -0.101408474436018     
  5.011639444205309E-002  3.703361295402052E-002 -0.105572054613540     
  6.966049484119603E-002  4.084489747699241E-002 -9.961797424944123E-002
  6.875885481608696E-002  3.768622213057966E-002 -7.912329646442959E-002
  5.264058686864651E-002  3.459380654462461E-002 -5.066229096957483E-002
 -7.073070251030245E-003  6.375956960075355E-003 -1.440040366466799E-002
  0.000000000000000E+000  0.000000000000000E+000  0.000000000000000E+000
  0.000000000000000E+000  0.000000000000000E+000  0.000000000000000E+000
  0.000000000000000E+000  0.000000000000000E+000  0.000000000000000E+000
  0.000000000000000E+000  0.000000000000000E+000  0.000000000000000E+000
  1.149991763220471E-002 -3.286711213606670E-003 -1.221843953261128E-002
  2.333260234964308E-003  5.917350003337475E-002 -4.443579943250416E-002
 -2.297703995989024E-003  7.598248461489773E-002 -7.385442997392294E-002
 -1.425737992666174E-003  7.836783082465679E-002 -9.383681652803547E-002
  4.388774475368901E-003  5.975025620607329E-002 -9.896168831858983E-002
  1.085341154199523E-002  3.893237433650846E-002 -9.393218480686182E-002
  1.628776823098134E-002  2.821091564808680E-002 -9.035473364000011E-002
  2.845543520024417E-002  2.899541614653072E-002 -9.418783802302931E-002
  4.960208711227448E-002  3.373704134865566E-002 -9.908239394804048E-002
  6.845668977876773E-002  3.794442389555606E-002 -9.379895070950044E-002
  6.681844333659881E-002  3.599091130982233E-002 -7.375588069382168E-002
  5.004446341238091E-002  3.151852388745638E-002 -4.435401772571958E-002
 -8.572529809025488E-003  8.405893247601744E-003 -1.214451681720041E-002
  0.000000000000000E+000  0.000000000000000E+000  0.000000000000000E+000
  0.000000000000000E+000  0.000000000000000E+000  0.000000000000000E+000
  0.000000000000000E+000  0.000000000000000E+000  0.000000000000000E+000
  0.000000000000000E+000  0.000000000000000E+000  0.000000000000000E+000
  8.416694204868928E-003 -1.286729808494308E-003 -6.900057563603981E-003
  5.244743063683789E-003  4.714368958518954E-002 -3.799297883664029E-002
 -1.980763187467429E-003  6.534102805371425E-002 -6.287925870590681E-002
 -1.470063381060056E-003  6.860455174959040E-002 -8.296141251597132E-002
  2.724580990107384E-003  5.414884278787040E-002 -8.852829579213453E-002
  8.871546352723915E-003  3.683121127662020E-002 -8.540305303537490E-002
  1.561211328092248E-002  2.702140717323337E-002 -8.263445752631886E-002
  2.768718958218486E-002  2.625886877327839E-002 -8.578510940517280E-002
  4.562964602037137E-002  2.951714429833129E-002 -8.870597502150955E-002
  6.004842576977572E-002  3.304458278515360E-002 -8.296132991580746E-002
  5.746507584354237E-002  3.095401531718100E-002 -6.274171813342638E-002
  3.814164753114132E-002  2.803314400748933E-002 -3.797062668308589E-002
 -5.207705232816795E-003  6.688724213413029E-003 -6.686021990118812E-003
  0.000000000000000E+000  0.000000000000000E+000  0.000000000000000E+000
  0.000000000000000E+000  0.000000000000000E+000  0.000000000000000E+000
  0.000000000000000E+000  0.000000000000000E+000  0.000000000000000E+000
  0.000000000000000E+000  0.000000000000000E+000  0.000000000000000E+000
  8.669271759642877E-003 -2.040822027697013E-003 -6.100685762062169E-003
  5.445486053348672E-003  3.202547044057713E-002 -2.687162656184081E-002
  2.272018570272809E-004  4.770654366403521E-002 -4.770803209191844E-002
 -1.889068107561805E-004  5.295480606330312E-002 -6.540423443444428E-002
  1.847783522239716E-003  4.375020158699295E-002 -7.246841973590544E-002
  7.171180468679363E-003  3.202317560519823E-002 -7.249561738444903E-002
  1.388735369235611E-002  2.400736822684763E-002 -7.151660552107675E-002
  2.440493527888422E-002  2.239203099054297E-002 -7.296383274461649E-002
  3.706571105092016E-002  2.357933269469526E-002 -7.268478674329580E-002
  4.589348757048164E-002  2.632685252796090E-002 -6.543727304066477E-002
  4.115364219938265E-002  2.407789972792232E-002 -4.757301013063283E-002
  2.489387627503338E-002  2.061598817571260E-002 -2.690755310460361E-002
 -5.959703196962444E-003  6.587009780161264E-003 -5.815367431198736E-003
  0.000000000000000E+000  0.000000000000000E+000  0.000000000000000E+000
  0.000000000000000E+000  0.000000000000000E+000  0.000000000000000E+000
  0.000000000000000E+000  0.000000000000000E+000  0.000000000000000E+000
  0.000000000000000E+000  0.000000000000000E+000  0.000000000000000E+000
  5.883848672068574E-003 -3.261794911407026E-003 -3.987401582054687E-003
  4.018145947535270E-003  1.648023359812790E-002 -1.432615422400005E-002
  2.794610076525493E-003  2.678185891614850E-002 -2.836724193982909E-002
  9.634715462577393E-004  3.181004690732167E-002 -4.046380361982443E-002
  1.585427544349138E-003  2.835179379095051E-002 -4.804363002962184E-002
  4.670247946277632E-003  2.200549401710171E-002 -5.041765934923761E-002
  9.886753002903852E-003  1.705367303540330E-002 -5.136868931435733E-002
  1.693509675371483E-002  1.518793376748559E-002 -5.084877168910655E-002
  2.383458640717680E-002  1.562384197041335E-002 -4.826047506215329E-002
  2.703506319024157E-002  1.676310084536763E-002 -4.044757737348015E-002
  2.178040071553345E-002  1.581487995698670E-002 -2.838208449567648E-002
  1.224331785937828E-002  1.167062365670329E-002 -1.419825923337988E-002
 -5.795582820665646E-003  3.472240370160853E-003 -4.039887716735290E-003
  0.000000000000000E+000  0.000000000000000E+000  0.000000000000000E+000
  0.000000000000000E+000  0.000000000000000E+000  0.000000000000000E+000
  0.000000000000000E+000  0.000000000000000E+000  0.000000000000000E+000
  0.000000000000000E+000  0.000000000000000E+000  0.000000000000000E+000
  1.668646354279916E-003 -2.773621236897753E-003 -1.118182569137564E-003
  2.655430903917482E-003  3.919392865332790E-003 -4.768295069582438E-003
  3.275274988357039E-003  5.303514908689376E-003 -7.406407587874996E-003
  2.859432769796297E-003  9.594025795901425E-003 -1.232322493052868E-002
  2.391039388946301E-003  9.242084145055156E-003 -1.513073759683936E-002
  2.736672768278672E-003  8.552269044183785E-003 -1.770935380651598E-002
  4.139038803610712E-003  7.088618883008056E-003 -1.859007025892831E-002
  6.140518461957249E-003  6.761348729101331E-003 -1.792914136420043E-002
  6.826244871593916E-003  6.747519916406185E-003 -1.520190583879066E-002
  6.876917227447088E-003  7.259518677411100E-003 -1.232490147849671E-002
  2.967724473229603E-003  5.494269670933344E-003 -7.389905429271345E-003
  2.074325386495064E-003  4.228732555064179E-003 -4.775455138497630E-003
 -3.226961588414321E-003  7.661710896105993E-005 -1.051655865522162E-003
  0.000000000000000E+000  0.000000000000000E+000  0.000000000000000E+000
  0.000000000000000E+000  0.000000000000000E+000  0.000000000000000E+000
  0.000000000000000E+000  0.000000000000000E+000  0.000000000000000E+000
  0.000000000000000E+000  0.000000000000000E+000  0.000000000000000E+000
  0.000000000000000E+000  0.000000000000000E+000  0.000000000000000E+000
  0.000000000000000E+000  0.000000000000000E+000  0.000000000000000E+000
  0.000000000000000E+000  0.000000000000000E+000  0.000000000000000E+000
  0.000000000000000E+000  0.000000000000000E+000  0.000000000000000E+000
  0.000000000000000E+000  0.000000000000000E+000  0.000000000000000E+000
  0.000000000000000E+000  0.000000000000000E+000  0.000000000000000E+000
  0.000000000000000E+000  0.000000000000000E+000  0.000000000000000E+000
  0.000000000000000E+000  0.000000000000000E+000  0.000000000000000E+000
  0.000000000000000E+000  0.000000000000000E+000  0.000000000000000E+000
  0.000000000000000E+000  0.000000000000000E+000  0.000000000000000E+000
  0.000000000000000E+000  0.000000000000000E+000  0.000000000000000E+000
  0.000000000000000E+000  0.000000000000000E+000  0.000000000000000E+000
  0.000000000000000E+000  0.000000000000000E+000  0.000000000000000E+000
  0.000000000000000E+000  0.000000000000000E+000  0.000000000000000E+000
  0.000000000000000E+000  0.000000000000000E+000  0.000000000000000E+000
  0.000000000000000E+000  0.000000000000000E+000  0.000000000000000E+000
  0.000000000000000E+000  0.000000000000000E+000  0.000000000000000E+000
  0.000000000000000E+000  0.000000000000000E+000  0.000000000000000E+000
  0.000000000000000E+000  0.000000000000000E+000  0.000000000000000E+000
  0.000000000000000E+000  0.000000000000000E+000  0.000000000000000E+000
  0.000000000000000E+000  0.000000000000000E+000  0.000000000000000E+000
  0.000000000000000E+000  0.000000000000000E+000  0.000000000000000E+000
  0.000000000000000E+000  0.000000000000000E+000  0.000000000000000E+000
  0.000000000000000E+000  0.000000000000000E+000  0.000000000000000E+000
  0.000000000000000E+000  0.000000000000000E+000  0.000000000000000E+000
  0.000000000000000E+000  0.000000000000000E+000  0.000000000000000E+000
  0.000000000000000E+000  0.000000000000000E+000  0.000000000000000E+000
  0.000000000000000E+000  0.000000000000000E+000  0.000000000000000E+000
  0.000000000000000E+000  0.000000000000000E+000  0.000000000000000E+000
  0.000000000000000E+000  0.000000000000000E+000  0.000000000000000E+000
  0.000000000000000E+000  0.000000000000000E+000  0.000000000000000E+000
  0.000000000000000E+000  0.000000000000000E+000  0.000000000000000E+000
  0.000000000000000E+000  0.000000000000000E+000  0.000000000000000E+000
  0.000000000000000E+000  0.000000000000000E+000  0.000000000000000E+000
 -0.418813558930706       0.436588911894715       0.837159081582507     
 -0.591427936192068      -7.832799714325378E-002   1.26116104368712     
 -0.847906360908184      -2.214776122141895E-002   2.03245395683715     
 -0.694337755964722       2.601558377069292E-002   2.64201324258139     
 -0.576308521382869       0.240408682203102        2.96144121831376     
 -0.352338925093125      -4.362083725579764E-002   3.19841694235022     
 -0.644925069361676       -1.11892599510321        3.61294752102298     
  0.160299268551518      -0.306219432726204        3.18838569149221     
  0.495599395061306      -0.372161639374820        2.96242317258303     
  0.380085104866331      -0.576488950573773        2.64642552009133     
  0.406448337343338      -0.745312401955898        2.03190370366539     
  0.226150672734881      -0.553333860661284        1.25657824932143     
  0.584296697180718      -0.145439252982054       0.833323852351786     
  0.000000000000000E+000  0.000000000000000E+000  0.000000000000000E+000
  0.000000000000000E+000  0.000000000000000E+000  0.000000000000000E+000
  0.000000000000000E+000  0.000000000000000E+000  0.000000000000000E+000
  0.000000000000000E+000  0.000000000000000E+000  0.000000000000000E+000
 -0.352079269538016       0.376494722169235       0.745684694142488     
 -0.586802264492095       4.840744646333336E-002   1.21134148893837     
 -0.722680657032485      -7.549190336168882E-003   1.92630101569822     
 -0.599843189709373      -4.880584943921568E-003   2.61325516195803     
 -0.488661570555908       9.184859977424427E-002   2.94115277151504     
 -0.289415191913917      -0.191700490842902        3.19864890821714     
 -0.484520948224529      -0.838355419065768        3.65587258480886     
 -6.901908605172004E-003 -0.334745483031108        3.18782751344048     
  0.324581729203530      -0.371403856789252        2.94271097887209     
  0.303072243820618      -0.510689854355043        2.61753621942155     
  0.357579890633971      -0.627324139132111        1.92552978202386     
  0.337325844032013      -0.483759559928824        1.20595265309311     
  0.499841581558990      -0.117846434770529       0.741928436177070     
  0.000000000000000E+000  0.000000000000000E+000  0.000000000000000E+000
  0.000000000000000E+000  0.000000000000000E+000  0.000000000000000E+000
  0.000000000000000E+000  0.000000000000000E+000  0.000000000000000E+000
  0.000000000000000E+000  0.000000000000000E+000  0.000000000000000E+000
 -0.272756657704237       0.262102738472102       0.608396240872615     
 -0.538383456166129       0.288994663665252        1.06146977793288     
 -0.539103726643940       6.216303863892055E-002   1.76950059425441     
 -0.414711477978807      -0.161033184408650        2.49456841561284     
 -0.309310418925510      -0.226452463323376        2.91054631579293     
 -0.198857607838528      -0.245923591971320        3.19776113745701     
 -0.287999889203875      -0.496715062780813        3.56899693289312     
 -0.115206202079704      -0.296042794024535        3.19240692401433     
 -4.315298893761739E-002 -0.379316652571726        2.91188302644872     
  7.194860713330625E-002 -0.429984611152446        2.49812686720061     
  0.328467003830086      -0.429728945832596        1.76791990896626     
  0.530011459488352      -0.317094262779189        1.05497736222125     
  0.362291127131554      -0.106480883182770       0.604428674055538     
  0.000000000000000E+000  0.000000000000000E+000  0.000000000000000E+000
  0.000000000000000E+000  0.000000000000000E+000  0.000000000000000E+000
  0.000000000000000E+000  0.000000000000000E+000  0.000000000000000E+000
  0.000000000000000E+000  0.000000000000000E+000  0.000000000000000E+000
 -0.209382225361226       0.136625440050617       0.487393347978215     
 -0.454319079498355       0.377549892110835       0.852001098513980     
 -0.372159717769703       0.281855582010830        1.50957682753352     
 -0.126617190494141      -0.621794500071820        2.35833262495236     
 -4.803801135893249E-002  -1.08569774196386        3.07760929701179     
 -8.946278259501729E-002 -0.373916838357590        3.13998510574336     
 -3.554260511366106E-002 -5.595158251697040E-002   3.18932314095817     
 -0.289383983339977      -0.268908903243906        3.14403017302824     
 -0.917570467377859      -0.581722677928722        3.07842188612957     
 -0.484537094064671      -0.418162362959142        2.36369563278479     
  0.432526475181113      -0.175070153864039        1.50675715413391     
  0.572712854695743      -0.196515960823432       0.844316474427269     
  0.222356908231351      -0.114145741836847       0.483016130959410     
  0.000000000000000E+000  0.000000000000000E+000  0.000000000000000E+000
  0.000000000000000E+000  0.000000000000000E+000  0.000000000000000E+000
  0.000000000000000E+000  0.000000000000000E+000  0.000000000000000E+000
  0.000000000000000E+000  0.000000000000000E+000  0.000000000000000E+000
 -0.144163399849160       8.352504219203341E-002  0.362521367222288     
 -0.368623284132114       0.222294947605128       0.725231677272033     
 -0.200313857406311       0.158527244572719        1.29983087844830     
  8.553071962646092E-002 -0.940430610980306        2.28904780161396     
  0.171687989094518       -1.59613936996276        3.28487262895747     
  4.732412642503780E-002 -0.394402045061931        2.89127495175155     
  0.204967019649952       0.362542685240593        2.45256919747530     
 -0.360869454581930      -0.147193121090605        2.88317275073807     
  -1.46096432680577      -0.642329818895949        3.27973836904325     
 -0.872070359730892      -0.396863567133187        2.29910418975776     
  0.229630675673066      -9.184406077013998E-002   1.29882998844575     
  0.393308545979683      -0.199989920424930       0.717870434395819     
  0.143627778942383      -8.428080328275712E-002  0.357595982108467     
  0.000000000000000E+000  0.000000000000000E+000  0.000000000000000E+000
  0.000000000000000E+000  0.000000000000000E+000  0.000000000000000E+000
  0.000000000000000E+000  0.000000000000000E+000  0.000000000000000E+000
  0.000000000000000E+000  0.000000000000000E+000  0.000000000000000E+000
 -0.181574565770854       2.037962460423470E-002  0.298221175034464     
 -0.209368132185226       3.972655643176933E-002  0.600038996730688     
 -8.872881520202885E-004 -0.322980898704747        1.28820688809084     
  0.260556265931311       -1.23289038706808        2.28791774371976     
  0.268119598982941       -1.38963695468241        2.99989650300926     
  0.146546957529907      -0.343071554859208        2.45610433630972     
  0.291828327148972       0.508310249753568        1.73670881088206     
 -0.360668240954622      -3.232258788447469E-002   2.44359189871064     
  -1.33263938183142      -0.457946365706815        2.99877180063420     
  -1.20556358046016      -0.389770938855653        2.29404329134460     
 -0.287880374894764      -0.161948305202385        1.28926160442381     
  0.145538807996940      -0.154322684009276       0.593884092245072     
  0.108438655851430      -0.148710100300570       0.293146395624868     
  0.000000000000000E+000  0.000000000000000E+000  0.000000000000000E+000
  0.000000000000000E+000  0.000000000000000E+000  0.000000000000000E+000
  0.000000000000000E+000  0.000000000000000E+000  0.000000000000000E+000
  0.000000000000000E+000  0.000000000000000E+000  0.000000000000000E+000
 -0.133911632842834      -2.487750183645665E-002  0.158638056542048     
 -0.134698302409635      -8.265326450701231E-002  0.521328927755523     
  0.206285077870762      -0.821205766555644        1.34054209144926     
  0.358093100574615       -1.37089466807686        2.27403742828565     
  0.251886987504152      -0.828400292862690        2.21225982150365     
  0.164500399337473      -0.431335072507363        2.17152566763329     
  6.270479938550236E-002  0.105962091159360        1.89026331596138     
 -0.451649083172630      -6.882506165530348E-002   2.17655819840015     
 -0.844471576334918      -0.195219856069999        2.22095204208005     
  -1.36496121436809      -0.373638343493911        2.27368493745441     
 -0.811859082885025      -0.230368784316126        1.33562955647101     
 -2.819187324338071E-003 -0.153278167688739       0.519891248746711     
  4.144068288874261E-002 -0.128380338892660       0.148033555133104     
  0.000000000000000E+000  0.000000000000000E+000  0.000000000000000E+000
  0.000000000000000E+000  0.000000000000000E+000  0.000000000000000E+000
  0.000000000000000E+000  0.000000000000000E+000  0.000000000000000E+000
  0.000000000000000E+000  0.000000000000000E+000  0.000000000000000E+000
 -0.139162803771246       4.101633402902550E-003  9.304160001137499E-002
 -8.436189624530895E-002 -0.134498406222204       0.399105373135888     
  0.249487638493203      -0.952860463260326        1.25075138222957     
  0.352453368753048       -1.30486128198480        2.08642158594049     
  0.236662982938785      -0.692366948908171        1.78095511174411     
  0.145960927444602      -0.564071126762060        2.02327813223926     
 -3.429078434020851E-003 -1.504806645264029E-002   1.63820844536004     
 -0.555912059726103      -0.155757025044914        2.03526337033018     
 -0.711255546411445      -0.139945470390122        1.78246938822102     
  -1.30881546966973      -0.349050971453948        2.09193634842687     
 -0.939016814216361      -0.257663780292275        1.23750447858233     
 -7.053044311092539E-002 -0.136180644719860       0.402181610494140     
  6.660561988674504E-002 -0.120380205164827       7.934259825944198E-002
  0.000000000000000E+000  0.000000000000000E+000  0.000000000000000E+000
  0.000000000000000E+000  0.000000000000000E+000  0.000000000000000E+000
  0.000000000000000E+000  0.000000000000000E+000  0.000000000000000E+000
  0.000000000000000E+000  0.000000000000000E+000  0.000000000000000E+000
 -0.104038427467722       7.161878401663037E-002  0.106048774153859     
 -4.644197145537354E-002 -0.124307142849704       0.193425661809373     
  9.146067792616447E-002 -0.660991488902903       0.887590611847404     
  0.243720278176006      -0.960704983195157        1.51162902967764     
  0.239401420505484      -0.744941533275774        1.65481219447712     
  6.458511861123441E-002 -0.346123356312733        1.41357499085840     
  0.206164616952233       0.340707292346951      -0.291254437680780     
 -0.326802684562693      -0.119521421872845        1.42511891965009     
 -0.751608606207389      -0.163175958435221        1.64592780824371     
 -0.962050901766953      -0.273955431482897        1.52440468844837     
 -0.610428207991664      -0.248600776544009       0.880661428566579     
 -8.228643748426534E-002 -9.979491604445934E-002  0.188556492545184     
  0.113367361019507      -5.405316275981931E-002  0.107864213328000     
  0.000000000000000E+000  0.000000000000000E+000  0.000000000000000E+000
  0.000000000000000E+000  0.000000000000000E+000  0.000000000000000E+000
  0.000000000000000E+000  0.000000000000000E+000  0.000000000000000E+000
  0.000000000000000E+000  0.000000000000000E+000  0.000000000000000E+000
 -2.663228150565998E-002  4.291812739834844E-002  9.170532085135779E-003
 -3.632582371149388E-002 -2.257428337435302E-002  8.836779138124386E-002
 -6.399370750628003E-002 -0.139839353896282       0.252201156811827     
 -2.182405618936152E-002 -0.289353740679279       0.466535574131743     
  6.448277382086329E-002 -0.334143000406436       0.626595368869933     
  7.735402330284515E-002 -5.311191540274853E-002  0.320777438019514     
  0.186465259946994       0.306876388143769       -1.04664789242191     
 -8.381903921960654E-002  3.736752655511641E-002  0.325814630709954     
 -0.315163843037001      -0.111652382554584       0.621566200106776     
 -0.243223869116750      -0.165501642193002       0.473187437204177     
 -8.876674641830470E-002 -0.125285189155108       0.250859170831657     
 -7.875529775960038E-004 -4.074157708704644E-002  8.857847089391917E-002
  4.941775265131714E-002 -2.523700879426096E-003  6.739667309918283E-003
  0.000000000000000E+000  0.000000000000000E+000  0.000000000000000E+000
  0.000000000000000E+000  0.000000000000000E+000  0.000000000000000E+000
  0.000000000000000E+000  0.000000000000000E+000  0.000000000000000E+000
  0.000000000000000E+000  0.000000000000000E+000  0.000000000000000E+000
  0.000000000000000E+000  0.000000000000000E+000  0.000000000000000E+000
  0.000000000000000E+000  0.000000000000000E+000  0.000000000000000E+000
  0.000000000000000E+000  0.000000000000000E+000  0.000000000000000E+000
  0.000000000000000E+000  0.000000000000000E+000  0.000000000000000E+000
  0.000000000000000E+000  0.000000000000000E+000  0.000000000000000E+000
  0.000000000000000E+000  0.000000000000000E+000  0.000000000000000E+000
  0.000000000000000E+000  0.000000000000000E+000  0.000000000000000E+000
  0.000000000000000E+000  0.000000000000000E+000  0.000000000000000E+000
  0.000000000000000E+000  0.000000000000000E+000  0.000000000000000E+000
  0.000000000000000E+000  0.000000000000000E+000  0.000000000000000E+000
  0.000000000000000E+000  0.000000000000000E+000  0.000000000000000E+000
  0.000000000000000E+000  0.000000000000000E+000  0.000000000000000E+000
  0.000000000000000E+000  0.000000000000000E+000  0.000000000000000E+000
  0.000000000000000E+000  0.000000000000000E+000  0.000000000000000E+000
  0.000000000000000E+000  0.000000000000000E+000  0.000000000000000E+000
  0.000000000000000E+000  0.000000000000000E+000  0.000000000000000E+000
  0.000000000000000E+000  0.000000000000000E+000  0.000000000000000E+000
  0.000000000000000E+000  0.000000000000000E+000  0.000000000000000E+000
  0.000000000000000E+000  0.000000000000000E+000  0.000000000000000E+000
  0.000000000000000E+000  0.000000000000000E+000  0.000000000000000E+000
  0.000000000000000E+000  0.000000000000000E+000  0.000000000000000E+000
  0.000000000000000E+000  0.000000000000000E+000  0.000000000000000E+000
  0.000000000000000E+000  0.000000000000000E+000  0.000000000000000E+000
  0.000000000000000E+000  0.000000000000000E+000  0.000000000000000E+000
  0.000000000000000E+000  0.000000000000000E+000  0.000000000000000E+000
  0.000000000000000E+000  0.000000000000000E+000  0.000000000000000E+000
  0.000000000000000E+000  0.000000000000000E+000  0.000000000000000E+000
  0.000000000000000E+000  0.000000000000000E+000  0.000000000000000E+000
  0.000000000000000E+000  0.000000000000000E+000  0.000000000000000E+000
  0.000000000000000E+000  0.000000000000000E+000  0.000000000000000E+000
  0.000000000000000E+000  0.000000000000000E+000  0.000000000000000E+000
  0.000000000000000E+000  0.000000000000000E+000  0.000000000000000E+000
  0.000000000000000E+000  0.000000000000000E+000  0.000000000000000E+000
  0.000000000000000E+000  0.000000000000000E+000  0.000000000000000E+000
   1912.82504664750        1123.22661329015       -4307.97250277589     
   4310.21586329561       -1193.53898578922       -5665.58608989901     
   4717.25747117111        3132.17750720205       -9934.83527471337     
   3936.15787315188       -260.251313939548       -9396.97633558730     
   2442.45875955215        143.405724266408       -9964.76169876576     
   4008.15349565667        14772.9643263251       -8513.82813266285     
  -1666.06113661068       -2836.39349386258       -2340.22112282980     
   10505.6599225873        10713.4652163202       -8451.48132499998     
  -1142.28557476044        2194.08210104720       -9944.28120569128     
  -2241.16870505171        3190.38589888279       -9455.03364566064     
   245.487695561417        5508.42490396397       -10082.1721133730     
  -3133.99828784275        3133.25728778548       -5818.33906348601     
   58.7547480394405        2266.76833942938       -4388.00122876986     
  0.000000000000000E+000  0.000000000000000E+000  0.000000000000000E+000
  0.000000000000000E+000  0.000000000000000E+000  0.000000000000000E+000
  0.000000000000000E+000  0.000000000000000E+000  0.000000000000000E+000
  0.000000000000000E+000  0.000000000000000E+000  0.000000000000000E+000
   1801.46721118042        980.338054215019       -3711.45975315100     
   4319.98068067277       -3740.09790045252       -5171.33398708414     
   4062.37004096400        1054.27495690371       -9765.73872927476     
   3842.92306876001       -1226.03448852546       -9933.87040271555     
   2240.41045285664        1220.93691323269       -9653.57116618624     
   4293.02126693180        11566.1083703663       -9350.57254216920     
   275.871869490662        527.072590263738       -1289.71886759256     
   7681.80185502073        9435.56957080125       -9287.67387313317     
  -98.8798114677204        2589.02115011271       -9624.26178568706     
  -2988.79939525742        2685.34525133117       -9991.13179696465     
  -1181.75737280153        3939.03969040120       -9917.98645721626     
  -5321.94946982692        1863.70408661821       -5324.19333799705     
  -12.2497805794467        2090.95885616018       -3781.27162365064     
  0.000000000000000E+000  0.000000000000000E+000  0.000000000000000E+000
  0.000000000000000E+000  0.000000000000000E+000  0.000000000000000E+000
  0.000000000000000E+000  0.000000000000000E+000  0.000000000000000E+000
  0.000000000000000E+000  0.000000000000000E+000  0.000000000000000E+000
   1593.61647983874        972.802496948191       -2790.73724060039     
   4427.36451072049       -9265.02000783581       -3882.51518461961     
   3656.01693062033       -4861.17437206149       -9450.30665273280     
   3227.05171733532       -3651.69959034010       -9938.91524115274     
   2666.15576104657        976.973471897106       -9287.95479856753     
   4755.73224059404        8637.37309589497       -9502.82385964575     
   2792.06950343337        4874.43281316225       -2343.57156944623     
   5076.86952193378        8466.44766557524       -9496.09398893864     
  -436.658647259413        2905.98134169784       -9279.45531481988     
  -4682.79254261071        1056.42122332377       -10012.6444397022     
  -6011.18620873433        704.816667843660       -9609.93024790203     
  -10113.9614479909       -798.393072114100       -4035.39447832556     
   77.0341074693509        1891.76720163889       -2842.93666764315     
  0.000000000000000E+000  0.000000000000000E+000  0.000000000000000E+000
  0.000000000000000E+000  0.000000000000000E+000  0.000000000000000E+000
  0.000000000000000E+000  0.000000000000000E+000  0.000000000000000E+000
  0.000000000000000E+000  0.000000000000000E+000  0.000000000000000E+000
   989.207914536512        587.645714410832       -1775.73520550035     
   4786.40516278353       -12537.1248453451       -2374.53056963113     
   3777.49853258752       -8110.21931769691       -7539.80220395436     
   2810.15108616473        4938.52846892546       -12035.4579892412     
   4110.06235660366        1922.27431319444       -10024.7660429443     
   4709.88246322356        6643.19897848430       -9640.05816878890     
   6515.11010305528        11252.8090515394       -8867.58818169365     
   3431.51042865389        7399.77948032863       -9657.58703161129     
  -333.762277391496        4607.14014049246       -10071.1274006646     
   2988.89181608020        5028.66560587215       -12157.6760654257     
  -8813.25294965880       -745.229163551772       -7701.36454424925     
  -13095.8672979328       -2121.28880445753       -2513.53218200709     
   23.6639095181206        1169.63267492035       -1814.93640158187     
  0.000000000000000E+000  0.000000000000000E+000  0.000000000000000E+000
  0.000000000000000E+000  0.000000000000000E+000  0.000000000000000E+000
  0.000000000000000E+000  0.000000000000000E+000  0.000000000000000E+000
  0.000000000000000E+000  0.000000000000000E+000  0.000000000000000E+000
   713.364481758979       -49.9942842823131       -1293.28955695573     
   4057.74190622644       -10380.4311834718       -1540.36791335588     
   1413.91741558657        6288.87771733022       -9341.01568893546     
   916.303659036270        20590.7493080258       -20183.5903597420     
   4454.19308505936        6461.65273094601       -13991.0978810242     
   5570.15572650867        8053.91047612812       -12713.4895593776     
   7307.62986317273        12607.5862304775       -14197.8408584251     
   4249.20894488641        8841.02408735341       -12777.3849017576     
   3349.67815401252        7087.57781229402       -14022.3261556659     
   17239.0801945382        11105.4235524887       -20204.2986917722     
   4723.75361219259        4377.65289712282       -9441.38665340097     
  -10857.0813438938       -1657.02551525201       -1663.13389826778     
  -404.738871510018        594.671698228751       -1307.97919763680     
  0.000000000000000E+000  0.000000000000000E+000  0.000000000000000E+000
  0.000000000000000E+000  0.000000000000000E+000  0.000000000000000E+000
  0.000000000000000E+000  0.000000000000000E+000  0.000000000000000E+000
  0.000000000000000E+000  0.000000000000000E+000  0.000000000000000E+000
   857.770804184256       -606.144531497342       -1071.80784551925     
   2598.94058017429       -4564.75800949926       -1647.51272981162     
  -2100.10336644228        22117.1644900112       -15615.7055259186     
  -219.882994058331        24064.2599092672       -24172.0308419832     
   4160.03126508813        5437.86341954913       -12802.5926201439     
   5105.54931641100        8640.00665698084       -15348.5928854927     
   7519.76553936164        12990.2993393481       -19564.3412127930     
   5001.65968529802        8741.87936273834       -15483.5021224009     
   2542.40521787683        6233.74613842124       -12781.5437067250     
   20671.7552913906        11770.4263222309       -24046.3309902117     
   20017.9434134339        9216.99033832570       -15586.6516173873     
  -5130.05841394281       -33.9015068403267       -1721.41111997945     
  -963.974651897793        450.658117332389       -1082.98107482854     
  0.000000000000000E+000  0.000000000000000E+000  0.000000000000000E+000
  0.000000000000000E+000  0.000000000000000E+000  0.000000000000000E+000
  0.000000000000000E+000  0.000000000000000E+000  0.000000000000000E+000
  0.000000000000000E+000  0.000000000000000E+000  0.000000000000000E+000
   858.029561513317       -850.175226440206       -530.680668688846     
   1559.76339137919        1131.72771627730       -2590.59466928601     
  -3861.43021114359        29274.6729350735       -20068.6981496871     
   379.146244575752        17825.6872189933       -19121.3154392298     
   2874.92179237322        4429.82551679072       -9836.77205944836     
   3561.08604739873        6323.27733622708       -13842.0781613366     
   2983.99420358255        5139.01496123925       -10690.5449051781     
   3725.20948426953        6234.19912912748       -13945.8148578423     
   2329.27639121734        4578.02476668278       -9794.17073305326     
   15156.3997825326        9164.07128011580       -19086.7352791701     
   27088.3250179555        11263.3195695914       -19933.3803056753     
   228.998989625465        1904.78178727087       -2634.03444164085     
  -1130.81834696192        312.429868028705       -485.637376615236     
  0.000000000000000E+000  0.000000000000000E+000  0.000000000000000E+000
  0.000000000000000E+000  0.000000000000000E+000  0.000000000000000E+000
  0.000000000000000E+000  0.000000000000000E+000  0.000000000000000E+000
  0.000000000000000E+000  0.000000000000000E+000  0.000000000000000E+000
   568.687445303714       -1182.31732010534        11.3246134210604     
   1756.75845822246        4405.28728175915       -3259.72955562411     
  -3833.55970953326        27295.1486424075       -19723.2994655962     
   1167.08096727886        7952.21022979652       -8152.97050161323     
   470.019421688418        4221.09025939623       -6767.50389477246     
   1566.60668987913        3290.98926800268       -10723.3453643119     
  -2808.82427418421       -4854.28201385631        10693.2804685430     
   2172.72738673943        3035.15724318458       -10962.1131218320     
   3517.50682701225        2444.67355895799       -6871.49392043836     
   6398.01249021464        4884.59654460441       -8219.15575850997     
   25505.2886252546        10314.2644581046       -19596.7134844725     
   2904.82257866110        3691.73293611192       -3270.78744844180     
  -1261.94147130420       -80.7758573052161        73.3994693114629     
  0.000000000000000E+000  0.000000000000000E+000  0.000000000000000E+000
  0.000000000000000E+000  0.000000000000000E+000  0.000000000000000E+000
  0.000000000000000E+000  0.000000000000000E+000  0.000000000000000E+000
  0.000000000000000E+000  0.000000000000000E+000  0.000000000000000E+000
   503.049818276745       -1359.85222844269       -536.473502258135     
   1791.73658004166        4562.07164424985       -2245.16127668215     
  -1667.40236207798        17103.2946367678       -13401.2952600553     
   2011.80486807111       -1270.83189648186        4161.95543471200     
  -419.655343265668        1032.30220239668        1238.98069306530     
  -596.924208320089        2538.14754055359       -9399.06896635319     
  -1393.82545670923       -2424.57346636404        6401.17796919718     
   2524.02480750824        711.319257134716       -9379.14678463851     
   1201.25082124918        122.403210177544        1148.79616994039     
  -2057.52724367876        995.031835695916        4223.32566802897     
   15686.8430600014        7086.08939114498       -13382.3746383724     
   3046.77823541294        3813.91702655542       -2173.18658338461     
  -1430.86268729846       -247.061425251116       -578.880599457612     
  0.000000000000000E+000  0.000000000000000E+000  0.000000000000000E+000
  0.000000000000000E+000  0.000000000000000E+000  0.000000000000000E+000
  0.000000000000000E+000  0.000000000000000E+000  0.000000000000000E+000
  0.000000000000000E+000  0.000000000000000E+000  0.000000000000000E+000
   87.0303561810200       -450.501896349885        19.5275975273114     
   1323.32618079885        1277.89195553963       -655.710488901992     
   781.570139197777        4339.76078306402       -2316.99388147543     
   32.2253302083338       -2088.26961292960        5705.68185073942     
  -249.679754906313        240.790447371891        2736.95214683624     
  -751.287244357163        1836.11886508547       -5384.76859277776     
   672.044641459060        1142.16869062748       -5828.38954052361     
   1891.96687171658        207.856378424454       -5114.56277366984     
   323.436408593705       -126.625565294457        2805.69033843426     
  -1830.75165843146       -1083.93712426948        5784.33142137464     
   3411.07120558185        2818.24117189148       -2304.69325989104     
   462.349340221493        1772.29839695609       -637.857958295744     
  -431.479937551403       -144.823005922349        29.2103786568512     
  0.000000000000000E+000  0.000000000000000E+000  0.000000000000000E+000
  0.000000000000000E+000  0.000000000000000E+000  0.000000000000000E+000
  0.000000000000000E+000  0.000000000000000E+000  0.000000000000000E+000
  0.000000000000000E+000  0.000000000000000E+000  0.000000000000000E+000
  0.000000000000000E+000  0.000000000000000E+000  0.000000000000000E+000
  0.000000000000000E+000  0.000000000000000E+000  0.000000000000000E+000
  0.000000000000000E+000  0.000000000000000E+000  0.000000000000000E+000
  0.000000000000000E+000  0.000000000000000E+000  0.000000000000000E+000
  0.000000000000000E+000  0.000000000000000E+000  0.000000000000000E+000
  0.000000000000000E+000  0.000000000000000E+000  0.000000000000000E+000
  0.000000000000000E+000  0.000000000000000E+000  0.000000000000000E+000
  0.000000000000000E+000  0.000000000000000E+000  0.000000000000000E+000
  0.000000000000000E+000  0.000000000000000E+000  0.000000000000000E+000
  0.000000000000000E+000  0.000000000000000E+000  0.000000000000000E+000
  0.000000000000000E+000  0.000000000000000E+000  0.000000000000000E+000
  0.000000000000000E+000  0.000000000000000E+000  0.000000000000000E+000
  0.000000000000000E+000  0.000000000000000E+000  0.000000000000000E+000
  0.000000000000000E+000  0.000000000000000E+000  0.000000000000000E+000
  0.000000000000000E+000  0.000000000000000E+000  0.000000000000000E+000
  0.000000000000000E+000  0.000000000000000E+000  0.000000000000000E+000
  0.000000000000000E+000  0.000000000000000E+000  0.000000000000000E+000
  0.000000000000000E+000  0.000000000000000E+000  0.000000000000000E+000
  0.000000000000000E+000  0.000000000000000E+000  0.000000000000000E+000
  0.000000000000000E+000  0.000000000000000E+000  0.000000000000000E+000
  0.000000000000000E+000  0.000000000000000E+000  0.000000000000000E+000
  0.000000000000000E+000  0.000000000000000E+000  0.000000000000000E+000
  0.000000000000000E+000  0.000000000000000E+000  0.000000000000000E+000
  0.000000000000000E+000  0.000000000000000E+000  0.000000000000000E+000
  0.000000000000000E+000  0.000000000000000E+000  0.000000000000000E+000
  0.000000000000000E+000  0.000000000000000E+000  0.000000000000000E+000
  0.000000000000000E+000  0.000000000000000E+000  0.000000000000000E+000
  0.000000000000000E+000  0.000000000000000E+000  0.000000000000000E+000
  0.000000000000000E+000  0.000000000000000E+000  0.000000000000000E+000
  0.000000000000000E+000  0.000000000000000E+000  0.000000000000000E+000
  0.000000000000000E+000  0.000000000000000E+000  0.000000000000000E+000
  0.000000000000000E+000  0.000000000000000E+000  0.000000000000000E+000
