          80  8.000000000000007E-003  8.000000000000007E-003
  0.000000000000000E+000  0.000000000000000E+000  0.000000000000000E+000
  0.000000000000000E+000  0.000000000000000E+000  0.000000000000000E+000
  3.042168060765520E-002  5.662605189109091E-002 -6.219359756595913E-002
  3.185315209458484E-002  8.271706295974289E-002 -9.439991730275048E-002
  4.121042602879951E-002  0.104431249203251      -0.134680575584807     
  4.470047533275940E-002  0.138044765057475      -0.158973540192366     
  5.121389724990005E-002  0.140110320063765      -0.176029052988388     
  5.796145794953964E-002  0.126352631646163      -0.180665619335480     
  6.705320217786834E-002  0.116185731736761      -0.181991853600347     
  8.038955916737879E-002  0.113380307838672      -0.180663685106150     
  9.568773201446353E-002  0.114430937266176      -0.176035344986087     
  9.719074351350704E-002  0.107790549051026      -0.158994300713343     
  6.985176614462163E-002  8.797485823767093E-002 -0.134715876525757     
  5.568316821646786E-002  6.896160036918540E-002 -9.439187324050140E-002
  3.385528442361520E-002  5.470282663848239E-002 -6.222855787322373E-002
  0.000000000000000E+000  0.000000000000000E+000  0.000000000000000E+000
  0.000000000000000E+000  0.000000000000000E+000  0.000000000000000E+000
  0.000000000000000E+000  0.000000000000000E+000  0.000000000000000E+000
  0.000000000000000E+000  0.000000000000000E+000  0.000000000000000E+000
  2.506837893298277E-002  5.250143209986875E-002 -5.440631301551108E-002
  2.915354864157145E-002  8.539198978445851E-002 -9.333706077886011E-002
  3.515048565739934E-002  0.109799825017104      -0.129451118750012     
  4.112744359353783E-002  0.135986974528201      -0.157640364208722     
  4.798346130273416E-002  0.134368105280569      -0.173130752083709     
  5.576010669847174E-002  0.120054254539338      -0.178809251065066     
  6.361603949348187E-002  0.110231898391915      -0.179338151884707     
  7.604145987790779E-002  0.108331443249554      -0.178818008922342     
  9.232895606315761E-002  0.108767197340449      -0.173140723739333     
  9.717574361018165E-002  0.103645429330690      -0.157657612496845     
  7.750604996478090E-002  8.539705248200188E-002 -0.129474082156746     
  5.934777127567365E-002  6.794576350897794E-002 -9.331853790577133E-002
  3.294436182792307E-002  4.799755476614623E-002 -5.443229866569531E-002
  0.000000000000000E+000  0.000000000000000E+000  0.000000000000000E+000
  0.000000000000000E+000  0.000000000000000E+000  0.000000000000000E+000
  0.000000000000000E+000  0.000000000000000E+000  0.000000000000000E+000
  0.000000000000000E+000  0.000000000000000E+000  0.000000000000000E+000
  2.081816446895163E-002  4.387077547924855E-002 -4.341278657254444E-002
  2.114336840809835E-002  9.138032077159644E-002 -8.747811214852237E-002
  2.795197648438197E-002  0.119818615729850      -0.123436786836172     
  3.341368036723957E-002  0.134536580812926      -0.151967006206759     
  4.231038892853521E-002  0.125283458503258      -0.167125383039559     
  4.898554760882311E-002  0.108257891105391      -0.172319503242560     
  5.674529335469815E-002  9.832296923840216E-002 -0.173534850829373     
  6.921721907310477E-002  9.658750034105530E-002 -0.172345494654972     
  8.729656604992074E-002  9.930174883494861E-002 -0.167144351451879     
  9.974046940904384E-002  9.622951016524969E-002 -0.151969182632095     
  8.974887648356673E-002  8.411740921542693E-002 -0.123436043346350     
  6.850722820994917E-002  6.401019371622260E-002 -8.744310214337776E-002
  2.758397264118790E-002  3.995399490321926E-002 -4.340871129476952E-002
  0.000000000000000E+000  0.000000000000000E+000  0.000000000000000E+000
  0.000000000000000E+000  0.000000000000000E+000  0.000000000000000E+000
  0.000000000000000E+000  0.000000000000000E+000  0.000000000000000E+000
  0.000000000000000E+000  0.000000000000000E+000  0.000000000000000E+000
  1.920724994476326E-002  2.809391890527606E-002 -3.256466840454122E-002
  1.483923591246409E-002  9.371801246756378E-002 -7.818447293914269E-002
  1.976682325328335E-002  0.123178040434090      -0.114982081188048     
  2.603271721634655E-002  0.130040146636198      -0.142913661392785     
  3.352675457365945E-002  0.114233470544687      -0.156028850127488     
  4.045800944466695E-002  9.414113678112261E-002 -0.159856458394395     
  4.765286900331737E-002  8.256891384896209E-002 -0.160230549650691     
  6.129004030970327E-002  8.217219795710080E-002 -0.159920165226468     
  8.212954223070260E-002  8.619859916147024E-002 -0.156064871265560     
  9.951842339100647E-002  8.754240489454509E-002 -0.142897317862481     
  9.668993766361861E-002  7.872031636954539E-002 -0.114953856747575     
  7.367009550244097E-002  5.963875018544867E-002 -7.809674006106336E-002
  1.465363953496449E-002  3.070360596628361E-002 -3.256341176849958E-002
  0.000000000000000E+000  0.000000000000000E+000  0.000000000000000E+000
  0.000000000000000E+000  0.000000000000000E+000  0.000000000000000E+000
  0.000000000000000E+000  0.000000000000000E+000  0.000000000000000E+000
  0.000000000000000E+000  0.000000000000000E+000  0.000000000000000E+000
  1.899088140086842E-002  8.015220006959178E-003 -2.306846871568246E-002
  1.081743341212529E-002  9.179214909598381E-002 -6.853317626376869E-002
  1.672578606878588E-002  0.119494282172710      -0.106724501661089     
  1.923803205245075E-002  0.122259650563390      -0.132655778970127     
  2.748731500346405E-002  0.105376859913039      -0.144915647429613     
  3.337835133582130E-002  8.346428837908050E-002 -0.146745509018264     
  4.153592993353447E-002  7.196635344165436E-002 -0.146779238832590     
  5.564878309730405E-002  7.075943017240444E-002 -0.146874918825936     
  7.750849104065531E-002  7.654774352683399E-002 -0.144985413128813     
  9.616913574152679E-002  7.780601241442017E-002 -0.132629403489732     
  9.499393966658812E-002  7.414549893544224E-002 -0.106655703535142     
  7.400366234936614E-002  5.531825461927581E-002 -6.847271161188810E-002
 -2.624709230324158E-003  2.033235625856643E-002 -2.299136029110649E-002
  0.000000000000000E+000  0.000000000000000E+000  0.000000000000000E+000
  0.000000000000000E+000  0.000000000000000E+000  0.000000000000000E+000
  0.000000000000000E+000  0.000000000000000E+000  0.000000000000000E+000
  0.000000000000000E+000  0.000000000000000E+000  0.000000000000000E+000
  1.271208646321444E-002 -8.170827165564463E-003 -1.446841392051022E-002
  1.471460131571078E-002  9.076140425519154E-002 -6.193478861335727E-002
  1.139866657644644E-002  0.106979893943806      -9.615009561842700E-002
  1.634258801574473E-002  0.114736113042928      -0.122436655457248     
  2.166528588665873E-002  9.596040408235691E-002 -0.133228058082096     
  2.876093841899945E-002  7.668816504792685E-002 -0.134853068188229     
  3.722086864810294E-002  6.447224743053470E-002 -0.134384010544927     
  5.216912807465508E-002  6.343946584427725E-002 -0.135088890710253     
  7.230940193323113E-002  6.683029447140579E-002 -0.133346721971738     
  9.111832325648937E-002  7.154935726933775E-002 -0.122421262509102     
  8.678569280717990E-002  6.330781851960227E-002 -9.605329173525247E-002
  7.122984884853556E-002  5.805267543524859E-002 -6.185013018565173E-002
 -1.351365318156933E-002  7.040343375837342E-003 -1.448671419303565E-002
  0.000000000000000E+000  0.000000000000000E+000  0.000000000000000E+000
  0.000000000000000E+000  0.000000000000000E+000  0.000000000000000E+000
  0.000000000000000E+000  0.000000000000000E+000  0.000000000000000E+000
  0.000000000000000E+000  0.000000000000000E+000  0.000000000000000E+000
  1.440682400764988E-002 -6.958773274807587E-003 -1.196424819163800E-002
  1.237655407528798E-002  7.469690384801590E-002 -5.110766891488885E-002
  1.034164398718165E-002  9.439278432357785E-002 -8.443483044933468E-002
  1.234527106895010E-002  0.100704709464881      -0.109059576015369     
  1.713087407723011E-002  8.617610663489707E-002 -0.119876104742516     
  2.440242241159097E-002  6.962917057763986E-002 -0.122483278675723     
  3.378983094963088E-002  5.851586979993414E-002 -0.122365090523769     
  4.831489916507761E-002  5.617897239554515E-002 -0.122849016817119     
  6.616087947664727E-002  5.806637591416415E-002 -0.120066580889408     
  8.095508256620791E-002  6.105616535535634E-002 -0.109058968240262     
  7.652750969634409E-002  5.618355004386082E-002 -8.435531893241706E-002
  5.835707994269808E-002  4.791868382448398E-002 -5.102460151362562E-002
 -1.314474804036141E-002  9.122547443578391E-003 -1.189167721232437E-002
  0.000000000000000E+000  0.000000000000000E+000  0.000000000000000E+000
  0.000000000000000E+000  0.000000000000000E+000  0.000000000000000E+000
  0.000000000000000E+000  0.000000000000000E+000  0.000000000000000E+000
  0.000000000000000E+000  0.000000000000000E+000  0.000000000000000E+000
  8.841272665519167E-003 -8.942806264693537E-003 -6.241891957450522E-003
  1.373508918447322E-002  5.572826334645337E-002 -3.971118312856660E-002
  8.434762744095430E-003  7.298004219969736E-002 -6.725550445711247E-002
  9.553417562407971E-003  8.038473954271470E-002 -8.908291182281862E-002
  1.307179275503950E-002  7.174469696796029E-002 -0.101246863838684     
  1.982915794118706E-002  5.963907684395150E-002 -0.105439183509160     
  2.920939217011462E-002  5.053645889178698E-002 -0.106601571844349     
  4.201118875794058E-002  4.726755343464085E-002 -0.105934259216868     
  5.570775979247251E-002  4.734845422582009E-002 -0.101506276947487     
  6.478541282301858E-002  4.851788778934571E-002 -8.909892823648009E-002
  5.896288686768441E-002  4.380939888989173E-002 -6.721316807173502E-002
  4.136528976682878E-002  3.968236641623455E-002 -3.964346876466606E-002
 -1.217670282080399E-002  3.235103830797763E-003 -6.181427469001777E-003
  0.000000000000000E+000  0.000000000000000E+000  0.000000000000000E+000
  0.000000000000000E+000  0.000000000000000E+000  0.000000000000000E+000
  0.000000000000000E+000  0.000000000000000E+000  0.000000000000000E+000
  0.000000000000000E+000  0.000000000000000E+000  0.000000000000000E+000
  4.944768167911361E-003 -8.447569566306478E-003 -3.814635165568975E-003
  1.152349533902277E-002  3.391043256946334E-002 -2.463751446738338E-002
  6.470196772892098E-003  4.200584135604001E-002 -4.093010969339558E-002
  6.636649350471941E-003  5.290556338897693E-002 -5.989499078220669E-002
  8.180543218119563E-003  4.812222331759508E-002 -7.102079287703063E-002
  1.301266018038999E-002  4.172349478186729E-002 -7.659377224088461E-002
  2.050354989374336E-002  3.542651898013242E-002 -7.872607731962335E-002
  2.988139698456580E-002  3.235384649472417E-002 -7.711323755251816E-002
  3.766266136389684E-002  3.127059097125485E-002 -7.124866790598124E-002
  4.248688109399185E-002  3.223571568862937E-002 -5.996692772136571E-002
  3.311423448801844E-002  2.665272165521059E-002 -4.085136778794252E-002
  2.362235953004016E-002  2.683384013337705E-002 -2.468351270162985E-002
 -9.766099438651827E-003  1.582878128897006E-004 -3.644999637038183E-003
  0.000000000000000E+000  0.000000000000000E+000  0.000000000000000E+000
  0.000000000000000E+000  0.000000000000000E+000  0.000000000000000E+000
  0.000000000000000E+000  0.000000000000000E+000  0.000000000000000E+000
  0.000000000000000E+000  0.000000000000000E+000  0.000000000000000E+000
  4.882424121104466E-004 -3.851223547422472E-003 -3.561463275399766E-003
  7.006795479073060E-003  7.344122745965028E-003 -5.878865153452823E-003
  4.929268480821533E-003  1.018897871893632E-002 -1.131748398819311E-002
  6.799534772317410E-003  1.776215863509123E-002 -1.980011068530188E-002
  5.036342683027712E-003  1.769497839010954E-002 -2.479389236538182E-002
  6.830194871887879E-003  1.737599384882383E-002 -2.980035184814540E-002
  8.816055987120087E-003  1.516243896061576E-002 -3.098749627185039E-002
  1.178269661540603E-002  1.478051733167639E-002 -3.011302393391184E-002
  1.282008609911521E-002  1.331071207256980E-002 -2.491025328902683E-002
  1.199168926620008E-002  1.475339333351512E-002 -1.979495603582607E-002
  6.377053076563557E-003  9.385179924315357E-003 -1.132784265654878E-002
  2.863054001448299E-003  9.698669941312257E-003 -5.861622543677752E-003
 -3.569015811697877E-003 -1.473883880156965E-003 -3.538684830000804E-003
  0.000000000000000E+000  0.000000000000000E+000  0.000000000000000E+000
  0.000000000000000E+000  0.000000000000000E+000  0.000000000000000E+000
  0.000000000000000E+000  0.000000000000000E+000  0.000000000000000E+000
  0.000000000000000E+000  0.000000000000000E+000  0.000000000000000E+000
  0.000000000000000E+000  0.000000000000000E+000  0.000000000000000E+000
  0.000000000000000E+000  0.000000000000000E+000  0.000000000000000E+000
  0.000000000000000E+000  0.000000000000000E+000  0.000000000000000E+000
  0.000000000000000E+000  0.000000000000000E+000  0.000000000000000E+000
  0.000000000000000E+000  0.000000000000000E+000  0.000000000000000E+000
  0.000000000000000E+000  0.000000000000000E+000  0.000000000000000E+000
  0.000000000000000E+000  0.000000000000000E+000  0.000000000000000E+000
  0.000000000000000E+000  0.000000000000000E+000  0.000000000000000E+000
  0.000000000000000E+000  0.000000000000000E+000  0.000000000000000E+000
  0.000000000000000E+000  0.000000000000000E+000  0.000000000000000E+000
  0.000000000000000E+000  0.000000000000000E+000  0.000000000000000E+000
  0.000000000000000E+000  0.000000000000000E+000  0.000000000000000E+000
  0.000000000000000E+000  0.000000000000000E+000  0.000000000000000E+000
  0.000000000000000E+000  0.000000000000000E+000  0.000000000000000E+000
  0.000000000000000E+000  0.000000000000000E+000  0.000000000000000E+000
  0.000000000000000E+000  0.000000000000000E+000  0.000000000000000E+000
  0.000000000000000E+000  0.000000000000000E+000  0.000000000000000E+000
  0.000000000000000E+000  0.000000000000000E+000  0.000000000000000E+000
  0.000000000000000E+000  0.000000000000000E+000  0.000000000000000E+000
  0.000000000000000E+000  0.000000000000000E+000  0.000000000000000E+000
  0.000000000000000E+000  0.000000000000000E+000  0.000000000000000E+000
  0.000000000000000E+000  0.000000000000000E+000  0.000000000000000E+000
  0.000000000000000E+000  0.000000000000000E+000  0.000000000000000E+000
  0.000000000000000E+000  0.000000000000000E+000  0.000000000000000E+000
  0.000000000000000E+000  0.000000000000000E+000  0.000000000000000E+000
  0.000000000000000E+000  0.000000000000000E+000  0.000000000000000E+000
  0.000000000000000E+000  0.000000000000000E+000  0.000000000000000E+000
  0.000000000000000E+000  0.000000000000000E+000  0.000000000000000E+000
  0.000000000000000E+000  0.000000000000000E+000  0.000000000000000E+000
  0.000000000000000E+000  0.000000000000000E+000  0.000000000000000E+000
  0.000000000000000E+000  0.000000000000000E+000  0.000000000000000E+000
  0.000000000000000E+000  0.000000000000000E+000  0.000000000000000E+000
  0.000000000000000E+000  0.000000000000000E+000  0.000000000000000E+000
  0.000000000000000E+000  0.000000000000000E+000  0.000000000000000E+000
 -2.427782063461323E-002 -9.402682350984655E-003 -1.810886365709085E-002
 -0.168981417800742      -1.733144666729363E-002  1.896734272541463E-002
 -0.243128544958770      -4.181561663763064E-003  0.214064132360764     
 -0.189648422237032      -6.729943263965056E-002  0.393033142523153     
  5.060081821137658E-003  0.754447239758777       0.244786326620308     
  0.179637419192055       0.578468691296092       0.208229616479332     
 -3.646186712881982E-002 -7.037583350585760E-002  0.330667602213849     
  0.435720151353105       0.463506108151599       0.201099970654704     
  0.652758966023011       0.375538312258936       0.249855298959527     
  3.454147603416419E-002 -0.205767301383024       0.400844390348381     
  0.136849168014499      -0.210103157942966       0.219876152924931     
  7.136642399921768E-002 -0.158738832946389       2.235168518045805E-002
  6.233359931897755E-003 -2.579373003260468E-002 -1.575365093087251E-002
  0.000000000000000E+000  0.000000000000000E+000  0.000000000000000E+000
  0.000000000000000E+000  0.000000000000000E+000  0.000000000000000E+000
  0.000000000000000E+000  0.000000000000000E+000  0.000000000000000E+000
  0.000000000000000E+000  0.000000000000000E+000  0.000000000000000E+000
 -3.313721098113630E-002 -2.637835697278552E-003 -2.184722200613853E-002
 -0.168022890109465       5.133893369044738E-002 -5.161556663515227E-003
 -0.208204425071404      -3.673925446388742E-002  0.184096832377351     
 -0.155201005798757      -5.848002759930791E-002  0.392915891139629     
 -2.021066419338811E-002  0.570285410312549       0.295590168119689     
  0.130668378073575       0.478823558583792       0.243574326274474     
  4.295917998594423E-002  6.811043076403914E-002  0.324403172109727     
  0.368602838810235       0.363418464374556       0.237645141581717     
  0.508227506110878       0.262247463894956       0.300877668960764     
  2.320860042981743E-002 -0.172965812108263       0.401330768938068     
  8.450158187376337E-002 -0.199277009608075       0.189413745408393     
  0.131295598645266      -0.123158565359786      -1.993370723870751E-003
  1.629091387006828E-002 -2.993298343607581E-002 -1.991941106640034E-002
  0.000000000000000E+000  0.000000000000000E+000  0.000000000000000E+000
  0.000000000000000E+000  0.000000000000000E+000  0.000000000000000E+000
  0.000000000000000E+000  0.000000000000000E+000  0.000000000000000E+000
  0.000000000000000E+000  0.000000000000000E+000  0.000000000000000E+000
 -4.588792676019923E-002  2.437971538111458E-003 -2.894980716733330E-002
 -0.167623208858004       0.201498924475185      -5.166414776451723E-002
 -0.156822520426790      -6.747367071722637E-002  0.141035359805968     
 -0.118566882496238      -0.153504282219715       0.397726521393369     
 -4.410647434673265E-002  0.263173123559863       0.384052857225163     
  8.759775672099400E-002  0.377198882877362       0.300824987362989     
  0.108710197388067       0.182615527362122       0.335750527285156     
  0.293312474545317       0.266630048527002       0.298869270479415     
  0.253876861048569       8.787445197747587E-002  0.389641460480655     
 -8.220580698583958E-002 -0.191439303031455       0.407542455960126     
  2.039243681003447E-002 -0.175480159172300       0.146289595149356     
  0.262470827797087      -4.664353935872137E-002 -4.932889008126008E-002
  2.689085406637254E-002 -3.865302930857589E-002 -2.745241588987706E-002
  0.000000000000000E+000  0.000000000000000E+000  0.000000000000000E+000
  0.000000000000000E+000  0.000000000000000E+000  0.000000000000000E+000
  0.000000000000000E+000  0.000000000000000E+000  0.000000000000000E+000
  0.000000000000000E+000  0.000000000000000E+000  0.000000000000000E+000
 -3.813285665634765E-002 -4.962387510161902E-003 -3.988936169356143E-002
 -0.179097745662366       0.364145796853861      -0.126233769236695     
 -0.117831341943786       4.043532339822319E-002  4.880967358716913E-002
 -5.115570018237289E-002 -0.118939301403182       0.309946465445569     
 -3.917267698615646E-003 -0.291596402646848       0.592218748124221     
  0.102327117641573       0.245827558922601       0.373021334707885     
  0.353058324891055       0.608778136753494       0.129574103358600     
  0.162596032912612       0.207528792518340       0.377429627175032     
 -0.244885068555003      -0.149568524925558       0.594757984091443     
 -8.365479864727954E-002 -0.112316398938200       0.318225705105596     
  8.798589215760673E-002 -8.858715916962452E-002  5.400174271486976E-002
  0.408650078526380       2.535246872204430E-002 -0.125065617775915     
  1.594698432449782E-002 -3.569323461402431E-002 -3.870160160746489E-002
  0.000000000000000E+000  0.000000000000000E+000  0.000000000000000E+000
  0.000000000000000E+000  0.000000000000000E+000  0.000000000000000E+000
  0.000000000000000E+000  0.000000000000000E+000  0.000000000000000E+000
  0.000000000000000E+000  0.000000000000000E+000  0.000000000000000E+000
 -1.950275215940570E-002 -1.807859110858918E-002 -4.257803082580882E-002
 -0.161906961670718       0.379360093337794      -0.176788783981699     
 -3.513395731457889E-002 -0.106272313459401       1.189396742520881E-002
  5.070571525609378E-002 -0.302725608433822       0.280682633777386     
  0.121817962415281      -0.334177459131395       0.591794684832709     
  0.267003316601442       0.522537910815929       0.110005991500631     
  0.719416965667514        1.24410810183939      -0.516294426239049     
  0.319786380819002       0.490711172832319       0.115205612779413     
 -0.343700346000309      -5.951489245996640E-002  0.591548159685939     
 -0.286136743144479      -0.109627412112400       0.283823446259367     
 -7.559220718760944E-002 -8.712383726756605E-002  1.426435058477433E-002
  0.414316816459585       4.965349358841201E-002 -0.177275409581581     
 -5.471328358626782E-003 -2.623616565390447E-002 -4.152470144344876E-002
  0.000000000000000E+000  0.000000000000000E+000  0.000000000000000E+000
  0.000000000000000E+000  0.000000000000000E+000  0.000000000000000E+000
  0.000000000000000E+000  0.000000000000000E+000  0.000000000000000E+000
  0.000000000000000E+000  0.000000000000000E+000  0.000000000000000E+000
 -2.210797986067374E-002  6.157947314829521E-004 -4.294105863512965E-002
 -8.928953458971205E-002  0.228127180817979      -0.191740323462267     
  9.308562543155253E-002 -0.429809241194676       7.903001939209843E-002
  0.162889157638445      -0.148468460627656       0.112166706238150     
  0.281889755849340       0.416486696579389      -6.637266150124897E-002
  0.348417445265122       0.551097373864355      -6.414193048503394E-002
  0.557129593343518       0.963157357406849      -0.433832135006435     
  0.308985598992334       0.580977477377789      -6.517150832855292E-002
  0.218688337821139       0.449442549174037      -5.957116784118574E-002
 -0.207028785976476       6.616656269715353E-002  0.113161631976106     
 -0.409363428419820      -0.132958054534038       7.589334337491400E-002
  0.251613060206820       3.869717229642501E-002 -0.194181916492329     
  1.094507001743935E-002 -1.838770722622025E-002 -4.236763639353848E-002
  0.000000000000000E+000  0.000000000000000E+000  0.000000000000000E+000
  0.000000000000000E+000  0.000000000000000E+000  0.000000000000000E+000
  0.000000000000000E+000  0.000000000000000E+000  0.000000000000000E+000
  0.000000000000000E+000  0.000000000000000E+000  0.000000000000000E+000
 -2.657078848380344E-002  1.753684421324994E-003 -4.727710985507490E-002
 -1.478105564412200E-002  3.820161918741526E-002 -0.160167648846794     
  0.152718423221624      -0.355172866010526       3.084761744453417E-002
  0.183541866493245       0.447985470112624      -0.386318519239797     
  0.335512741106299       0.897506992644653      -0.742009790362033     
  0.351872384865246       0.481061902159143      -0.115783041566806     
  0.323519610031748       0.558046247047414      -0.130805196899122     
  0.243627014813999       0.545905153652448      -0.113171232137379     
  0.599312941184133       0.732417447817712      -0.725269400272476     
  0.289729147940707       0.378464049226471      -0.378550160301545     
 -0.370296931387562      -4.238060773018713E-002  2.421635113174506E-002
  5.399671942861586E-002  1.026060428031591E-002 -0.164701650033061     
  1.305533798466522E-002 -2.185992440194812E-002 -4.619500190669830E-002
  0.000000000000000E+000  0.000000000000000E+000  0.000000000000000E+000
  0.000000000000000E+000  0.000000000000000E+000  0.000000000000000E+000
  0.000000000000000E+000  0.000000000000000E+000  0.000000000000000E+000
  0.000000000000000E+000  0.000000000000000E+000  0.000000000000000E+000
 -1.829664567677957E-002 -4.598106912031718E-003 -5.044452030055519E-002
  2.921989759143793E-002 -3.726318566499008E-002 -0.122465765580866     
  0.124291008600704      -1.025083306768325E-002 -0.174323413779467     
  0.185433693973130       0.506490294335914      -0.551080557359997     
  0.271890825565659       0.546765419883217      -0.516449604357986     
  0.318590908798533       0.583588727431247      -0.449711496718624     
  0.219428334358729       0.377686988191349      -0.107306206504855     
  0.347458066365673       0.567547641081639      -0.446950688719096     
  0.335950253143007       0.507677642712062      -0.511097128321498     
  0.339605445378162       0.410269763677562      -0.542140926213790     
 -6.565444590358721E-002  0.102716064986431      -0.176558417776585     
 -3.457223358735168E-002  1.120342139362667E-002 -0.127690213447460     
  3.823462853681778E-003 -1.797576492151939E-002 -4.897866064173906E-002
  0.000000000000000E+000  0.000000000000000E+000  0.000000000000000E+000
  0.000000000000000E+000  0.000000000000000E+000  0.000000000000000E+000
  0.000000000000000E+000  0.000000000000000E+000  0.000000000000000E+000
  0.000000000000000E+000  0.000000000000000E+000  0.000000000000000E+000
 -3.628028080132212E-003 -1.213467564001283E-002 -3.539942763888449E-002
  3.089213878309763E-002 -9.644873218788659E-003 -9.723986683103585E-002
  8.287609294146661E-002  0.134000668431609      -0.250594180402318     
  0.149573746283278       0.240933404789239      -0.319164699121555     
  0.204885458551536       0.238943896650105      -0.154199359150640     
  0.161051216812786       0.224152314189468      -0.157695696231197     
  4.362281602714203E-002  7.498782087808185E-002  0.389466161788458     
  0.114043320290092       0.251039442918652      -0.152864472037289     
  0.106202218257659       0.297642884896100      -0.157204280320028     
  0.139999213945593       0.251110841870180      -0.324874043685922     
  7.332126851763261E-002  0.137078881596079      -0.246691458115927     
 -1.813143906570030E-002  2.496271583946267E-002 -0.100936768922443     
 -8.900152029990817E-003 -9.097365147550027E-003 -3.374096605391536E-002
  0.000000000000000E+000  0.000000000000000E+000  0.000000000000000E+000
  0.000000000000000E+000  0.000000000000000E+000  0.000000000000000E+000
  0.000000000000000E+000  0.000000000000000E+000  0.000000000000000E+000
  0.000000000000000E+000  0.000000000000000E+000  0.000000000000000E+000
 -7.354401560994532E-003 -1.383281534990000E-002 -3.571800862607487E-002
  3.670775565026159E-002 -2.332539466102855E-002 -3.910046066353179E-002
  8.764663177535961E-002  3.661981767834483E-002 -0.110733936802524     
  0.109077124674939       0.113976488556376      -0.127806799333177     
  8.330595772367559E-002  0.184329144772722      -0.168921111302166     
  2.708205554652192E-002 -4.212357867411306E-002  0.321861081280949     
  4.463783628778665E-002  7.610313049737523E-002  0.132904734397936     
 -5.073659727971332E-002  1.576862374883722E-003  0.329408851401314     
  0.117177311640433       0.163859917385988      -0.168568637178561     
  4.866464347039371E-002  0.153798967447231      -0.133890306718491     
 -1.201311238103761E-002  9.354200991102589E-002 -0.109392441526495     
 -3.796391590764074E-002  2.068069789674857E-002 -3.871036573505073E-002
 -8.067696619866272E-003 -1.330842153890761E-002 -3.607853282866514E-002
  0.000000000000000E+000  0.000000000000000E+000  0.000000000000000E+000
  0.000000000000000E+000  0.000000000000000E+000  0.000000000000000E+000
  0.000000000000000E+000  0.000000000000000E+000  0.000000000000000E+000
  0.000000000000000E+000  0.000000000000000E+000  0.000000000000000E+000
  0.000000000000000E+000  0.000000000000000E+000  0.000000000000000E+000
  0.000000000000000E+000  0.000000000000000E+000  0.000000000000000E+000
  0.000000000000000E+000  0.000000000000000E+000  0.000000000000000E+000
  0.000000000000000E+000  0.000000000000000E+000  0.000000000000000E+000
  0.000000000000000E+000  0.000000000000000E+000  0.000000000000000E+000
  0.000000000000000E+000  0.000000000000000E+000  0.000000000000000E+000
  0.000000000000000E+000  0.000000000000000E+000  0.000000000000000E+000
  0.000000000000000E+000  0.000000000000000E+000  0.000000000000000E+000
  0.000000000000000E+000  0.000000000000000E+000  0.000000000000000E+000
  0.000000000000000E+000  0.000000000000000E+000  0.000000000000000E+000
  0.000000000000000E+000  0.000000000000000E+000  0.000000000000000E+000
  0.000000000000000E+000  0.000000000000000E+000  0.000000000000000E+000
  0.000000000000000E+000  0.000000000000000E+000  0.000000000000000E+000
  0.000000000000000E+000  0.000000000000000E+000  0.000000000000000E+000
  0.000000000000000E+000  0.000000000000000E+000  0.000000000000000E+000
  0.000000000000000E+000  0.000000000000000E+000  0.000000000000000E+000
  0.000000000000000E+000  0.000000000000000E+000  0.000000000000000E+000
  0.000000000000000E+000  0.000000000000000E+000  0.000000000000000E+000
  0.000000000000000E+000  0.000000000000000E+000  0.000000000000000E+000
  0.000000000000000E+000  0.000000000000000E+000  0.000000000000000E+000
  0.000000000000000E+000  0.000000000000000E+000  0.000000000000000E+000
  0.000000000000000E+000  0.000000000000000E+000  0.000000000000000E+000
  0.000000000000000E+000  0.000000000000000E+000  0.000000000000000E+000
  0.000000000000000E+000  0.000000000000000E+000  0.000000000000000E+000
  0.000000000000000E+000  0.000000000000000E+000  0.000000000000000E+000
  0.000000000000000E+000  0.000000000000000E+000  0.000000000000000E+000
  0.000000000000000E+000  0.000000000000000E+000  0.000000000000000E+000
  0.000000000000000E+000  0.000000000000000E+000  0.000000000000000E+000
  0.000000000000000E+000  0.000000000000000E+000  0.000000000000000E+000
  0.000000000000000E+000  0.000000000000000E+000  0.000000000000000E+000
  0.000000000000000E+000  0.000000000000000E+000  0.000000000000000E+000
  0.000000000000000E+000  0.000000000000000E+000  0.000000000000000E+000
  0.000000000000000E+000  0.000000000000000E+000  0.000000000000000E+000
  0.000000000000000E+000  0.000000000000000E+000  0.000000000000000E+000
   677.904319658807       -2537.21155072030       -4821.44399967186     
  -1372.80614808982        1212.03589706650       -8814.17706961454     
  -2601.86544972032       -1668.39068392831       -11312.7783310096     
  -2879.54214625007        1098.75404808462       -9490.91861239215     
  -1333.35948384484       -2719.80669340036       -7218.55570432233     
   3066.08582805998        5977.30656693529       -11923.9158146819     
   8269.38841620263        14395.3525054489       -17647.5823259719     
   3708.57880627526        5826.85269224361       -11974.9143096735     
  -1859.34602854360       -2566.86222546440       -7185.22654441037     
   2263.03328530624       -1948.15370607842       -9462.97821210201     
  -44.7612555767202       -2990.28701455987       -11350.4900724662     
   1644.95459905974       -604.047047159346       -8855.12793754346     
  -2503.09862252017       -653.469096498841       -4890.21773875917     
  0.000000000000000E+000  0.000000000000000E+000  0.000000000000000E+000
  0.000000000000000E+000  0.000000000000000E+000  0.000000000000000E+000
  0.000000000000000E+000  0.000000000000000E+000  0.000000000000000E+000
  0.000000000000000E+000  0.000000000000000E+000  0.000000000000000E+000
   43.6883281089179       -2414.79994416833       -4144.14476719192     
  -1759.05013861790        1383.25246134078       -8777.14473898063     
  -2880.70849272702        1633.75860515072       -11137.9740273620     
  -2197.74006607857        3066.63724294220       -10127.1679818744     
  -566.096374613055       -1170.14759858135       -6992.52757600672     
   1109.55306382113        3994.01193098259       -11324.6078705480     
   4037.54762891409        7074.65212104672       -16901.6621895258     
   2953.50573605993        3115.70260606004       -11377.5826537189     
  -853.799656391968       -1094.24021443288       -6960.11315200540     
   3625.37317453388       -367.097756147593       -10105.3153969749     
   2926.65602162050       -1587.91406129135       -11176.6296896129     
   2018.21119182771       -830.893518832242       -8825.25996076524     
  -2082.21255145809       -1150.65152537815       -4204.25284132947     
  0.000000000000000E+000  0.000000000000000E+000  0.000000000000000E+000
  0.000000000000000E+000  0.000000000000000E+000  0.000000000000000E+000
  0.000000000000000E+000  0.000000000000000E+000  0.000000000000000E+000
  0.000000000000000E+000  0.000000000000000E+000  0.000000000000000E+000
  -459.675020791425       -2304.52480847044       -3466.85452218268     
  -2377.39637089153        1744.40686511145       -8225.30215958476     
  -3226.39091742318        9374.09626962334       -11703.1181867981     
  -1328.26991703082        7660.33142801600       -11137.3932795854     
  -233.056481617197        855.234091417510       -7166.79425070577     
  -1400.99932055117       -2096.72140613608       -8434.45391344298     
  -3851.66971526397       -6594.27798268701       -10448.0057626516     
  -1075.85744220338       -2111.35568177147       -8492.67851521485     
   787.973080516794        242.806708993734       -7155.84450393574     
   7193.38177066118        2690.74785575984       -11120.3948732050     
   9773.19040763803        1990.21832775403       -11748.3364312930     
   2691.60939237405       -1155.66681727946       -8282.36273601146     
  -1742.96402691678       -1534.62260261447       -3517.92749012265     
  0.000000000000000E+000  0.000000000000000E+000  0.000000000000000E+000
  0.000000000000000E+000  0.000000000000000E+000  0.000000000000000E+000
  0.000000000000000E+000  0.000000000000000E+000  0.000000000000000E+000
  0.000000000000000E+000  0.000000000000000E+000  0.000000000000000E+000
  -593.335884048857       -1744.39391571472       -3233.39544870875     
  -2218.70479202970        639.036809031156       -7002.43726574894     
  -2834.40691425437        8453.20434790332       -11342.9372900384     
  -926.388112039227        9971.73619773146       -11601.5653964693     
   249.451316032367        5492.58702347659       -8935.47286509514     
   1658.93243202370        8284.14051739571       -13031.8262790455     
   1343.97100694594        2381.79711159032       -12087.3028867179     
   6310.61604669809        5626.19123797950       -13028.4791175520     
   4435.31562487994        2883.58511527845       -8856.41930049700     
   9054.42612618650        4219.06414142906       -11629.4788391151     
   8881.45557437025        1914.77435482094       -11429.7769323849     
   1592.87785639136       -1575.59098147877       -7043.32240816465     
  -1192.55785605608       -1369.34695247865       -3276.19355804756     
  0.000000000000000E+000  0.000000000000000E+000  0.000000000000000E+000
  0.000000000000000E+000  0.000000000000000E+000  0.000000000000000E+000
  0.000000000000000E+000  0.000000000000000E+000  0.000000000000000E+000
  0.000000000000000E+000  0.000000000000000E+000  0.000000000000000E+000
  -793.675585618859       -860.565662815942       -2920.87889541703     
  -1249.73637417827       -1488.10996803335       -5755.14634699720     
  -1704.80570162917        1923.05102008415       -8053.57052017504     
  -405.858384780972        10139.9267380745       -11520.2579342445     
   735.098390417027        2056.32571524672       -6379.56862447832     
   3909.08275076302        15962.1208053169       -18070.9291174368     
   14794.1014092088        25647.8169287521       -28984.1012360516     
   11914.5718807694        11426.7324419003       -18130.1141974072     
   1224.52668170322        1557.87771744567       -6264.75821415327     
   8922.77031235017        4720.58151394220       -11559.0499965513     
   2720.63538617569       -357.818050700710       -8188.89903296071     
  -794.436640353305       -1819.48709054984       -5759.81337778888     
  -341.178971982967       -1095.27106834221       -2957.57794848688     
  0.000000000000000E+000  0.000000000000000E+000  0.000000000000000E+000
  0.000000000000000E+000  0.000000000000000E+000  0.000000000000000E+000
  0.000000000000000E+000  0.000000000000000E+000  0.000000000000000E+000
  0.000000000000000E+000  0.000000000000000E+000  0.000000000000000E+000
  -479.365413323959       -59.3683416357990       -2694.44256610868     
  -1007.79721214701       -2872.08635748470       -4521.00046245059     
  -763.993641741979       -141.933133434780       -5637.64939227226     
  -333.368702530585        9676.52894072131       -11013.6006850154     
   1006.45887606829        600.821752937912       -3953.36958535810     
   3596.93474807289        11665.1664035315       -12913.6882916002     
   15900.6372615684        27470.9057689615       -30878.1992133977     
   8330.29121105003        8920.60483189219       -12941.0036589204     
   28.6481315714547        1159.36005798334       -4012.31026643629     
   8544.32406963238        4558.64199187436       -11086.8412657096     
   387.193766965508       -643.706725607715       -5747.88685361519     
  -2052.37551207796       -2270.93157778757       -4525.24626397850     
   173.077491658672       -444.684301444282       -2713.47850194085     
  0.000000000000000E+000  0.000000000000000E+000  0.000000000000000E+000
  0.000000000000000E+000  0.000000000000000E+000  0.000000000000000E+000
  0.000000000000000E+000  0.000000000000000E+000  0.000000000000000E+000
  0.000000000000000E+000  0.000000000000000E+000  0.000000000000000E+000
  -604.051008184837       -572.409376133895       -1998.75456303825     
  -874.232764063403       -1543.38302757600       -3846.04074677441     
  -241.176566501823       -401.795332856474       -4294.72814060844     
   81.0096443715817        7176.85130217428       -8774.43175770421     
   1698.40337650264        5449.28950444417       -7410.37261639881     
   3739.25369585015        9916.14423285811       -9683.73021928693     
   9394.63467635972        16209.3814922580       -16633.2510147947     
   6765.67788423650        8175.81569905775       -9762.96654739057     
   3944.06936656291        4182.54155451997       -7544.24875606208     
   6154.79836155179        3638.74115978981       -8831.64129801408     
  -192.283782170047       -380.155720159448       -4346.32397409225     
  -862.176450762607       -1480.18265335093       -3868.21682804524     
  -226.181784056373       -791.710694246070       -2006.72093950730     
  0.000000000000000E+000  0.000000000000000E+000  0.000000000000000E+000
  0.000000000000000E+000  0.000000000000000E+000  0.000000000000000E+000
  0.000000000000000E+000  0.000000000000000E+000  0.000000000000000E+000
  0.000000000000000E+000  0.000000000000000E+000  0.000000000000000E+000
  -392.518277229853       -391.093200271232       -1400.14909353100     
  -730.226771809760       -376.159524765224       -3354.78423021483     
   413.329687164278       -1267.78819047829       -2632.91024508456     
   621.345945607640        4430.49145996643       -5318.58358287471     
   1074.72535734904        8450.87357681026       -10625.3352456756     
   3301.06590558303        6486.31901404466       -7482.32115575363     
   2427.14084073499        4202.89500035063        3224.66230841598     
   3886.70665351657        6007.37232151118       -7384.01395962666     
   6821.43404826621        5139.37564287577       -10773.1908496807     
   3443.59988865196        2697.43754215911       -5303.72096986587     
  -1313.79401793526       -273.961953826497       -2648.66710907453     
   124.903448363457       -770.616611136565       -3392.74222070813     
  -163.810209072934       -520.676769816148       -1386.08744356414     
  0.000000000000000E+000  0.000000000000000E+000  0.000000000000000E+000
  0.000000000000000E+000  0.000000000000000E+000  0.000000000000000E+000
  0.000000000000000E+000  0.000000000000000E+000  0.000000000000000E+000
  0.000000000000000E+000  0.000000000000000E+000  0.000000000000000E+000
  -226.481906345898       -114.333293623454       -766.146056849548     
  -303.623958775565       -438.325913391953       -2260.35346203372     
   651.410524039974       -1442.61367922782       -767.105853855551     
   519.127133543098        4009.40504040237       -4371.46020643612     
   1654.70826718447        576.276726313663       -429.337471771275     
  -75.7597861903798       -5219.28298160475        12659.6662243332     
   665.462617385499        1221.98159885665        9718.79295705690     
  -4568.56612139605       -2699.19038950307        12816.3712913164     
  -240.874180647704        1732.45473158210       -706.874701266463     
   3183.13370399341        2418.74540376608       -4367.91127430317     
  -1616.16213738767       -180.573757008250       -740.252669177291     
  -160.489141730973       -437.543270674602       -2310.80003365998     
 -0.451371104600728       -245.121796338488       -730.284230771965     
  0.000000000000000E+000  0.000000000000000E+000  0.000000000000000E+000
  0.000000000000000E+000  0.000000000000000E+000  0.000000000000000E+000
  0.000000000000000E+000  0.000000000000000E+000  0.000000000000000E+000
  0.000000000000000E+000  0.000000000000000E+000  0.000000000000000E+000
  -195.261893328320       -170.035561306034       -889.427357563883     
   36.0321912463737       -547.810584901056       -686.841400152701     
   516.182266486445       -650.897512358342       -493.008447687055     
   256.332501114601        2818.11296841161       -2601.13852900746     
  -105.629944911379       -4245.71587513542        7964.48277103744     
  -618.744788762703       -7613.75466203952        20137.3523492184     
   1467.27556996342        2523.25515302194       -3863.64331402452     
  -6286.46733149839       -4263.28654309800        20027.0436566506     
  -3526.19411563758       -2179.41313316462        7758.12134430412     
   2292.96711717490        1638.09980225920       -2644.24561071021     
  -832.206776364554        97.1934993556555       -477.842509577842     
  -481.177852241400       -224.410022307494       -682.851226516012     
  -54.4289682719428       -256.606626032936       -893.658519770317     
  0.000000000000000E+000  0.000000000000000E+000  0.000000000000000E+000
  0.000000000000000E+000  0.000000000000000E+000  0.000000000000000E+000
  0.000000000000000E+000  0.000000000000000E+000  0.000000000000000E+000
  0.000000000000000E+000  0.000000000000000E+000  0.000000000000000E+000
  0.000000000000000E+000  0.000000000000000E+000  0.000000000000000E+000
  0.000000000000000E+000  0.000000000000000E+000  0.000000000000000E+000
  0.000000000000000E+000  0.000000000000000E+000  0.000000000000000E+000
  0.000000000000000E+000  0.000000000000000E+000  0.000000000000000E+000
  0.000000000000000E+000  0.000000000000000E+000  0.000000000000000E+000
  0.000000000000000E+000  0.000000000000000E+000  0.000000000000000E+000
  0.000000000000000E+000  0.000000000000000E+000  0.000000000000000E+000
  0.000000000000000E+000  0.000000000000000E+000  0.000000000000000E+000
  0.000000000000000E+000  0.000000000000000E+000  0.000000000000000E+000
  0.000000000000000E+000  0.000000000000000E+000  0.000000000000000E+000
  0.000000000000000E+000  0.000000000000000E+000  0.000000000000000E+000
  0.000000000000000E+000  0.000000000000000E+000  0.000000000000000E+000
  0.000000000000000E+000  0.000000000000000E+000  0.000000000000000E+000
  0.000000000000000E+000  0.000000000000000E+000  0.000000000000000E+000
  0.000000000000000E+000  0.000000000000000E+000  0.000000000000000E+000
  0.000000000000000E+000  0.000000000000000E+000  0.000000000000000E+000
  0.000000000000000E+000  0.000000000000000E+000  0.000000000000000E+000
  0.000000000000000E+000  0.000000000000000E+000  0.000000000000000E+000
  0.000000000000000E+000  0.000000000000000E+000  0.000000000000000E+000
  0.000000000000000E+000  0.000000000000000E+000  0.000000000000000E+000
  0.000000000000000E+000  0.000000000000000E+000  0.000000000000000E+000
  0.000000000000000E+000  0.000000000000000E+000  0.000000000000000E+000
  0.000000000000000E+000  0.000000000000000E+000  0.000000000000000E+000
  0.000000000000000E+000  0.000000000000000E+000  0.000000000000000E+000
  0.000000000000000E+000  0.000000000000000E+000  0.000000000000000E+000
  0.000000000000000E+000  0.000000000000000E+000  0.000000000000000E+000
  0.000000000000000E+000  0.000000000000000E+000  0.000000000000000E+000
  0.000000000000000E+000  0.000000000000000E+000  0.000000000000000E+000
  0.000000000000000E+000  0.000000000000000E+000  0.000000000000000E+000
  0.000000000000000E+000  0.000000000000000E+000  0.000000000000000E+000
  0.000000000000000E+000  0.000000000000000E+000  0.000000000000000E+000
  0.000000000000000E+000  0.000000000000000E+000  0.000000000000000E+000
