          80  8.000000000000007E-003  8.000000000000007E-003
  0.000000000000000E+000  0.000000000000000E+000  0.000000000000000E+000
  0.000000000000000E+000  0.000000000000000E+000  0.000000000000000E+000
  2.240128213100362E-002  3.155915850181311E-002 -4.480198185206354E-002
  1.769832213385488E-002  8.543175972243422E-002 -7.670081115443696E-002
  2.271308842593207E-002  0.105754471747380      -0.110059589079247     
  2.394270114614300E-002  0.128578849801876      -0.131092688398451     
  2.799538208421973E-002  0.112678215161089      -0.138767314601325     
  3.262731380431982E-002  8.664257541191903E-002 -0.135630318777637     
  4.062085329355507E-002  7.039852608966828E-002 -0.133331569839009     
  5.867722925548855E-002  7.157818624927367E-002 -0.135639527673864     
  8.352554165160461E-002  8.059625730191801E-002 -0.138782010558224     
  9.930819926663491E-002  8.504098606475466E-002 -0.131097580027273     
  8.017318109464437E-002  7.257054512456643E-002 -0.110088970052076     
  6.505092055378041E-002  5.804088317520532E-002 -7.670031319110968E-002
  1.619090366105192E-002  3.523030170892263E-002 -4.485502075089586E-002
  0.000000000000000E+000  0.000000000000000E+000  0.000000000000000E+000
  0.000000000000000E+000  0.000000000000000E+000  0.000000000000000E+000
  0.000000000000000E+000  0.000000000000000E+000  0.000000000000000E+000
  0.000000000000000E+000  0.000000000000000E+000  0.000000000000000E+000
  2.020584568698116E-002  2.872057825187053E-002 -3.993693107626734E-002
  1.593350154146275E-002  8.272339607840679E-002 -7.464903101970503E-002
  1.926079388033283E-002  0.106694402972638      -0.106505005218294     
  2.138455929544858E-002  0.123279690477237      -0.129505245984552     
  2.752146854797612E-002  0.106584744320575      -0.136938114866805     
  3.310161248572909E-002  8.141680264402883E-002 -0.134113901563047     
  3.908217763657289E-002  6.773450826915478E-002 -0.131018831992067     
  5.391987071753870E-002  6.938624966990292E-002 -0.134132289422168     
  7.849501192795509E-002  7.714135477389791E-002 -0.136957363235766     
  9.599538774277243E-002  8.017244219336898E-002 -0.129510507952708     
  8.270909316715178E-002  7.004319741139858E-002 -0.106524702379159     
  6.359857841691702E-002  5.515676662128832E-002 -7.464673126438630E-002
  1.482709641009741E-002  3.190089076428827E-002 -3.998050207596609E-002
  0.000000000000000E+000  0.000000000000000E+000  0.000000000000000E+000
  0.000000000000000E+000  0.000000000000000E+000  0.000000000000000E+000
  0.000000000000000E+000  0.000000000000000E+000  0.000000000000000E+000
  0.000000000000000E+000  0.000000000000000E+000  0.000000000000000E+000
  1.654809513081429E-002  2.157638150901782E-002 -3.176759337801263E-002
  1.357810098518488E-002  7.954491288611876E-002 -6.960423269192687E-002
  1.369113396883447E-002  0.107345517785178      -0.101169203672309     
  1.842553783834866E-002  0.115659325197354      -0.124489340928365     
  2.496360972415927E-002  9.708839756598842E-002 -0.131802093394866     
  3.076781745109475E-002  7.316785246176692E-002 -0.129407141945299     
  3.527348710741974E-002  6.113510269657672E-002 -0.127097167208160     
  4.795329295912999E-002  6.326243135649738E-002 -0.129441204024725     
  7.155952029795309E-002  7.018648550562609E-002 -0.131833291123507     
  9.087713214866394E-002  7.379250386867633E-002 -0.124491606610085     
  8.604819762683336E-002  6.553667503521651E-002 -0.101174920787896     
  6.204155681115161E-002  5.151989275615868E-002 -6.959197182009270E-002
  1.046180149613745E-002  2.515325740515779E-002 -3.179918807205057E-002
  0.000000000000000E+000  0.000000000000000E+000  0.000000000000000E+000
  0.000000000000000E+000  0.000000000000000E+000  0.000000000000000E+000
  0.000000000000000E+000  0.000000000000000E+000  0.000000000000000E+000
  0.000000000000000E+000  0.000000000000000E+000  0.000000000000000E+000
  1.726713731189248E-002  7.998289824602777E-003 -2.383413805425096E-002
  8.302920796396935E-003  7.619358409709306E-002 -6.061066489563834E-002
  1.178564673879627E-002  0.104926759555450      -9.459971386826302E-002
  1.332222103795053E-002  0.107074593046507      -0.116181749225977     
  2.104118651876795E-002  8.776598848550962E-002 -0.123132559272820     
  2.558523194434280E-002  6.363771609750474E-002 -0.120553960570846     
  3.030481934408833E-002  5.252210657625293E-002 -0.118407147866828     
  4.232878533053394E-002  5.404659587315221E-002 -0.120624743060507     
  6.546582555858335E-002  6.214397105237859E-002 -0.123183584661849     
  8.599370046998260E-002  6.508141180450977E-002 -0.116181185948993     
  8.489842833760972E-002  6.266433368578972E-002 -9.458533937235737E-002
  6.177848046106780E-002  4.526419594174099E-002 -6.058155639322082E-002
 -1.660178098722103E-003  1.898143537349673E-002 -2.385760285949410E-002
  0.000000000000000E+000  0.000000000000000E+000  0.000000000000000E+000
  0.000000000000000E+000  0.000000000000000E+000  0.000000000000000E+000
  0.000000000000000E+000  0.000000000000000E+000  0.000000000000000E+000
  0.000000000000000E+000  0.000000000000000E+000  0.000000000000000E+000
  9.974124630661633E-003 -5.375586290236808E-003 -1.508470246791941E-002
  1.238488758058649E-002  7.524349330290823E-002 -5.459444539930714E-002
  7.300066446948620E-003  9.612695769706441E-002 -8.643889822599779E-002
  1.112215311948017E-002  0.100126994879112      -0.107618641301418     
  1.645742741050149E-002  7.990111498458816E-002 -0.114230571301679     
  2.152002189125653E-002  5.755272776639474E-002 -0.111344529243600     
  2.673470611726166E-002  4.633137403345992E-002 -0.109191671856578     
  3.915009992575984E-002  4.752732783799209E-002 -0.111479761502612     
  6.097904828755988E-002  5.426356432644484E-002 -0.114312680764228     
  8.107711265258706E-002  5.971087044878749E-002 -0.107619266389520     
  7.951828346141146E-002  5.437637629631147E-002 -8.640591007331086E-002
  5.891423705788550E-002  4.830876340451077E-002 -5.455288288133826E-002
 -9.607346653379733E-003  5.985760508316555E-003 -1.510498672415318E-002
  0.000000000000000E+000  0.000000000000000E+000  0.000000000000000E+000
  0.000000000000000E+000  0.000000000000000E+000  0.000000000000000E+000
  0.000000000000000E+000  0.000000000000000E+000  0.000000000000000E+000
  0.000000000000000E+000  0.000000000000000E+000  0.000000000000000E+000
  1.217518490845661E-002 -7.042629098705944E-003 -1.339278005844367E-002
  1.125492274394802E-002  6.658860231235142E-002 -4.622159402808423E-002
  6.710544552544139E-003  8.480859697604366E-002 -7.702645256249079E-002
  8.768250206447782E-003  9.061544774982341E-002 -9.753723764987846E-002
  1.267511904368108E-002  7.251608720856426E-002 -0.104273008162803     
  1.819983556740827E-002  5.309274320023068E-002 -0.102165055755542     
  2.429782115000231E-002  4.209516189463176E-002 -0.100162915006090     
  3.701305093793920E-002  4.246159663854970E-002 -0.102390475640764     
  5.651313431195405E-002  4.732629187695102E-002 -0.104402742021883     
  7.402101037875596E-002  5.292442657706441E-002 -9.754323139869990E-002
  7.002712901214206E-002  4.821969684178260E-002 -7.698636461821172E-002
  5.197738995615421E-002  4.298112288499632E-002 -4.616996980634660E-002
 -1.215364288629882E-002  7.062965461083206E-003 -1.340395674191105E-002
  0.000000000000000E+000  0.000000000000000E+000  0.000000000000000E+000
  0.000000000000000E+000  0.000000000000000E+000  0.000000000000000E+000
  0.000000000000000E+000  0.000000000000000E+000  0.000000000000000E+000
  0.000000000000000E+000  0.000000000000000E+000  0.000000000000000E+000
  9.267799094829773E-003 -4.313952248606976E-003 -8.300282033451251E-003
  1.248925665192320E-002  5.087212119270887E-002 -3.838292071962840E-002
  5.817357251951126E-003  7.063856010045974E-002 -6.402031790739836E-002
  6.911525424652441E-003  7.622716352686473E-002 -8.402456693024909E-002
  9.671327987068360E-003  6.323549491554868E-002 -9.143286873034755E-002
  1.484943957261773E-002  4.742641484796033E-002 -9.118484841610267E-002
  2.186715230867243E-002  3.786630338029340E-002 -8.994656313744369E-002
  3.383728110144471E-002  3.675771816149480E-002 -9.150992194513199E-002
  5.000475000255970E-002  4.009928713561159E-002 -9.160836398772075E-002
  6.250684005541407E-002  4.413896360065926E-002 -8.404733450123039E-002
  5.822474683479457E-002  4.036582612802567E-002 -6.398066478783268E-002
  3.775036468925984E-002  3.619058279920789E-002 -3.833227590255911E-002
 -8.346648590704817E-003  5.896578741510683E-003 -8.296020441742945E-003
  0.000000000000000E+000  0.000000000000000E+000  0.000000000000000E+000
  0.000000000000000E+000  0.000000000000000E+000  0.000000000000000E+000
  0.000000000000000E+000  0.000000000000000E+000  0.000000000000000E+000
  0.000000000000000E+000  0.000000000000000E+000  0.000000000000000E+000
  8.721768983625503E-003 -5.363706967501711E-003 -8.168890936421805E-003
  1.085872642189533E-002  3.509379926546080E-002 -2.629084173415081E-002
  5.586084200580614E-003  4.998954692900987E-002 -4.779410469314387E-002
  6.164471380155324E-003  5.753039453660720E-002 -6.464188236878032E-002
  6.854425307475084E-003  4.922436289961161E-002 -7.307426745806071E-002
  1.152389655116558E-002  3.881015472579698E-002 -7.488418936662272E-002
  1.793445121761578E-002  3.101772487676014E-002 -7.494390557722364E-002
  2.806198709331074E-002  2.958190336338242E-002 -7.527807717102296E-002
  3.927985965829667E-002  3.066025732645511E-002 -7.327339572479437E-002
  4.670506128357765E-002  3.414021561082863E-002 -6.467515163620012E-002
  4.049488960239667E-002  2.985785677370099E-002 -4.777262044848440E-002
  2.490735360334022E-002  2.687322169095041E-002 -2.623726207852594E-002
 -8.993880906453377E-003  4.904242564904629E-003 -8.158711723140560E-003
  0.000000000000000E+000  0.000000000000000E+000  0.000000000000000E+000
  0.000000000000000E+000  0.000000000000000E+000  0.000000000000000E+000
  0.000000000000000E+000  0.000000000000000E+000  0.000000000000000E+000
  0.000000000000000E+000  0.000000000000000E+000  0.000000000000000E+000
  5.776658047262562E-003 -4.198803644831974E-003 -3.968834504864875E-003
  6.939209515817902E-003  1.762645150418361E-002 -1.459733750524906E-002
  5.883455297449915E-003  2.747496579600249E-002 -2.714990427287409E-002
  4.672323318163768E-003  3.385917299885188E-002 -3.935564009931389E-002
  4.697820173258250E-003  3.076508184392882E-002 -4.663771824032555E-002
  7.214845593041010E-003  2.516986401163233E-002 -4.983353344164268E-002
  1.188624843630393E-002  2.052120957255487E-002 -5.086330613516055E-002
  1.837151725877508E-002  1.899120407205880E-002 -5.020253858894314E-002
  2.434395732524377E-002  1.953810725104579E-002 -4.680606301927854E-002
  2.696922498345848E-002  2.099586664340468E-002 -3.937477449060690E-002
  2.086180823024167E-002  1.885698588437762E-002 -2.715661796701547E-002
  1.177846681869065E-002  1.476940667605571E-002 -1.455208763599473E-002
 -6.538854043919361E-003  2.908773385886598E-003 -3.964070138465830E-003
  0.000000000000000E+000  0.000000000000000E+000  0.000000000000000E+000
  0.000000000000000E+000  0.000000000000000E+000  0.000000000000000E+000
  0.000000000000000E+000  0.000000000000000E+000  0.000000000000000E+000
  0.000000000000000E+000  0.000000000000000E+000  0.000000000000000E+000
  1.453144799563857E-003 -3.206111596364789E-003 -1.731078432392242E-003
  3.711199051643411E-003  4.026731276851452E-003 -4.211838444528968E-003
  3.875047833659590E-003  5.165995835904378E-003 -6.874401133761495E-003
  4.156104862480900E-003  9.944014801277413E-003 -1.130625372438404E-002
  3.267255514341386E-003  9.524524986090036E-003 -1.374734012500885E-002
  3.590081858471241E-003  9.191186278474631E-003 -1.614342883603072E-002
  4.546888971019404E-003  7.808470153097432E-003 -1.679922243657466E-002
  6.251425219237289E-003  7.829957156142330E-003 -1.631825615444032E-002
  6.620637199720078E-003  7.644156318814404E-003 -1.380171609518638E-002
  6.538134595342741E-003  8.564237053986465E-003 -1.130636249659587E-002
  2.550105069861877E-003  5.940365696975417E-003 -6.874737872554865E-003
  1.640978990472272E-003  5.213468358593143E-003 -4.207484023635031E-003
 -3.505087877805673E-003 -3.477694550788014E-004 -1.717185953009431E-003
  0.000000000000000E+000  0.000000000000000E+000  0.000000000000000E+000
  0.000000000000000E+000  0.000000000000000E+000  0.000000000000000E+000
  0.000000000000000E+000  0.000000000000000E+000  0.000000000000000E+000
  0.000000000000000E+000  0.000000000000000E+000  0.000000000000000E+000
  0.000000000000000E+000  0.000000000000000E+000  0.000000000000000E+000
  0.000000000000000E+000  0.000000000000000E+000  0.000000000000000E+000
  0.000000000000000E+000  0.000000000000000E+000  0.000000000000000E+000
  0.000000000000000E+000  0.000000000000000E+000  0.000000000000000E+000
  0.000000000000000E+000  0.000000000000000E+000  0.000000000000000E+000
  0.000000000000000E+000  0.000000000000000E+000  0.000000000000000E+000
  0.000000000000000E+000  0.000000000000000E+000  0.000000000000000E+000
  0.000000000000000E+000  0.000000000000000E+000  0.000000000000000E+000
  0.000000000000000E+000  0.000000000000000E+000  0.000000000000000E+000
  0.000000000000000E+000  0.000000000000000E+000  0.000000000000000E+000
  0.000000000000000E+000  0.000000000000000E+000  0.000000000000000E+000
  0.000000000000000E+000  0.000000000000000E+000  0.000000000000000E+000
  0.000000000000000E+000  0.000000000000000E+000  0.000000000000000E+000
  0.000000000000000E+000  0.000000000000000E+000  0.000000000000000E+000
  0.000000000000000E+000  0.000000000000000E+000  0.000000000000000E+000
  0.000000000000000E+000  0.000000000000000E+000  0.000000000000000E+000
  0.000000000000000E+000  0.000000000000000E+000  0.000000000000000E+000
  0.000000000000000E+000  0.000000000000000E+000  0.000000000000000E+000
  0.000000000000000E+000  0.000000000000000E+000  0.000000000000000E+000
  0.000000000000000E+000  0.000000000000000E+000  0.000000000000000E+000
  0.000000000000000E+000  0.000000000000000E+000  0.000000000000000E+000
  0.000000000000000E+000  0.000000000000000E+000  0.000000000000000E+000
  0.000000000000000E+000  0.000000000000000E+000  0.000000000000000E+000
  0.000000000000000E+000  0.000000000000000E+000  0.000000000000000E+000
  0.000000000000000E+000  0.000000000000000E+000  0.000000000000000E+000
  0.000000000000000E+000  0.000000000000000E+000  0.000000000000000E+000
  0.000000000000000E+000  0.000000000000000E+000  0.000000000000000E+000
  0.000000000000000E+000  0.000000000000000E+000  0.000000000000000E+000
  0.000000000000000E+000  0.000000000000000E+000  0.000000000000000E+000
  0.000000000000000E+000  0.000000000000000E+000  0.000000000000000E+000
  0.000000000000000E+000  0.000000000000000E+000  0.000000000000000E+000
  0.000000000000000E+000  0.000000000000000E+000  0.000000000000000E+000
  0.000000000000000E+000  0.000000000000000E+000  0.000000000000000E+000
  0.000000000000000E+000  0.000000000000000E+000  0.000000000000000E+000
 -0.110965368622584      -0.453398136315203       0.450968038756971     
  1.184154029211128E-002 -0.354209057197131       0.805469012724905     
  0.164763274421347      -5.852039715779439E-002   1.02312492832237     
  0.216408987942077      -0.550218623181312        1.06573526264492     
  0.266103360221256       0.406916079269980       0.829594755598010     
  0.313335920353352       0.598151765373251       0.771599165387116     
  0.430468976559560       0.745435644358942       0.776968802849237     
  0.364254105143947       0.572785190336326       0.773850844882714     
  0.232802563482900       0.446944343497370       0.827932411421438     
 -0.593427339821763      -8.855358921812695E-002   1.07466578885162     
 -0.148133603080247       0.110318588040630        1.03730831402417     
 -0.304267156375406      -0.163349960030017       0.811008908244785     
 -0.318357235496652      -0.314937868740366       0.452533922255070     
  0.000000000000000E+000  0.000000000000000E+000  0.000000000000000E+000
  0.000000000000000E+000  0.000000000000000E+000  0.000000000000000E+000
  0.000000000000000E+000  0.000000000000000E+000  0.000000000000000E+000
  0.000000000000000E+000  0.000000000000000E+000  0.000000000000000E+000
 -0.103701826141549      -0.383351144217461       0.392763611078978     
  0.101230640516092      -0.508748132434663       0.812126650155807     
  0.197396182557913      -0.452795181302862        1.05743998990804     
  0.203665804572961      -0.510806718644706        1.08176319504188     
  0.248259383321167       0.474472804539902       0.801561623849607     
  0.353971352350342       0.658175373081636       0.775804787820148     
  0.415267979824750       0.717735222363429       0.780075446414726     
  0.394519317676010       0.636813761039010       0.778551174826033     
  0.298887390460278       0.462987453532201       0.800167055094158     
 -0.549326671223057      -7.912102881130868E-002   1.09088257999317     
 -0.505826582320014      -5.782705840354394E-002   1.07124566589454     
 -0.482805973431795      -0.163101416131154       0.817272491808494     
 -0.264227974782513      -0.274091748919390       0.394382109017022     
  0.000000000000000E+000  0.000000000000000E+000  0.000000000000000E+000
  0.000000000000000E+000  0.000000000000000E+000  0.000000000000000E+000
  0.000000000000000E+000  0.000000000000000E+000  0.000000000000000E+000
  0.000000000000000E+000  0.000000000000000E+000  0.000000000000000E+000
 -9.049654152096281E-002 -0.229887217258234       0.304540885979171     
  0.218554344834774      -0.852002055640803       0.825294003621141     
  0.296682567288636       -1.18815620735695        1.16010348310359     
  0.191129495447874      -0.519228155576473        1.10346555607971     
  0.291905508555041       0.666651515533083       0.722828494914432     
  0.394369354652698       0.784533676622144       0.748343922139513     
  0.392905203861110       0.678354567297228       0.765314323526205     
  0.481445351432557       0.731430940175038       0.752262660091392     
  0.443067726537293       0.594847883508893       0.721788604050240     
 -0.546161872601563      -9.261181419157270E-002   1.11143486483532     
  -1.19262455969066      -0.339884739509074        1.17365327563020     
 -0.838064785618282      -0.232108233306174       0.829309841496325     
 -0.143208304264446      -0.187791688052666       0.306668420713985     
  0.000000000000000E+000  0.000000000000000E+000  0.000000000000000E+000
  0.000000000000000E+000  0.000000000000000E+000  0.000000000000000E+000
  0.000000000000000E+000  0.000000000000000E+000  0.000000000000000E+000
  0.000000000000000E+000  0.000000000000000E+000  0.000000000000000E+000
 -0.123856121302963      -4.341210802142387E-002  0.239094120705579     
  0.310538419677291       -1.06180062411233       0.761036117216533     
  0.321339441542541       -1.31620658967868        1.17916184026382     
  0.242700693549418      -0.285408279019257       0.982862862008468     
  0.325621624679452       0.986350074215910       0.493537469082441     
  0.425544534129923       0.813833212095153       0.664547942721592     
  0.265711901612877       0.458521003328147       0.904431760670149     
  0.485037704192931       0.766613993686520       0.674170892850743     
  0.693814789677968       0.776210295834039       0.496836959901066     
 -0.371170144389639       6.701404008770792E-002  0.990471731959380     
  -1.31474923890200      -0.381638066557098        1.19191413539919     
  -1.06505467128948      -0.257784793170754       0.764128599137963     
  2.787123464264048E-002 -0.125185994870215       0.242023251019692     
  0.000000000000000E+000  0.000000000000000E+000  0.000000000000000E+000
  0.000000000000000E+000  0.000000000000000E+000  0.000000000000000E+000
  0.000000000000000E+000  0.000000000000000E+000  0.000000000000000E+000
  0.000000000000000E+000  0.000000000000000E+000  0.000000000000000E+000
 -4.852917666188987E-002  5.565524040205596E-002  0.158836026220587     
  0.205242934039527      -0.920347036817609       0.665935683645164     
  0.265588885751501      -0.687265925416403       0.909892150623432     
  0.235813518273819       1.736265719598441E-003  0.757737420945418     
  0.336045198957191       0.858624756007237       0.429704895474945     
  0.410543760875129       0.773514949304617       0.592968265192832     
  0.329619284248092       0.570722040844895       0.796236942128416     
  0.454253355637737       0.730913450756533       0.608290619299328     
  0.571021747110005       0.716338096350794       0.437382759844775     
 -0.128511806280441       0.199408037049395       0.769448374793693     
 -0.742933150502200      -0.116595356617088       0.922497511222952     
 -0.890929041635977      -0.277055982000617       0.668382132904760     
  7.275791143551900E-002 -1.379245940947102E-002  0.162351662774179     
  0.000000000000000E+000  0.000000000000000E+000  0.000000000000000E+000
  0.000000000000000E+000  0.000000000000000E+000  0.000000000000000E+000
  0.000000000000000E+000  0.000000000000000E+000  0.000000000000000E+000
  0.000000000000000E+000  0.000000000000000E+000  0.000000000000000E+000
 -3.886251100902043E-002  5.867149274464217E-002  0.161924803019325     
  0.112672545071931      -0.551574832697365       0.495952898809390     
  0.137564772608321      -1.452993223508293E-002  0.523241311052395     
  0.248567066097414      -8.972290473124749E-002  0.715817800219299     
  0.316146108127530       0.465160632586326       0.617264759879218     
  0.416782273896044       0.921059663315881       0.322591365477915     
  0.554867187486770       0.961001196298874       0.168823184461381     
  0.581567546877793       0.814239080147235       0.335774764163983     
  0.248380588190814       0.506580141894942       0.615336213372651     
 -0.214464492686724       0.163762365718005       0.727974477409717     
 -9.960348356255516E-002  0.107049236271707       0.537660838502657     
 -0.527646741419195      -0.173920485056861       0.498434305627883     
  6.967312100295527E-002 -3.794615267676835E-003  0.164536567434157     
  0.000000000000000E+000  0.000000000000000E+000  0.000000000000000E+000
  0.000000000000000E+000  0.000000000000000E+000  0.000000000000000E+000
  0.000000000000000E+000  0.000000000000000E+000  0.000000000000000E+000
  0.000000000000000E+000  0.000000000000000E+000  0.000000000000000E+000
  2.176203101500994E-003  1.000109902297851E-002  0.117291049535212     
  1.393245978636323E-002 -0.146436649191008       0.321556184886966     
  7.350167839802145E-002  0.229785648705100       0.249626395978882     
  0.253610355586112      -0.338546760016216       0.851119695736437     
  0.262346999442730       0.332789046726535       0.626435977414015     
  0.365174930342325       0.890026198337245       0.148182677355793     
  0.454371392186392       0.786862284990160       0.225638692939943     
  0.585705182283577       0.760692696042490       0.153440140124952     
  0.165655395241905       0.395859086613635       0.616017658942759     
 -0.424177979004589       4.614987927873168E-002  0.856801918908924     
  0.144258333035529       0.173105837080223       0.264977262961226     
 -0.131602660885973      -5.891737845692920E-002  0.324666546971483     
  8.067061595581604E-003  7.468699302934785E-003  0.119334262471640     
  0.000000000000000E+000  0.000000000000000E+000  0.000000000000000E+000
  0.000000000000000E+000  0.000000000000000E+000  0.000000000000000E+000
  0.000000000000000E+000  0.000000000000000E+000  0.000000000000000E+000
  0.000000000000000E+000  0.000000000000000E+000  0.000000000000000E+000
 -1.169894026262665E-002  3.895810083281272E-003  0.128831337063844     
  2.515559722226127E-003  6.590262025480596E-002  0.138926228727070     
  5.164921298240185E-002  0.163850153163733       0.177502140688937     
  0.205225400220221      -0.330230772513373       0.803653850651939     
  0.170236943955003       0.432855781611064       0.316696118222797     
  0.219979146477067       0.355297218621681       0.622411968428694     
  6.608963564506271E-002  0.116123926290065        1.41175374117071     
  0.200323376655211       0.371737874561360       0.621283349016086     
  0.291030792563973       0.363614523845112       0.312771599868401     
 -0.390440885048897       9.464732265086330E-003  0.806111808168673     
  0.103329792566037       0.121868834583096       0.190746353750773     
  5.505151885584675E-002  3.566752216254480E-002  0.141366434165809     
  1.047858331426588E-002 -7.289117897201824E-003  0.131638465652689     
  0.000000000000000E+000  0.000000000000000E+000  0.000000000000000E+000
  0.000000000000000E+000  0.000000000000000E+000  0.000000000000000E+000
  0.000000000000000E+000  0.000000000000000E+000  0.000000000000000E+000
  0.000000000000000E+000  0.000000000000000E+000  0.000000000000000E+000
 -5.493622685752146E-003  9.572940684599950E-003  8.244949053169537E-002
  1.457968557185046E-002  9.680709204278538E-002  4.236667995632169E-002
  2.449585495482261E-002  4.514051693452393E-002  0.153021440172347     
  8.842779285633420E-002 -7.516927107238756E-002  0.432253286479848     
  7.914583720867630E-002  0.351396947631469       3.475086556586247E-002
  0.112675177615681      -0.145358151001454        1.22399041358034     
 -0.101517530931042      -0.171737199935107        1.93645275287246     
 -0.174759041555267       3.139015396636258E-002   1.21492721473587     
  0.263977791865269       0.244352465026590       3.208295732109765E-002
 -0.113805326186010       3.609466165278673E-002  0.437679556621176     
  2.062585053927413E-002  4.047544966147095E-002  0.159969300198147     
  7.578566412571772E-002  6.057562757399700E-002  4.545811864542912E-002
  1.138830384731627E-002  7.092083886847525E-004  8.261015372283402E-002
  0.000000000000000E+000  0.000000000000000E+000  0.000000000000000E+000
  0.000000000000000E+000  0.000000000000000E+000  0.000000000000000E+000
  0.000000000000000E+000  0.000000000000000E+000  0.000000000000000E+000
  0.000000000000000E+000  0.000000000000000E+000  0.000000000000000E+000
  1.891279318642307E-003  1.643651530552248E-002  3.912094832194810E-002
  1.286517483996754E-002  3.055930210509551E-002  2.493207852166471E-002
  1.081870528292752E-002  2.158221273232166E-002  7.522399600211827E-002
  2.658084910592274E-002  7.569885982456551E-002  7.869181586942564E-002
  3.518828434652472E-002  0.156221616136715      -6.601794098398890E-003
  1.544293382803690E-002 -9.117915795911537E-002  0.677965653254157     
 -2.446716844666541E-002 -4.351436291580664E-002  0.730997887290395     
 -8.001379912915448E-002 -2.970612683155069E-002  0.669478590906038     
  0.118348781757928       0.110914654748352      -1.223456519762759E-002
  4.944947986447241E-002  5.937858562230961E-002  8.097820572494591E-002
  1.240650578363324E-002  1.879142005998590E-002  7.687995023229877E-002
  2.025702757745329E-002  2.630018001862034E-002  2.594488106510256E-002
  1.324741068726845E-002  1.019547072730197E-002  3.973374588397652E-002
  0.000000000000000E+000  0.000000000000000E+000  0.000000000000000E+000
  0.000000000000000E+000  0.000000000000000E+000  0.000000000000000E+000
  0.000000000000000E+000  0.000000000000000E+000  0.000000000000000E+000
  0.000000000000000E+000  0.000000000000000E+000  0.000000000000000E+000
  0.000000000000000E+000  0.000000000000000E+000  0.000000000000000E+000
  0.000000000000000E+000  0.000000000000000E+000  0.000000000000000E+000
  0.000000000000000E+000  0.000000000000000E+000  0.000000000000000E+000
  0.000000000000000E+000  0.000000000000000E+000  0.000000000000000E+000
  0.000000000000000E+000  0.000000000000000E+000  0.000000000000000E+000
  0.000000000000000E+000  0.000000000000000E+000  0.000000000000000E+000
  0.000000000000000E+000  0.000000000000000E+000  0.000000000000000E+000
  0.000000000000000E+000  0.000000000000000E+000  0.000000000000000E+000
  0.000000000000000E+000  0.000000000000000E+000  0.000000000000000E+000
  0.000000000000000E+000  0.000000000000000E+000  0.000000000000000E+000
  0.000000000000000E+000  0.000000000000000E+000  0.000000000000000E+000
  0.000000000000000E+000  0.000000000000000E+000  0.000000000000000E+000
  0.000000000000000E+000  0.000000000000000E+000  0.000000000000000E+000
  0.000000000000000E+000  0.000000000000000E+000  0.000000000000000E+000
  0.000000000000000E+000  0.000000000000000E+000  0.000000000000000E+000
  0.000000000000000E+000  0.000000000000000E+000  0.000000000000000E+000
  0.000000000000000E+000  0.000000000000000E+000  0.000000000000000E+000
  0.000000000000000E+000  0.000000000000000E+000  0.000000000000000E+000
  0.000000000000000E+000  0.000000000000000E+000  0.000000000000000E+000
  0.000000000000000E+000  0.000000000000000E+000  0.000000000000000E+000
  0.000000000000000E+000  0.000000000000000E+000  0.000000000000000E+000
  0.000000000000000E+000  0.000000000000000E+000  0.000000000000000E+000
  0.000000000000000E+000  0.000000000000000E+000  0.000000000000000E+000
  0.000000000000000E+000  0.000000000000000E+000  0.000000000000000E+000
  0.000000000000000E+000  0.000000000000000E+000  0.000000000000000E+000
  0.000000000000000E+000  0.000000000000000E+000  0.000000000000000E+000
  0.000000000000000E+000  0.000000000000000E+000  0.000000000000000E+000
  0.000000000000000E+000  0.000000000000000E+000  0.000000000000000E+000
  0.000000000000000E+000  0.000000000000000E+000  0.000000000000000E+000
  0.000000000000000E+000  0.000000000000000E+000  0.000000000000000E+000
  0.000000000000000E+000  0.000000000000000E+000  0.000000000000000E+000
  0.000000000000000E+000  0.000000000000000E+000  0.000000000000000E+000
  0.000000000000000E+000  0.000000000000000E+000  0.000000000000000E+000
  0.000000000000000E+000  0.000000000000000E+000  0.000000000000000E+000
   2668.22689821932       -11719.2069175851       -4871.20419771043     
   689.749741721154       -2358.93336848176       -9237.96614080174     
  -904.504700105643       -836.041838943276       -13941.5716465040     
  -1513.96382729686       -46.2371682977989       -15767.8521542423     
   87.2616434730388        8779.40585363786       -21853.6481757705     
   3505.84479917526        11308.4222131457       -27050.0988370967     
   5454.44222879476        9303.05220118158       -28984.9696701779     
   8275.06927387835        8790.83553297169       -27167.4599560272     
   7484.85489265635        4355.87786314856       -21834.5126933421     
   404.750490561083       -1485.18379717237       -15608.4099782063     
  -232.915463501455       -1159.36016021215       -13842.4401901026     
  -2340.67297590962       -593.904929910258       -9193.52670292094     
  -11406.8039778430       -3526.58196247587       -4883.50316761743     
  0.000000000000000E+000  0.000000000000000E+000  0.000000000000000E+000
  0.000000000000000E+000  0.000000000000000E+000  0.000000000000000E+000
  0.000000000000000E+000  0.000000000000000E+000  0.000000000000000E+000
  0.000000000000000E+000  0.000000000000000E+000  0.000000000000000E+000
   1796.88840087791       -10002.0984305622       -4530.56804799702     
   242.925303571661       -1314.70252308415       -9315.10309384872     
  -1632.44710665958        419.912001974410       -13610.0020590680     
  -1695.05762325981        2908.63444856009       -16138.5989614182     
  -275.518100835670        9615.56892727562       -21512.4620958563     
   2474.43740128600        10440.9796211149       -26535.2264380238     
   5005.69102598476        8557.47362232882       -28613.9100468264     
   8007.45066712249        7414.33005405110       -26653.0856443448     
   8485.68567033561        4508.03218055733       -21513.6235012742     
   3168.08003058417       -116.636716396764       -15994.5789638666     
   1201.85598080341       -1162.73971385378       -13509.3182919892     
  -1239.94329173835       -460.284192351559       -9271.80676990551     
  -9494.52260946962       -3427.14950707374       -4540.40141461533     
  0.000000000000000E+000  0.000000000000000E+000  0.000000000000000E+000
  0.000000000000000E+000  0.000000000000000E+000  0.000000000000000E+000
  0.000000000000000E+000  0.000000000000000E+000  0.000000000000000E+000
  0.000000000000000E+000  0.000000000000000E+000  0.000000000000000E+000
   872.856196346531       -6776.43347471016       -4228.80556250734     
  -685.067433682004        1000.05312651596       -9439.86108898212     
  -2547.46845375032        3443.14989053272       -13546.4517730658     
  -2579.46438519853        8064.93358292950       -16715.8419188660     
  -1278.47488615867        10890.5781910047       -20929.4773968001     
   856.170431758011        9122.43575174691       -25035.6470745548     
   4347.32149109151        7441.17162023284       -27470.1591520617     
   7610.14328549270        5301.03051260436       -25143.6736769539     
   10219.4414925763        4351.62418738991       -20994.1093377620     
   8303.72480691453        1807.31415528063       -16635.6606316587     
   4274.82673411780       -439.350489634315       -13450.7778359297     
   1168.37954371022       -114.813329367959       -9393.02330157081     
  -6256.94586454669       -2623.10111942897       -4234.09070202139     
  0.000000000000000E+000  0.000000000000000E+000  0.000000000000000E+000
  0.000000000000000E+000  0.000000000000000E+000  0.000000000000000E+000
  0.000000000000000E+000  0.000000000000000E+000  0.000000000000000E+000
  0.000000000000000E+000  0.000000000000000E+000  0.000000000000000E+000
   320.498581146572       -3270.92130137048       -4295.35292265965     
  -1713.93446464926        5795.90225661285       -9959.93400673375     
  -3843.86748413582        9234.90714302828       -14929.1656952402     
  -4070.43481154297        15381.3972240005       -19017.1659090964     
  -2553.35796210710        11963.2788311203       -19711.6948924921     
  -1149.81130363480        6160.75975892415       -20781.6534292192     
   2533.62444749499        4317.39508768958       -23420.3787359069     
   5804.57002063493        1871.05415992014       -20721.0485274641     
   11659.9796726655        3710.03480212109       -19742.1023377762     
   15554.4881550628        4267.30797328971       -19042.2920692053     
   9998.09956738105        1361.33803198994       -14862.9133706641     
   5754.18712563763        1380.33174802836       -9898.73154094734     
  -2961.99003472360       -1360.99930554574       -4296.72446253133     
  0.000000000000000E+000  0.000000000000000E+000  0.000000000000000E+000
  0.000000000000000E+000  0.000000000000000E+000  0.000000000000000E+000
  0.000000000000000E+000  0.000000000000000E+000  0.000000000000000E+000
  0.000000000000000E+000  0.000000000000000E+000  0.000000000000000E+000
   730.200878979236       -1196.54324991463       -3805.86290997069     
  -2444.42719659637        8914.56887085735       -10467.0566671487     
  -4117.71276726689        10228.8200780761       -15481.1795741664     
  -4796.39060553679        19175.6241533756       -21495.9554863694     
  -2757.33499312620        14417.2918953539       -20137.7712343865     
  -2169.09323818480        3936.44160618601       -16072.6377019531     
   749.655837616404        1265.05014413974       -17582.6058871582     
   4338.72794589958       -141.243243909820       -15929.2267994729     
   13676.6345685190        4631.36121803801       -20023.0825656256     
   19066.9490814559        5487.20520288936       -21492.2808661165     
   10984.7990930926        1628.48720270189       -15437.4389272341     
   8788.27767336516        2301.98705945330       -10392.2347577254     
  -1382.38236696510        25.2697036262038       -3812.15760429254     
  0.000000000000000E+000  0.000000000000000E+000  0.000000000000000E+000
  0.000000000000000E+000  0.000000000000000E+000  0.000000000000000E+000
  0.000000000000000E+000  0.000000000000000E+000  0.000000000000000E+000
  0.000000000000000E+000  0.000000000000000E+000  0.000000000000000E+000
   861.710502393812       -430.387322199085       -3142.07110302517     
  -2134.33617911692        8250.07669062707       -9952.05167528786     
  -2369.42255108535        4042.62595436863       -12602.6929848414     
  -4495.73098964151        19433.0739607251       -22602.5328584183     
  -2237.68802598358        18664.2999964444       -23826.4955412578     
  -2340.50540495825        1448.08642706808       -11260.9390028455     
  -875.438101799215       -1500.13385005292       -10472.2996705543     
   2534.03741105634       -1273.82490525908       -11465.7598765664     
   17169.0228544568        7254.73220202616       -23767.5818130949     
   19004.3477376102        5827.86678231982       -22538.8328444023     
   4668.22316085180        24.4657244912802       -12544.0861497019     
   8071.10298396620        2248.17961438615       -9878.66366707779     
  -793.196121805863        513.408498301554       -3152.68399439402     
  0.000000000000000E+000  0.000000000000000E+000  0.000000000000000E+000
  0.000000000000000E+000  0.000000000000000E+000  0.000000000000000E+000
  0.000000000000000E+000  0.000000000000000E+000  0.000000000000000E+000
  0.000000000000000E+000  0.000000000000000E+000  0.000000000000000E+000
   370.426917323368       -90.6174995415497       -2316.51407300536     
  -580.714000144405        4115.27549752796       -8196.73836133788     
  -589.985602759950       -2054.02682329152       -7728.37042894790     
  -3821.37814301000        20475.8536048760       -24391.7203728791     
  -1668.20138058069        17330.6937544672       -24324.7431381057     
  -2708.92170165759       -3198.84949583754       -2774.52780305944     
  -1607.76866671280       -2761.48861403679       -5489.12455539153     
  -1161.51399941109       -3789.49147580098       -3225.60279227290     
   15840.7892780187        7155.01684047807       -24387.7279352281     
   19620.4855745287        6945.60870522692       -24389.3475016189     
  -1521.25578072153       -1492.29097747538       -7666.57952610438     
   3742.54251736493        1531.67582531820       -8141.12404716481     
  -253.862204787563        266.271694816665       -2325.19952321411     
  0.000000000000000E+000  0.000000000000000E+000  0.000000000000000E+000
  0.000000000000000E+000  0.000000000000000E+000  0.000000000000000E+000
  0.000000000000000E+000  0.000000000000000E+000  0.000000000000000E+000
  0.000000000000000E+000  0.000000000000000E+000  0.000000000000000E+000
   649.922809102271        30.6607993683447       -2514.70484807993     
  -103.042821223506       -205.419150922357       -4764.73041255115     
   356.180727090842       -2145.66227713007       -5288.46612906729     
  -3350.38949220875        20461.5355426162       -25405.0170214672     
  -1194.32717084058        10092.5707701728       -17541.4666806120     
  -2889.50506682242       -5474.00954049719        4908.84651576326     
   37.0275390371178        35.5991593655427       -9223.65651893893     
  -3170.45932575914       -5181.92461378092        4708.30303851424     
   9304.47642108035        3963.09047574364       -17565.8768119570     
   19440.4093666798        7351.94598930385       -25484.5742889849     
  -2002.57498527105       -711.928831222572       -5279.03176853821     
  -185.436380504195       -200.274701845121       -4712.38582204063     
  -304.876357111868        565.543509179376       -2545.15007090029     
  0.000000000000000E+000  0.000000000000000E+000  0.000000000000000E+000
  0.000000000000000E+000  0.000000000000000E+000  0.000000000000000E+000
  0.000000000000000E+000  0.000000000000000E+000  0.000000000000000E+000
  0.000000000000000E+000  0.000000000000000E+000  0.000000000000000E+000
   438.851674924968       -174.724538584266       -1648.92978890587     
  -162.014391039223       -1714.21800565769       -2024.11849423259     
   728.631092655807        503.676552643440       -4600.06363383627     
  -2059.68621888110        14467.4457333364       -19320.5920827940     
  -916.387505281650        4269.09085896885       -9214.32770414389     
  -2168.23151380698       -3543.11404334403        5975.57964309641     
   1275.62322189265        2123.20300795153       -14049.1808018122     
  -1967.09705906831       -3647.07451859792        5972.98064911034     
   4131.51361507172        1319.81612821094       -9210.13864975127     
   13581.6908098424        5455.64103755866       -19392.2043676060     
   142.281918995282        926.194616476612       -4610.80837992861     
  -1420.78147044366       -989.850689495443       -2016.95098981833     
  -370.924285108049        284.779425530310       -1641.03878247395     
  0.000000000000000E+000  0.000000000000000E+000  0.000000000000000E+000
  0.000000000000000E+000  0.000000000000000E+000  0.000000000000000E+000
  0.000000000000000E+000  0.000000000000000E+000  0.000000000000000E+000
  0.000000000000000E+000  0.000000000000000E+000  0.000000000000000E+000
   4.81322393007251       -440.303021120752       -858.638072632043     
  -22.1384659599531       -767.835958012517       -889.621931510506     
   734.264593447612        75.4829247407916       -2303.89639784625     
   582.020065103280        4050.78257198523       -5352.68126222606     
  -860.584218202099        973.524333470318       -1886.22391595135     
  -1021.78801583294       -1277.25306209472        2993.28408490249     
   580.549902725590        955.251077312903       -7028.07733464480     
  -581.225105656530       -1523.79712435648        2963.38450565261     
   1294.41088987937       -250.802640396832       -1910.30371844088     
   3216.81377434399        2525.05088356972       -5367.04521683098     
  -265.620351128259        688.378798443614       -2300.73058093096     
  -653.413543092938       -393.464538957228       -881.146179590928     
  -384.629935568235       -219.094575483188       -861.008359164132     
  0.000000000000000E+000  0.000000000000000E+000  0.000000000000000E+000
  0.000000000000000E+000  0.000000000000000E+000  0.000000000000000E+000
  0.000000000000000E+000  0.000000000000000E+000  0.000000000000000E+000
  0.000000000000000E+000  0.000000000000000E+000  0.000000000000000E+000
  0.000000000000000E+000  0.000000000000000E+000  0.000000000000000E+000
  0.000000000000000E+000  0.000000000000000E+000  0.000000000000000E+000
  0.000000000000000E+000  0.000000000000000E+000  0.000000000000000E+000
  0.000000000000000E+000  0.000000000000000E+000  0.000000000000000E+000
  0.000000000000000E+000  0.000000000000000E+000  0.000000000000000E+000
  0.000000000000000E+000  0.000000000000000E+000  0.000000000000000E+000
  0.000000000000000E+000  0.000000000000000E+000  0.000000000000000E+000
  0.000000000000000E+000  0.000000000000000E+000  0.000000000000000E+000
  0.000000000000000E+000  0.000000000000000E+000  0.000000000000000E+000
  0.000000000000000E+000  0.000000000000000E+000  0.000000000000000E+000
  0.000000000000000E+000  0.000000000000000E+000  0.000000000000000E+000
  0.000000000000000E+000  0.000000000000000E+000  0.000000000000000E+000
  0.000000000000000E+000  0.000000000000000E+000  0.000000000000000E+000
  0.000000000000000E+000  0.000000000000000E+000  0.000000000000000E+000
  0.000000000000000E+000  0.000000000000000E+000  0.000000000000000E+000
  0.000000000000000E+000  0.000000000000000E+000  0.000000000000000E+000
  0.000000000000000E+000  0.000000000000000E+000  0.000000000000000E+000
  0.000000000000000E+000  0.000000000000000E+000  0.000000000000000E+000
  0.000000000000000E+000  0.000000000000000E+000  0.000000000000000E+000
  0.000000000000000E+000  0.000000000000000E+000  0.000000000000000E+000
  0.000000000000000E+000  0.000000000000000E+000  0.000000000000000E+000
  0.000000000000000E+000  0.000000000000000E+000  0.000000000000000E+000
  0.000000000000000E+000  0.000000000000000E+000  0.000000000000000E+000
  0.000000000000000E+000  0.000000000000000E+000  0.000000000000000E+000
  0.000000000000000E+000  0.000000000000000E+000  0.000000000000000E+000
  0.000000000000000E+000  0.000000000000000E+000  0.000000000000000E+000
  0.000000000000000E+000  0.000000000000000E+000  0.000000000000000E+000
  0.000000000000000E+000  0.000000000000000E+000  0.000000000000000E+000
  0.000000000000000E+000  0.000000000000000E+000  0.000000000000000E+000
  0.000000000000000E+000  0.000000000000000E+000  0.000000000000000E+000
  0.000000000000000E+000  0.000000000000000E+000  0.000000000000000E+000
  0.000000000000000E+000  0.000000000000000E+000  0.000000000000000E+000
