          80  8.000000000000007E-003  8.000000000000007E-003
  0.000000000000000E+000  0.000000000000000E+000  0.000000000000000E+000
  0.000000000000000E+000  0.000000000000000E+000  0.000000000000000E+000
  4.047902331567371E-002  6.171410440863918E-002 -7.958068196439509E-002
  4.689925557026283E-002  7.691563235639245E-002 -0.124443215777889     
  6.706670159854795E-002  0.105880112259557      -0.179308106367245     
  7.413780566029361E-002  0.132752859255819      -0.210840628233586     
  8.398706787630821E-002  0.167963607033635      -0.240245365575112     
  9.649838225910790E-002  0.187435783141102      -0.260434198347615     
  0.108399079050526       0.187797636706173      -0.268035255691895     
  0.114031553928422       0.177298984978698      -0.260425336093600     
  0.103462648239603       0.156760235314964      -0.240261525541519     
  7.793414748312029E-002  0.130650749898594      -0.210875985306166     
  5.819884124235528E-002  0.111096662135920      -0.179371048118199     
  4.316481366112764E-002  7.910397601500070E-002 -0.124497161486997     
  3.320850479239653E-002  6.594244021492807E-002 -7.963805882204006E-002
  0.000000000000000E+000  0.000000000000000E+000  0.000000000000000E+000
  0.000000000000000E+000  0.000000000000000E+000  0.000000000000000E+000
  0.000000000000000E+000  0.000000000000000E+000  0.000000000000000E+000
  0.000000000000000E+000  0.000000000000000E+000  0.000000000000000E+000
  2.948543966416207E-002  6.218351363466159E-002 -6.884800659180895E-002
  4.283002193784435E-002  8.479933067185855E-002 -0.122852087946189     
  5.669578665543915E-002  0.111400666340094      -0.170816591734527     
  6.752965479901425E-002  0.139026770185758      -0.208838437742075     
  7.668874020772816E-002  0.167152329324851      -0.236048281636143     
  8.991664362588662E-002  0.178592355204348      -0.258446927540802     
  0.101878772498101       0.176501355625778      -0.264279322298462     
  0.109671428705664       0.167189510773359      -0.258451027669869     
  0.106383136850791       0.150019702729324      -0.236064388738119     
  8.664732807648161E-002  0.128052971906184      -0.208874844218458     
  6.814585826298999E-002  0.104848667330878      -0.170863048331767     
  5.201580969814749E-002  7.951388170101868E-002 -0.122897696181912     
  3.912029456401782E-002  5.664347758633834E-002 -6.888961944060522E-002
  0.000000000000000E+000  0.000000000000000E+000  0.000000000000000E+000
  0.000000000000000E+000  0.000000000000000E+000  0.000000000000000E+000
  0.000000000000000E+000  0.000000000000000E+000  0.000000000000000E+000
  0.000000000000000E+000  0.000000000000000E+000  0.000000000000000E+000
  2.060136172884479E-002  6.210526307718453E-002 -5.574692409461308E-002
  3.104390931321177E-002  0.102758073168941      -0.113344274401233     
  4.392044822927451E-002  0.125971969844750      -0.160529630601133     
  5.371489586728707E-002  0.157390724265434      -0.200568654030793     
  6.621351377560809E-002  0.166707954154946      -0.231135248695979     
  7.809060995199171E-002  0.162853717904803      -0.248275134528322     
  9.063172338165874E-002  0.157018055269349      -0.255113416397062     
  0.101955956126444       0.149085490790710      -0.248297672366610     
  0.111196280563899       0.140714381999018      -0.231148990363989     
  0.109411519423078       0.125228959645852      -0.200591600768895     
  8.711755026505356E-002  0.101049090441579      -0.160556338555101     
  7.345163533686139E-002  7.824852711966712E-002 -0.113353125918932     
  4.349974777228084E-002  4.890472168413382E-002 -5.576833071061670E-002
  0.000000000000000E+000  0.000000000000000E+000  0.000000000000000E+000
  0.000000000000000E+000  0.000000000000000E+000  0.000000000000000E+000
  0.000000000000000E+000  0.000000000000000E+000  0.000000000000000E+000
  0.000000000000000E+000  0.000000000000000E+000  0.000000000000000E+000
  1.907057738459347E-002  5.600277145305524E-002 -4.573992873585912E-002
  1.933830827427244E-002  0.118635116276183      -0.101648951059120     
  3.129199922959738E-002  0.150936413852092      -0.150475421137799     
  4.057874287708014E-002  0.165866235299897      -0.191471956599409     
  5.359565131956943E-002  0.159642106022582      -0.217243187283356     
  6.544355435614152E-002  0.146532604734873      -0.231344849407629     
  7.873124320297493E-002  0.136398160977363      -0.235557880957508     
  9.416877862815162E-002  0.130016834555923      -0.231412640807841     
  0.111406075149007       0.126264968110632      -0.217276249521592     
  0.123278266874256       0.118078124263891      -0.191468923497816     
  0.115004663806686       0.102542873906494      -0.150462288341683     
  9.302820388740075E-002  7.604564978130929E-002 -0.101614568101398     
  3.899316962793018E-002  4.451353511832416E-002 -4.574535086711530E-002
  0.000000000000000E+000  0.000000000000000E+000  0.000000000000000E+000
  0.000000000000000E+000  0.000000000000000E+000  0.000000000000000E+000
  0.000000000000000E+000  0.000000000000000E+000  0.000000000000000E+000
  0.000000000000000E+000  0.000000000000000E+000  0.000000000000000E+000
  1.940452404023107E-002  3.872418735014730E-002 -3.695562083444847E-002
  1.603893414392213E-002  0.116161335644036      -9.194236923556189E-002
  2.338740994017163E-002  0.149663201478714      -0.139082317440831     
  3.324891926826429E-002  0.162161897500012      -0.178835481015161     
  4.429934589235234E-002  0.151790968605514      -0.203111863449801     
  5.741259916487891E-002  0.136251994828265      -0.214923232759243     
  7.147981608948223E-002  0.123835678264687      -0.218743327748145     
  8.933775274788985E-002  0.117968195737122      -0.215056235422635     
  0.109295170777606       0.114334242145185      -0.203187428702502     
  0.123732430340827       0.109861703040865      -0.178817127237169     
  0.117820647933731       9.506805488114767E-002 -0.139040719378626     
  9.251217107536996E-002  7.191032408478422E-002 -9.187000794513744E-002
  2.386027219066389E-002  3.619348465503844E-002 -3.696949192724196E-002
  0.000000000000000E+000  0.000000000000000E+000  0.000000000000000E+000
  0.000000000000000E+000  0.000000000000000E+000  0.000000000000000E+000
  0.000000000000000E+000  0.000000000000000E+000  0.000000000000000E+000
  0.000000000000000E+000  0.000000000000000E+000  0.000000000000000E+000
  2.207296947414881E-002  9.016522872024270E-003 -2.651150626986660E-002
  1.104190765062544E-002  0.108768933928507      -7.922333423454933E-002
  2.344253765599814E-002  0.144521378280723      -0.129302297509193     
  2.634902566305989E-002  0.154487124381424      -0.166923471644493     
  3.951510817769428E-002  0.145626684453943      -0.190312768563833     
  5.149484014353475E-002  0.128912099914841      -0.201167893314690     
  6.747743761194414E-002  0.116886816466678      -0.204754502800695     
  8.602366552795961E-002  0.109258046415196      -0.201413720988148     
  0.106393455342406       0.107138150236140      -0.190440601282570     
  0.120543931873756       0.100098726017706      -0.166907819632444     
  0.113317142344736       9.248388097787086E-002 -0.129222476214173     
  8.861268192841355E-002  6.394752689334028E-002 -7.916726151427872E-002
 -3.150327074294341E-003  2.361376829212724E-002 -2.652710973129326E-002
  0.000000000000000E+000  0.000000000000000E+000  0.000000000000000E+000
  0.000000000000000E+000  0.000000000000000E+000  0.000000000000000E+000
  0.000000000000000E+000  0.000000000000000E+000  0.000000000000000E+000
  0.000000000000000E+000  0.000000000000000E+000  0.000000000000000E+000
  8.871008861839664E-003 -1.392629969414524E-002 -1.376984931839465E-002
  1.929000673506674E-002  0.109183471716674      -7.343135841117601E-002
  1.503007031558476E-002  0.129620066682447      -0.117122142881709     
  2.375853732484513E-002  0.144365116158473      -0.153804993131504     
  3.290099299145582E-002  0.133568167222161      -0.175316860509695     
  4.618998115696562E-002  0.119786319324714      -0.185818816651899     
  6.197120976279695E-002  0.107333163870963      -0.189278294774179     
  8.085747024483722E-002  0.100177235547890      -0.186197523718214     
  9.931542670475350E-002  9.543153946456782E-002 -0.175522499558985     
  0.113083766921080       9.280720798846842E-002 -0.153814739360243     
  0.104645941684806       7.782641093070491E-002 -0.117034787157428     
  8.482015285286226E-002  7.115451863703967E-002 -7.332876756791953E-002
 -1.639560058181110E-002  8.759748287801208E-004 -1.384730751715084E-002
  0.000000000000000E+000  0.000000000000000E+000  0.000000000000000E+000
  0.000000000000000E+000  0.000000000000000E+000  0.000000000000000E+000
  0.000000000000000E+000  0.000000000000000E+000  0.000000000000000E+000
  0.000000000000000E+000  0.000000000000000E+000  0.000000000000000E+000
  1.201185324091093E-002 -1.321431287087638E-002 -1.321144106700550E-002
  1.382947723215020E-002  9.302343075613916E-002 -5.967627367156854E-002
  1.435494008342049E-002  0.107284848400536      -0.100744713627204     
  1.837636728932833E-002  0.123612294973710      -0.133758155707853     
  2.680760214661827E-002  0.115155896287049      -0.153691962869830     
  3.939111864894260E-002  0.104762372187027      -0.164595020868554     
  5.393983539304591E-002  9.337253495057159E-002 -0.167850765826320     
  7.134835703546144E-002  8.686768876000336E-002 -0.165182693681617     
  8.646165937596223E-002  8.101579703712906E-002 -0.154004674258496     
  9.782549178001376E-002  7.778433939040520E-002 -0.133810478814969     
  8.572683615765461E-002  6.615022181476744E-002 -0.100699934830501     
  7.352564031048858E-002  5.834182216591682E-002 -5.955900316048675E-002
 -1.737674596786154E-002  3.848752740629789E-003 -1.320387810098732E-002
  0.000000000000000E+000  0.000000000000000E+000  0.000000000000000E+000
  0.000000000000000E+000  0.000000000000000E+000  0.000000000000000E+000
  0.000000000000000E+000  0.000000000000000E+000  0.000000000000000E+000
  0.000000000000000E+000  0.000000000000000E+000  0.000000000000000E+000
  7.582514787537745E-004 -6.949961051700825E-003 -4.192020139354697E-003
  1.858193001930475E-002  5.481902627729845E-002 -4.063599518648697E-002
  6.460659653883255E-003  7.506445926401506E-002 -7.169362330181750E-002
  1.115356402946633E-002  8.611734891164097E-002 -9.839546061765948E-002
  1.749987356199111E-002  8.226819923378846E-002 -0.115304103884962     
  2.649045533101955E-002  7.461158304553046E-002 -0.125174544867194     
  3.878113028526778E-002  6.707603636948949E-002 -0.128420660926392     
  5.166645170365361E-002  6.054356310957145E-002 -0.125768991119705     
  6.259420960769155E-002  5.645986791017376E-002 -0.115617559777196     
  6.898905901043553E-002  5.278906458719985E-002 -9.849360985950931E-002
  6.182878346937728E-002  4.321359619029180E-002 -7.173153824388477E-002
  3.809073242674495E-002  4.343103662603481E-002 -4.052986364708851E-002
 -6.378984333775895E-003 -2.853920053602805E-003 -4.184113237666006E-003
  0.000000000000000E+000  0.000000000000000E+000  0.000000000000000E+000
  0.000000000000000E+000  0.000000000000000E+000  0.000000000000000E+000
  0.000000000000000E+000  0.000000000000000E+000  0.000000000000000E+000
  0.000000000000000E+000  0.000000000000000E+000  0.000000000000000E+000
 -1.690196471522293E-003 -4.164764659449148E-003 -5.582723651567876E-003
  1.459305377807331E-002  1.281091429015817E-002 -1.104954436511161E-002
  6.330911310494437E-003  2.472560634262429E-002 -2.380122097980962E-002
  1.262147933781358E-002  3.535497183097681E-002 -3.995610581993358E-002
  9.793280118009803E-003  3.750712525493535E-002 -5.178418487605887E-002
  1.519334283147327E-002  3.752832066627440E-002 -6.186222969535204E-002
  1.953056702763216E-002  3.361750093114632E-002 -6.385896115373092E-002
  2.513037466435840E-002  3.218030657706458E-002 -6.239577552539113E-002
  2.761211390445698E-002  2.739721913029351E-002 -5.201256112089623E-002
  2.429862263131060E-002  2.862200649639743E-002 -3.997003895951817E-002
  1.834531670961557E-002  1.787150860495909E-002 -2.385526309040941E-002
  3.764280358731786E-003  1.902806358686826E-002 -1.103294461805988E-002
 -2.723847116034015E-003 -3.564860842981938E-003 -5.576325971826958E-003
  0.000000000000000E+000  0.000000000000000E+000  0.000000000000000E+000
  0.000000000000000E+000  0.000000000000000E+000  0.000000000000000E+000
  0.000000000000000E+000  0.000000000000000E+000  0.000000000000000E+000
  0.000000000000000E+000  0.000000000000000E+000  0.000000000000000E+000
  0.000000000000000E+000  0.000000000000000E+000  0.000000000000000E+000
  0.000000000000000E+000  0.000000000000000E+000  0.000000000000000E+000
  0.000000000000000E+000  0.000000000000000E+000  0.000000000000000E+000
  0.000000000000000E+000  0.000000000000000E+000  0.000000000000000E+000
  0.000000000000000E+000  0.000000000000000E+000  0.000000000000000E+000
  0.000000000000000E+000  0.000000000000000E+000  0.000000000000000E+000
  0.000000000000000E+000  0.000000000000000E+000  0.000000000000000E+000
  0.000000000000000E+000  0.000000000000000E+000  0.000000000000000E+000
  0.000000000000000E+000  0.000000000000000E+000  0.000000000000000E+000
  0.000000000000000E+000  0.000000000000000E+000  0.000000000000000E+000
  0.000000000000000E+000  0.000000000000000E+000  0.000000000000000E+000
  0.000000000000000E+000  0.000000000000000E+000  0.000000000000000E+000
  0.000000000000000E+000  0.000000000000000E+000  0.000000000000000E+000
  0.000000000000000E+000  0.000000000000000E+000  0.000000000000000E+000
  0.000000000000000E+000  0.000000000000000E+000  0.000000000000000E+000
  0.000000000000000E+000  0.000000000000000E+000  0.000000000000000E+000
  0.000000000000000E+000  0.000000000000000E+000  0.000000000000000E+000
  0.000000000000000E+000  0.000000000000000E+000  0.000000000000000E+000
  0.000000000000000E+000  0.000000000000000E+000  0.000000000000000E+000
  0.000000000000000E+000  0.000000000000000E+000  0.000000000000000E+000
  0.000000000000000E+000  0.000000000000000E+000  0.000000000000000E+000
  0.000000000000000E+000  0.000000000000000E+000  0.000000000000000E+000
  0.000000000000000E+000  0.000000000000000E+000  0.000000000000000E+000
  0.000000000000000E+000  0.000000000000000E+000  0.000000000000000E+000
  0.000000000000000E+000  0.000000000000000E+000  0.000000000000000E+000
  0.000000000000000E+000  0.000000000000000E+000  0.000000000000000E+000
  0.000000000000000E+000  0.000000000000000E+000  0.000000000000000E+000
  0.000000000000000E+000  0.000000000000000E+000  0.000000000000000E+000
  0.000000000000000E+000  0.000000000000000E+000  0.000000000000000E+000
  0.000000000000000E+000  0.000000000000000E+000  0.000000000000000E+000
  0.000000000000000E+000  0.000000000000000E+000  0.000000000000000E+000
  0.000000000000000E+000  0.000000000000000E+000  0.000000000000000E+000
  0.000000000000000E+000  0.000000000000000E+000  0.000000000000000E+000
  0.000000000000000E+000  0.000000000000000E+000  0.000000000000000E+000
 -6.847426191830852E-003  4.029534001378790E-002 -0.264044806368598     
 -5.656079842735826E-002 -6.183584347710053E-002 -0.575148906301434     
 -2.117333991112631E-003  1.919378489612956E-002 -0.799411592707084     
 -5.899207639036814E-003  3.632846466306616E-002 -0.788140706254585     
  4.985263444182444E-002 -2.720198906492993E-002 -0.832393322850237     
  2.339268857062172E-003 -0.127818028745514      -0.840000316705641     
  9.271041001650690E-002  0.160063943157604      -0.972083928923683     
 -0.105302087658603      -5.667236696328319E-002 -0.843653513440516     
 -4.396509347933363E-002  3.152381100457022E-002 -0.833977180823920     
  4.019047050821412E-002  1.472336131405482E-002 -0.789436951142816     
  1.779376174845848E-002  5.988389678093366E-003 -0.802340326771888     
 -2.426539690900454E-002 -8.031037560824751E-002 -0.577972806212248     
  3.594881136340145E-002  1.286500538721486E-002 -0.265726587981763     
  0.000000000000000E+000  0.000000000000000E+000  0.000000000000000E+000
  0.000000000000000E+000  0.000000000000000E+000  0.000000000000000E+000
  0.000000000000000E+000  0.000000000000000E+000  0.000000000000000E+000
  0.000000000000000E+000  0.000000000000000E+000  0.000000000000000E+000
 -5.196663205001755E-002  6.997133618439420E-002 -0.220677746034691     
 -8.025669601154418E-002 -4.147743940103609E-002 -0.551603634147669     
 -3.390160047807044E-002  2.793270055589833E-003 -0.775533776038941     
  3.891698335464397E-003  2.506203647049405E-002 -0.798359875157081     
  3.249236805183355E-002 -6.795792734852160E-002 -0.822084583619194     
 -1.463403989864218E-003 -8.271060172850875E-002 -0.846818524245532     
  1.123558838476937E-002  1.905025003019981E-002 -0.962239327209920     
 -6.881251449609985E-002 -4.167472355715821E-002 -0.849293415307870     
 -7.311753713034187E-002 -5.703621569696517E-003 -0.823503761535437     
  2.578449500843949E-002  1.798371723531509E-002 -0.799637232324200     
  2.001464796724190E-002 -2.923381927743789E-002 -0.778563371973383     
  4.344288543150012E-003 -9.126690119328211E-002 -0.554415933228092     
  8.399097721956512E-002 -1.175240140846000E-002 -0.221970983892855     
  0.000000000000000E+000  0.000000000000000E+000  0.000000000000000E+000
  0.000000000000000E+000  0.000000000000000E+000  0.000000000000000E+000
  0.000000000000000E+000  0.000000000000000E+000  0.000000000000000E+000
  0.000000000000000E+000  0.000000000000000E+000  0.000000000000000E+000
 -7.892066581000379E-002  0.135121572902782      -0.195272925266728     
 -9.831087761476519E-002  8.374788592735136E-003 -0.477369511609602     
 -6.246757546095229E-002 -5.847524736443014E-002 -0.732058542914926     
  7.406369424220550E-003 -7.905047596107626E-002 -0.774152522909674     
  1.758491598123170E-002 -0.132619924908438      -0.786002592171003     
  1.721455921569811E-002 -1.751312302293970E-002 -0.865966866813675     
 -9.465252685479608E-002 -0.163727216471865      -0.820142530278048     
 -2.903719871847584E-002  5.335444958284248E-004 -0.864427917252879     
 -0.128306172827480      -5.521466726231151E-002 -0.785718103132848     
 -6.758672285625429E-002 -3.175362445944615E-002 -0.776591806887356     
 -1.801259632017128E-002 -8.427912460289652E-002 -0.735047047787098     
  5.438518341211140E-002 -8.345566940294726E-002 -0.479994897575947     
  0.153232331953836      -2.955586313545538E-003 -0.196147623834416     
  0.000000000000000E+000  0.000000000000000E+000  0.000000000000000E+000
  0.000000000000000E+000  0.000000000000000E+000  0.000000000000000E+000
  0.000000000000000E+000  0.000000000000000E+000  0.000000000000000E+000
  0.000000000000000E+000  0.000000000000000E+000  0.000000000000000E+000
 -7.942931542775607E-002  0.122734169211694      -0.188593941820349     
 -0.126738811363005       0.408789975421163      -0.456500625713148     
 -5.951068820258227E-002  0.250337806814156      -0.681903793090918     
  1.872644535794027E-002  0.184926347194534      -0.803535143362372     
  7.369824668124712E-002  0.134549479876237      -0.860468278242134     
  0.152319388221700       0.396327846017688       -1.10433408642340     
  0.334863249515157       0.582867881956488       -1.28812512982561     
  0.259272882053774       0.324058084734752       -1.10104747294919     
  7.493841667696841E-002  0.127451863322856      -0.859498565121808     
  0.147110024644596       0.106181151919076      -0.804332249819174     
  0.248529574432873       7.344510581702104E-002 -0.685421052049612     
  0.413675943148644       9.180614891352709E-002 -0.458330456503032     
  0.142962113391462      -9.681347333488291E-003 -0.189306308947836     
  0.000000000000000E+000  0.000000000000000E+000  0.000000000000000E+000
  0.000000000000000E+000  0.000000000000000E+000  0.000000000000000E+000
  0.000000000000000E+000  0.000000000000000E+000  0.000000000000000E+000
  0.000000000000000E+000  0.000000000000000E+000  0.000000000000000E+000
 -3.045137251276305E-002  6.334594661382201E-002 -0.179886169588153     
 -0.137922942839241       0.548334881866037      -0.485453607308903     
 -6.770217104059496E-002  0.480432837453342      -0.687805799945642     
  1.840344285675455E-002  0.517014178122104      -0.911703171845370     
  0.119599834666160       0.405442597024024      -0.987939106230733     
  0.183184996585467       0.380910010917538       -1.09628392504823     
  0.289686500239175       0.505252947163572       -1.24867334034754     
  0.230280107933332       0.344728185401509       -1.09236161129313     
  0.285748523811032       0.304414947607922      -0.987636711423857     
  0.438541195006851       0.274946666212223      -0.914453051061095     
  0.456382526597467       0.184042293667696      -0.692914410554425     
  0.542409372944136       0.153070251662025      -0.487254936381474     
  6.833568281861212E-002  3.578528948619219E-003 -0.181083859490326     
  0.000000000000000E+000  0.000000000000000E+000  0.000000000000000E+000
  0.000000000000000E+000  0.000000000000000E+000  0.000000000000000E+000
  0.000000000000000E+000  0.000000000000000E+000  0.000000000000000E+000
  0.000000000000000E+000  0.000000000000000E+000  0.000000000000000E+000
  2.267893899071751E-002 -3.121935908422969E-002 -0.144923206478859     
 -0.107672364130364       0.448600658302577      -0.396416010750693     
 -3.276998347719093E-002  0.451094158680593      -0.645232719535458     
  3.591687263108887E-002  0.362503674135935      -0.781270062547186     
  0.149636244518384       0.617838980931774       -1.09907088896162     
  0.221787352297454       0.529514047704619       -1.16269178639812     
  0.419180622152238       0.729577638258934       -1.48555787013288     
  0.345341291108939       0.458522441605427       -1.16570348535845     
  0.462698719173492       0.442074787936388       -1.10410231408259     
  0.296254160386132       0.213545246059193      -0.783309168599296     
  0.410836510725687       0.198343614434964      -0.649396480513864     
  0.439250925670722       0.130016912607309      -0.398140217277333     
 -3.736986154512176E-002  2.982588361647354E-003 -0.146845112438293     
  0.000000000000000E+000  0.000000000000000E+000  0.000000000000000E+000
  0.000000000000000E+000  0.000000000000000E+000  0.000000000000000E+000
  0.000000000000000E+000  0.000000000000000E+000  0.000000000000000E+000
  0.000000000000000E+000  0.000000000000000E+000  0.000000000000000E+000
 -2.267940058367931E-002 -1.165397134132300E-002 -0.118548431195540     
  1.092651612754841E-002  0.106537788794277      -0.250564684274039     
  2.591982094824884E-002 -4.649445621667323E-002 -0.370437464361605     
  5.079537289658231E-002  0.417003134923412      -0.737688312692651     
  0.127103000430646       0.604593744576201       -1.10238490596157     
  0.368898610622436       0.982723112636327       -1.56492176929507     
  0.483578933734474       0.837606637417727       -1.68328777970031     
  0.655219876238620       0.801760593024609       -1.55272673513874     
  0.457706315249926       0.414216193387034       -1.10402872032477     
  0.341637632848890       0.256634849756009      -0.743221456308539     
 -4.454193369186654E-002  2.641778784213504E-003 -0.377106949856197     
  8.383704806577542E-002  6.054270562161869E-002 -0.250925033053317     
  1.422060878822214E-003 -2.507558549705905E-002 -0.121497058820222     
  0.000000000000000E+000  0.000000000000000E+000  0.000000000000000E+000
  0.000000000000000E+000  0.000000000000000E+000  0.000000000000000E+000
  0.000000000000000E+000  0.000000000000000E+000  0.000000000000000E+000
  0.000000000000000E+000  0.000000000000000E+000  0.000000000000000E+000
 -2.409679979105199E-002  3.361677888392065E-004 -0.125407984396730     
  7.704291050644102E-002 -0.217850665205380      -7.580960808758908E-002
  6.992784916353371E-002 -0.250911431158842      -9.026498601980641E-002
  1.187499772737326E-002  0.554499113628354      -0.875585909877494     
  9.735341590673974E-002  0.209023323383593      -0.611576908700670     
  0.321988722187814       0.884329088318558       -1.53226159917205     
  0.414939439646225       0.720302786852405       -1.48282982155330     
  0.610604497683170       0.727042837576309       -1.54791647348585     
  0.131089679552712       0.189697580315520      -0.611742866314601     
  0.469056358351884       0.288244255490011      -0.872469334941595     
 -0.245018618708112      -6.252189001220901E-002 -9.731768440544696E-002
 -0.227439165646986      -4.292719942076844E-002 -7.706269223022681E-002
  1.234070535215218E-002 -2.103827275719592E-002 -0.126701422181528     
  0.000000000000000E+000  0.000000000000000E+000  0.000000000000000E+000
  0.000000000000000E+000  0.000000000000000E+000  0.000000000000000E+000
  0.000000000000000E+000  0.000000000000000E+000  0.000000000000000E+000
  0.000000000000000E+000  0.000000000000000E+000  0.000000000000000E+000
 -1.086003272527445E-002  3.503710641521425E-003 -9.508050268366351E-002
  4.005180784737927E-002 -0.235781222004285       4.117177484010792E-002
  5.294301313982504E-002 -1.875329367725940E-002 -0.138185306968478     
 -4.439933421535636E-002  0.273946203873504      -0.586041227531156     
  9.105675458628866E-002  0.160269367472411      -0.399541985162030     
  0.142910977593094       0.379432219806824      -0.816129076283854     
  0.303809643680100       0.524344024150839       -1.24580958628536     
  0.259029432618811       0.315552372147677      -0.826318833889479     
  9.601429073559138E-002  0.160512150179998      -0.405178313235266     
  0.253283257618580       9.862204207350037E-002 -0.579992385671452     
 -4.291808624521335E-002  3.699593342278928E-002 -0.139332772780316     
 -0.222778767739218      -8.299076380731234E-002  3.886684774576087E-002
  8.004578033129726E-003 -7.914141294628427E-003 -9.548734503729203E-002
  0.000000000000000E+000  0.000000000000000E+000  0.000000000000000E+000
  0.000000000000000E+000  0.000000000000000E+000  0.000000000000000E+000
  0.000000000000000E+000  0.000000000000000E+000  0.000000000000000E+000
  0.000000000000000E+000  0.000000000000000E+000  0.000000000000000E+000
  2.459267481010587E-003 -2.301055925707100E-002 -3.914521971351591E-002
 -7.226444060595466E-003 -4.022569939061404E-002 -2.065466306183877E-002
  4.513938143001493E-002 -1.634721362244160E-002 -9.827779307869240E-002
  7.683830011932574E-002 -6.870182242041897E-002  4.574430403938310E-003
  8.989866825598271E-002  0.101585483261177      -0.257544464201303     
  0.103876766244092       3.200106725090044E-002 -2.924837652513140E-002
  4.831876018934191E-002  8.223003804149651E-002 -8.423460881646101E-002
 -2.188659897949220E-002  0.108775751499592      -3.689172884467808E-002
  4.755559641931895E-002  0.131286332333634      -0.267784708023068     
 -9.997469908320393E-002  3.159511489450666E-002  8.406203902469564E-003
 -3.653427038234384E-002  3.105829084650976E-002 -9.903860474236610E-002
 -3.143430354876527E-002 -2.614302816932328E-002 -2.085004369756495E-002
 -2.108836505510004E-002 -9.595710426653916E-003 -3.966318402223196E-002
  0.000000000000000E+000  0.000000000000000E+000  0.000000000000000E+000
  0.000000000000000E+000  0.000000000000000E+000  0.000000000000000E+000
  0.000000000000000E+000  0.000000000000000E+000  0.000000000000000E+000
  0.000000000000000E+000  0.000000000000000E+000  0.000000000000000E+000
  0.000000000000000E+000  0.000000000000000E+000  0.000000000000000E+000
  0.000000000000000E+000  0.000000000000000E+000  0.000000000000000E+000
  0.000000000000000E+000  0.000000000000000E+000  0.000000000000000E+000
  0.000000000000000E+000  0.000000000000000E+000  0.000000000000000E+000
  0.000000000000000E+000  0.000000000000000E+000  0.000000000000000E+000
  0.000000000000000E+000  0.000000000000000E+000  0.000000000000000E+000
  0.000000000000000E+000  0.000000000000000E+000  0.000000000000000E+000
  0.000000000000000E+000  0.000000000000000E+000  0.000000000000000E+000
  0.000000000000000E+000  0.000000000000000E+000  0.000000000000000E+000
  0.000000000000000E+000  0.000000000000000E+000  0.000000000000000E+000
  0.000000000000000E+000  0.000000000000000E+000  0.000000000000000E+000
  0.000000000000000E+000  0.000000000000000E+000  0.000000000000000E+000
  0.000000000000000E+000  0.000000000000000E+000  0.000000000000000E+000
  0.000000000000000E+000  0.000000000000000E+000  0.000000000000000E+000
  0.000000000000000E+000  0.000000000000000E+000  0.000000000000000E+000
  0.000000000000000E+000  0.000000000000000E+000  0.000000000000000E+000
  0.000000000000000E+000  0.000000000000000E+000  0.000000000000000E+000
  0.000000000000000E+000  0.000000000000000E+000  0.000000000000000E+000
  0.000000000000000E+000  0.000000000000000E+000  0.000000000000000E+000
  0.000000000000000E+000  0.000000000000000E+000  0.000000000000000E+000
  0.000000000000000E+000  0.000000000000000E+000  0.000000000000000E+000
  0.000000000000000E+000  0.000000000000000E+000  0.000000000000000E+000
  0.000000000000000E+000  0.000000000000000E+000  0.000000000000000E+000
  0.000000000000000E+000  0.000000000000000E+000  0.000000000000000E+000
  0.000000000000000E+000  0.000000000000000E+000  0.000000000000000E+000
  0.000000000000000E+000  0.000000000000000E+000  0.000000000000000E+000
  0.000000000000000E+000  0.000000000000000E+000  0.000000000000000E+000
  0.000000000000000E+000  0.000000000000000E+000  0.000000000000000E+000
  0.000000000000000E+000  0.000000000000000E+000  0.000000000000000E+000
  0.000000000000000E+000  0.000000000000000E+000  0.000000000000000E+000
  0.000000000000000E+000  0.000000000000000E+000  0.000000000000000E+000
  0.000000000000000E+000  0.000000000000000E+000  0.000000000000000E+000
  0.000000000000000E+000  0.000000000000000E+000  0.000000000000000E+000
  0.000000000000000E+000  0.000000000000000E+000  0.000000000000000E+000
   76.4029924143610        1065.49154984706        632.771673173841     
   235.188401739882       -600.230103809330        730.155769320933     
   342.713420240211        135.147662669543        1888.40186563051     
   1551.96709969396       -196.269108748041        2333.04538954573     
   2073.65372149258        459.679418523594        656.951714759051     
   1237.36419005405        415.849457353469       -735.816683845711     
   5167.71944850622        8950.86024797114       -5022.92098560000     
  -219.817080216898        1307.11704480773       -764.617518167315     
  -639.216914443260        2019.11671722288        662.858739182706     
  -986.681790382070        1220.54838550932        2350.57174115250     
  -52.3690250342379        357.995034840145        1903.86618754278     
  -574.509698055624       -65.5034974108965        727.093418204103     
   923.849263147952        617.987733709908        627.266005282965     
  0.000000000000000E+000  0.000000000000000E+000  0.000000000000000E+000
  0.000000000000000E+000  0.000000000000000E+000  0.000000000000000E+000
  0.000000000000000E+000  0.000000000000000E+000  0.000000000000000E+000
  0.000000000000000E+000  0.000000000000000E+000  0.000000000000000E+000
   185.444706345417        833.868820949619        563.932080148364     
   239.387697290850       -248.478714673245        719.892311390422     
   652.828213136184        56.9533548740052        1731.10187952671     
   1517.15308001744        113.997670564409        2666.99560923353     
   1527.15571474264        717.346739012114        827.330861432101     
   894.544285371536        773.790065745903       -540.023768481235     
   2551.65946671550        4422.62865467954       -4251.60778840103     
   202.124176272016        1128.46481090776       -560.261188322906     
  -150.973008488718        1662.88278541338        831.029870753904     
  -664.532091452115        1363.26348329639        2691.51979744015     
  -284.130060788274        588.580619359541        1741.32321363111     
  -286.262782672269        104.549596784004        715.360642426191     
   643.264181087315        585.301323807475        561.199418048213     
  0.000000000000000E+000  0.000000000000000E+000  0.000000000000000E+000
  0.000000000000000E+000  0.000000000000000E+000  0.000000000000000E+000
  0.000000000000000E+000  0.000000000000000E+000  0.000000000000000E+000
  0.000000000000000E+000  0.000000000000000E+000  0.000000000000000E+000
   251.762804831391        440.014044394182        515.676660750589     
   358.043298020633        282.731704436768        670.005752475840     
   890.132986582911        563.492511056210        1335.67515549562     
   1209.40576260472       -1489.47054346001        2750.64891401559     
   653.468446596226        1457.56042020349        314.979012401002     
  -2.81786732584208       -193.877481664451       -380.499943169721     
  -1866.96384367091       -3237.44596989551       -697.826579837942     
  -297.004160040169       -233.272304624214       -315.487939453869     
   902.027957176348        1261.35105982046        325.090499685364     
  -1797.43815475670        355.984290604724        2757.96961935981     
  0.195885154565899        1031.57495922207        1350.79023212175     
   77.1941946280208        454.290495169110        658.136768188385     
   220.898579693698        422.237871297538        519.720454516566     
  0.000000000000000E+000  0.000000000000000E+000  0.000000000000000E+000
  0.000000000000000E+000  0.000000000000000E+000  0.000000000000000E+000
  0.000000000000000E+000  0.000000000000000E+000  0.000000000000000E+000
  0.000000000000000E+000  0.000000000000000E+000  0.000000000000000E+000
   371.710602765464       -373.816569621342        587.067899015834     
   551.228326679432       -159.659203981829        725.163038619248     
   1497.58691619062       -2420.26215064886        1495.64422739749     
   1389.92293519883       -4761.74846933749        2876.14536583981     
  -296.641199704343       -7348.23757697818        3849.01071182060     
  -1213.22839596684       -3767.74305284894        921.167012700242     
  -4074.14522425242       -7037.46124192434        3488.23851770019     
  -2581.04325297066       -2856.96638954166        837.284064723018     
  -6130.68170307885       -3881.09581738051        3820.73020001908     
  -4864.42218498745       -1190.69649914344        2900.36050690458     
  -2800.61709308630        121.306818986737        1492.79573451948     
  -462.374747670682        374.966533412281        725.335899462386     
  -568.548559346142        111.473184924197        594.692606170407     
  0.000000000000000E+000  0.000000000000000E+000  0.000000000000000E+000
  0.000000000000000E+000  0.000000000000000E+000  0.000000000000000E+000
  0.000000000000000E+000  0.000000000000000E+000  0.000000000000000E+000
  0.000000000000000E+000  0.000000000000000E+000  0.000000000000000E+000
   245.269310336125       -516.134325862640        709.635323868089     
   740.151472137408       -116.387539903516        909.054345436848     
   1327.30441172891       -1058.55162585245        1644.29031564038     
   1071.08599559410        224.503831235777        469.141670972979     
   587.363987357976        85.9765929737813       -164.595393095551     
  -384.416315739671       -1277.90302240867       -1406.49741610022     
   3740.84583134039        6484.29258843510       -7702.49692337078     
  -1036.54124690296       -1082.91610359254       -1308.18010243298     
  -184.757261407079        599.288934782709       -200.908543723476     
  -435.004144185320        1014.91999325011        524.886802844394     
  -1548.90269421246        659.423358318657        1634.16877171337     
  -467.209773711749        588.271057906026        904.405719397796     
  -605.675863591556       -65.3020832841537        711.974185208160     
  0.000000000000000E+000  0.000000000000000E+000  0.000000000000000E+000
  0.000000000000000E+000  0.000000000000000E+000  0.000000000000000E+000
  0.000000000000000E+000  0.000000000000000E+000  0.000000000000000E+000
  0.000000000000000E+000  0.000000000000000E+000  0.000000000000000E+000
   272.457484658127       -393.143577654574        520.465985288110     
  -404.128785124676        3918.42677469570        47.6909432195161     
   977.735899184572       -1787.52317444427        2206.05306879898     
  -235.001992865443        1115.12303799250        418.687473619030     
   400.887039593204        8929.93768464884       -6724.58854712851     
  -467.897188515973        205.709732098954       -989.313096542018     
   3038.13547016791        5282.12915408407       -8257.73923202590     
   298.270579932001       -380.606813985523       -889.541425203128     
   7625.30201972180        4907.07683514963       -6836.25023746733     
   1139.48717623547        403.467770382346        398.186638713194     
  -1947.69124378957        13.3127106666249        2187.44359685305     
   3615.12985656775        1622.51767067056        39.8304986363323     
  -478.587200764195        39.0310282925719        510.717480539793     
  0.000000000000000E+000  0.000000000000000E+000  0.000000000000000E+000
  0.000000000000000E+000  0.000000000000000E+000  0.000000000000000E+000
  0.000000000000000E+000  0.000000000000000E+000  0.000000000000000E+000
  0.000000000000000E+000  0.000000000000000E+000  0.000000000000000E+000
   47.3121835651570       -190.296584503023        633.791957978326     
  -405.526427189581        4465.97897104100       -291.775408771880     
   721.569281057512       -4337.02219715483        3757.17595517150     
  -1328.35752022538       -1229.45736961995        2960.44729444784     
  -1603.82390597250        2020.14255738024       -1015.76737336387     
  -685.244605338665       -673.543375177960        1497.00521378286     
  -3098.78165737006       -5334.43412684537        4170.54697214060     
  -170.727470127268       -823.760776432250        1339.64305479828     
   2469.46792497860       -431.386897348906       -938.269916680639     
  -477.270958443714       -1803.70101719042        3049.56091927683     
  -3953.00435652265       -1457.52819063956        3684.82261368629     
   4075.24645626292        1894.57236260301       -281.074040312355     
  -183.105061496003       -53.0651569219890        624.452975563638     
  0.000000000000000E+000  0.000000000000000E+000  0.000000000000000E+000
  0.000000000000000E+000  0.000000000000000E+000  0.000000000000000E+000
  0.000000000000000E+000  0.000000000000000E+000  0.000000000000000E+000
  0.000000000000000E+000  0.000000000000000E+000  0.000000000000000E+000
  -16.8428638268180        512.771920472081        212.042233594779     
   280.609833635612       -39.9271708277061        1215.08610301476     
  -840.253292668404       -985.717989383311        3025.07849587919     
  -2432.24073340626        4894.76790883485       -3691.84195142889     
  -1120.22887155100       -5355.96154639620        7757.54317545452     
  -1919.05559310609       -4045.82573524427        5810.34328091868     
  -2144.15781552078       -3676.46978403501        3532.74177727529     
  -2430.41403056980       -3596.60161435969        5613.92696064752     
  -4234.79393988586       -3773.78206861729        8004.57328457348     
   5516.63510868211        380.826694423074       -3738.96862130915     
  -459.619764914802       -1226.23118371939        3085.62410458475     
  -164.418182237585        239.289816905181        1211.28028483778     
   451.112130903026        240.527803649218        213.259977503317     
  0.000000000000000E+000  0.000000000000000E+000  0.000000000000000E+000
  0.000000000000000E+000  0.000000000000000E+000  0.000000000000000E+000
  0.000000000000000E+000  0.000000000000000E+000  0.000000000000000E+000
  0.000000000000000E+000  0.000000000000000E+000  0.000000000000000E+000
  -3.38603023779647        176.957949188941       -65.2737020029755     
   100.039937219317       -1079.86218911785        1939.02027590817     
  -309.110131244533       -865.076241785830        1989.58995644512     
  -1360.50643798562       -2963.73823083853        4490.64016718748     
  -615.533650120639        284.021223930082        2096.80889441814     
  -1603.94867226439       -3903.24750808315        6837.36322736016     
  -7.55606668221677       -52.2691604227436       -4703.69262167986     
  -2564.96769386145       -3320.92789353436        6813.64397092381     
   671.735850039954       -369.939746856196        1951.43771660270     
  -1702.79622223868       -2649.02616228916        4332.59338813887     
  -776.121312618637       -725.354694730119        2193.30196642213     
  -1004.71505971683       -459.368606721971        1945.44336098352     
   159.986506212176        88.0221881519664       -64.8080283229586     
  0.000000000000000E+000  0.000000000000000E+000  0.000000000000000E+000
  0.000000000000000E+000  0.000000000000000E+000  0.000000000000000E+000
  0.000000000000000E+000  0.000000000000000E+000  0.000000000000000E+000
  0.000000000000000E+000  0.000000000000000E+000  0.000000000000000E+000
   68.8963134042398       -34.4802798894199        221.337232650873     
  -396.992361681252        428.193367508168        473.369649584257     
  -789.519987362540       -2227.25934538957        2443.31639084014     
   126.735963170730       -2902.74652333070        5482.31583601229     
  -1432.85776608036        4348.14859106334       -7191.67213060090     
  -1155.36857565335       -746.177030538773        2406.60196036014     
  -495.965404534418       -870.187988747453       -1871.27890551218     
  -47.2239219816787       -1384.40726956768        2437.20596102457     
   4385.70011019903        884.565148053418       -6999.84634122026     
  -2681.66267565628       -1396.82057479216        5674.17326838630     
  -1556.17706877072       -1829.45089805856        2495.94742766991     
   566.099982399758       -133.964377250580        488.742169621164     
  -63.4990096500992        43.5071618141365        217.515170260717     
  0.000000000000000E+000  0.000000000000000E+000  0.000000000000000E+000
  0.000000000000000E+000  0.000000000000000E+000  0.000000000000000E+000
  0.000000000000000E+000  0.000000000000000E+000  0.000000000000000E+000
  0.000000000000000E+000  0.000000000000000E+000  0.000000000000000E+000
  0.000000000000000E+000  0.000000000000000E+000  0.000000000000000E+000
  0.000000000000000E+000  0.000000000000000E+000  0.000000000000000E+000
  0.000000000000000E+000  0.000000000000000E+000  0.000000000000000E+000
  0.000000000000000E+000  0.000000000000000E+000  0.000000000000000E+000
  0.000000000000000E+000  0.000000000000000E+000  0.000000000000000E+000
  0.000000000000000E+000  0.000000000000000E+000  0.000000000000000E+000
  0.000000000000000E+000  0.000000000000000E+000  0.000000000000000E+000
  0.000000000000000E+000  0.000000000000000E+000  0.000000000000000E+000
  0.000000000000000E+000  0.000000000000000E+000  0.000000000000000E+000
  0.000000000000000E+000  0.000000000000000E+000  0.000000000000000E+000
  0.000000000000000E+000  0.000000000000000E+000  0.000000000000000E+000
  0.000000000000000E+000  0.000000000000000E+000  0.000000000000000E+000
  0.000000000000000E+000  0.000000000000000E+000  0.000000000000000E+000
  0.000000000000000E+000  0.000000000000000E+000  0.000000000000000E+000
  0.000000000000000E+000  0.000000000000000E+000  0.000000000000000E+000
  0.000000000000000E+000  0.000000000000000E+000  0.000000000000000E+000
  0.000000000000000E+000  0.000000000000000E+000  0.000000000000000E+000
  0.000000000000000E+000  0.000000000000000E+000  0.000000000000000E+000
  0.000000000000000E+000  0.000000000000000E+000  0.000000000000000E+000
  0.000000000000000E+000  0.000000000000000E+000  0.000000000000000E+000
  0.000000000000000E+000  0.000000000000000E+000  0.000000000000000E+000
  0.000000000000000E+000  0.000000000000000E+000  0.000000000000000E+000
  0.000000000000000E+000  0.000000000000000E+000  0.000000000000000E+000
  0.000000000000000E+000  0.000000000000000E+000  0.000000000000000E+000
  0.000000000000000E+000  0.000000000000000E+000  0.000000000000000E+000
  0.000000000000000E+000  0.000000000000000E+000  0.000000000000000E+000
  0.000000000000000E+000  0.000000000000000E+000  0.000000000000000E+000
  0.000000000000000E+000  0.000000000000000E+000  0.000000000000000E+000
  0.000000000000000E+000  0.000000000000000E+000  0.000000000000000E+000
  0.000000000000000E+000  0.000000000000000E+000  0.000000000000000E+000
  0.000000000000000E+000  0.000000000000000E+000  0.000000000000000E+000
  0.000000000000000E+000  0.000000000000000E+000  0.000000000000000E+000
