         140  1.399999999999997E-002  1.399999999999997E-002
  0.000000000000000E+000  0.000000000000000E+000  0.000000000000000E+000
  0.000000000000000E+000  0.000000000000000E+000  0.000000000000000E+000
  3.577098095723617E-002  8.366247341851939E-002 -7.950566280206425E-002
  4.291304350894517E-002  0.131286249940264      -0.146933738773085     
  6.252703478604762E-002  0.189958031531260      -0.226366079316917     
  7.569520898979633E-002  0.241618073637581      -0.280017714689720     
  9.535084071266257E-002  0.264969583008307      -0.327039706907862     
  0.117607008873221       0.259411740176627      -0.350079840289880     
  0.144665367159582       0.250654683025374      -0.360376131291002     
  0.165785475520206       0.231586898542199      -0.350064910483381     
  0.181717795437223       0.215096577120679      -0.327037979039293     
  0.171395043386349       0.186441691174021      -0.280050432099347     
  0.133325579328499       0.149243169038290      -0.226426742387188     
  9.227364530963904E-002  0.102847366639502      -0.146992393460989     
  5.459785078610244E-002  7.283769857726113E-002 -7.956433688472177E-002
  0.000000000000000E+000  0.000000000000000E+000  0.000000000000000E+000
  0.000000000000000E+000  0.000000000000000E+000  0.000000000000000E+000
  0.000000000000000E+000  0.000000000000000E+000  0.000000000000000E+000
  0.000000000000000E+000  0.000000000000000E+000  0.000000000000000E+000
  2.787858634370441E-002  8.620461978840692E-002 -7.019002012827696E-002
  3.872780500783474E-002  0.136002770639090      -0.142729547509800     
  5.280788730373037E-002  0.193930853305832      -0.216142334983045     
  6.863176004358201E-002  0.240964273781350      -0.275807079932508     
  8.741506295580795E-002  0.253330495180439      -0.319505681912683     
  0.110594662850630       0.247956552845305      -0.344800536209607     
  0.135884857481597       0.235440659963005      -0.353242152263083     
  0.159371951362250       0.219787318805642      -0.344805406900870     
  0.175609877337079       0.202407350960415      -0.319509152959095     
  0.174336791116636       0.179979545250492      -0.275829834331883     
  0.141590055666190       0.142780036562741      -0.216182672248843     
  9.844222692824144E-002  0.101569098704584      -0.142772024539389     
  6.074185044817970E-002  6.725890011088566E-002 -7.023303514063989E-002
  0.000000000000000E+000  0.000000000000000E+000  0.000000000000000E+000
  0.000000000000000E+000  0.000000000000000E+000  0.000000000000000E+000
  0.000000000000000E+000  0.000000000000000E+000  0.000000000000000E+000
  0.000000000000000E+000  0.000000000000000E+000  0.000000000000000E+000
  2.244116314220673E-002  9.174911760190321E-002 -6.011127251592423E-002
  3.044103354787915E-002  0.146331482788043      -0.131744749367145     
  4.121795077342737E-002  0.205818223288340      -0.203779746679969     
  5.538342996936295E-002  0.234841277102524      -0.263120504790689     
  7.445443964739749E-002  0.237558859747313      -0.306035954202960     
  9.591670392270060E-002  0.224004582988873      -0.329870681768457     
  0.121102908305947       0.209826859111036      -0.338425922773048     
  0.145961253576881       0.195102972469124      -0.329902782062336     
  0.168427269332186       0.183296505816241      -0.306052210579876     
  0.175627354629258       0.165413941235577      -0.263114278324129     
  0.157622150761398       0.138640351952077      -0.203787057884302     
  0.111524882616379       9.953435257469145E-002 -0.131745279927244     
  6.824555345726471E-002  6.530207974806325E-002 -6.013413979901869E-002
  0.000000000000000E+000  0.000000000000000E+000  0.000000000000000E+000
  0.000000000000000E+000  0.000000000000000E+000  0.000000000000000E+000
  0.000000000000000E+000  0.000000000000000E+000  0.000000000000000E+000
  0.000000000000000E+000  0.000000000000000E+000  0.000000000000000E+000
  2.201924656114207E-002  9.534541706396978E-002 -5.331302722289905E-002
  2.377323947972436E-002  0.166499696211314      -0.121933693819599     
  3.092249214687888E-002  0.210119683518802      -0.191255463764150     
  4.324358522368726E-002  0.227578449845380      -0.247166035421712     
  6.027867239705692E-002  0.219862001838458      -0.287241470175026     
  8.078431106222357E-002  0.199564601027799      -0.308328539078760     
  0.104890061457012       0.181738293933669      -0.315465166206317     
  0.132386795788681       0.169815930265296      -0.308409265516505     
  0.160197872032429       0.162177407440534      -0.287274152932466     
  0.175398791509719       0.151257082073066      -0.247136759646927     
  0.166434439372383       0.131833216258861      -0.191206411811492     
  0.132267256637894       0.103804748043941      -0.121887237895244     
  7.155195601782033E-002  6.672021237268300E-002 -5.331987616137076E-002
  0.000000000000000E+000  0.000000000000000E+000  0.000000000000000E+000
  0.000000000000000E+000  0.000000000000000E+000  0.000000000000000E+000
  0.000000000000000E+000  0.000000000000000E+000  0.000000000000000E+000
  0.000000000000000E+000  0.000000000000000E+000  0.000000000000000E+000
  2.655602526673171E-002  8.356187539077567E-002 -4.843640075004382E-002
  1.975027959060980E-002  0.170510593592393      -0.117416256214712     
  2.537622437399489E-002  0.206878339029591      -0.181307408388849     
  3.466062228996848E-002  0.218721647378766      -0.234300150596911     
  4.992298905555916E-002  0.203752649061769      -0.269807556710617     
  6.912422194965955E-002  0.179936458980364      -0.287761568328195     
  9.267187894137778E-002  0.160565389265087      -0.293608824071406     
  0.121282962742940       0.149974460908779      -0.287914398774635     
  0.151457441205300       0.145183947716236      -0.269873318738422     
  0.172008562252807       0.139397482762039      -0.234257959324752     
  0.166384611431052       0.125405827310346      -0.181225737851347     
  0.137672679506982       0.102294564228040      -0.117325712832686     
  5.906408046333562E-002  6.474661081770937E-002 -4.843868719059339E-002
  0.000000000000000E+000  0.000000000000000E+000  0.000000000000000E+000
  0.000000000000000E+000  0.000000000000000E+000  0.000000000000000E+000
  0.000000000000000E+000  0.000000000000000E+000  0.000000000000000E+000
  0.000000000000000E+000  0.000000000000000E+000  0.000000000000000E+000
  3.451153403413407E-002  5.790410400692581E-002 -4.178574728869986E-002
  1.640554053113493E-002  0.163831638711020      -0.111988356363318     
  2.079190707628928E-002  0.197457991358695      -0.172359857945137     
  2.701149514773198E-002  0.203999575826131      -0.220576686304352     
  4.085262506256192E-002  0.186773534971346      -0.252082506276367     
  5.903272132925472E-002  0.161895316972071      -0.267256549541434     
  8.217224937662967E-002  0.142363790635349      -0.272168516621085     
  0.110810617523294       0.132319068003520      -0.267552729268411     
  0.141335628298147       0.128889496407762      -0.252210329213111     
  0.163088936535685       0.125437402544104      -0.220543319965982     
  0.160524960716288       0.116742267344117      -0.172266471756406     
  0.133526345205587       9.604349056966326E-002 -0.111856218314828     
  3.284339385585528E-002  5.878780020342247E-002 -4.179008944519128E-002
  0.000000000000000E+000  0.000000000000000E+000  0.000000000000000E+000
  0.000000000000000E+000  0.000000000000000E+000  0.000000000000000E+000
  0.000000000000000E+000  0.000000000000000E+000  0.000000000000000E+000
  0.000000000000000E+000  0.000000000000000E+000  0.000000000000000E+000
  3.685034681282245E-002  3.361212365749658E-002 -3.361122193330284E-002
  1.166090209788616E-002  0.153360791284906      -0.104262035977161     
  1.418762013055854E-002  0.174914986677332      -0.157341074184812     
  1.860817877166267E-002  0.180753731475924      -0.200585837244510     
  3.128845030066470E-002  0.162884255204007      -0.228219450479707     
  4.800226419754383E-002  0.140109557153841      -0.241422301818114     
  7.033286703843383E-002  0.121822713051375      -0.245978683689532     
  9.755386257891792E-002  0.111950009779082      -0.241859728360219     
  0.125461434473911       0.108697489411831      -0.228422993918299     
  0.147178897725818       0.106573282786887      -0.200596416506495     
  0.144342438600066       9.978492810133870E-002 -0.157269950065145     
  0.126850295208121       8.671655393101231E-002 -0.104104671580976     
  1.061237417374285E-002  4.863541551839193E-002 -3.361246325839672E-002
  0.000000000000000E+000  0.000000000000000E+000  0.000000000000000E+000
  0.000000000000000E+000  0.000000000000000E+000  0.000000000000000E+000
  0.000000000000000E+000  0.000000000000000E+000  0.000000000000000E+000
  0.000000000000000E+000  0.000000000000000E+000  0.000000000000000E+000
  3.411794645473311E-002  1.683669405623902E-002 -2.600841072462654E-002
  7.025995343635976E-003  0.131738590550989      -9.012326130819326E-002
  7.819788929355205E-003  0.143658526932464      -0.134955133229320     
  1.180068006427403E-002  0.149367800275475      -0.172211670462824     
  2.130382275643755E-002  0.134798134262209      -0.198174754418645     
  3.690850578134776E-002  0.115656291082898      -0.210269351709252     
  5.738891711060146E-002  9.931899294468098E-002 -0.215100874767713     
  8.203074583417570E-002  9.017713545133266E-002 -0.210960858102473     
  0.106126497164590       8.603270474989802E-002 -0.198448948621080     
  0.123418177016670       8.501059476206485E-002 -0.172274927873096     
  0.120539341111989       7.867898972184408E-002 -0.134945274015098     
  0.110498685252325       7.192164245695901E-002 -8.996475763203471E-002
 -2.551364185599885E-003  3.787172220375305E-002 -2.601374131009625E-002
  0.000000000000000E+000  0.000000000000000E+000  0.000000000000000E+000
  0.000000000000000E+000  0.000000000000000E+000  0.000000000000000E+000
  0.000000000000000E+000  0.000000000000000E+000  0.000000000000000E+000
  0.000000000000000E+000  0.000000000000000E+000  0.000000000000000E+000
  2.657077849159409E-002  5.321611027435284E-003 -1.525935225153762E-002
 -2.308575382983158E-003  9.918872346780207E-002 -6.917725034023793E-002
  4.328430583394587E-003  9.218525489634012E-002 -9.276539256152155E-002
  2.776999636853119E-003  0.103587101251699      -0.126559256378964     
  1.068085026383418E-002  8.962139046915624E-002 -0.143667479450796     
  2.174055682910202E-002  7.721096157805105E-002 -0.154335622798569     
  3.744690439261436E-002  6.468747426860166E-002 -0.158131101262386     
  5.624927914709534E-002  5.768127779572643E-002 -0.154882155362266     
  7.224846510451459E-002  5.419504118262437E-002 -0.143906541968119     
  8.828499229928533E-002  5.429753308729963E-002 -0.126672515943306     
  7.776364325549361E-002  4.992781027685403E-002 -9.284448487219309E-002
  8.702062232886242E-002  4.758692516152415E-002 -6.903624760862043E-002
 -8.723010818131474E-003  2.560248533555268E-002 -1.526848831526708E-002
  0.000000000000000E+000  0.000000000000000E+000  0.000000000000000E+000
  0.000000000000000E+000  0.000000000000000E+000  0.000000000000000E+000
  0.000000000000000E+000  0.000000000000000E+000  0.000000000000000E+000
  0.000000000000000E+000  0.000000000000000E+000  0.000000000000000E+000
  7.640236244223256E-003 -3.799792514904910E-003 -7.277433459630607E-003
  1.424520594789655E-002  2.683887964270842E-002 -1.903586262680216E-002
  7.303006744885259E-003  4.186481734746630E-002 -4.158035750536117E-002
  4.414499152749943E-003  5.058147414504210E-002 -6.486636853664239E-002
  4.873139393304740E-003  4.755860378605412E-002 -7.922541045236078E-002
  1.079715308178331E-002  4.130723971748754E-002 -9.054066312200482E-002
  2.005565908402123E-002  3.434029176072483E-002 -9.323856940586896E-002
  3.054104867854599E-002  3.014058244480988E-002 -9.107295572053455E-002
  3.864457426269446E-002  2.814147545346003E-002 -7.942032982231549E-002
  4.157710799585438E-002  2.915354605560280E-002 -6.491433032597278E-002
  3.271918825379385E-002  2.730391521439441E-002 -4.168083665714858E-002
  1.613572060598076E-002  2.573596816715731E-002 -1.901251047260600E-002
 -7.123867204657854E-003  4.685395701434301E-003 -7.275921089019809E-003
  0.000000000000000E+000  0.000000000000000E+000  0.000000000000000E+000
  0.000000000000000E+000  0.000000000000000E+000  0.000000000000000E+000
  0.000000000000000E+000  0.000000000000000E+000  0.000000000000000E+000
  0.000000000000000E+000  0.000000000000000E+000  0.000000000000000E+000
  0.000000000000000E+000  0.000000000000000E+000  0.000000000000000E+000
  0.000000000000000E+000  0.000000000000000E+000  0.000000000000000E+000
  0.000000000000000E+000  0.000000000000000E+000  0.000000000000000E+000
  0.000000000000000E+000  0.000000000000000E+000  0.000000000000000E+000
  0.000000000000000E+000  0.000000000000000E+000  0.000000000000000E+000
  0.000000000000000E+000  0.000000000000000E+000  0.000000000000000E+000
  0.000000000000000E+000  0.000000000000000E+000  0.000000000000000E+000
  0.000000000000000E+000  0.000000000000000E+000  0.000000000000000E+000
  0.000000000000000E+000  0.000000000000000E+000  0.000000000000000E+000
  0.000000000000000E+000  0.000000000000000E+000  0.000000000000000E+000
  0.000000000000000E+000  0.000000000000000E+000  0.000000000000000E+000
  0.000000000000000E+000  0.000000000000000E+000  0.000000000000000E+000
  0.000000000000000E+000  0.000000000000000E+000  0.000000000000000E+000
  0.000000000000000E+000  0.000000000000000E+000  0.000000000000000E+000
  0.000000000000000E+000  0.000000000000000E+000  0.000000000000000E+000
  0.000000000000000E+000  0.000000000000000E+000  0.000000000000000E+000
  0.000000000000000E+000  0.000000000000000E+000  0.000000000000000E+000
  0.000000000000000E+000  0.000000000000000E+000  0.000000000000000E+000
  0.000000000000000E+000  0.000000000000000E+000  0.000000000000000E+000
  0.000000000000000E+000  0.000000000000000E+000  0.000000000000000E+000
  0.000000000000000E+000  0.000000000000000E+000  0.000000000000000E+000
  0.000000000000000E+000  0.000000000000000E+000  0.000000000000000E+000
  0.000000000000000E+000  0.000000000000000E+000  0.000000000000000E+000
  0.000000000000000E+000  0.000000000000000E+000  0.000000000000000E+000
  0.000000000000000E+000  0.000000000000000E+000  0.000000000000000E+000
  0.000000000000000E+000  0.000000000000000E+000  0.000000000000000E+000
  0.000000000000000E+000  0.000000000000000E+000  0.000000000000000E+000
  0.000000000000000E+000  0.000000000000000E+000  0.000000000000000E+000
  0.000000000000000E+000  0.000000000000000E+000  0.000000000000000E+000
  0.000000000000000E+000  0.000000000000000E+000  0.000000000000000E+000
  0.000000000000000E+000  0.000000000000000E+000  0.000000000000000E+000
  0.000000000000000E+000  0.000000000000000E+000  0.000000000000000E+000
  0.000000000000000E+000  0.000000000000000E+000  0.000000000000000E+000
  0.000000000000000E+000  0.000000000000000E+000  0.000000000000000E+000
 -8.803460445378273E-007 -2.277483038679841E-007 -3.252347383375069E-006
 -3.442141446801988E-006 -1.279249777735733E-006 -3.245871002210279E-006
 -8.017126519388200E-007  2.835126927740223E-006  2.070402950958190E-006
  4.183069300807509E-006 -1.586739445287664E-005  1.120409055357903E-005
  2.698322090495394E-006 -2.601628483809939E-005  1.821624719412365E-005
 -1.110740400291415E-006 -1.105973018860091E-005  8.373944910059635E-006
 -5.028477807799891E-006 -8.577893966439941E-006  7.630813825306878E-006
 -1.010655194501921E-005 -7.355741584720777E-006  9.331108077993392E-006
 -2.188204560303722E-005 -9.111503506137318E-006  1.735210463262455E-005
 -1.527597090109038E-005 -4.064818570973245E-006  1.096662382905390E-005
  1.451351062600133E-006 -3.498552359512399E-008  2.019729857686467E-006
  1.344431278078949E-006 -3.239355109201234E-006 -3.305445136942480E-006
  6.984197445279770E-007 -6.671327352500109E-007 -3.262439435315962E-006
  0.000000000000000E+000  0.000000000000000E+000  0.000000000000000E+000
  0.000000000000000E+000  0.000000000000000E+000  0.000000000000000E+000
  0.000000000000000E+000  0.000000000000000E+000  0.000000000000000E+000
  0.000000000000000E+000  0.000000000000000E+000  0.000000000000000E+000
 -1.506037464335026E-006  1.157188500073798E-006 -2.785552183625543E-006
 -3.151487296763421E-006 -6.349080356206244E-007 -3.661614980350379E-006
  5.029899825150087E-007  2.265390197926200E-007  1.087093619414521E-006
  5.909789539140397E-006 -8.297800420055130E-007  1.072120204417027E-005
  5.386625799102229E-006 -1.517971286606161E-006  1.064834519142201E-005
  3.079822811619345E-006  1.871693690444454E-006  3.871455806700789E-006
  1.181645755656818E-006  2.091936770028318E-006  2.965777953601780E-006
 -4.915342067763416E-007  3.313878841636510E-006  4.642168715248815E-006
 -3.130016116952408E-006  4.662748030781103E-006  1.017616623516260E-005
 -3.621599056111033E-006  4.641073067138687E-006  1.044416122995361E-005
 -5.723548417642953E-007  2.902344234016016E-007  1.068105851413500E-006
  1.612171101449658E-006 -2.741431030526753E-006 -3.726597987171913E-006
  2.042647880757604E-006 -5.978816169699827E-007 -2.792417449040734E-006
  0.000000000000000E+000  0.000000000000000E+000  0.000000000000000E+000
  0.000000000000000E+000  0.000000000000000E+000  0.000000000000000E+000
  0.000000000000000E+000  0.000000000000000E+000  0.000000000000000E+000
  0.000000000000000E+000  0.000000000000000E+000  0.000000000000000E+000
 -2.000409686927231E-006  5.577416478725206E-006 -2.364144597921841E-006
 -3.066270999145697E-006 -6.302178031433977E-006 -3.984950655836145E-006
  2.109827752442546E-006  5.496400931124500E-006  1.346498026990320E-006
  8.666313409089213E-006  3.599321671137463E-005  2.328546505838632E-007
  1.083317976047757E-005  3.746634856613454E-005 -4.978591880552356E-006
  7.417943658218520E-006  2.017665525971530E-005 -6.897570519209822E-006
  2.985827234683149E-006  5.243934574914294E-006 -2.883275171278746E-006
  1.413201606989850E-005  1.719249307983210E-005 -6.784121113101552E-006
  2.663766831361892E-005  2.793727727400338E-005 -4.775361828213863E-006
  2.503672712397920E-005  2.432270726032272E-005  3.996406086892195E-007
  3.901435921419933E-006  4.685297342973487E-006  1.184334687848559E-006
 -3.151605861220723E-006 -5.362455541528239E-006 -4.006648107900895E-006
  5.684118765892857E-006  9.532590454326699E-007 -2.388209842124102E-006
  0.000000000000000E+000  0.000000000000000E+000  0.000000000000000E+000
  0.000000000000000E+000  0.000000000000000E+000  0.000000000000000E+000
  0.000000000000000E+000  0.000000000000000E+000  0.000000000000000E+000
  0.000000000000000E+000  0.000000000000000E+000  0.000000000000000E+000
 -3.446364468843055E-006  1.170898812932216E-005 -2.677249938849364E-006
 -3.286778568968797E-006  7.639453348400106E-006 -3.289361630441693E-006
  3.099996528228087E-006 -9.164294598688125E-006  1.759227190442566E-006
  7.310172969976426E-006 -1.143281500031300E-005  1.213514048362310E-005
  5.260233301865193E-006  1.526737253429354E-005 -1.088413829218439E-006
 -5.147238614706759E-006 -1.667161842686521E-005  9.846749476815579E-006
 -2.370714850659146E-005 -4.121627017358371E-005  3.063279153631275E-005
 -1.175650918414354E-005 -1.256360293524723E-005  1.002521937630638E-005
  1.128216988168289E-005  1.290459905365552E-005 -1.640140973357396E-006
 -1.398312991087709E-005  2.781598009453808E-007  1.201852303599268E-005
 -9.859319953627018E-006 -2.036759378234052E-006  1.733315944769261E-006
  8.182595684384163E-006  9.339243835926468E-007 -3.370368317618661E-006
  1.119115984087223E-005  2.558404933990868E-006 -2.658138088440665E-006
  0.000000000000000E+000  0.000000000000000E+000  0.000000000000000E+000
  0.000000000000000E+000  0.000000000000000E+000  0.000000000000000E+000
  0.000000000000000E+000  0.000000000000000E+000  0.000000000000000E+000
  0.000000000000000E+000  0.000000000000000E+000  0.000000000000000E+000
 -3.098015358100226E-006  8.771341837458206E-006 -2.264573413445244E-006
 -3.921813772206302E-006  1.073406089340251E-005 -5.731475432515225E-006
  5.719508730333789E-006 -2.013575483566544E-005  6.299548731358763E-006
  4.971868333813295E-006 -4.834882155648067E-007  4.864645776188808E-006
 -2.347275686855619E-006 -1.390528587721535E-005  9.081990801095298E-006
 -3.269986719721425E-006  5.494868632115922E-006 -6.370726467042970E-006
  2.126475453082990E-005  3.669486344220069E-005 -3.542339152787425E-005
  6.462333052172723E-006 -4.138863684558930E-008 -6.120251491915263E-006
 -1.066239235779950E-005 -8.782091194668646E-006  8.612789444215307E-006
 -3.270618734069239E-006  3.846392433332837E-006  4.754466818669809E-006
 -2.031217584019463E-005 -5.129509219850054E-006  6.146781848681247E-006
  1.027218747499747E-005  1.634442619051574E-006 -5.544423061637006E-006
  8.637050114348208E-006  1.488134532603213E-006 -2.269814441077291E-006
  0.000000000000000E+000  0.000000000000000E+000  0.000000000000000E+000
  0.000000000000000E+000  0.000000000000000E+000  0.000000000000000E+000
  0.000000000000000E+000  0.000000000000000E+000  0.000000000000000E+000
  0.000000000000000E+000  0.000000000000000E+000  0.000000000000000E+000
 -4.520111366401018E-007  3.396748475983764E-006 -1.146501344797303E-006
  5.635912656150251E-007 -7.332624325280032E-006 -2.750820271485156E-006
  6.556667992306754E-006 -1.190181811849281E-005  4.241252878398487E-006
 -2.554425601043007E-007  2.362808351219256E-005 -1.635757000223712E-005
 -7.664068205317469E-006 -5.599607842440952E-006  3.905346521236327E-007
 -1.227514877751241E-005 -1.476161861189168E-005  1.078869282016633E-005
  1.305178091216319E-005  2.257388500299118E-005 -2.574089430445963E-005
 -5.752211214894734E-006 -1.706395230253526E-005  9.818824557733534E-006
 -2.106502391397596E-006 -1.033644584990604E-005  1.078702504040412E-006
  2.087485003510536E-005  1.179328095707457E-005 -1.674501719853746E-005
 -1.409236323841759E-005 -6.070527915261014E-007  4.514024212574915E-006
 -6.323515386368438E-006 -3.008565003999146E-006 -2.886977930360406E-006
  3.001836121824190E-006  1.094931289681851E-006 -1.182008273752619E-006
  0.000000000000000E+000  0.000000000000000E+000  0.000000000000000E+000
  0.000000000000000E+000  0.000000000000000E+000  0.000000000000000E+000
  0.000000000000000E+000  0.000000000000000E+000  0.000000000000000E+000
  0.000000000000000E+000  0.000000000000000E+000  0.000000000000000E+000
 -1.163340264812878E-006  3.936558913392541E-007 -8.652760780573516E-007
  1.017894591701496E-006 -2.875760703689279E-006 -3.304121381901131E-006
  6.238875248203110E-006 -5.661665455208616E-006 -3.801993287732040E-007
 -6.785543453374629E-006  2.730544601616811E-005 -2.716776921158356E-005
 -1.164550260470461E-005  7.041459939544079E-006 -1.908879584319039E-005
 -1.098920397502504E-005 -1.743422776817180E-005  2.320471429920926E-005
  6.974124023873936E-006  1.221013607823847E-005 -7.771125362683016E-006
 -9.159166854260048E-006 -1.787269496334565E-005  2.249875635312662E-005
  1.124590773466471E-005 -7.237121602410815E-006 -1.847852533112761E-005
  2.735589178413193E-005  7.728775533170770E-006 -2.752976676141187E-005
 -8.141464409310448E-006  2.462781230000286E-006  7.829225866613714E-008
 -3.563351968630046E-007 -6.312685007704275E-009 -4.147983381970573E-006
  8.242640026369805E-007 -8.276938491573030E-007 -9.096024674840963E-007
  0.000000000000000E+000  0.000000000000000E+000  0.000000000000000E+000
  0.000000000000000E+000  0.000000000000000E+000  0.000000000000000E+000
  0.000000000000000E+000  0.000000000000000E+000  0.000000000000000E+000
  0.000000000000000E+000  0.000000000000000E+000  0.000000000000000E+000
 -1.825252635146553E-006  7.258698707581152E-007 -1.766281515142507E-006
  6.033494736399302E-006 -1.343350841569554E-005  1.573219587420949E-006
  3.516811448483542E-006 -7.279188545123927E-007 -2.881876447375689E-006
 -9.009494131358304E-006  1.238876968024071E-005 -2.333245599878948E-005
 -9.993841001655188E-006 -2.325940986117683E-005  1.098297474983798E-005
 -2.238752808514761E-006  6.851211506320049E-006 -1.084924858482495E-005
  9.399322412652749E-006  1.587560510434383E-005 -2.144100787302204E-005
  6.304120269756045E-006  9.136538313406506E-007 -9.005697275370216E-006
 -1.480074742132878E-005 -2.053844497480721E-005  1.053932100788743E-005
  1.451718087914715E-005 -2.165456420998477E-006 -2.205344914946072E-005
 -4.034584881962092E-006  2.347495052517261E-006 -1.363044842668514E-006
 -1.210836519128607E-005 -1.184927472989539E-006  6.023059062420085E-007
  1.517521835634563E-006 -1.104547196399821E-006 -1.761221822234212E-006
  0.000000000000000E+000  0.000000000000000E+000  0.000000000000000E+000
  0.000000000000000E+000  0.000000000000000E+000  0.000000000000000E+000
  0.000000000000000E+000  0.000000000000000E+000  0.000000000000000E+000
  0.000000000000000E+000  0.000000000000000E+000  0.000000000000000E+000
 -2.439041105575824E-006  2.313500950397265E-007 -2.168656879809030E-006
  9.372455013057093E-006 -1.593581654284130E-005  6.742620568313559E-006
 -1.246898753180603E-006  5.311931746079261E-006 -7.161741416716132E-006
 -5.634093198931724E-006 -3.031925486967026E-006 -1.057127550345650E-005
  1.773930343851551E-006 -2.998035080890902E-005  3.189268205388831E-005
  5.529681075030352E-006 -3.600454760255610E-006 -6.378572295278649E-006
 -3.906418534980485E-006 -6.438462008071329E-006  5.264681298885772E-005
 -4.656752206972979E-006  3.459174691246466E-006 -8.955206427931858E-006
 -2.661727482241781E-005 -1.379921198493100E-005  3.200927764635928E-005
  2.025526295327378E-006 -6.520547591098249E-006 -1.239610311843922E-005
  3.812278480249222E-006  1.412802859693255E-006 -5.190229141737189E-006
 -1.770146642682199E-005  1.946388868841327E-007  6.420272843564756E-006
  1.394808874851251E-006 -1.943028457444231E-006 -2.201720727775736E-006
  0.000000000000000E+000  0.000000000000000E+000  0.000000000000000E+000
  0.000000000000000E+000  0.000000000000000E+000  0.000000000000000E+000
  0.000000000000000E+000  0.000000000000000E+000  0.000000000000000E+000
  0.000000000000000E+000  0.000000000000000E+000  0.000000000000000E+000
 -1.564779636952948E-007  9.438305488870990E-008 -8.283168279519183E-007
 -2.490148837592342E-007 -2.195257841164844E-006 -7.951338486501987E-007
 -4.299458287650007E-007  1.260107969099978E-006 -1.817086679434633E-006
  1.142439852034150E-006 -1.371788708510799E-005  1.345358990437468E-005
  6.682066733250032E-006 -1.275417461798871E-005  1.400239571082495E-005
  1.984705968451206E-006  3.539831199942317E-006 -5.142984171317435E-005
  3.117007079627459E-006  4.779990178420403E-006 -3.378970699999345E-006
  2.216170239786029E-006  3.232826778383127E-006 -5.097642392282929E-005
 -1.598863258431102E-005 -6.396441882147839E-007  1.821080131309318E-005
 -1.063712373620315E-005 -6.177943637260978E-006  1.101877087128695E-005
  1.449935112975172E-006  2.509006107405124E-007 -1.518147962649871E-006
 -1.724796329319900E-006 -1.308047776104265E-006 -5.911139294949594E-007
  1.645375167705448E-007 -7.679220313080724E-008 -8.707031719402673E-007
  0.000000000000000E+000  0.000000000000000E+000  0.000000000000000E+000
  0.000000000000000E+000  0.000000000000000E+000  0.000000000000000E+000
  0.000000000000000E+000  0.000000000000000E+000  0.000000000000000E+000
  0.000000000000000E+000  0.000000000000000E+000  0.000000000000000E+000
  0.000000000000000E+000  0.000000000000000E+000  0.000000000000000E+000
  0.000000000000000E+000  0.000000000000000E+000  0.000000000000000E+000
  0.000000000000000E+000  0.000000000000000E+000  0.000000000000000E+000
  0.000000000000000E+000  0.000000000000000E+000  0.000000000000000E+000
  0.000000000000000E+000  0.000000000000000E+000  0.000000000000000E+000
  0.000000000000000E+000  0.000000000000000E+000  0.000000000000000E+000
  0.000000000000000E+000  0.000000000000000E+000  0.000000000000000E+000
  0.000000000000000E+000  0.000000000000000E+000  0.000000000000000E+000
  0.000000000000000E+000  0.000000000000000E+000  0.000000000000000E+000
  0.000000000000000E+000  0.000000000000000E+000  0.000000000000000E+000
  0.000000000000000E+000  0.000000000000000E+000  0.000000000000000E+000
  0.000000000000000E+000  0.000000000000000E+000  0.000000000000000E+000
  0.000000000000000E+000  0.000000000000000E+000  0.000000000000000E+000
  0.000000000000000E+000  0.000000000000000E+000  0.000000000000000E+000
  0.000000000000000E+000  0.000000000000000E+000  0.000000000000000E+000
  0.000000000000000E+000  0.000000000000000E+000  0.000000000000000E+000
  0.000000000000000E+000  0.000000000000000E+000  0.000000000000000E+000
  0.000000000000000E+000  0.000000000000000E+000  0.000000000000000E+000
  0.000000000000000E+000  0.000000000000000E+000  0.000000000000000E+000
  0.000000000000000E+000  0.000000000000000E+000  0.000000000000000E+000
  0.000000000000000E+000  0.000000000000000E+000  0.000000000000000E+000
  0.000000000000000E+000  0.000000000000000E+000  0.000000000000000E+000
  0.000000000000000E+000  0.000000000000000E+000  0.000000000000000E+000
  0.000000000000000E+000  0.000000000000000E+000  0.000000000000000E+000
  0.000000000000000E+000  0.000000000000000E+000  0.000000000000000E+000
  0.000000000000000E+000  0.000000000000000E+000  0.000000000000000E+000
  0.000000000000000E+000  0.000000000000000E+000  0.000000000000000E+000
  0.000000000000000E+000  0.000000000000000E+000  0.000000000000000E+000
  0.000000000000000E+000  0.000000000000000E+000  0.000000000000000E+000
  0.000000000000000E+000  0.000000000000000E+000  0.000000000000000E+000
  0.000000000000000E+000  0.000000000000000E+000  0.000000000000000E+000
  0.000000000000000E+000  0.000000000000000E+000  0.000000000000000E+000
  0.000000000000000E+000  0.000000000000000E+000  0.000000000000000E+000
  0.000000000000000E+000  0.000000000000000E+000  0.000000000000000E+000
 -3.009282451408580E-002 -2.918980597392819E-002 -0.101974540554380     
 -0.113722620476967      -5.824964586523634E-003 -0.140960650366527     
 -1.371328600349587E-002  3.937605932811463E-002  2.490173820263461E-002
  9.978705127831032E-002 -4.941374243462886E-002  3.870667241676198E-002
  0.109631876859844       0.276847420071431      -0.255626291822831     
 -0.102874647349921      -0.352799433566517       4.637027966998863E-003
 -0.430134505295443      -0.740339994722393       0.377854897053393     
 -0.255030140826322      -0.256269974387054       9.448152405893806E-003
  0.239438797822631       0.278345295261526      -0.276415571988895     
 -6.514845639811996E-002  7.747988590759834E-002  3.534717605577231E-002
  1.246137214232678E-002 -8.520610447982810E-003  2.518243794669991E-002
  6.483577712208778E-002 -9.413098415408526E-002 -0.140369135970152     
  4.961889047090984E-003 -3.372298756781159E-002 -0.101865895911690     
  0.000000000000000E+000  0.000000000000000E+000  0.000000000000000E+000
  0.000000000000000E+000  0.000000000000000E+000  0.000000000000000E+000
  0.000000000000000E+000  0.000000000000000E+000  0.000000000000000E+000
  0.000000000000000E+000  0.000000000000000E+000  0.000000000000000E+000
 -5.112071096657252E-002  2.357025825471503E-002 -8.708764901609928E-002
 -0.105268363844572      -2.319352572588577E-002 -0.148493108176258     
  1.238954675139314E-002  4.968826871161760E-002  1.345639019687645E-003
  8.896141912720228E-002 -0.288096368033334       7.434974826180314E-002
  2.241417196986073E-002  2.581425795268843E-002 -0.176544425898882     
  4.328637535596567E-002  3.553689373984817E-002 -0.127331256692533     
  4.840519964219132E-002  8.626029732205086E-002  5.378896593253008E-002
 -7.371371215006877E-003  4.379752905099079E-002 -0.113244574411377     
  2.218216429013680E-002  4.423280115083614E-002 -0.181169859118636     
 -0.286771466593073      -6.322216728379564E-002  7.067778538609751E-002
  2.404134078926178E-002  2.783031352936210E-002  2.180384327739696E-003
  4.026268288754332E-002 -9.837533062763511E-002 -0.148030027071748     
  5.831416889055487E-002 -2.680814332644197E-002 -8.700005959873551E-002
  0.000000000000000E+000  0.000000000000000E+000  0.000000000000000E+000
  0.000000000000000E+000  0.000000000000000E+000  0.000000000000000E+000
  0.000000000000000E+000  0.000000000000000E+000  0.000000000000000E+000
  0.000000000000000E+000  0.000000000000000E+000  0.000000000000000E+000
 -6.703573995657855E-002  0.148321377270545      -8.107766219012986E-002
 -0.115260722758681      -0.140986076026954      -0.127451803219683     
  4.289541648377253E-002  0.124904427484716      -3.249604209351572E-002
  5.960003831702047E-002 -0.707045701206570       0.192228925175269     
 -3.692766388152113E-002 -0.237315774570319      -1.079391140580103E-002
  0.241992688077028       0.735187165402984      -0.517242996844944     
  0.419930427288932       0.727055527108940      -0.423338944279547     
  0.502981711982853       0.567669898196068      -0.499407849902669     
 -0.236474593345833      -0.184401556652839       1.532133520565771E-002
 -0.688783584951192      -0.330918327630573       0.202470184653772     
  8.535005727720429E-002  9.750576083910296E-002 -3.446246342408055E-002
 -6.262208275540976E-002 -0.169002285926892      -0.126372291688779     
  0.168198635622323       1.878187904392210E-002 -8.135305712128156E-002
  0.000000000000000E+000  0.000000000000000E+000  0.000000000000000E+000
  0.000000000000000E+000  0.000000000000000E+000  0.000000000000000E+000
  0.000000000000000E+000  0.000000000000000E+000  0.000000000000000E+000
  0.000000000000000E+000  0.000000000000000E+000  0.000000000000000E+000
 -0.114135023600470       0.380607214555769      -8.710557569108694E-002
 -0.128488162458287       0.133083448800286      -0.111920990505309     
  4.064797516975592E-002 -0.432748823197588       6.021738181095811E-002
  4.659682996259722E-002  0.288114255327875      -4.417969503927761E-002
  4.166977991366153E-002  0.452453208126393      -0.369058002942112     
 -0.362261307044247       -1.08700767436954       0.546429169362591     
 -0.489412132749711      -0.847452431424789       0.773676133347646     
 -0.711536298870309      -0.804625692439399       0.504388013435725     
  0.398318094210417       0.286517162193076      -0.383678867742097     
  0.246208284999078       0.198087403236883      -5.298085982985635E-002
 -0.402394703395180      -0.186159652773768       6.097620552213404E-002
  0.173271950992242      -4.765906945745567E-002 -0.111916166816097     
  0.387697946550088       9.211706560723697E-002 -8.679685545738419E-002
  0.000000000000000E+000  0.000000000000000E+000  0.000000000000000E+000
  0.000000000000000E+000  0.000000000000000E+000  0.000000000000000E+000
  0.000000000000000E+000  0.000000000000000E+000  0.000000000000000E+000
  0.000000000000000E+000  0.000000000000000E+000  0.000000000000000E+000
 -0.113519088542885       0.289525769443309      -7.335639840018439E-002
 -0.145485693748190       0.322985504791163      -0.193075206718807     
  0.102658843864692       -1.03634031173105       0.300386761696519     
  3.735370775159363E-002 -4.053459539954682E-002  6.386093645058874E-002
 -8.525070545967385E-002  0.140583275651404      -0.246952593451656     
 -3.716508428052672E-002  0.201297416985372      -5.099843615660799E-002
  0.642540810421096        1.10298750841139      -0.931608100668936     
  0.171225743732450       4.354853900892192E-002 -2.488867468148943E-002
  0.143191864971241      -1.287197688807709E-002 -0.235557441732973     
 -4.248461082111125E-002  2.079393576902121E-002  5.731910099341966E-002
 -0.946748966873000      -0.430896955623278       0.300178376721748     
  0.343232743931058       3.058975785527210E-002 -0.191450186376315     
  0.307481954140000       4.721324633715709E-002 -7.288500387919843E-002
  0.000000000000000E+000  0.000000000000000E+000  0.000000000000000E+000
  0.000000000000000E+000  0.000000000000000E+000  0.000000000000000E+000
  0.000000000000000E+000  0.000000000000000E+000  0.000000000000000E+000
  0.000000000000000E+000  0.000000000000000E+000  0.000000000000000E+000
 -1.494170140206324E-002  8.938723340938655E-002 -5.431467720119835E-002
 -0.162800766947915       0.235282701745230      -0.191159983881148     
  6.309809483171533E-002  0.105562532685876      -5.449995131817936E-002
 -1.711617727355800E-002  0.299759319720911      -0.220518516937362     
 -0.151360922177905      -0.111525200535971      -1.875559070523927E-002
  2.927986489753239E-002  0.166068480863663      -6.600204748331052E-002
 -0.279421465448658      -0.475799543499018       0.791354077398138     
  0.171481938032574       0.151132749838018      -0.130411090080040     
 -4.006178160167297E-002 -0.200766380730528       5.068358744578083E-003
  0.236357173119853       0.122311728608247      -0.199348226380971     
  7.307255964145497E-002  0.110105834328098      -5.680215389209561E-002
  0.284814138263531      -2.615614187755087E-002 -0.191143857919421     
  8.396131502189730E-002  3.179422223651047E-002 -5.396281388010738E-002
  0.000000000000000E+000  0.000000000000000E+000  0.000000000000000E+000
  0.000000000000000E+000  0.000000000000000E+000  0.000000000000000E+000
  0.000000000000000E+000  0.000000000000000E+000  0.000000000000000E+000
  0.000000000000000E+000  0.000000000000000E+000  0.000000000000000E+000
 -3.860835718594154E-002  2.645150598977526E-002 -4.831291304444837E-002
 -5.719687308680409E-002  6.654975836727570E-002 -0.149116255715128     
  0.137118348497892      -9.718250389002127E-002 -5.211789820095839E-002
 -8.163061272495305E-002  0.148768360192812      -0.211531076558595     
 -0.128476095488495      -0.332652622652837       0.223681824774335     
 -0.106759770435646      -0.302142628114645       0.566295281912719     
  7.092438018143697E-002  0.116378938691672       0.397154648879107     
 -0.244837861448266      -0.279396143003101       0.617031038913768     
 -0.199313734823180      -0.258316265902073       0.185444042347504     
  0.151669833736206      -1.886353346156771E-003 -0.189461382829147     
 -0.134123016045163       7.554444819531228E-002 -5.999602211595043E-002
  0.121573418667404      -1.181253944216750E-002 -0.158713419584296     
  3.961753988572217E-002 -2.026923837629303E-002 -4.780943477473047E-002
  0.000000000000000E+000  0.000000000000000E+000  0.000000000000000E+000
  0.000000000000000E+000  0.000000000000000E+000  0.000000000000000E+000
  0.000000000000000E+000  0.000000000000000E+000  0.000000000000000E+000
  0.000000000000000E+000  0.000000000000000E+000  0.000000000000000E+000
 -7.990139620620625E-002  3.042700127439233E-002 -8.843192505626568E-002
  0.286022544391077      -0.700535467333071       0.174310217294201     
  0.130944536356048      -0.176801469239247       4.943762928576404E-002
 -0.112228986562829       5.553707658818618E-002 -0.242039858365090     
 -1.753623291373416E-002 -0.230107461189075       0.117105502816215     
  0.164109411496986       0.563233878973191      -0.633397190382630     
  0.114213184236545       0.198281344061648      -8.933828891751450E-002
  0.399497480630930       0.418916551636239      -0.624827183969660     
 -0.173790237872360      -0.128383342157940       9.151171214080879E-002
  9.394792721586231E-002 -6.752915495280527E-002 -0.223022213045915     
 -0.224324538026039       2.476613366465051E-002  5.602163583103651E-002
 -0.724686187257696      -0.101659138374308       0.163334682988625     
  6.630352643893694E-002 -5.298970098760795E-002 -8.767432505882347E-002
  0.000000000000000E+000  0.000000000000000E+000  0.000000000000000E+000
  0.000000000000000E+000  0.000000000000000E+000  0.000000000000000E+000
  0.000000000000000E+000  0.000000000000000E+000  0.000000000000000E+000
  0.000000000000000E+000  0.000000000000000E+000  0.000000000000000E+000
 -9.717506798498095E-002 -2.215366364453926E-003 -9.129084609223959E-002
  0.354751162388522      -0.649419099151418       0.337658770592304     
 -0.148255575758224       0.280197928024995      -0.385444184722222     
  8.367614382256190E-002 -0.383088546510302       0.175576085646389     
  2.962140783038012E-002  7.645267171181686E-002 -7.845807164875455E-002
  0.183049515621711       0.242343507695475       -1.00122952217556     
 -0.176111425332744      -0.286653572702792        2.30082474651963     
  0.138988412852571       0.285235648813970       -1.05638414551319     
  4.486716977256824E-002  5.778166720450004E-002 -5.913165776910981E-002
 -0.366695117779555      -0.116406193372495       0.173112116846048     
  0.318348659678184       1.381000351852642E-002 -0.381540596802926     
 -0.740743164718916      -1.864818150897385E-002  0.338367175450100     
  4.718097048841727E-002 -8.561822287626626E-002 -9.212942486800425E-002
  0.000000000000000E+000  0.000000000000000E+000  0.000000000000000E+000
  0.000000000000000E+000  0.000000000000000E+000  0.000000000000000E+000
  0.000000000000000E+000  0.000000000000000E+000  0.000000000000000E+000
  0.000000000000000E+000  0.000000000000000E+000  0.000000000000000E+000
 -5.348423474156192E-003  4.005609606913254E-003 -1.780371734546030E-002
 -3.583122253394707E-002 -8.125475173394045E-002 -4.383308553663598E-002
  3.186508684634624E-002 -5.132068607294301E-002 -4.461242095947985E-002
  4.123895409300841E-003 -0.108471374778640       2.109893260398712E-002
  0.234872672608404      -0.167884762493635       6.194183265688353E-002
  7.331970553367129E-002 -0.297839318117194        1.50504223441895     
  0.260820658161324       0.434720584075987       -2.23650135498258     
 -0.317717567730216      -8.398301577322398E-002   1.57846077886788     
 -0.262278671857616       0.119097183930546       6.074628303865273E-002
 -7.446429840249714E-002 -5.234309302825694E-002 -3.445720667657139E-004
 -5.514571509901123E-002  4.250506999577730E-003 -4.817276555650507E-002
 -5.325260937934354E-002 -7.154611999867953E-002 -4.212180640472424E-002
  6.478928658750836E-003 -2.871833369048512E-003 -1.853111536856039E-002
  0.000000000000000E+000  0.000000000000000E+000  0.000000000000000E+000
  0.000000000000000E+000  0.000000000000000E+000  0.000000000000000E+000
  0.000000000000000E+000  0.000000000000000E+000  0.000000000000000E+000
  0.000000000000000E+000  0.000000000000000E+000  0.000000000000000E+000
  0.000000000000000E+000  0.000000000000000E+000  0.000000000000000E+000
  0.000000000000000E+000  0.000000000000000E+000  0.000000000000000E+000
  0.000000000000000E+000  0.000000000000000E+000  0.000000000000000E+000
  0.000000000000000E+000  0.000000000000000E+000  0.000000000000000E+000
  0.000000000000000E+000  0.000000000000000E+000  0.000000000000000E+000
  0.000000000000000E+000  0.000000000000000E+000  0.000000000000000E+000
  0.000000000000000E+000  0.000000000000000E+000  0.000000000000000E+000
  0.000000000000000E+000  0.000000000000000E+000  0.000000000000000E+000
  0.000000000000000E+000  0.000000000000000E+000  0.000000000000000E+000
  0.000000000000000E+000  0.000000000000000E+000  0.000000000000000E+000
  0.000000000000000E+000  0.000000000000000E+000  0.000000000000000E+000
  0.000000000000000E+000  0.000000000000000E+000  0.000000000000000E+000
  0.000000000000000E+000  0.000000000000000E+000  0.000000000000000E+000
  0.000000000000000E+000  0.000000000000000E+000  0.000000000000000E+000
  0.000000000000000E+000  0.000000000000000E+000  0.000000000000000E+000
  0.000000000000000E+000  0.000000000000000E+000  0.000000000000000E+000
  0.000000000000000E+000  0.000000000000000E+000  0.000000000000000E+000
  0.000000000000000E+000  0.000000000000000E+000  0.000000000000000E+000
  0.000000000000000E+000  0.000000000000000E+000  0.000000000000000E+000
  0.000000000000000E+000  0.000000000000000E+000  0.000000000000000E+000
  0.000000000000000E+000  0.000000000000000E+000  0.000000000000000E+000
  0.000000000000000E+000  0.000000000000000E+000  0.000000000000000E+000
  0.000000000000000E+000  0.000000000000000E+000  0.000000000000000E+000
  0.000000000000000E+000  0.000000000000000E+000  0.000000000000000E+000
  0.000000000000000E+000  0.000000000000000E+000  0.000000000000000E+000
  0.000000000000000E+000  0.000000000000000E+000  0.000000000000000E+000
  0.000000000000000E+000  0.000000000000000E+000  0.000000000000000E+000
  0.000000000000000E+000  0.000000000000000E+000  0.000000000000000E+000
  0.000000000000000E+000  0.000000000000000E+000  0.000000000000000E+000
  0.000000000000000E+000  0.000000000000000E+000  0.000000000000000E+000
  0.000000000000000E+000  0.000000000000000E+000  0.000000000000000E+000
  0.000000000000000E+000  0.000000000000000E+000  0.000000000000000E+000
