          80  8.000000000000007E-003  8.000000000000007E-003
  0.000000000000000E+000  0.000000000000000E+000  0.000000000000000E+000
  0.000000000000000E+000  0.000000000000000E+000  0.000000000000000E+000
  5.279528288698521E-002  6.690776262154001E-002 -6.621830925444837E-002
  6.888901908690524E-002  0.145788996591737      -0.112853786853009     
  9.937268894125939E-002  0.200742594065740      -0.159322485161957     
  0.116574703322890       0.241029092546192      -0.189886027073366     
  0.133514692230527       0.261598141748275      -0.213510090225642     
  0.146256294444454       0.270514506639938      -0.226654856544318     
  0.155947630620838       0.270167085120028      -0.231045725528525     
  0.161078612741010       0.261905614524705      -0.226623717555074     
  0.159723806779404       0.246405191374278      -0.213463691088692     
  0.150429776917066       0.221516005318783      -0.189899631372489     
  0.124198205802028       0.186510298825187      -0.159360114645603     
  9.186279804538112E-002  0.132634789107936      -0.112910704845782     
  3.159801810710170E-002  7.925053576491883E-002 -6.626896717597558E-002
  0.000000000000000E+000  0.000000000000000E+000  0.000000000000000E+000
  0.000000000000000E+000  0.000000000000000E+000  0.000000000000000E+000
  0.000000000000000E+000  0.000000000000000E+000  0.000000000000000E+000
  0.000000000000000E+000  0.000000000000000E+000  0.000000000000000E+000
  4.205894968059230E-002  6.092803531128090E-002 -5.592515895772850E-002
  6.583656846270457E-002  0.137563961981823      -0.109617113378788     
  8.800435966267652E-002  0.191868795187087      -0.150103039882934     
  0.107865393029996       0.227681455642026      -0.184992488004899     
  0.122501414866445       0.247592540127999      -0.207223309787883     
  0.136143268186860       0.254369942497893      -0.222364114222301     
  0.146206528897364       0.253288403667597      -0.226193915556222     
  0.152172521256217       0.245097372367850      -0.222353020185677     
  0.153110231814654       0.229877393924629      -0.207188636730143     
  0.143222816415113       0.207294652065349      -0.185005646646533     
  0.122179108141213       0.172202630036405      -0.150125046460727     
  8.625085844917033E-002  0.125861390399948      -0.109665294205060     
  3.178081287580969E-002  6.694453671279457E-002 -5.596193403896444E-002
  0.000000000000000E+000  0.000000000000000E+000  0.000000000000000E+000
  0.000000000000000E+000  0.000000000000000E+000  0.000000000000000E+000
  0.000000000000000E+000  0.000000000000000E+000  0.000000000000000E+000
  0.000000000000000E+000  0.000000000000000E+000  0.000000000000000E+000
  3.293004384553508E-002  4.779776666229029E-002 -4.136105379395510E-002
  5.297430548160802E-002  0.124381709056640      -9.702847764329486E-002
  7.400281362688305E-002  0.174232233581321      -0.137287782035672     
  8.857378526483900E-002  0.205910061815341      -0.171043172378942     
  0.104193220348183       0.220548888070922      -0.195972157708785     
  0.116345263609388       0.224081821946049      -0.210390250610505     
  0.127580419423597       0.221018684535745      -0.215839719097942     
  0.135865963277062       0.212839409635512      -0.210414705975870     
  0.138858179396230       0.200518842064952      -0.195960353379946     
  0.134006420771406       0.179684858903957      -0.171045902431036     
  0.113873326259990       0.151222951312687      -0.137291582087480     
  8.124163748163547E-002  0.108085345079641      -9.704467143643283E-002
  2.496128164081615E-002  5.244865957000339E-002 -4.137590999003807E-002
  0.000000000000000E+000  0.000000000000000E+000  0.000000000000000E+000
  0.000000000000000E+000  0.000000000000000E+000  0.000000000000000E+000
  0.000000000000000E+000  0.000000000000000E+000  0.000000000000000E+000
  0.000000000000000E+000  0.000000000000000E+000  0.000000000000000E+000
  2.830088630790755E-002  2.552016961382825E-002 -2.762772102327590E-002
  4.096355480865611E-002  0.105893007701041      -7.856550385237537E-002
  5.620395609817253E-002  0.152476797568143      -0.118884249949090     
  6.929091939889807E-002  0.178837001154886      -0.152463707008138     
  8.099225079990693E-002  0.186871570017143      -0.176555273294692     
  9.278885822780579E-002  0.185080634545327      -0.191048921246671     
  0.103496716026099       0.179293045363945      -0.195772657961468     
  0.113886565427327       0.172967222202991      -0.191111173534820     
  0.121307769263289       0.163601894915885      -0.176567736169897     
  0.120192844687959       0.149432825750553      -0.152456625082143     
  0.103902888417816       0.124886758633959      -0.118859157251397     
  7.119139600521146E-002  8.838782660788357E-002 -7.853548229141748E-002
  7.959765238800660E-003  3.728264784578780E-002 -2.762772518222769E-002
  0.000000000000000E+000  0.000000000000000E+000  0.000000000000000E+000
  0.000000000000000E+000  0.000000000000000E+000  0.000000000000000E+000
  0.000000000000000E+000  0.000000000000000E+000  0.000000000000000E+000
  0.000000000000000E+000  0.000000000000000E+000  0.000000000000000E+000
  2.130778888374378E-002  1.347096103862108E-003 -1.623256179799577E-002
  3.300526567321543E-002  9.089342557350064E-002 -6.306252111794813E-002
  4.612703527007662E-002  0.134754489441816      -0.103085148663380     
  5.360826558856449E-002  0.156369486044675      -0.135777642815205     
  6.478820062826676E-002  0.160197737937993      -0.158377629309682     
  7.416685165365509E-002  0.154123110623030      -0.171403175988319     
  8.492911758014979E-002  0.147127577154391      -0.175732722858948     
  9.641201648111952E-002  0.141388677134280      -0.171495639673062     
  0.106327070336245       0.136251531880651      -0.158413109162932     
  0.108582065211500       0.124609816354734      -0.135766652810826     
  9.357612401069511E-002  0.107280435765692      -0.103037221650019     
  6.214928409468964E-002  7.396064122306935E-002 -6.300009962503361E-002
 -9.502943451804736E-003  1.911046982197409E-002 -1.621292336800677E-002
  0.000000000000000E+000  0.000000000000000E+000  0.000000000000000E+000
  0.000000000000000E+000  0.000000000000000E+000  0.000000000000000E+000
  0.000000000000000E+000  0.000000000000000E+000  0.000000000000000E+000
  0.000000000000000E+000  0.000000000000000E+000  0.000000000000000E+000
  1.094839410136087E-002 -1.280960554101796E-002 -9.250017520494666E-003
  3.546274872965036E-002  8.257072437824091E-002 -5.263639225128315E-002
  3.444823992387195E-002  0.115265730204146      -8.951724405752347E-002
  4.449733692111500E-002  0.138204152720818      -0.120450441150521     
  5.115972537293945E-002  0.136968835182984      -0.141107600268255     
  6.047375710998127E-002  0.130035347758874      -0.152462039070110     
  7.021353470080902E-002  0.121628824172549      -0.155922918781962     
  8.244140477526352E-002  0.117540296153707      -0.152600135777130     
  9.306398629979977E-002  0.112870281186950      -0.141180350914722     
  9.741592177428285E-002  0.107656289616310      -0.120443889259384     
  8.255136436635560E-002  8.741282515116630E-002 -8.946193331224085E-002
  5.371422155230472E-002  7.193765071205115E-002 -5.256672309971838E-002
 -1.659345180354023E-002  3.053184341542577E-003 -9.228082025798241E-003
  0.000000000000000E+000  0.000000000000000E+000  0.000000000000000E+000
  0.000000000000000E+000  0.000000000000000E+000  0.000000000000000E+000
  0.000000000000000E+000  0.000000000000000E+000  0.000000000000000E+000
  0.000000000000000E+000  0.000000000000000E+000  0.000000000000000E+000
  1.411565247139939E-002 -9.761889801582459E-003 -8.034679248541400E-003
  2.715165020256832E-002  6.401935493524659E-002 -4.116985539818928E-002
  2.911459041952560E-002  9.818339279873382E-002 -7.622163202321808E-002
  3.438768164198807E-002  0.115851775787780      -0.104134203932018     
  3.996595129106145E-002  0.114711849957962      -0.122751423222599     
  4.815314931503052E-002  0.107414513283580      -0.132522298414655     
  5.738362872919275E-002  9.940312363135553E-002 -0.135518117770988     
  6.907817272800462E-002  9.562752752248278E-002 -0.132735445440381     
  7.943387316606627E-002  9.210362696755828E-002 -0.122881997365539     
  8.314208230675053E-002  8.774209784755807E-002 -0.104150684535499     
  7.044845586135501E-002  7.428779709392540E-002 -7.617143545222602E-002
  4.182963175766524E-002  5.544214183887165E-002 -4.111070131978081E-002
 -1.552667218425012E-002  7.349362779871485E-003 -7.987469487615676E-003
  0.000000000000000E+000  0.000000000000000E+000  0.000000000000000E+000
  0.000000000000000E+000  0.000000000000000E+000  0.000000000000000E+000
  0.000000000000000E+000  0.000000000000000E+000  0.000000000000000E+000
  0.000000000000000E+000  0.000000000000000E+000  0.000000000000000E+000
  7.876530967028299E-003 -1.052287194321698E-002 -3.540009737888964E-003
  2.373368265047605E-002  4.614070902002823E-002 -3.088190685991465E-002
  2.205841851620605E-002  7.340755854421561E-002 -5.918065565822302E-002
  2.498600746729138E-002  8.771141750412831E-002 -8.257980452624111E-002
  2.917662733267702E-002  8.848728443363268E-002 -9.934759456583746E-002
  3.593675892121227E-002  8.285244321231829E-002 -0.108128129222911     
  4.405995020401300E-002  7.629243628004799E-002 -0.110878888886447     
  5.397835068765662E-002  7.283762751283537E-002 -0.108439218436767     
  6.215205405431661E-002  6.968807212598735E-002 -9.954438488018148E-002
  6.348048982301763E-002  6.556119424837301E-002 -8.262259976186348E-002
  5.257115330732288E-002  5.580391609486367E-002 -5.915491849310087E-002
  2.806329061392161E-002  4.356288178131884E-002 -3.083335528136837E-002
 -1.302923638728659E-002  1.571016989341133E-003 -3.481988882705507E-003
  0.000000000000000E+000  0.000000000000000E+000  0.000000000000000E+000
  0.000000000000000E+000  0.000000000000000E+000  0.000000000000000E+000
  0.000000000000000E+000  0.000000000000000E+000  0.000000000000000E+000
  0.000000000000000E+000  0.000000000000000E+000  0.000000000000000E+000
  4.096180373982922E-003 -8.606379203561363E-003 -2.006711788984801E-003
  1.664145693275722E-002  2.736980925803370E-002 -1.869311698141287E-002
  1.370198649623358E-002  4.025780667498820E-002 -3.486998812533270E-002
  1.551581537184977E-002  5.388516243742639E-002 -5.277690098617107E-002
  1.761939743667412E-002  5.505294055110652E-002 -6.617707380802165E-002
  2.194338747035050E-002  5.253256754681258E-002 -7.362247735979416E-002
  2.794611430868085E-002  4.836222282895455E-002 -7.641239284791602E-002
  3.473343347355778E-002  4.554392866915286E-002 -7.399022185029466E-002
  3.895717110691072E-002  4.293546211511412E-002 -6.637274457224317E-002
  3.893529948749206E-002  4.043195942532632E-002 -5.285529581122125E-002
  2.802982889391668E-002  3.202360435946131E-002 -3.482162817803239E-002
  1.538668822409766E-002  2.801631891865648E-002 -1.873420089611370E-002
 -9.473422688794137E-003 -6.846280027194995E-004 -1.851724369595422E-003
  0.000000000000000E+000  0.000000000000000E+000  0.000000000000000E+000
  0.000000000000000E+000  0.000000000000000E+000  0.000000000000000E+000
  0.000000000000000E+000  0.000000000000000E+000  0.000000000000000E+000
  0.000000000000000E+000  0.000000000000000E+000  0.000000000000000E+000
  5.439935573858365E-004 -3.704276721197538E-003 -2.333478779534488E-003
  7.579464335562732E-003  5.700662863392495E-003 -4.188824138953987E-003
  5.838030234607416E-003  8.655752608060691E-003 -8.997470353742511E-003
  8.736469772190676E-003  1.628014966955629E-002 -1.606465569412969E-002
  7.344079852045569E-003  1.755006833758405E-002 -2.108920906805471E-002
  9.025871019122613E-003  1.864433926402808E-002 -2.553786389284334E-002
  1.008464159739569E-002  1.738454262151164E-002 -2.687940482600512E-002
  1.176446938735922E-002  1.734559393949786E-002 -2.577096105089012E-002
  1.154169394918011E-002  1.524756224862184E-002 -2.118911296643959E-002
  9.746732861881043E-003  1.570328596458303E-002 -1.607064097206311E-002
  4.605299410417212E-003  9.405695672504610E-003 -9.012722919595369E-003
  1.155926488092791E-003  9.379026674274414E-003 -4.169297675106301E-003
 -3.469257954552590E-003 -1.361328101681046E-003 -2.319221842248512E-003
  0.000000000000000E+000  0.000000000000000E+000  0.000000000000000E+000
  0.000000000000000E+000  0.000000000000000E+000  0.000000000000000E+000
  0.000000000000000E+000  0.000000000000000E+000  0.000000000000000E+000
  0.000000000000000E+000  0.000000000000000E+000  0.000000000000000E+000
  0.000000000000000E+000  0.000000000000000E+000  0.000000000000000E+000
  0.000000000000000E+000  0.000000000000000E+000  0.000000000000000E+000
  0.000000000000000E+000  0.000000000000000E+000  0.000000000000000E+000
  0.000000000000000E+000  0.000000000000000E+000  0.000000000000000E+000
  0.000000000000000E+000  0.000000000000000E+000  0.000000000000000E+000
  0.000000000000000E+000  0.000000000000000E+000  0.000000000000000E+000
  0.000000000000000E+000  0.000000000000000E+000  0.000000000000000E+000
  0.000000000000000E+000  0.000000000000000E+000  0.000000000000000E+000
  0.000000000000000E+000  0.000000000000000E+000  0.000000000000000E+000
  0.000000000000000E+000  0.000000000000000E+000  0.000000000000000E+000
  0.000000000000000E+000  0.000000000000000E+000  0.000000000000000E+000
  0.000000000000000E+000  0.000000000000000E+000  0.000000000000000E+000
  0.000000000000000E+000  0.000000000000000E+000  0.000000000000000E+000
  0.000000000000000E+000  0.000000000000000E+000  0.000000000000000E+000
  0.000000000000000E+000  0.000000000000000E+000  0.000000000000000E+000
  0.000000000000000E+000  0.000000000000000E+000  0.000000000000000E+000
  0.000000000000000E+000  0.000000000000000E+000  0.000000000000000E+000
  0.000000000000000E+000  0.000000000000000E+000  0.000000000000000E+000
  0.000000000000000E+000  0.000000000000000E+000  0.000000000000000E+000
  0.000000000000000E+000  0.000000000000000E+000  0.000000000000000E+000
  0.000000000000000E+000  0.000000000000000E+000  0.000000000000000E+000
  0.000000000000000E+000  0.000000000000000E+000  0.000000000000000E+000
  0.000000000000000E+000  0.000000000000000E+000  0.000000000000000E+000
  0.000000000000000E+000  0.000000000000000E+000  0.000000000000000E+000
  0.000000000000000E+000  0.000000000000000E+000  0.000000000000000E+000
  0.000000000000000E+000  0.000000000000000E+000  0.000000000000000E+000
  0.000000000000000E+000  0.000000000000000E+000  0.000000000000000E+000
  0.000000000000000E+000  0.000000000000000E+000  0.000000000000000E+000
  0.000000000000000E+000  0.000000000000000E+000  0.000000000000000E+000
  0.000000000000000E+000  0.000000000000000E+000  0.000000000000000E+000
  0.000000000000000E+000  0.000000000000000E+000  0.000000000000000E+000
  0.000000000000000E+000  0.000000000000000E+000  0.000000000000000E+000
  0.000000000000000E+000  0.000000000000000E+000  0.000000000000000E+000
  0.000000000000000E+000  0.000000000000000E+000  0.000000000000000E+000
 -3.690449732818794E-002  0.553737502787367      -3.519018442314935E-002
 -2.409329785256515E-002  0.310172098145509       3.254687878733009E-002
  5.430904999440006E-002 -0.107777238331555       0.229354959137573     
  0.180762788999263       0.326561672943852       5.569188352503299E-002
  0.460567097264894        1.08434007636523      -0.335992411324910     
  0.915668350755214        1.94365087585677      -0.789538013889097     
   1.33976686366727        2.32219431172044       -1.02492843855623     
   1.24269881454215        1.79170614323715      -0.803709981829716     
  0.727825632659465       0.964992106807303      -0.350669579521785     
  0.182479007484411       0.317813588804578       5.492617347670724E-002
 -0.131369872769026      -1.166877852371341E-002  0.231237328520231     
  0.275756830826324       0.130449195396483       3.134357331606933E-002
  0.490690966820917       0.240679562175425      -3.688715325252585E-002
  0.000000000000000E+000  0.000000000000000E+000  0.000000000000000E+000
  0.000000000000000E+000  0.000000000000000E+000  0.000000000000000E+000
  0.000000000000000E+000  0.000000000000000E+000  0.000000000000000E+000
  0.000000000000000E+000  0.000000000000000E+000  0.000000000000000E+000
 -5.219084328780233E-003  0.449413333913944      -1.962054511494374E-002
 -2.900441355477450E-002  0.309912529615040       4.178800056862812E-002
  6.766193689953298E-002 -0.138023736649036       0.238661864657133     
  0.136135087578379       9.805476983517915E-002  0.168244655445831     
  0.325765446018172       0.726045272766858      -0.170206784301082     
  0.668447690612476        1.42551961421085      -0.567130469606130     
  0.992164380385454        1.72190862061237      -0.777089392502802     
  0.911937339013356        1.31166335921726      -0.579020797155917     
  0.474934199074839       0.659393328541984      -0.180314921641562     
  4.007856617697090E-003  0.162225723585217       0.169616299883571     
 -0.166261689214272      -1.665208151102720E-002  0.241594788033802     
  0.276371655522884       0.125807554842795       4.066787868906425E-002
  0.385940664513788       0.216024743233119      -2.132348632974174E-002
  0.000000000000000E+000  0.000000000000000E+000  0.000000000000000E+000
  0.000000000000000E+000  0.000000000000000E+000  0.000000000000000E+000
  0.000000000000000E+000  0.000000000000000E+000  0.000000000000000E+000
  0.000000000000000E+000  0.000000000000000E+000  0.000000000000000E+000
  2.022135215756507E-002  0.283053135167737       1.461548748017877E-002
 -2.334673377597870E-002  0.263539940944751       5.425117116575881E-002
  4.235390887923983E-002 -0.200757773531594       0.274396613807218     
  3.641905953004707E-002 -0.358348889706559       0.352868410977609     
  7.127108392414079E-002 -6.495858261509221E-003  0.161208625478395     
  0.226893231512570       0.476477678675959      -0.133591997275628     
  0.378872871019251       0.661108538176942      -0.291315136639216     
  0.300022534310215       0.442645470957695      -0.140167490534423     
 -4.765282703885558E-002  5.732927451060209E-002  0.158880136930998     
 -0.350504232103568      -0.160014866133410       0.359275238005064     
 -0.211917034164131      -7.263577122045557E-002  0.278417218994018     
  0.232506005002652       0.106816453012142       5.321846136550087E-002
  0.231136213595978       0.155295042825858       1.284964843705472E-002
  0.000000000000000E+000  0.000000000000000E+000  0.000000000000000E+000
  0.000000000000000E+000  0.000000000000000E+000  0.000000000000000E+000
  0.000000000000000E+000  0.000000000000000E+000  0.000000000000000E+000
  0.000000000000000E+000  0.000000000000000E+000  0.000000000000000E+000
  2.479590420527709E-002  0.121109883199701       5.561243239691556E-002
 -2.277128628396238E-002  3.711941599225273E-002  0.119339933765128     
  4.735543163918006E-003 -0.414531978973445       0.332476538193906     
 -7.508450464585677E-002 -0.702226359992894       0.495853037793060     
 -0.170373180008343      -0.637153366347773       0.463169132752683     
 -0.262080727984767      -0.608971902967116       0.410731803187469     
 -0.391364194910510      -0.673223724831157       0.423952157415541     
 -0.399617434286313      -0.529250865156167       0.407389679463234     
 -0.478179056987536      -0.473691710444295       0.465016376800862     
 -0.586429066270185      -0.426602661419702       0.500531607840336     
 -0.370389337067859      -0.209361096638068       0.333420202739055     
  3.728247358312155E-002 -6.306299198334929E-003  0.117850303449026     
  9.085529008673249E-002  7.906752852550378E-002  5.357676539533148E-002
  0.000000000000000E+000  0.000000000000000E+000  0.000000000000000E+000
  0.000000000000000E+000  0.000000000000000E+000  0.000000000000000E+000
  0.000000000000000E+000  0.000000000000000E+000  0.000000000000000E+000
  0.000000000000000E+000  0.000000000000000E+000  0.000000000000000E+000
  6.096698946853616E-004  5.063799126053881E-002  7.043629704605560E-002
 -1.908166275398271E-002 -0.183281331951276       0.166306880144170     
 -2.846280626509944E-002 -0.356126870762260       0.303601482856845     
 -0.103202396201111      -0.397574919472432       0.379434821644960     
 -0.249165345380235      -0.747200753761153       0.525596390551905     
 -0.570006351461276       -1.34347228173356       0.812830070880638     
 -0.930052137723883       -1.60753479082064        1.00388314927722     
 -0.883847223419419       -1.16738799092660       0.811846072542181     
 -0.527320045858444      -0.592639616835574       0.525247805919638     
 -0.296298893031016      -0.291360195821686       0.378780828620094     
 -0.298070093346832      -0.206953696191136       0.302054450734729     
 -0.155329618066511      -0.113481264194962       0.164345295384564     
  4.394913581138158E-002  2.406011474401320E-002  6.791185840888657E-002
  0.000000000000000E+000  0.000000000000000E+000  0.000000000000000E+000
  0.000000000000000E+000  0.000000000000000E+000  0.000000000000000E+000
  0.000000000000000E+000  0.000000000000000E+000  0.000000000000000E+000
  0.000000000000000E+000  0.000000000000000E+000  0.000000000000000E+000
 -1.036815164902096E-002  1.417620160322391E-002  5.799151165052698E-002
 -2.581824652294239E-002 -0.189931283571509       0.150919682048031     
 -5.434724683205326E-002  0.142451216726943       0.121861986812341     
 -7.921446666206360E-002  5.029024062167239E-002  0.147188728608418     
 -0.247647056098610      -0.784951432523400       0.544202450862462     
 -0.612804807767989       -1.47266960996771       0.918860348177616     
 -0.930542266053526       -1.60962543123552        1.05933641899764     
 -0.983954332304490       -1.28186830093983       0.928391021891556     
 -0.561401730307190      -0.610242348805982       0.543446315151241     
  7.908193691499672E-002 -4.621830608013950E-002  0.145600943332830     
  0.141488846407908       1.877940259301806E-002  0.121131025084633     
 -0.159984924845632      -0.124222266199759       0.149413305866667     
  1.902478679514834E-002 -2.802114128506888E-003  5.518872354559731E-002
  0.000000000000000E+000  0.000000000000000E+000  0.000000000000000E+000
  0.000000000000000E+000  0.000000000000000E+000  0.000000000000000E+000
  0.000000000000000E+000  0.000000000000000E+000  0.000000000000000E+000
  0.000000000000000E+000  0.000000000000000E+000  0.000000000000000E+000
  3.824660140106891E-004 -9.112475375381505E-003  4.507097124069985E-002
 -3.360381659607669E-002 -5.424002854184394E-003  8.114955828977465E-002
 -5.153482422821780E-002  0.497709529232502      -8.139847057991817E-002
 -5.636391103850627E-002 -3.734703035331507E-002  0.139713128372043     
 -0.218257027371391      -0.751151102747563       0.552406728812295     
 -0.419569482378493      -0.909892333840395       0.537177099435645     
 -0.439790691642841      -0.760192245038287       0.353447333273136     
 -0.581478051694426      -0.818309447249959       0.534389049941460     
 -0.547204326444950      -0.565386125116350       0.549940188261616     
 -1.159862123114327E-002 -6.955941674558631E-002  0.138178638901166     
  0.444555394097630       0.198515692002802      -8.136236234028793E-002
  9.753474393205092E-004 -3.877753839045458E-002  8.049082495382512E-002
 -5.905504417909253E-003 -5.672129467816226E-003  4.239036138255872E-002
  0.000000000000000E+000  0.000000000000000E+000  0.000000000000000E+000
  0.000000000000000E+000  0.000000000000000E+000  0.000000000000000E+000
  0.000000000000000E+000  0.000000000000000E+000  0.000000000000000E+000
  0.000000000000000E+000  0.000000000000000E+000  0.000000000000000E+000
  2.345582256561171E-003 -1.069951216157254E-002  4.062682737295691E-002
 -1.805069959547606E-002  0.132207614881013      -2.180834187841582E-003
 -8.344509942254094E-003  0.327283610755454      -8.407531735812046E-002
 -3.937494144606080E-002 -0.166134745982199       0.236006843120429     
 -0.132920573088738      -0.196207356570103       0.167914986322688     
 -0.259673049367608      -0.418072249327401       0.134211587007284     
 -0.260363416115380      -0.443800683770893       7.912655401418531E-002
 -0.220983581596195      -0.414371617477535       0.102363946295824     
 -0.104071525329702      -0.208648098293140       0.159579849534648     
 -0.128181768780816      -0.115506682763083       0.230663386373487     
  0.279274825902319       0.153619747814694      -8.565979727698343E-002
  0.113683063562574       4.404660681649074E-002 -2.213305631807093E-003
 -9.039459876417745E-003 -3.922221391901065E-003  3.768672182596829E-002
  0.000000000000000E+000  0.000000000000000E+000  0.000000000000000E+000
  0.000000000000000E+000  0.000000000000000E+000  0.000000000000000E+000
  0.000000000000000E+000  0.000000000000000E+000  0.000000000000000E+000
  0.000000000000000E+000  0.000000000000000E+000  0.000000000000000E+000
 -6.991798127948406E-003  8.224704103843879E-003  3.161688136155827E-002
  1.785704175817762E-002  8.932758395520160E-002 -3.296224519306706E-002
  8.541531387906153E-003  6.972294757698261E-002  3.179122084563740E-002
 -5.155804269728034E-002  0.165012945403461      -3.615674738086991E-002
 -7.333490753782027E-002  0.490281330904972      -0.626252827433183     
 -0.126365293554239      -0.116738004888927      -0.144308341014367     
 -0.175299179971066      -0.297924367456268       9.229684971690698E-002
 -4.648838896457514E-002 -0.169755116637552      -0.142870813162975     
  0.449749563122131       0.181253172072924      -0.621654057346792     
  0.166672676468879       4.062366836371364E-002 -4.177576400653162E-002
  5.338138483265428E-002  4.265869393573837E-002  2.759565654283078E-002
  6.315372316894179E-002  5.591096943820469E-002 -3.243803588680640E-002
  1.074252906484873E-002 -2.497201093152125E-003  2.863885701621136E-002
  0.000000000000000E+000  0.000000000000000E+000  0.000000000000000E+000
  0.000000000000000E+000  0.000000000000000E+000  0.000000000000000E+000
  0.000000000000000E+000  0.000000000000000E+000  0.000000000000000E+000
  0.000000000000000E+000  0.000000000000000E+000  0.000000000000000E+000
  6.290183742891542E-005  1.186270383672623E-002  1.665344368262622E-002
  9.480147229475091E-003  8.283308178312984E-003 -6.763822012236040E-003
  3.184512993906711E-003  1.413315626317195E-002  4.321982821220718E-002
 -8.430448142121402E-003  0.223339305376103      -0.144770525192995     
 -5.348586998368284E-002  0.347524906383362      -0.433755004821431     
 -9.467802164856780E-002  6.595208245974843E-002 -0.182205767876589     
 -1.273109897704148E-002 -1.432011507653217E-002 -0.213641768816470     
  8.890671056033322E-002 -6.025398539842868E-002 -0.155080187663240     
  0.315694261804885       0.121061183491854      -0.419722272934592     
  0.194959904135351       0.104375804482548      -0.145773252139496     
  9.621305186860616E-003  1.085394031202047E-002  4.035431072046349E-002
  1.181995063977657E-003  1.142153954425870E-002 -7.837945747999068E-003
  9.823629923978025E-003  5.519802184084995E-003  1.552386349465945E-002
  0.000000000000000E+000  0.000000000000000E+000  0.000000000000000E+000
  0.000000000000000E+000  0.000000000000000E+000  0.000000000000000E+000
  0.000000000000000E+000  0.000000000000000E+000  0.000000000000000E+000
  0.000000000000000E+000  0.000000000000000E+000  0.000000000000000E+000
  0.000000000000000E+000  0.000000000000000E+000  0.000000000000000E+000
  0.000000000000000E+000  0.000000000000000E+000  0.000000000000000E+000
  0.000000000000000E+000  0.000000000000000E+000  0.000000000000000E+000
  0.000000000000000E+000  0.000000000000000E+000  0.000000000000000E+000
  0.000000000000000E+000  0.000000000000000E+000  0.000000000000000E+000
  0.000000000000000E+000  0.000000000000000E+000  0.000000000000000E+000
  0.000000000000000E+000  0.000000000000000E+000  0.000000000000000E+000
  0.000000000000000E+000  0.000000000000000E+000  0.000000000000000E+000
  0.000000000000000E+000  0.000000000000000E+000  0.000000000000000E+000
  0.000000000000000E+000  0.000000000000000E+000  0.000000000000000E+000
  0.000000000000000E+000  0.000000000000000E+000  0.000000000000000E+000
  0.000000000000000E+000  0.000000000000000E+000  0.000000000000000E+000
  0.000000000000000E+000  0.000000000000000E+000  0.000000000000000E+000
  0.000000000000000E+000  0.000000000000000E+000  0.000000000000000E+000
  0.000000000000000E+000  0.000000000000000E+000  0.000000000000000E+000
  0.000000000000000E+000  0.000000000000000E+000  0.000000000000000E+000
  0.000000000000000E+000  0.000000000000000E+000  0.000000000000000E+000
  0.000000000000000E+000  0.000000000000000E+000  0.000000000000000E+000
  0.000000000000000E+000  0.000000000000000E+000  0.000000000000000E+000
  0.000000000000000E+000  0.000000000000000E+000  0.000000000000000E+000
  0.000000000000000E+000  0.000000000000000E+000  0.000000000000000E+000
  0.000000000000000E+000  0.000000000000000E+000  0.000000000000000E+000
  0.000000000000000E+000  0.000000000000000E+000  0.000000000000000E+000
  0.000000000000000E+000  0.000000000000000E+000  0.000000000000000E+000
  0.000000000000000E+000  0.000000000000000E+000  0.000000000000000E+000
  0.000000000000000E+000  0.000000000000000E+000  0.000000000000000E+000
  0.000000000000000E+000  0.000000000000000E+000  0.000000000000000E+000
  0.000000000000000E+000  0.000000000000000E+000  0.000000000000000E+000
  0.000000000000000E+000  0.000000000000000E+000  0.000000000000000E+000
  0.000000000000000E+000  0.000000000000000E+000  0.000000000000000E+000
  0.000000000000000E+000  0.000000000000000E+000  0.000000000000000E+000
  0.000000000000000E+000  0.000000000000000E+000  0.000000000000000E+000
  0.000000000000000E+000  0.000000000000000E+000  0.000000000000000E+000
  0.000000000000000E+000  0.000000000000000E+000  0.000000000000000E+000
  -311.180928044156        15518.0315954720       -4402.10729535098     
  -226.483856208123        9825.50407208401       -5456.01226052911     
   780.846959974181        3378.81174986583       -2271.71958462071     
   1256.26012209298        7908.78662386163       -564.519996944534     
   147.115579291562       -5101.15367066726        6005.91946358012     
   395.263615645346       -2166.62700924892        5072.70705457137     
   2293.87502489442        3999.72057996211        1355.54110662710     
  -1782.16964082794       -324.880017094423        4891.63405950810     
  -4133.29172114482       -2069.48789316218        5831.69592470514     
   6308.77798160044        5128.12231883545       -578.282420997009     
   2479.60041606811        2322.50424231015       -2161.90542248144     
   8515.53682351235        4624.50115917139       -5340.67689742870     
   13559.0340369839        7451.72643590544       -4395.50798783482     
  0.000000000000000E+000  0.000000000000000E+000  0.000000000000000E+000
  0.000000000000000E+000  0.000000000000000E+000  0.000000000000000E+000
  0.000000000000000E+000  0.000000000000000E+000  0.000000000000000E+000
  0.000000000000000E+000  0.000000000000000E+000  0.000000000000000E+000
  -109.580536888235        12442.7025323538       -3334.02481898376     
  -525.217031890651        10481.9885670854       -5388.87511043432     
   1301.49127209919        5426.29127971776       -3144.07000137092     
   2001.10372626077        7256.42068930858       -830.332562267217     
   1735.45971510058        881.811197746867        4145.10818164409     
   1904.31420771925        2312.45316130004        3485.83621291837     
   3792.60371326748        6596.08685001022        164.210260728593     
   1223.31429354703        3049.90281239664        3383.87540132801     
   62.4907395323919        2117.97658777849        4067.34078418856     
   5278.29867111685        5359.11917503400       -789.670959375475     
   3916.46509276806        3749.86915966536       -2999.63154131769     
   9238.06483085422        4708.22423296916       -5286.15707988430     
   10804.0742976619        6095.52685139654       -3335.01474310355     
  0.000000000000000E+000  0.000000000000000E+000  0.000000000000000E+000
  0.000000000000000E+000  0.000000000000000E+000  0.000000000000000E+000
  0.000000000000000E+000  0.000000000000000E+000  0.000000000000000E+000
  0.000000000000000E+000  0.000000000000000E+000  0.000000000000000E+000
   430.301368359116        7496.04851558148       -1794.92732556373     
  -564.177504927927        9815.29072282213       -4535.54941185164     
   1623.16510485687        9515.01471764868       -4056.19354488670     
   3496.01239731930        8288.00538709328       -1899.27724190972     
   4811.08419493731        9114.28934098716        665.248703494799     
   6130.33077349620        12658.6345212848       -386.045535360524     
   7603.40230986125        13201.3852446713       -2726.82473855700     
   7792.28588036055        11540.4848230252       -309.392711043481     
   5296.97470084330        8552.60361051429        779.084262642305     
   5209.43964332031        7000.97867669072       -1755.37524011185     
   7178.74844311659        5997.35302841879       -3874.62738842274     
   8709.59844225538        4359.95656308441       -4462.32141290815     
   6267.58092455054        4093.98281752172       -1802.89658577894     
  0.000000000000000E+000  0.000000000000000E+000  0.000000000000000E+000
  0.000000000000000E+000  0.000000000000000E+000  0.000000000000000E+000
  0.000000000000000E+000  0.000000000000000E+000  0.000000000000000E+000
  0.000000000000000E+000  0.000000000000000E+000  0.000000000000000E+000
   610.412867846331        2915.62514524667       -427.372371730794     
   174.011008613067        1663.42144950144       -963.739189378794     
   2328.71251990338       -2095.88308321883        325.943636885847     
   4029.97803846917       -3132.31089334273        2307.01178014714     
   6794.57978126647        11396.0310153605       -1516.53695626488     
   10234.5078239731        20407.7250820186       -5245.26719331576     
   8587.82089484228        14878.2238311098       -3326.45861367999     
   12518.0427046096        19032.2263172600       -5187.41341771423     
   6370.24117138262        11498.3501393389       -1446.01701056951     
  -4842.73633203057        1831.08119075979        2408.91551032361     
  -3095.79843534611        877.255966515848        442.935831606269     
   1347.88503674260        946.765134223886       -942.142468546914     
   2218.63990732932        1965.16977665301       -438.764736722192     
  0.000000000000000E+000  0.000000000000000E+000  0.000000000000000E+000
  0.000000000000000E+000  0.000000000000000E+000  0.000000000000000E+000
  0.000000000000000E+000  0.000000000000000E+000  0.000000000000000E+000
  0.000000000000000E+000  0.000000000000000E+000  0.000000000000000E+000
  -316.360002799757        1278.97957699953        288.687530715086     
   675.330116148206       -7499.81568393863        2508.72777712130     
   3130.91471068610       -18108.0106967448        6551.93043266880     
   3789.97761458074       -16516.8590287403        8035.88270408667     
   5094.59767931100       -419.599500043637        2588.17404949352     
   7071.45954500367        10414.7683981358       -2735.22652132294     
   5851.57158309607        10132.0375227194       -1478.34448317024     
   5730.20715030257        11622.1893944567       -2910.85357776995     
  -2869.52474164935        4256.60295078288        2567.35663508037     
  -16252.6110968912       -4989.43857079203        8098.44293989015     
  -17208.4571986367       -6325.57487280098        6575.68088304859     
  -6830.67418706695       -3187.96040084315        2496.06849181824     
   1270.70099947108        353.766581362253        271.787602823937     
  0.000000000000000E+000  0.000000000000000E+000  0.000000000000000E+000
  0.000000000000000E+000  0.000000000000000E+000  0.000000000000000E+000
  0.000000000000000E+000  0.000000000000000E+000  0.000000000000000E+000
  0.000000000000000E+000  0.000000000000000E+000  0.000000000000000E+000
  -998.154882551955        701.441762222785        260.706905090669     
   592.571304962644       -11136.2123689734        3723.11298698580     
   3366.56304270940       -21858.3309437918        9802.51657767467     
   3340.66580030418       -11309.8808647370        6750.61548068912     
   4450.42489552808        858.281706918364        1127.70336115626     
   3596.42838622045        1941.43335237433        484.441862106030     
   3712.36876094233        6417.37072255386       -1379.95706189580     
   45.4873146226342        4265.32035787121        341.957593303710     
  -1495.71578883013        4289.12720970424        1136.45183564863     
  -11526.6696594223       -2768.12173358412        6807.85195598356     
  -20560.0703433640       -7964.24288569259        9776.68133340698     
  -9968.93755527780       -5072.76343139533        3699.28925924773     
   1118.93589778520       -521.346953393922        239.489933996084     
  0.000000000000000E+000  0.000000000000000E+000  0.000000000000000E+000
  0.000000000000000E+000  0.000000000000000E+000  0.000000000000000E+000
  0.000000000000000E+000  0.000000000000000E+000  0.000000000000000E+000
  0.000000000000000E+000  0.000000000000000E+000  0.000000000000000E+000
  -748.947816782716        659.543135807588        122.957156667438     
   145.984251067209       -9117.56002476133        3243.68398671658     
   2848.61155251119       -14615.9053314618        8389.50289399127     
   2129.23864764766       -5025.85781378040        3661.32695544259     
   3018.46845600272        2739.79185756353       -823.574508961922     
   2782.53007629086        2652.75019250709       -564.388513943749     
   5284.56359766226        9080.03089797532       -6839.28246910089     
   915.362924643499        3709.49636851178       -538.313969205258     
   854.051098409525        3984.19477168792       -817.140790298164     
  -5415.73038167261       -657.524107028275        3688.76159726775     
  -14057.2958989984       -4816.21222409089        8363.22018928034     
  -8031.09673482136       -4452.46807284667        3229.60250358495     
   958.289125079828       -325.849976366728        99.7472463067656     
  0.000000000000000E+000  0.000000000000000E+000  0.000000000000000E+000
  0.000000000000000E+000  0.000000000000000E+000  0.000000000000000E+000
  0.000000000000000E+000  0.000000000000000E+000  0.000000000000000E+000
  0.000000000000000E+000  0.000000000000000E+000  0.000000000000000E+000
  -233.222512691858        449.729950793446       -22.9664224196198     
  -329.283984796762       -4553.59070434751        1834.38155263248     
   2003.44195495535       -8768.79978744885        5759.82610899281     
   1547.85424801149       -7273.88196432495        5231.77119234907     
   2173.37765257470       -253.446882666164        1186.13237825518     
   3106.93155217614        6287.93519210228       -4214.95405287703     
   6160.24959577585        10611.5147392019       -11533.6572174150     
   3985.72891342737        5871.02848526984       -4333.61577887717     
  -1242.50873919328        1772.99860285331        1151.36908250902     
  -6988.81998371085       -2254.13030298828        5193.81329328553     
  -8591.70157830047       -2651.91885161178        5756.97683406588     
  -3836.91648647997       -2592.98880828926        1841.61109695014     
   510.604241690826        19.1791791277275       -45.6235472531324     
  0.000000000000000E+000  0.000000000000000E+000  0.000000000000000E+000
  0.000000000000000E+000  0.000000000000000E+000  0.000000000000000E+000
  0.000000000000000E+000  0.000000000000000E+000  0.000000000000000E+000
  0.000000000000000E+000  0.000000000000000E+000  0.000000000000000E+000
  -54.2782659475347        241.792107516884        238.160126267210     
  -283.633315150925       -1590.15280268012        519.475869810539     
   806.353599270092       -5430.08730275951        3744.30163405872     
   939.974497771609       -5616.08147245139        5042.00810553095     
   2005.67689938154        5024.69955279157       -5385.74835583327     
   4141.03553198396        8478.18535369435       -10557.4968989249     
   3021.28748831518        5165.74205572696       -5667.43961086626     
   5173.16346199366        7665.55474321282       -10359.9107926387     
   3384.62266362323        4263.69282388902       -5428.28106276385     
  -5177.73453125138       -1923.87128936453        4925.08879373872     
  -5104.09658544586       -2017.91712150419        3752.48409171484     
  -1272.34341624905       -1071.58943643199        535.356065275173     
   239.558646133701        69.9186454986096        222.759575201142     
  0.000000000000000E+000  0.000000000000000E+000  0.000000000000000E+000
  0.000000000000000E+000  0.000000000000000E+000  0.000000000000000E+000
  0.000000000000000E+000  0.000000000000000E+000  0.000000000000000E+000
  0.000000000000000E+000  0.000000000000000E+000  0.000000000000000E+000
   18.1984298318847       -66.6505447423571        163.138599190934     
   97.7454669391103       -167.568991777735       -143.934728101439     
  -136.413150420930       -1649.72096714494        896.041207383767     
   954.655252544773       -1288.01184689338        544.996660343439     
   2434.61234081613        4764.17226872836       -6346.22602313785     
   2773.08817340358        5320.75190676657       -8062.90175321326     
   792.550245453333        1408.13767079900        1017.88769090683     
   3035.13168110920        4843.36110220950       -7611.09520817525     
   2878.96264527775        4429.38406026983       -6291.25383369942     
  -1486.98588478696        227.022429604902        486.718414360227     
  -1357.99692189988       -936.463996989884        894.778061385607     
  -195.245733178754       -9.48963497631415       -137.444007324211     
  -70.3053123085370       -20.7922045331302        152.466716874499     
  0.000000000000000E+000  0.000000000000000E+000  0.000000000000000E+000
  0.000000000000000E+000  0.000000000000000E+000  0.000000000000000E+000
  0.000000000000000E+000  0.000000000000000E+000  0.000000000000000E+000
  0.000000000000000E+000  0.000000000000000E+000  0.000000000000000E+000
  0.000000000000000E+000  0.000000000000000E+000  0.000000000000000E+000
  0.000000000000000E+000  0.000000000000000E+000  0.000000000000000E+000
  0.000000000000000E+000  0.000000000000000E+000  0.000000000000000E+000
  0.000000000000000E+000  0.000000000000000E+000  0.000000000000000E+000
  0.000000000000000E+000  0.000000000000000E+000  0.000000000000000E+000
  0.000000000000000E+000  0.000000000000000E+000  0.000000000000000E+000
  0.000000000000000E+000  0.000000000000000E+000  0.000000000000000E+000
  0.000000000000000E+000  0.000000000000000E+000  0.000000000000000E+000
  0.000000000000000E+000  0.000000000000000E+000  0.000000000000000E+000
  0.000000000000000E+000  0.000000000000000E+000  0.000000000000000E+000
  0.000000000000000E+000  0.000000000000000E+000  0.000000000000000E+000
  0.000000000000000E+000  0.000000000000000E+000  0.000000000000000E+000
  0.000000000000000E+000  0.000000000000000E+000  0.000000000000000E+000
  0.000000000000000E+000  0.000000000000000E+000  0.000000000000000E+000
  0.000000000000000E+000  0.000000000000000E+000  0.000000000000000E+000
  0.000000000000000E+000  0.000000000000000E+000  0.000000000000000E+000
  0.000000000000000E+000  0.000000000000000E+000  0.000000000000000E+000
  0.000000000000000E+000  0.000000000000000E+000  0.000000000000000E+000
  0.000000000000000E+000  0.000000000000000E+000  0.000000000000000E+000
  0.000000000000000E+000  0.000000000000000E+000  0.000000000000000E+000
  0.000000000000000E+000  0.000000000000000E+000  0.000000000000000E+000
  0.000000000000000E+000  0.000000000000000E+000  0.000000000000000E+000
  0.000000000000000E+000  0.000000000000000E+000  0.000000000000000E+000
  0.000000000000000E+000  0.000000000000000E+000  0.000000000000000E+000
  0.000000000000000E+000  0.000000000000000E+000  0.000000000000000E+000
  0.000000000000000E+000  0.000000000000000E+000  0.000000000000000E+000
  0.000000000000000E+000  0.000000000000000E+000  0.000000000000000E+000
  0.000000000000000E+000  0.000000000000000E+000  0.000000000000000E+000
  0.000000000000000E+000  0.000000000000000E+000  0.000000000000000E+000
  0.000000000000000E+000  0.000000000000000E+000  0.000000000000000E+000
  0.000000000000000E+000  0.000000000000000E+000  0.000000000000000E+000
  0.000000000000000E+000  0.000000000000000E+000  0.000000000000000E+000
