         140  1.399999999999997E-002  1.399999999999997E-002
  0.000000000000000E+000  0.000000000000000E+000  0.000000000000000E+000
  0.000000000000000E+000  0.000000000000000E+000  0.000000000000000E+000
  3.490845554850931E-002  7.309024928771347E-002 -6.450723089554923E-002
  3.682324318413951E-002  0.145341519895611      -0.104363233619657     
  5.473397200109389E-002  0.188860753329873      -0.144882364216183     
  6.724118187441483E-002  0.213602187761749      -0.167865553463576     
  7.969511515682198E-002  0.213224979941305      -0.183598569939950     
  9.320371641732131E-002  0.202501713053821      -0.190395292111796     
  0.110450689258035       0.191380765004032      -0.192940751407385     
  0.128693204848736       0.181977488390652      -0.190383275816958     
  0.144744517041255       0.175660294892794      -0.183602733300682     
  0.151331245672344       0.165090818122241      -0.167885196405263     
  0.136198452545619       0.141916374948957      -0.144925495033904     
  0.107457702951325       0.104615640095581      -0.104386346213554     
  4.590513982357532E-002  6.683564514346903E-002 -6.456159324063747E-002
  0.000000000000000E+000  0.000000000000000E+000  0.000000000000000E+000
  0.000000000000000E+000  0.000000000000000E+000  0.000000000000000E+000
  0.000000000000000E+000  0.000000000000000E+000  0.000000000000000E+000
  0.000000000000000E+000  0.000000000000000E+000  0.000000000000000E+000
  3.010587781581167E-002  6.785495466712108E-002 -5.692208090428097E-002
  3.553478624050081E-002  0.138785657316339      -0.101569535082082     
  4.919865369404403E-002  0.182667314351906      -0.138317156187577     
  6.301395838995427E-002  0.203713512681259      -0.164037273096756     
  7.493849854064281E-002  0.202736697241851      -0.178857887274045     
  8.842276608256056E-002  0.191097039258196      -0.186296104626842     
  0.103964174001815       0.180142999203782      -0.188252804756299     
  0.121215778115629       0.172143127047864      -0.186301077966418     
  0.138047280586450       0.166303929940930      -0.178867758741180     
  0.144885094158181       0.156484369345162      -0.164058681888930     
  0.133598579667257       0.134012034698971      -0.138348322811006     
  0.102427472244645       0.100214243954488      -0.101589597941901     
  4.377125126766112E-002  6.004820703451262E-002 -5.696500197380702E-002
  0.000000000000000E+000  0.000000000000000E+000  0.000000000000000E+000
  0.000000000000000E+000  0.000000000000000E+000  0.000000000000000E+000
  0.000000000000000E+000  0.000000000000000E+000  0.000000000000000E+000
  0.000000000000000E+000  0.000000000000000E+000  0.000000000000000E+000
  2.715926459854643E-002  5.604631962632652E-002 -4.627181701352840E-002
  2.900843963973835E-002  0.128489722798691      -9.272368150480072E-002
  4.283391052364577E-002  0.169958388462482      -0.128675987267363     
  5.304490006789262E-002  0.187463533925875      -0.154625053848360     
  6.576799742064712E-002  0.183294486088307      -0.170093310147528     
  7.668404285640815E-002  0.169124452841496      -0.177529673152452     
  9.107207747651527E-002  0.157806434432756      -0.179932838326045     
  0.108060342970547       0.151003069342325      -0.177561900210902     
  0.125807855597798       0.148648935441107      -0.170117737205708     
  0.135808518627550       0.139726662896914      -0.154643025090585     
  0.125771106330677       0.122123501055693      -0.128693891781619     
  9.677732734482605E-002  8.940057631593532E-002 -9.272876845655782E-002
  3.501661507543198E-002  5.157803945020191E-002 -4.629898592657714E-002
  0.000000000000000E+000  0.000000000000000E+000  0.000000000000000E+000
  0.000000000000000E+000  0.000000000000000E+000  0.000000000000000E+000
  0.000000000000000E+000  0.000000000000000E+000  0.000000000000000E+000
  0.000000000000000E+000  0.000000000000000E+000  0.000000000000000E+000
  2.435163062893811E-002  3.422283325986095E-002 -3.390848996055634E-002
  2.443366787067297E-002  0.114193477480321      -8.049394158744461E-002
  3.189830706176750E-002  0.153440966334097      -0.115319730181658     
  4.204627469788461E-002  0.166201829214113      -0.141822081167387     
  5.015547339276559E-002  0.155915822361048      -0.156698933805393     
  5.978620321052652E-002  0.137636732755620      -0.163725555293220     
  7.142126799014523E-002  0.123759251861012      -0.165838048526354     
  8.924228292297762E-002  0.120639666080265      -0.163791254014466     
  0.109922921845612       0.121458395916813      -0.156743361273589     
  0.122916852780717       0.119566842584362      -0.141839896442587     
  0.116926886525713       0.104379252659125      -0.115321870148707     
  8.668669355984519E-002  7.826246579978194E-002 -8.047610025660497E-002
  1.750788533320986E-002  3.824117344822251E-002 -3.393469119194432E-002
  0.000000000000000E+000  0.000000000000000E+000  0.000000000000000E+000
  0.000000000000000E+000  0.000000000000000E+000  0.000000000000000E+000
  0.000000000000000E+000  0.000000000000000E+000  0.000000000000000E+000
  0.000000000000000E+000  0.000000000000000E+000  0.000000000000000E+000
  2.499592599515742E-002  8.115446173562014E-003 -2.427277435775960E-002
  1.606040645991212E-002  0.103805866452224      -6.783123509506835E-002
  2.717419904177837E-002  0.138084750245181      -0.104343869574261     
  2.844056760635931E-002  0.143073501904318      -0.129093978425305     
  3.648148956795780E-002  0.128310010862820      -0.142675374552354     
  4.260686991360219E-002  0.105554796943843      -0.148388964405687     
  5.261763368504740E-002  9.117729944083852E-002 -0.150053675016736     
  7.007734718428078E-002  8.975871055697965E-002 -0.148491962323088     
  9.288054515871383E-002  9.583767594625338E-002 -0.142750155794265     
  0.109704029242929       9.623016491395321E-002 -0.129113269531982     
  0.105985487135250       9.257690922393778E-002 -0.104328478071992     
  8.186147379797519E-002  6.581640231921582E-002 -6.780479528046557E-002
 -5.413783434845472E-003  2.573388512658940E-002 -2.429176663605757E-002
  0.000000000000000E+000  0.000000000000000E+000  0.000000000000000E+000
  0.000000000000000E+000  0.000000000000000E+000  0.000000000000000E+000
  0.000000000000000E+000  0.000000000000000E+000  0.000000000000000E+000
  0.000000000000000E+000  0.000000000000000E+000  0.000000000000000E+000
  1.141621378864483E-002 -1.112104962680386E-002 -1.304694307311853E-002
  2.174722204113183E-002  9.881306735966792E-002 -6.066279987482998E-002
  1.585349705283324E-002  0.117108959460233      -9.258209756319455E-002
  1.844037055585648E-002  0.118215809282504      -0.114782857264864     
  2.249673393843412E-002  9.876223871152927E-002 -0.126316493666158     
  2.705957445336181E-002  7.497606270391118E-002 -0.130473997244443     
  3.517479139455218E-002  6.094814837787391E-002 -0.131448038870428     
  5.143032232876987E-002  6.107019082700355E-002 -0.130634867960881     
  7.430268784650562E-002  6.895907295147076E-002 -0.126419309594851     
  9.319701769290356E-002  7.516586949888522E-002 -0.114822314275077     
  9.346120480244882E-002  7.227228244927825E-002 -9.254348913934175E-002
  7.469371666276078E-002  6.819585890282909E-002 -6.061792206928124E-002
 -1.529678011829062E-002  4.411086938296780E-003 -1.309328332668376E-002
  0.000000000000000E+000  0.000000000000000E+000  0.000000000000000E+000
  0.000000000000000E+000  0.000000000000000E+000  0.000000000000000E+000
  0.000000000000000E+000  0.000000000000000E+000  0.000000000000000E+000
  0.000000000000000E+000  0.000000000000000E+000  0.000000000000000E+000
  1.351798582853167E-002 -1.436413514639868E-002 -1.275251692447135E-002
  1.795190181712402E-002  8.757924038536320E-002 -5.066896984091786E-002
  8.218208043839948E-003  9.077380450739947E-002 -7.853761273697975E-002
  9.315840055967485E-003  9.150001674023869E-002 -9.702335021471542E-002
  9.829546676802015E-003  6.887404166101864E-002 -0.105963672300021     
  1.409691831426095E-002  4.860535726931939E-002 -0.109195675415266     
  2.026499846482658E-002  3.511008461048867E-002 -0.109674494567573     
  3.513995088990764E-002  3.669642017105933E-002 -0.109420183524406     
  5.476631511165764E-002  4.305582195785121E-002 -0.106089065864639     
  7.459421614227257E-002  5.387641360732960E-002 -9.707222013627995E-002
  7.452240644432172E-002  5.256092429335827E-002 -7.851285408004788E-002
  6.679792821342759E-002  5.920471226974192E-002 -5.059605594588839E-002
 -1.914786537286339E-002  4.630612619116790E-003 -1.277268217480516E-002
  0.000000000000000E+000  0.000000000000000E+000  0.000000000000000E+000
  0.000000000000000E+000  0.000000000000000E+000  0.000000000000000E+000
  0.000000000000000E+000  0.000000000000000E+000  0.000000000000000E+000
  0.000000000000000E+000  0.000000000000000E+000  0.000000000000000E+000
  1.062204718710577E-002 -9.606206297917322E-003 -7.776709326464058E-003
  1.498195513139707E-002  6.194227061741202E-002 -3.869832229801482E-002
  3.497470157622952E-003  6.508335334140215E-002 -6.065653122492479E-002
  1.457600248255225E-003  6.068450238769196E-002 -7.417123367891017E-002
  7.508833499908370E-004  4.305026548981171E-002 -8.135384365922611E-002
  3.787670331192659E-003  2.670586577921335E-002 -8.505735437381019E-002
  9.290003305897708E-003  1.607585602854029E-002 -8.553801945215073E-002
  2.137585963746759E-002  1.681923010557430E-002 -8.533848492932142E-002
  3.690563469470858E-002  2.225579981514183E-002 -8.146509869277201E-002
  5.180458899994176E-002  3.164388894168825E-002 -7.420458918554486E-002
  5.464908536069014E-002  3.562848411598014E-002 -6.066297995878062E-002
  4.611849427054388E-002  4.386808502223677E-002 -3.862737278935613E-002
 -1.365817039416059E-002  4.386577040918100E-003 -7.765053427714951E-003
  0.000000000000000E+000  0.000000000000000E+000  0.000000000000000E+000
  0.000000000000000E+000  0.000000000000000E+000  0.000000000000000E+000
  0.000000000000000E+000  0.000000000000000E+000  0.000000000000000E+000
  0.000000000000000E+000  0.000000000000000E+000  0.000000000000000E+000
  4.844428986548769E-003 -8.838457023456344E-003 -3.809358308864988E-003
  1.309834491040870E-002  3.571116358138001E-002 -2.383948618021626E-002
 -4.358997112368212E-004  3.384758147677591E-002 -3.594837598240987E-002
 -2.043589944556736E-003  3.285231387555110E-002 -4.543597738044831E-002
 -4.237201387640839E-003  2.115960534083049E-002 -5.191726067305145E-002
 -2.846349069068417E-003  1.151607026164276E-002 -5.675237241184158E-002
  2.370300934477127E-003  4.053442331368414E-003 -5.915072118484661E-002
  1.152466275870353E-002  3.410186037665108E-003 -5.700122883825265E-002
  2.038095304183019E-002  6.948202398591404E-003 -5.194179121309849E-002
  2.942884135434391E-002  1.467559971131464E-002 -4.545074923885531E-002
  2.955499786818038E-002  1.658435944990076E-002 -3.596138832020730E-002
  2.438114986992519E-002  2.916792324269804E-002 -2.381004746298705E-002
 -1.010070640322802E-002 -2.592522646725306E-004 -3.783486131381484E-003
  0.000000000000000E+000  0.000000000000000E+000  0.000000000000000E+000
  0.000000000000000E+000  0.000000000000000E+000  0.000000000000000E+000
  0.000000000000000E+000  0.000000000000000E+000  0.000000000000000E+000
  0.000000000000000E+000  0.000000000000000E+000  0.000000000000000E+000
 -2.371220667911076E-004 -3.745244351942215E-003 -2.469030763043072E-003
  8.956097370098491E-003  7.153575164144707E-003 -6.234466357427065E-003
  7.991090233630407E-004  8.319807424371165E-003 -9.388868578718219E-003
  1.881458901363433E-003  1.020728277382364E-002 -1.569595543406743E-002
 -3.125778085182708E-003  6.676872683666435E-003 -1.824956174825330E-002
 -2.529662429723751E-003  3.376163626695650E-003 -2.444703570027353E-002
 -5.644374971618210E-004 -1.095888293089865E-003 -2.601860527127037E-002
  4.248702771311326E-003 -4.187786416839597E-004 -2.461030568790623E-002
  7.276371955498878E-003  6.642614462540064E-004 -1.822251349386882E-002
  7.878870073705271E-003  6.724877012871636E-003 -1.568026322833987E-002
  6.829917356506579E-003  4.852059683147520E-003 -9.386282184613730E-003
  1.723863568273569E-003  1.132930658724788E-002 -6.241266578275953E-003
 -3.119806856853670E-003 -2.090769464230105E-003 -2.449234953502663E-003
  0.000000000000000E+000  0.000000000000000E+000  0.000000000000000E+000
  0.000000000000000E+000  0.000000000000000E+000  0.000000000000000E+000
  0.000000000000000E+000  0.000000000000000E+000  0.000000000000000E+000
  0.000000000000000E+000  0.000000000000000E+000  0.000000000000000E+000
  0.000000000000000E+000  0.000000000000000E+000  0.000000000000000E+000
  0.000000000000000E+000  0.000000000000000E+000  0.000000000000000E+000
  0.000000000000000E+000  0.000000000000000E+000  0.000000000000000E+000
  0.000000000000000E+000  0.000000000000000E+000  0.000000000000000E+000
  0.000000000000000E+000  0.000000000000000E+000  0.000000000000000E+000
  0.000000000000000E+000  0.000000000000000E+000  0.000000000000000E+000
  0.000000000000000E+000  0.000000000000000E+000  0.000000000000000E+000
  0.000000000000000E+000  0.000000000000000E+000  0.000000000000000E+000
  0.000000000000000E+000  0.000000000000000E+000  0.000000000000000E+000
  0.000000000000000E+000  0.000000000000000E+000  0.000000000000000E+000
  0.000000000000000E+000  0.000000000000000E+000  0.000000000000000E+000
  0.000000000000000E+000  0.000000000000000E+000  0.000000000000000E+000
  0.000000000000000E+000  0.000000000000000E+000  0.000000000000000E+000
  0.000000000000000E+000  0.000000000000000E+000  0.000000000000000E+000
  0.000000000000000E+000  0.000000000000000E+000  0.000000000000000E+000
  0.000000000000000E+000  0.000000000000000E+000  0.000000000000000E+000
  0.000000000000000E+000  0.000000000000000E+000  0.000000000000000E+000
  0.000000000000000E+000  0.000000000000000E+000  0.000000000000000E+000
  0.000000000000000E+000  0.000000000000000E+000  0.000000000000000E+000
  0.000000000000000E+000  0.000000000000000E+000  0.000000000000000E+000
  0.000000000000000E+000  0.000000000000000E+000  0.000000000000000E+000
  0.000000000000000E+000  0.000000000000000E+000  0.000000000000000E+000
  0.000000000000000E+000  0.000000000000000E+000  0.000000000000000E+000
  0.000000000000000E+000  0.000000000000000E+000  0.000000000000000E+000
  0.000000000000000E+000  0.000000000000000E+000  0.000000000000000E+000
  0.000000000000000E+000  0.000000000000000E+000  0.000000000000000E+000
  0.000000000000000E+000  0.000000000000000E+000  0.000000000000000E+000
  0.000000000000000E+000  0.000000000000000E+000  0.000000000000000E+000
  0.000000000000000E+000  0.000000000000000E+000  0.000000000000000E+000
  0.000000000000000E+000  0.000000000000000E+000  0.000000000000000E+000
  0.000000000000000E+000  0.000000000000000E+000  0.000000000000000E+000
  0.000000000000000E+000  0.000000000000000E+000  0.000000000000000E+000
  0.000000000000000E+000  0.000000000000000E+000  0.000000000000000E+000
  0.000000000000000E+000  0.000000000000000E+000  0.000000000000000E+000
 -2.527473810240471E-003 -1.048038769614093E-002  1.678566612103998E-002
 -3.457268894526023E-003 -8.166660908997537E-005  2.912191112267934E-002
 -2.027391546405468E-003 -8.925904737264784E-003  4.698647635210972E-002
  8.064832243332591E-004 -2.411125432192144E-003  5.473455194837226E-002
  3.145392139118141E-003  1.685996370615390E-003  6.024254305974844E-002
 -3.741160182343055E-003 -1.447031057071955E-002  6.844830796498774E-002
 -1.452832302236967E-002 -2.490353814715318E-002  7.337673942084878E-002
 -1.085705943335879E-002 -1.030004192508381E-002  6.841783716079505E-002
 -4.774397748846881E-004  3.564673202816020E-003  6.029878241900890E-002
 -2.920477076644651E-003 -5.805046379272949E-004  5.480533998215707E-002
 -6.903578947725662E-003 -6.175195261122352E-003  4.692261134124379E-002
  1.768887859462154E-003 -2.943446569020570E-003  2.895433800222632E-002
 -7.764400341004580E-003 -7.389041497356442E-003  1.660317902452377E-002
  0.000000000000000E+000  0.000000000000000E+000  0.000000000000000E+000
  0.000000000000000E+000  0.000000000000000E+000  0.000000000000000E+000
  0.000000000000000E+000  0.000000000000000E+000  0.000000000000000E+000
  0.000000000000000E+000  0.000000000000000E+000  0.000000000000000E+000
 -1.135042883848245E-003 -8.893490435181457E-003  1.425407485529948E-002
 -1.082653447207965E-003 -6.643560082131655E-003  2.971178923486020E-002
  4.620751699618138E-004 -1.422084813200949E-002  4.649489964684418E-002
  2.175616256039229E-003 -7.718931111964757E-003  5.588890343708509E-002
  2.450043481231118E-003 -4.431099472384221E-003  6.132524169989020E-002
 -3.456644802604817E-003 -1.410795441055532E-002  6.786588719764917E-002
 -1.106545596160494E-002 -1.890041908600601E-002  7.110604766273348E-002
 -1.068406517012731E-002 -9.865622448492890E-003  6.783441189936552E-002
 -5.350736779228858E-003 -2.270954685935027E-005  6.135340240889990E-002
 -8.131229386021229E-003 -1.978680667826895E-003  5.592483062590542E-002
 -1.270026226361301E-002 -6.641394232454663E-003  4.641726797825081E-002
 -5.141288900528432E-003 -4.170884003282239E-003  2.953730513308510E-002
 -7.085836317295443E-003 -5.403262882884495E-003  1.409018045239079E-002
  0.000000000000000E+000  0.000000000000000E+000  0.000000000000000E+000
  0.000000000000000E+000  0.000000000000000E+000  0.000000000000000E+000
  0.000000000000000E+000  0.000000000000000E+000  0.000000000000000E+000
  0.000000000000000E+000  0.000000000000000E+000  0.000000000000000E+000
 -9.634292778721572E-004 -6.185852767732162E-003  1.173571044161033E-002
  2.873167929397232E-003 -1.864846855013083E-002  2.977486978609190E-002
  3.879628219808006E-003 -2.615087230148219E-002  4.680081775155766E-002
  3.921769036242809E-003 -1.940739299344824E-002  5.697044086420075E-002
  1.863617625409231E-003 -1.478568331362166E-002  6.237722094303907E-002
 -1.512972540183125E-003 -1.296140016978513E-002  6.579781140968984E-002
 -5.429671924536918E-003 -9.163290327993205E-003  6.686127221529949E-002
 -1.061823586352995E-002 -7.597345911174775E-003  6.576456871355235E-002
 -1.388722681084520E-002 -5.587297373396066E-003  6.235343681771552E-002
 -1.898198617439487E-002 -6.189673926947331E-003  5.694700055390652E-002
 -2.469534669375189E-002 -9.595544839165625E-003  4.668708369632716E-002
 -1.756404651182987E-002 -6.757745237772920E-003  2.959806714238474E-002
 -4.838935564551179E-003 -3.907315757606971E-003  1.159198469042745E-002
  0.000000000000000E+000  0.000000000000000E+000  0.000000000000000E+000
  0.000000000000000E+000  0.000000000000000E+000  0.000000000000000E+000
  0.000000000000000E+000  0.000000000000000E+000  0.000000000000000E+000
  0.000000000000000E+000  0.000000000000000E+000  0.000000000000000E+000
 -2.238439602792578E-003 -2.721864098573449E-003  1.006944072791062E-002
  5.251355517797091E-003 -2.608576385119491E-002  2.841496980078199E-002
  6.694924056555716E-003 -3.162258132635842E-002  4.443153972038982E-002
  5.566986487050833E-003 -2.615821693354462E-002  5.551843615617337E-002
  2.410474770415341E-003 -2.256948011812938E-002  6.170658958981414E-002
  1.606579232421679E-003 -7.585075178064537E-003  6.072001855192941E-002
  4.000493552817621E-003  7.104731898309898E-003  5.700776215698158E-002
 -7.483192571780701E-003 -2.266852998592248E-003  6.070488545489763E-002
 -2.079127120137682E-002 -8.967623146444609E-003  6.163648553096122E-002
 -2.549574747876876E-002 -8.036651544634668E-003  5.542239882029381E-002
 -3.078920451101742E-002 -9.849700439656739E-003  4.428183217903089E-002
 -2.522708047561220E-002 -8.406804322718481E-003  2.823924356821151E-002
 -1.229710511608250E-003 -3.281095649149602E-003  9.944704495771853E-003
  0.000000000000000E+000  0.000000000000000E+000  0.000000000000000E+000
  0.000000000000000E+000  0.000000000000000E+000  0.000000000000000E+000
  0.000000000000000E+000  0.000000000000000E+000  0.000000000000000E+000
  0.000000000000000E+000  0.000000000000000E+000  0.000000000000000E+000
 -3.418818709497069E-003  1.253814860052671E-003  8.288191245401094E-003
  5.994389969591491E-003 -2.521327567288711E-002  2.467231368043505E-002
  7.169554473127021E-003 -2.687382251200474E-002  4.055160883027878E-002
  7.280984932601516E-003 -2.381934775522876E-002  5.109912183235041E-002
  3.029401511756137E-003 -2.565303478953333E-002  5.963011185631008E-002
  1.146091316895012E-004 -1.332433580437364E-002  5.937927009790796E-002
  1.476156308455024E-004  3.693630190822256E-004  5.490679010188224E-002
 -1.159030565232940E-002 -6.387078378855194E-003  5.932165283189834E-002
 -2.373544364893090E-002 -1.002478474213425E-002  5.954994490759868E-002
 -2.421374499860681E-002 -5.352753094811928E-003  5.094043159433715E-002
 -2.687863954663396E-002 -7.042268090763999E-003  4.037882461856761E-002
 -2.484646827633368E-002 -7.315112599075375E-003  2.450829372784072E-002
  2.780991243419969E-003 -2.320610685389216E-003  8.178647998013653E-003
  0.000000000000000E+000  0.000000000000000E+000  0.000000000000000E+000
  0.000000000000000E+000  0.000000000000000E+000  0.000000000000000E+000
  0.000000000000000E+000  0.000000000000000E+000  0.000000000000000E+000
  0.000000000000000E+000  0.000000000000000E+000  0.000000000000000E+000
 -2.185700755074999E-003  2.524034748388785E-003  6.459672149250729E-003
  3.605337987498704E-003 -2.033788737803478E-002  2.114558546106542E-002
  8.851042878670883E-003 -2.752054849157662E-002  3.812213706502005E-002
  7.805012332666300E-003 -2.712383611325423E-002  4.824060848831820E-002
  3.849008092078602E-003 -2.736000917610718E-002  5.685131253007201E-002
 -9.173371008034575E-004 -1.877596884064190E-002  5.850061725508138E-002
 -4.615780107189098E-003 -7.955348004521797E-003  5.533890021931655E-002
 -1.576120332952988E-002 -1.005944716488561E-002  5.843156470129211E-002
 -2.562618713774316E-002 -1.022300884593296E-002  5.678376407285939E-002
 -2.718437134433347E-002 -6.538101541168135E-003  4.799832952443890E-002
 -2.816450058449065E-002 -5.888379538275419E-003  3.790387320412390E-002
 -1.942473650190836E-002 -6.923288833792044E-003  2.099458787331292E-002
  3.251464582868771E-003 -6.241935629479714E-004  6.370724995670561E-003
  0.000000000000000E+000  0.000000000000000E+000  0.000000000000000E+000
  0.000000000000000E+000  0.000000000000000E+000  0.000000000000000E+000
  0.000000000000000E+000  0.000000000000000E+000  0.000000000000000E+000
  0.000000000000000E+000  0.000000000000000E+000  0.000000000000000E+000
 -1.867836758828747E-003  4.105910357942776E-003  6.579028754169438E-003
  2.179252256599310E-003 -1.790814328164347E-002  1.720679159965121E-002
  1.121127103886809E-002 -3.454346518505987E-002  3.868695486284916E-002
  8.341482739011905E-003 -3.057511291645255E-002  4.611610853936578E-002
  6.041334590426645E-003 -1.672205518267462E-002  4.601382342402451E-002
  4.856164658783219E-003 -2.246821392709567E-003  4.214844067631723E-002
  6.784246175996142E-003  1.171301964755611E-002  3.381318608951338E-002
 -4.381660425233810E-003  3.073272669533703E-003  4.214321164021733E-002
 -1.772921292018053E-002 -3.182991468828660E-003  4.613048505692353E-002
 -3.036172494746495E-002 -7.829309129346157E-003  4.582316101114753E-002
 -3.525800495317477E-002 -7.374035532694616E-003  3.839547900134423E-002
 -1.654844965186321E-002 -6.897152781760554E-003  1.706475079625314E-002
  4.439180550976584E-003  4.195047792309631E-004  6.488017881296884E-003
  0.000000000000000E+000  0.000000000000000E+000  0.000000000000000E+000
  0.000000000000000E+000  0.000000000000000E+000  0.000000000000000E+000
  0.000000000000000E+000  0.000000000000000E+000  0.000000000000000E+000
  0.000000000000000E+000  0.000000000000000E+000  0.000000000000000E+000
 -1.591642455869546E-003  3.221625296080356E-003  4.702516000934536E-003
  8.803346078090754E-004 -1.330180859474623E-002  1.287223089426152E-002
  1.221687324167161E-002 -3.645724435766600E-002  3.767619976231148E-002
  8.041352393773194E-003 -1.964856102792194E-002  3.475942131150485E-002
  7.136981727403399E-003 -4.737374505046268E-003  2.989580054232891E-002
  7.942468087726152E-003  8.608988479863905E-003  2.468135574545639E-002
  1.304694162994605E-002  2.249638968149546E-002  8.024257318241456E-003
  3.676260548918117E-003  1.125301461668846E-002  2.436986959208592E-002
 -8.073554803167977E-003  3.662867372373410E-003  3.025331960593618E-002
 -2.091720269774640E-002 -2.757787529815911E-003  3.458181455981641E-002
 -3.730788201345472E-002 -7.489654185186031E-003  3.734166172693652E-002
 -1.186919885483117E-002 -5.741004760174871E-003  1.274382897745247E-002
  3.535837297469569E-003  2.443613691959707E-004  4.629447361426068E-003
  0.000000000000000E+000  0.000000000000000E+000  0.000000000000000E+000
  0.000000000000000E+000  0.000000000000000E+000  0.000000000000000E+000
  0.000000000000000E+000  0.000000000000000E+000  0.000000000000000E+000
  0.000000000000000E+000  0.000000000000000E+000  0.000000000000000E+000
 -2.040258411310080E-004  2.235950957669177E-003  2.721273970424644E-003
 -2.083742053933891E-003 -7.207446318287593E-003  7.834667508106758E-003
  9.072339184091650E-003 -2.266182002643264E-002  2.538609009754739E-002
  4.187356296197728E-003 -5.101122906850408E-003  1.519438749391437E-002
  8.277530109547343E-003 -3.946635062115912E-003  2.040842991680868E-002
  8.667667646762535E-003  1.026733894387650E-003  3.012504296890411E-002
  6.203279750117483E-003  1.073481323719155E-002  1.672672042637010E-002
 -3.141587746968908E-003  8.125572997986287E-003  2.934732536046736E-002
 -7.700493267423996E-003  5.129832677465321E-003  2.060397083313069E-002
 -6.578185591715827E-003  1.090010167050432E-003  1.520016474539597E-002
 -2.389041071703281E-002 -3.394857894950933E-003  2.514626225119358E-002
 -5.124200652762997E-003 -5.282193184087751E-003  7.738862236701907E-003
  1.991304552694308E-003  9.388757715641015E-004  2.684136496049750E-003
  0.000000000000000E+000  0.000000000000000E+000  0.000000000000000E+000
  0.000000000000000E+000  0.000000000000000E+000  0.000000000000000E+000
  0.000000000000000E+000  0.000000000000000E+000  0.000000000000000E+000
  0.000000000000000E+000  0.000000000000000E+000  0.000000000000000E+000
  4.628307716242873E-004  6.682894561822306E-004  2.158979974997406E-003
 -1.660488401173679E-003  5.864560262846881E-005  1.065885223557891E-003
  6.534635322807589E-004 -4.694645923445978E-003  6.319265492471539E-003
  8.888373510304125E-004  1.426769797140731E-004  1.038061794228814E-003
  4.539527978841165E-003 -2.091383398639738E-003  8.834192760668111E-003
  8.423102181344757E-003  5.663194461001608E-004  2.248334888383181E-002
  3.720243428731934E-003  6.391421686361010E-003  2.037748117325670E-002
 -3.629539780604042E-003  7.553978282636567E-003  2.198459626316409E-002
 -4.063666321162725E-003  2.882546308840884E-003  8.745295410636719E-003
 -3.677802842403753E-004  8.444431739733658E-004  1.079783522656141E-003
 -4.327806691739098E-003 -1.735687740073417E-003  6.267360030501605E-003
  8.634243765026962E-004 -1.361542654801170E-003  1.062779814511966E-003
  3.349442168266048E-004  7.253888016705600E-004  2.135611920195632E-003
  0.000000000000000E+000  0.000000000000000E+000  0.000000000000000E+000
  0.000000000000000E+000  0.000000000000000E+000  0.000000000000000E+000
  0.000000000000000E+000  0.000000000000000E+000  0.000000000000000E+000
  0.000000000000000E+000  0.000000000000000E+000  0.000000000000000E+000
  0.000000000000000E+000  0.000000000000000E+000  0.000000000000000E+000
  0.000000000000000E+000  0.000000000000000E+000  0.000000000000000E+000
  0.000000000000000E+000  0.000000000000000E+000  0.000000000000000E+000
  0.000000000000000E+000  0.000000000000000E+000  0.000000000000000E+000
  0.000000000000000E+000  0.000000000000000E+000  0.000000000000000E+000
  0.000000000000000E+000  0.000000000000000E+000  0.000000000000000E+000
  0.000000000000000E+000  0.000000000000000E+000  0.000000000000000E+000
  0.000000000000000E+000  0.000000000000000E+000  0.000000000000000E+000
  0.000000000000000E+000  0.000000000000000E+000  0.000000000000000E+000
  0.000000000000000E+000  0.000000000000000E+000  0.000000000000000E+000
  0.000000000000000E+000  0.000000000000000E+000  0.000000000000000E+000
  0.000000000000000E+000  0.000000000000000E+000  0.000000000000000E+000
  0.000000000000000E+000  0.000000000000000E+000  0.000000000000000E+000
  0.000000000000000E+000  0.000000000000000E+000  0.000000000000000E+000
  0.000000000000000E+000  0.000000000000000E+000  0.000000000000000E+000
  0.000000000000000E+000  0.000000000000000E+000  0.000000000000000E+000
  0.000000000000000E+000  0.000000000000000E+000  0.000000000000000E+000
  0.000000000000000E+000  0.000000000000000E+000  0.000000000000000E+000
  0.000000000000000E+000  0.000000000000000E+000  0.000000000000000E+000
  0.000000000000000E+000  0.000000000000000E+000  0.000000000000000E+000
  0.000000000000000E+000  0.000000000000000E+000  0.000000000000000E+000
  0.000000000000000E+000  0.000000000000000E+000  0.000000000000000E+000
  0.000000000000000E+000  0.000000000000000E+000  0.000000000000000E+000
  0.000000000000000E+000  0.000000000000000E+000  0.000000000000000E+000
  0.000000000000000E+000  0.000000000000000E+000  0.000000000000000E+000
  0.000000000000000E+000  0.000000000000000E+000  0.000000000000000E+000
  0.000000000000000E+000  0.000000000000000E+000  0.000000000000000E+000
  0.000000000000000E+000  0.000000000000000E+000  0.000000000000000E+000
  0.000000000000000E+000  0.000000000000000E+000  0.000000000000000E+000
  0.000000000000000E+000  0.000000000000000E+000  0.000000000000000E+000
  0.000000000000000E+000  0.000000000000000E+000  0.000000000000000E+000
  0.000000000000000E+000  0.000000000000000E+000  0.000000000000000E+000
  0.000000000000000E+000  0.000000000000000E+000  0.000000000000000E+000
  0.000000000000000E+000  0.000000000000000E+000  0.000000000000000E+000
   9.67693689529674        13.8701244806014       -77.3176338273934     
  -22.5354882563418       -6.54172169205658       -144.170724497153     
  -42.9272892039257        28.1476839677766       -171.215411611220     
  -35.9319354029882        179.275795512665       -165.777638414698     
   24.4536978710327        316.706229741771       -131.512316830836     
   118.387197665136        390.244451152426       -67.7254081524900     
   230.876603391880        396.205190128050       -32.9548079261339     
   286.946116669093        304.556924437099       -73.0307380898889     
   263.236040192512        181.225252807216       -134.268930249606     
   164.657897161771        54.6599872219421       -163.441208136904     
   41.6731301412265       -23.0274491058697       -169.060121720961     
   11.5377622145365       -19.4439119528456       -144.326524619377     
   9.94831979057483        16.3925820560818       -77.1471043854469     
  0.000000000000000E+000  0.000000000000000E+000  0.000000000000000E+000
  0.000000000000000E+000  0.000000000000000E+000  0.000000000000000E+000
  0.000000000000000E+000  0.000000000000000E+000  0.000000000000000E+000
  0.000000000000000E+000  0.000000000000000E+000  0.000000000000000E+000
   1.24726293057447        10.4994722485398       -66.1973002399079     
  -27.0705323750714       -17.1229372257105       -138.167136399615     
  -41.0588681610374      -0.119287799364996       -165.207307329584     
  -26.0198448474037        130.439601699374       -158.932626469263     
   34.6521239920033        247.290667585321       -114.976940361773     
   100.877590598757        274.662318980698       -31.5950118308695     
   151.249523886679        259.304641548344        17.1614767254311     
   194.490002145510        230.256685683907       -36.9257499736948     
   198.664300158303        155.034476377843       -117.938770360983     
   118.909276927566        39.3068354311895       -156.917516230320     
   15.5352883138139       -36.2343980041700       -162.639176233940     
   2.21007526250883       -29.4362721817836       -137.603571486418     
   10.9516667138217        7.47762051137967       -66.0815275995594     
  0.000000000000000E+000  0.000000000000000E+000  0.000000000000000E+000
  0.000000000000000E+000  0.000000000000000E+000  0.000000000000000E+000
  0.000000000000000E+000  0.000000000000000E+000  0.000000000000000E+000
  0.000000000000000E+000  0.000000000000000E+000  0.000000000000000E+000
  -6.33344532776544        4.12043857820236       -53.8860830838105     
  -29.7307789509760       -35.4213544314848       -122.761750376972     
  -34.6386138235942       -68.3843527163983       -145.937251960050     
  -13.3928741571237        29.1658646093545       -135.286119885631     
   34.0799887897586        111.910266836022       -76.2655007133872     
   27.2657677595068        36.0063840939002        43.6183951182643     
  -19.4957740463337       -36.1478309765541        114.233977877443     
   24.1659238381262        46.3150180671397        38.1854885441049     
   82.5663174044787        86.6083524907093       -79.6701956231045     
   26.4740349231028      -1.713133983731933E-002  -133.764759145809     
  -48.8716788214767       -66.1643602957753       -142.765856448736     
  -16.4436355099654       -42.4348922113807       -121.058597551451     
   8.67585362230958       -2.22615470968145       -53.7446398496225     
  0.000000000000000E+000  0.000000000000000E+000  0.000000000000000E+000
  0.000000000000000E+000  0.000000000000000E+000  0.000000000000000E+000
  0.000000000000000E+000  0.000000000000000E+000  0.000000000000000E+000
  0.000000000000000E+000  0.000000000000000E+000  0.000000000000000E+000
  -6.64598831157859       -4.71734242094904       -43.8983215030158     
  -29.8980263355753       -44.3420406388586       -106.276579730109     
  -20.8060705736051       -119.334503129067       -118.630686051110     
   7.52248423030474       -1.32771627317768       -116.426967864492     
   53.9888482564988        105.023790820034       -74.7933742977845     
   18.0610827818180       -24.6728736326091        64.8637284436360     
  -61.3046395228262       -108.418950369269        152.488726305064     
  -27.8069127852878        2.90582318637684        61.2174786826619     
   65.7050133281678        98.6814984892073       -78.1118782193667     
  -8.27045886136387        3.42874101124507       -115.868672010468     
  -100.313081502853       -80.2446220631953       -115.465871944722     
  -27.1779025121210       -48.2220600684267       -103.831830219488     
  0.282274558997617       -7.24718142835432       -43.4195840238824     
  0.000000000000000E+000  0.000000000000000E+000  0.000000000000000E+000
  0.000000000000000E+000  0.000000000000000E+000  0.000000000000000E+000
  0.000000000000000E+000  0.000000000000000E+000  0.000000000000000E+000
  0.000000000000000E+000  0.000000000000000E+000  0.000000000000000E+000
  -7.56400890635409       -9.89183106762783       -35.5097868275011     
  -30.2975008833466       -20.6443554717412       -99.1180221878901     
  -10.9356009369152       -102.190923660355       -97.1704034409373     
   29.8549374959971        36.3017674884994       -106.215963545093     
   84.3999589141677        216.473040563627       -118.333895330126     
   89.6352863617504        162.200755907835       -14.8094978867773     
   62.8829559556914        108.121344107191        57.4305053815726     
   95.6363978891061        156.981172888929       -17.2767834796845     
   146.673275168393        180.410064247249       -121.803437352344     
   17.4377377723031        43.5768942768319       -107.488546681404     
  -86.6718720269622       -61.7469157734814       -95.0305719844618     
  -6.21481577107890       -36.7956178593837       -96.9667274339267     
  -4.34809720526688       -10.9829220053286       -34.8068362255560     
  0.000000000000000E+000  0.000000000000000E+000  0.000000000000000E+000
  0.000000000000000E+000  0.000000000000000E+000  0.000000000000000E+000
  0.000000000000000E+000  0.000000000000000E+000  0.000000000000000E+000
  0.000000000000000E+000  0.000000000000000E+000  0.000000000000000E+000
 -0.234315694555760       -5.87563304168037       -33.3646272405517     
  -38.3863584211946        4.75272657402474       -88.8826114967465     
   7.91780361619330       -122.634084041678       -58.9420704117968     
   40.4141440794965       -61.6228214502950       -32.6710087080128     
   67.1633248081339        149.857884928521       -88.9579072153820     
   54.1962952134084        64.2833275391135        28.9272741313983     
  -30.3388477576873       -51.0941514590842        149.190686131451     
   28.9219612999556        80.4597569208304        24.9553410823218     
   96.3100196056783        132.172815643487       -91.9750516793672     
  -68.9806817394530        5.47732890490667       -35.9962206415246     
  -107.461929768191       -53.3220523828683       -58.9508290097374     
   22.3408040158141       -30.3047926147671       -87.3810922235294     
  -5.12760168522968       -2.88277586228606       -32.7123581907380     
  0.000000000000000E+000  0.000000000000000E+000  0.000000000000000E+000
  0.000000000000000E+000  0.000000000000000E+000  0.000000000000000E+000
  0.000000000000000E+000  0.000000000000000E+000  0.000000000000000E+000
  0.000000000000000E+000  0.000000000000000E+000  0.000000000000000E+000
  -7.98375289807970       -4.24085051797127       -24.2652376705384     
  -30.8370518934322        4.73224883331505       -75.3198559502467     
   30.9258090616291       -205.063429994699        14.4092120020019     
   55.3568318613722       -209.256337861203        91.2311824244162     
   34.9055530252562       -53.6425010420780        44.3467269966856     
  -11.3910637594744       -152.109889954232        184.008461608271     
  -161.270520825468       -276.262353679171        372.580721000971     
  -127.502081504083       -85.0743708997011        180.946123162846     
  -69.3487764913577       0.153797305794481        45.9119437166046     
  -207.793102942501       -57.2431812051840        89.7864517382110     
  -186.369931727912       -73.5389115800911        12.1616973131700     
   21.1861027227303       -23.1097267449647       -74.6027573295442     
 -0.309836871697110       -8.55653547391795       -23.6526998882708     
  0.000000000000000E+000  0.000000000000000E+000  0.000000000000000E+000
  0.000000000000000E+000  0.000000000000000E+000  0.000000000000000E+000
  0.000000000000000E+000  0.000000000000000E+000  0.000000000000000E+000
  0.000000000000000E+000  0.000000000000000E+000  0.000000000000000E+000
  -9.55227500570275       -1.63421511744666       -19.1622544170843     
  -19.0434901710824       -21.8704127901176       -49.3557419493436     
   44.8526140080266       -236.908985167156        78.8192334038178     
   65.6696091803605       -223.331593096151        145.374279808101     
   29.2354984757618       -109.786561963008        101.269835411954     
 -0.503211944930013       -60.2940945373867        83.4921386804267     
  -62.0948397733474       -104.565077665828        205.930400634500     
  -55.4640194884106       -31.5266251510339        83.9299107329699     
  -116.373296560685       -32.0804904099880        105.629952741313     
  -231.498559908140       -57.4139417227955        149.497090516685     
  -222.915026896627       -78.5888842734419        76.8971937546040     
  -6.35945675848011       -25.8703841282541       -49.4848224474569     
   2.69610666603441       -8.62414583093329       -18.5128926620389     
  0.000000000000000E+000  0.000000000000000E+000  0.000000000000000E+000
  0.000000000000000E+000  0.000000000000000E+000  0.000000000000000E+000
  0.000000000000000E+000  0.000000000000000E+000  0.000000000000000E+000
  0.000000000000000E+000  0.000000000000000E+000  0.000000000000000E+000
  -6.51881223791936        2.99569514512722       -15.4059203399642     
  -12.7059303083277       -34.5339317161648       -17.9327961640702     
   33.6893254447424       -160.928577700519        76.9882520479089     
   44.6237366465199       -122.673261925860        89.1535192662942     
   18.2806134764845       -41.1309542291470        29.4160824937119     
  -12.5245902562014        32.0817857237494       -119.356824180897     
   4.29962789891421        9.18671606930935       -91.0592837215362     
   32.0636031607162        5.03380418366132       -121.194970448065     
  -45.3872004918302       -5.10324617658866        27.6530419874956     
  -133.507874200547       -24.1266798328158        94.7580535649918     
  -155.642874650903       -51.6424058775280        77.5459845976463     
  -21.4435717024248       -26.9407906767637       -18.4503320260436     
   5.44267769777092       -3.95961324510948       -14.7724803222317     
  0.000000000000000E+000  0.000000000000000E+000  0.000000000000000E+000
  0.000000000000000E+000  0.000000000000000E+000  0.000000000000000E+000
  0.000000000000000E+000  0.000000000000000E+000  0.000000000000000E+000
  0.000000000000000E+000  0.000000000000000E+000  0.000000000000000E+000
  -1.87791858222974      -0.525243622014727       -10.1528953575904     
  -7.95348307434800       -10.8270998319946       -10.9551213852850     
  -3.09674650448632       -50.5193553101951        14.8684036499608     
   13.9316283982907       -45.3172801961431        10.0572020749498     
   11.5563714805855       -19.1391336001348       -22.2087017116035     
  -3.75230403951149       -8.01720519566361       -87.6418928045906     
  -4.68063662501475       -6.80025376416497       -65.0460298352098     
  -5.89529856999199       -7.69857202953215       -91.7466869853862     
  -21.6364314266461      -8.236083328815617E-002  -26.7432358252510     
  -47.3104790250354       -10.8265741109370        11.9800950911511     
  -42.3526941487405       -28.4431286540658        15.8164026210367     
  -4.96843913473149       -11.8468351717138       -10.7265451246353     
  0.454936993072480       -1.84495263204547       -9.88529661888737     
  0.000000000000000E+000  0.000000000000000E+000  0.000000000000000E+000
  0.000000000000000E+000  0.000000000000000E+000  0.000000000000000E+000
  0.000000000000000E+000  0.000000000000000E+000  0.000000000000000E+000
  0.000000000000000E+000  0.000000000000000E+000  0.000000000000000E+000
  0.000000000000000E+000  0.000000000000000E+000  0.000000000000000E+000
  0.000000000000000E+000  0.000000000000000E+000  0.000000000000000E+000
  0.000000000000000E+000  0.000000000000000E+000  0.000000000000000E+000
  0.000000000000000E+000  0.000000000000000E+000  0.000000000000000E+000
  0.000000000000000E+000  0.000000000000000E+000  0.000000000000000E+000
  0.000000000000000E+000  0.000000000000000E+000  0.000000000000000E+000
  0.000000000000000E+000  0.000000000000000E+000  0.000000000000000E+000
  0.000000000000000E+000  0.000000000000000E+000  0.000000000000000E+000
  0.000000000000000E+000  0.000000000000000E+000  0.000000000000000E+000
  0.000000000000000E+000  0.000000000000000E+000  0.000000000000000E+000
  0.000000000000000E+000  0.000000000000000E+000  0.000000000000000E+000
  0.000000000000000E+000  0.000000000000000E+000  0.000000000000000E+000
  0.000000000000000E+000  0.000000000000000E+000  0.000000000000000E+000
  0.000000000000000E+000  0.000000000000000E+000  0.000000000000000E+000
  0.000000000000000E+000  0.000000000000000E+000  0.000000000000000E+000
  0.000000000000000E+000  0.000000000000000E+000  0.000000000000000E+000
  0.000000000000000E+000  0.000000000000000E+000  0.000000000000000E+000
  0.000000000000000E+000  0.000000000000000E+000  0.000000000000000E+000
  0.000000000000000E+000  0.000000000000000E+000  0.000000000000000E+000
  0.000000000000000E+000  0.000000000000000E+000  0.000000000000000E+000
  0.000000000000000E+000  0.000000000000000E+000  0.000000000000000E+000
  0.000000000000000E+000  0.000000000000000E+000  0.000000000000000E+000
  0.000000000000000E+000  0.000000000000000E+000  0.000000000000000E+000
  0.000000000000000E+000  0.000000000000000E+000  0.000000000000000E+000
  0.000000000000000E+000  0.000000000000000E+000  0.000000000000000E+000
  0.000000000000000E+000  0.000000000000000E+000  0.000000000000000E+000
  0.000000000000000E+000  0.000000000000000E+000  0.000000000000000E+000
  0.000000000000000E+000  0.000000000000000E+000  0.000000000000000E+000
  0.000000000000000E+000  0.000000000000000E+000  0.000000000000000E+000
  0.000000000000000E+000  0.000000000000000E+000  0.000000000000000E+000
  0.000000000000000E+000  0.000000000000000E+000  0.000000000000000E+000
  0.000000000000000E+000  0.000000000000000E+000  0.000000000000000E+000
