         140  1.399999999999997E-002  1.399999999999997E-002
  0.000000000000000E+000  0.000000000000000E+000  0.000000000000000E+000
  0.000000000000000E+000  0.000000000000000E+000  0.000000000000000E+000
  3.173049542068102E-002  5.725525335902316E-002 -8.510865450194771E-002
  3.253175245715402E-002  7.634930710793802E-002 -0.148089799249221     
  4.793503089994341E-002  0.105103619324654      -0.224140739688438     
  5.365863598883246E-002  0.131917663439920      -0.270439869540911     
  6.481805280076525E-002  0.162874158538753      -0.312756871389455     
  8.371585188899075E-002  0.189027916674345      -0.342424849055057     
  0.106792618019794       0.185026824830491      -0.355727987751020     
  0.121812029847811       0.167061330314563      -0.342444419940913     
  0.108682824596714       0.137656854807416      -0.312782495957360     
  8.748484395465550E-002  0.112534102738671      -0.270467686564938     
  6.714627862174401E-002  9.417248175143349E-002 -0.224204648234014     
  4.988058265116691E-002  6.636607492066997E-002 -0.148097555698279     
  3.375024866746620E-002  5.613504545368942E-002 -8.520199193032055E-002
  0.000000000000000E+000  0.000000000000000E+000  0.000000000000000E+000
  0.000000000000000E+000  0.000000000000000E+000  0.000000000000000E+000
  0.000000000000000E+000  0.000000000000000E+000  0.000000000000000E+000
  0.000000000000000E+000  0.000000000000000E+000  0.000000000000000E+000
  2.242609286256633E-002  6.184891447297897E-002 -7.462738321702291E-002
  2.797064303972692E-002  8.218114667605994E-002 -0.144035089069876     
  3.723502786706588E-002  0.111838923749581      -0.213644518950633     
  4.653038445483208E-002  0.133007760284984      -0.267201816850859     
  5.779626495398282E-002  0.166400580491204      -0.307121608153000     
  7.814029764349388E-002  0.181425466102774      -0.339825935630394     
  9.878786932926321E-002  0.171158758366161      -0.349289905890986     
  0.118000914313173       0.158421815645572      -0.339854898489006     
  0.115208354776821       0.133316565568914      -0.307150945607729     
  9.195142984146856E-002  0.106878353029216      -0.267223811378976     
  7.828036778017439E-002  8.823477152842568E-002 -0.213689718421755     
  5.719640677808612E-002  6.531827775423014E-002 -0.144030296615698     
  4.237710279545406E-002  5.035892579242409E-002 -7.470271796244934E-002
  0.000000000000000E+000  0.000000000000000E+000  0.000000000000000E+000
  0.000000000000000E+000  0.000000000000000E+000  0.000000000000000E+000
  0.000000000000000E+000  0.000000000000000E+000  0.000000000000000E+000
  0.000000000000000E+000  0.000000000000000E+000  0.000000000000000E+000
  1.533904673270457E-002  7.033766372584488E-002 -6.310207246418960E-002
  1.752892602988466E-002  9.612942776539311E-002 -0.132374462369671     
  2.453967515848138E-002  0.120098506739467      -0.200985242202834     
  3.240223268451143E-002  0.152339422843877      -0.254752442611320     
  4.789571346182873E-002  0.176760163616921      -0.301366220323092     
  6.580352623383007E-002  0.162617177070278      -0.327869511143367     
  8.752601338062337E-002  0.151647682189213      -0.336893897695283     
  0.107863308597046       0.138328717490619      -0.327908366615960     
  0.129047635716599       0.129876649875054      -0.301391799250264     
  0.115712318231744       0.104272993168537      -0.254761338804244     
  9.171378648290393E-002  8.132286445338482E-002 -0.200993309218752     
  7.444687866434248E-002  6.320642000689591E-002 -0.132336390861091     
  5.326476208305195E-002  4.844819678630739E-002 -6.315037768428340E-002
  0.000000000000000E+000  0.000000000000000E+000  0.000000000000000E+000
  0.000000000000000E+000  0.000000000000000E+000  0.000000000000000E+000
  0.000000000000000E+000  0.000000000000000E+000  0.000000000000000E+000
  0.000000000000000E+000  0.000000000000000E+000  0.000000000000000E+000
  1.325774430198989E-002  8.491999167126565E-002 -5.519989020448918E-002
  9.924201650085507E-003  0.118086807601685      -0.121081457956818     
  1.143276616763056E-002  0.158474653011607      -0.188353914995215     
  1.930556875115890E-002  0.182884295015355      -0.246970403602385     
  3.459274220986444E-002  0.169565361027439      -0.287757797761909     
  5.333168611683244E-002  0.147863146287359      -0.308297761651274     
  7.447168393669433E-002  0.129032689278638      -0.315347337643150     
  0.101353278107240       0.120197715555595      -0.308393110551988     
  0.129475934308752       0.114769320713734      -0.287792086332926     
  0.148633253402807       0.108161184567121      -0.246948740305849     
  0.131485175750566       8.914569897264156E-002 -0.188316656208101     
  9.727072308523559E-002  6.760321632900457E-002 -0.120999830288589     
  6.690818769958483E-002  5.391219350969242E-002 -5.522637682309621E-002
  0.000000000000000E+000  0.000000000000000E+000  0.000000000000000E+000
  0.000000000000000E+000  0.000000000000000E+000  0.000000000000000E+000
  0.000000000000000E+000  0.000000000000000E+000  0.000000000000000E+000
  0.000000000000000E+000  0.000000000000000E+000  0.000000000000000E+000
  1.480347244064880E-002  8.120256013846119E-002 -5.065453663449401E-002
  3.533135486853356E-003  0.149086083483315      -0.116724441440412     
  3.416563949682137E-003  0.177799022753514      -0.182763446919114     
  1.028112872432122E-002  0.183293869281663      -0.236760344288658     
  2.507445645750699E-002  0.164172488221717      -0.272535664056558     
  4.408059858344845E-002  0.135624835560262      -0.289492182772601     
  6.632377855527881E-002  0.114912542426367      -0.294121291466194     
  9.545673072845451E-002  0.106131792131783      -0.289673852512450     
  0.129604897916346       0.103865774718928      -0.272615767023731     
  0.153469017755996       0.100545771516091      -0.236708057085379     
  0.152131166580180       9.183431308426861E-002 -0.182675249669450     
  0.127247010068555       7.753835897110364E-002 -0.116616988708026     
  6.288204696688804E-002  5.337168155661220E-002 -5.066330534140572E-002
  0.000000000000000E+000  0.000000000000000E+000  0.000000000000000E+000
  0.000000000000000E+000  0.000000000000000E+000  0.000000000000000E+000
  0.000000000000000E+000  0.000000000000000E+000  0.000000000000000E+000
  0.000000000000000E+000  0.000000000000000E+000  0.000000000000000E+000
  2.389003479189866E-002  5.706135739121572E-002 -4.409642430884147E-002
 -1.397376229463071E-003  0.151142136259981      -0.113255839363068     
 -4.434403864102646E-004  0.176978444244657      -0.174784342692836     
  3.675267461705356E-003  0.179363217713589      -0.225886032387295     
  1.805282581291192E-002  0.155470546399492      -0.257388927747363     
  3.702386860099829E-002  0.126286219536980      -0.271291833266837     
  6.041939437876416E-002  0.104672760209124      -0.275466477619539     
  9.101466733952833E-002  9.544221510760727E-002 -0.271642130938967     
  0.125635913409647       9.348216604864334E-002 -0.257537762067054     
  0.153357560662430       9.288480203120711E-002 -0.225831335909572     
  0.153354125012146       8.809942742070993E-002 -0.174670397298523     
  0.131358396449341       7.426098681125586E-002 -0.113085800153908     
  3.740834069512470E-002  4.915143851855387E-002 -4.410121194615767E-002
  0.000000000000000E+000  0.000000000000000E+000  0.000000000000000E+000
  0.000000000000000E+000  0.000000000000000E+000  0.000000000000000E+000
  0.000000000000000E+000  0.000000000000000E+000  0.000000000000000E+000
  0.000000000000000E+000  0.000000000000000E+000  0.000000000000000E+000
  2.895215579121089E-002  2.936806088198508E-002 -3.443085317509628E-002
 -3.740089278057497E-003  0.144490124141934      -0.105178558135478     
 -4.760681909329444E-003  0.163238357723625      -0.163075760071772     
 -2.255187253106706E-003  0.163462899693115      -0.208258680622308     
  1.169177093897593E-002  0.140903216470206      -0.236771833575512     
  2.981795390457403E-002  0.113507641005067      -0.249132959001624     
  5.384023662328986E-002  9.324797314731716E-002 -0.253234011918548     
  8.365382836309077E-002  8.287882295459956E-002 -0.249648394402916     
  0.116250245258335       8.073049862597113E-002 -0.237018559713531     
  0.142576990027806       7.983889512602677E-002 -0.208239224956408     
  0.143640359415817       7.752483413597872E-002 -0.162977731582874     
  0.126801597804428       6.893712850107488E-002 -0.104981779467951     
  1.086213844592371E-002  3.964287658491211E-002 -3.442474189022122E-002
  0.000000000000000E+000  0.000000000000000E+000  0.000000000000000E+000
  0.000000000000000E+000  0.000000000000000E+000  0.000000000000000E+000
  0.000000000000000E+000  0.000000000000000E+000  0.000000000000000E+000
  0.000000000000000E+000  0.000000000000000E+000  0.000000000000000E+000
  2.759286602144379E-002  1.129951871875745E-002 -2.620719637517263E-002
 -4.951092178445051E-003  0.130455004348538      -9.360565441195164E-002
 -9.351676253918837E-003  0.137159843033895      -0.142637754501850     
 -5.297834236253035E-003  0.140182675976864      -0.182896942870044     
  5.020598260638125E-003  0.120728843964156      -0.210396847812314     
  2.288637496195923E-002  9.833068492218985E-002 -0.222893384130017     
  4.589202858895343E-002  7.940591749009772E-002 -0.227797646811075     
  7.409356493484172E-002  6.934322689503211E-002 -0.223715687317448     
  0.102127674170768       6.489729429495955E-002 -0.210743708106179     
  0.123968207992534       6.560384917545248E-002 -0.182939422737092     
  0.123445650626022       6.054525787864470E-002 -0.142595199635068     
  0.115336904687808       6.092023593041983E-002 -9.342037080572976E-002
 -4.105065078862550E-003  2.941599906650196E-002 -2.620294425333737E-002
  0.000000000000000E+000  0.000000000000000E+000  0.000000000000000E+000
  0.000000000000000E+000  0.000000000000000E+000  0.000000000000000E+000
  0.000000000000000E+000  0.000000000000000E+000  0.000000000000000E+000
  0.000000000000000E+000  0.000000000000000E+000  0.000000000000000E+000
  2.341076606142533E-002  4.769594113051015E-003 -1.641467763794225E-002
 -1.223357012517855E-002  9.913594907530833E-002 -7.266934694976096E-002
 -7.666980215251649E-003  8.987147047112234E-002 -0.100276123992539     
 -9.576379432886787E-003  9.859305793986291E-002 -0.136519963140730     
 -8.881905863556902E-004  8.199177799068544E-002 -0.155972141293021     
  1.213840893647900E-002  6.694784800170171E-002 -0.167630295667799     
  3.041048431346579E-002  5.250832827887548E-002 -0.171925851780740     
  5.221273722173025E-002  4.421428594498936E-002 -0.168307898574372     
  7.146239547751136E-002  4.036097130054624E-002 -0.156284920690246     
  9.010757440777342E-002  4.109778295355704E-002 -0.136632226253884     
  8.174656722848647E-002  3.837731536589963E-002 -0.100353476530609     
  9.191052549275865E-002  3.897408199574679E-002 -7.250273479149913E-002
 -7.623348041160270E-003  2.257632793547753E-002 -1.642231384574480E-002
  0.000000000000000E+000  0.000000000000000E+000  0.000000000000000E+000
  0.000000000000000E+000  0.000000000000000E+000  0.000000000000000E+000
  0.000000000000000E+000  0.000000000000000E+000  0.000000000000000E+000
  0.000000000000000E+000  0.000000000000000E+000  0.000000000000000E+000
  6.989494497790484E-003 -4.357433101846418E-003 -8.006141481999816E-003
  1.164649009685369E-002  2.927645501296649E-002 -2.238679352609798E-002
  1.379044355440644E-003  4.211985996751550E-002 -4.702951447681662E-002
 -2.457196930283310E-003  5.017542244165186E-002 -7.427246041336374E-002
 -2.334140180680495E-003  4.498421359504270E-002 -9.098416396552166E-002
  5.043423572107081E-003  3.693192614981117E-002 -0.104520380927424     
  1.647840735387924E-002  2.808771211915477E-002 -0.107864300124624     
  2.965706340454744E-002  2.291396272004422E-002 -0.105146048011422     
  4.000683912254870E-002  2.062828039275399E-002 -9.125385328231325E-002
  4.463789808046334E-002  2.300793364939710E-002 -7.432438384882807E-002
  3.589104275641319E-002  2.228857182574477E-002 -4.712582796234509E-002
  1.954795446900729E-002  2.470314178333790E-002 -2.235492741690546E-002
 -7.280090732919067E-003  3.837658914068012E-003 -8.006452597318770E-003
  0.000000000000000E+000  0.000000000000000E+000  0.000000000000000E+000
  0.000000000000000E+000  0.000000000000000E+000  0.000000000000000E+000
  0.000000000000000E+000  0.000000000000000E+000  0.000000000000000E+000
  0.000000000000000E+000  0.000000000000000E+000  0.000000000000000E+000
  0.000000000000000E+000  0.000000000000000E+000  0.000000000000000E+000
  0.000000000000000E+000  0.000000000000000E+000  0.000000000000000E+000
  0.000000000000000E+000  0.000000000000000E+000  0.000000000000000E+000
  0.000000000000000E+000  0.000000000000000E+000  0.000000000000000E+000
  0.000000000000000E+000  0.000000000000000E+000  0.000000000000000E+000
  0.000000000000000E+000  0.000000000000000E+000  0.000000000000000E+000
  0.000000000000000E+000  0.000000000000000E+000  0.000000000000000E+000
  0.000000000000000E+000  0.000000000000000E+000  0.000000000000000E+000
  0.000000000000000E+000  0.000000000000000E+000  0.000000000000000E+000
  0.000000000000000E+000  0.000000000000000E+000  0.000000000000000E+000
  0.000000000000000E+000  0.000000000000000E+000  0.000000000000000E+000
  0.000000000000000E+000  0.000000000000000E+000  0.000000000000000E+000
  0.000000000000000E+000  0.000000000000000E+000  0.000000000000000E+000
  0.000000000000000E+000  0.000000000000000E+000  0.000000000000000E+000
  0.000000000000000E+000  0.000000000000000E+000  0.000000000000000E+000
  0.000000000000000E+000  0.000000000000000E+000  0.000000000000000E+000
  0.000000000000000E+000  0.000000000000000E+000  0.000000000000000E+000
  0.000000000000000E+000  0.000000000000000E+000  0.000000000000000E+000
  0.000000000000000E+000  0.000000000000000E+000  0.000000000000000E+000
  0.000000000000000E+000  0.000000000000000E+000  0.000000000000000E+000
  0.000000000000000E+000  0.000000000000000E+000  0.000000000000000E+000
  0.000000000000000E+000  0.000000000000000E+000  0.000000000000000E+000
  0.000000000000000E+000  0.000000000000000E+000  0.000000000000000E+000
  0.000000000000000E+000  0.000000000000000E+000  0.000000000000000E+000
  0.000000000000000E+000  0.000000000000000E+000  0.000000000000000E+000
  0.000000000000000E+000  0.000000000000000E+000  0.000000000000000E+000
  0.000000000000000E+000  0.000000000000000E+000  0.000000000000000E+000
  0.000000000000000E+000  0.000000000000000E+000  0.000000000000000E+000
  0.000000000000000E+000  0.000000000000000E+000  0.000000000000000E+000
  0.000000000000000E+000  0.000000000000000E+000  0.000000000000000E+000
  0.000000000000000E+000  0.000000000000000E+000  0.000000000000000E+000
  0.000000000000000E+000  0.000000000000000E+000  0.000000000000000E+000
  0.000000000000000E+000  0.000000000000000E+000  0.000000000000000E+000
  0.000000000000000E+000  0.000000000000000E+000  0.000000000000000E+000
 -5.794752937207836E-007  1.820980521094547E-007 -1.839290309963571E-006
 -4.114683789581978E-006 -1.765039216267987E-008 -1.690387714595752E-006
 -2.672591066442613E-006 -4.977965965199077E-007  3.509328321056030E-006
 -4.110123818221999E-006  1.017586646866159E-006  5.962346441115862E-007
 -8.101437414857753E-006 -1.820036889212967E-006 -7.572724188324833E-007
 -5.609527939377545E-006  2.779410581932306E-006  7.694762903131389E-006
 -3.009274137948641E-006 -5.314139961594358E-006  1.431977759725920E-005
  7.744379120116737E-006 -1.854614782717799E-006  7.819125154981149E-006
  2.306337504184557E-006 -8.816813412016244E-006  1.982590387632870E-007
  2.459461147622684E-006 -3.568678084403382E-006  7.247968818842814E-007
  1.010862569509361E-007 -2.968988410556610E-006  3.863910483310789E-006
  3.077023562895717E-006 -3.026825667994340E-006 -1.573459207978226E-006
  3.751044451734267E-007 -4.835360377071567E-007 -1.897875699648986E-006
  0.000000000000000E+000  0.000000000000000E+000  0.000000000000000E+000
  0.000000000000000E+000  0.000000000000000E+000  0.000000000000000E+000
  0.000000000000000E+000  0.000000000000000E+000  0.000000000000000E+000
  0.000000000000000E+000  0.000000000000000E+000  0.000000000000000E+000
 -9.080256992172531E-007  3.222254012441762E-007 -1.480399537925650E-006
 -3.919106828813091E-006 -1.019063893934659E-006 -2.301405892467960E-006
 -2.348232385227663E-006  1.171127984918455E-006  3.498961323962527E-006
 -4.969058266262116E-006 -1.545310193298874E-006  2.335703137692086E-007
 -8.076143579253906E-006 -4.923521222052781E-007  5.450145224370169E-008
  1.086887872888898E-006  1.900026887407902E-005  5.094112371185600E-006
 -2.754009214175782E-006 -5.615286947621920E-006  1.468938083608876E-005
  1.597139939540985E-005  9.807524813925077E-006  5.855632477120182E-006
  3.889293542727903E-006 -7.616518291287572E-006  6.949761255669660E-007
  1.427046036663685E-006 -5.305761368343187E-006  4.564196665690354E-007
  1.736660745233026E-006 -1.602897023610514E-006  3.813822003600954E-006
  1.752162023889628E-006 -3.545418475892359E-006 -2.203428247762021E-006
  6.123226368838862E-007 -7.173742279166955E-007 -1.535565822284330E-006
  0.000000000000000E+000  0.000000000000000E+000  0.000000000000000E+000
  0.000000000000000E+000  0.000000000000000E+000  0.000000000000000E+000
  0.000000000000000E+000  0.000000000000000E+000  0.000000000000000E+000
  0.000000000000000E+000  0.000000000000000E+000  0.000000000000000E+000
 -1.364662670206988E-006 -9.419628205839852E-007 -1.279364403430354E-006
 -4.122972221944503E-006  2.188755324090646E-006 -2.430443884067027E-006
 -1.392399576927958E-006  1.271442609749773E-007  2.430741568171977E-006
 -6.247709414546977E-006 -3.879342109179580E-006  1.073984839711318E-006
 -6.464787709887279E-006  1.722551640489892E-005 -2.956282014641090E-006
  2.411042728085682E-006  1.797907460827612E-005 -4.041510037917294E-006
  7.612245180479442E-006  1.218999945582435E-005  1.427335544461254E-005
  1.273577993817204E-005  8.498764703784770E-006 -1.845988576185905E-006
  1.759632533858257E-005  2.210090690136902E-006 -2.229725878599933E-006
  1.024461143475893E-006 -6.826635750441209E-006  9.271769437420592E-007
  8.110407301819402E-007 -1.033464297155074E-006  2.777349746831513E-006
  4.173921491443218E-006 -2.360678471570946E-006 -2.430819104611213E-006
 -4.436111712550157E-007 -1.878505784502584E-006 -1.319054760582744E-006
  0.000000000000000E+000  0.000000000000000E+000  0.000000000000000E+000
  0.000000000000000E+000  0.000000000000000E+000  0.000000000000000E+000
  0.000000000000000E+000  0.000000000000000E+000  0.000000000000000E+000
  0.000000000000000E+000  0.000000000000000E+000  0.000000000000000E+000
 -1.566596535071451E-006  3.985510764964532E-006 -1.013671173717704E-006
 -4.984191175257009E-006 -5.685958380636638E-006 -2.698968348009968E-006
 -1.000435452189486E-006  3.918590811701507E-007  2.772551401106941E-006
 -7.072587122467480E-006  9.770751683015668E-006 -5.062150848361710E-006
 -6.372321396862556E-006 -2.321090840345860E-005  2.804284701230555E-006
 -1.347894088759206E-005 -3.412153799858936E-005  3.164539427947430E-005
  2.471628839564922E-005  4.255302577444201E-005 -1.723197141500017E-005
 -2.165720285321783E-005 -2.793627299228487E-005  3.116309979069034E-005
 -1.393462205539351E-005 -1.552203747915421E-005  1.612600619035992E-006
  1.087685727559465E-005 -2.049171623235205E-006 -4.792621955621297E-006
  8.181482535546351E-007 -4.425471692276137E-007  2.853144627059687E-006
 -3.615458948878318E-006 -7.797350685766957E-006 -2.654006546741127E-006
  4.705681958097472E-006  9.088523277646326E-007 -1.080412778516340E-006
  0.000000000000000E+000  0.000000000000000E+000  0.000000000000000E+000
  0.000000000000000E+000  0.000000000000000E+000  0.000000000000000E+000
  0.000000000000000E+000  0.000000000000000E+000  0.000000000000000E+000
  0.000000000000000E+000  0.000000000000000E+000  0.000000000000000E+000
 -3.934676341728550E-006  6.658101023477253E-006 -1.387972175348663E-006
 -4.317465802228344E-006  1.384895330142922E-005 -2.341842163356975E-006
 -2.986626806878847E-007 -7.460676505281402E-006  2.534524784685372E-006
 -3.088699776405914E-006 -9.138048224632964E-006 -1.278567621561474E-006
 -7.779684331906227E-006 -6.384744732200287E-006 -6.378964584848952E-006
  6.617077527624387E-006  1.635258050743849E-005 -1.072950823823345E-005
  1.225229055160648E-005  2.124016804679856E-005 -1.303601194121676E-005
  9.132257776328163E-006  1.254847521125229E-005 -8.485643944564247E-006
 -2.464103186206290E-006 -1.011282581423618E-005 -6.266381209439458E-006
 -6.428648584220572E-006 -7.026479363729177E-006 -1.526143733563166E-006
 -7.339818346558867E-006 -4.239586071095367E-006  2.661419429615558E-006
  1.557100509618154E-005  4.020052209930226E-006 -2.446737165788293E-006
  8.753502071862935E-006  2.168144248983389E-007 -1.508961026694544E-006
  0.000000000000000E+000  0.000000000000000E+000  0.000000000000000E+000
  0.000000000000000E+000  0.000000000000000E+000  0.000000000000000E+000
  0.000000000000000E+000  0.000000000000000E+000  0.000000000000000E+000
  0.000000000000000E+000  0.000000000000000E+000  0.000000000000000E+000
 -1.835064070424719E-006  3.998823183421469E-007 -3.231554511893724E-007
 -1.372558246168523E-005  4.068524328404505E-005 -9.098232957386039E-006
  4.396234050536962E-006 -8.258888330436281E-006  6.114745826536383E-006
 -2.765699169095306E-006  5.033519842859049E-006 -1.012527060621650E-005
 -6.933570882069637E-007  1.752828874544947E-006 -2.065841441137905E-005
 -1.228784297490328E-006 -9.864182258088644E-006  3.184702599481787E-006
  2.842309517187283E-006  5.355056871917902E-006 -8.552713860110756E-006
 -8.374219388837819E-006 -5.745600937253656E-006  3.547593888303833E-006
  3.151896469553609E-006  1.423645497496702E-006 -2.252188231303817E-005
  6.290870954897534E-006  6.587177859073080E-007 -1.084361149015339E-005
 -1.153813520783958E-005 -7.331030871586707E-007  6.880449498011963E-006
  4.427629771586875E-005  9.208909542781910E-006 -9.692913356099336E-006
  1.759872810096358E-006 -1.077535702507935E-006 -3.719606618297305E-007
  0.000000000000000E+000  0.000000000000000E+000  0.000000000000000E+000
  0.000000000000000E+000  0.000000000000000E+000  0.000000000000000E+000
  0.000000000000000E+000  0.000000000000000E+000  0.000000000000000E+000
  0.000000000000000E+000  0.000000000000000E+000  0.000000000000000E+000
 -2.347843327014776E-006  2.133442723761670E-006  3.254981061454021E-007
 -3.919079640789474E-006  1.088886907891376E-005 -1.458957955517435E-006
  1.111922398257594E-005 -2.070038893193291E-005  1.307220486660656E-005
  3.792535523762161E-006  7.033902477816658E-006 -1.206101308957956E-005
  2.976187429925488E-007  7.607281079506493E-006 -3.191021728848329E-005
  9.973745334255837E-007 -1.615810171756527E-005  2.843453424704934E-006
 -2.218964838680665E-005 -3.860656268337163E-005  4.124073275615852E-005
 -1.465067632087716E-005 -7.370160609081233E-006  3.513102052410834E-006
  4.966501863287549E-006  3.458908509924417E-006 -3.090169756243089E-005
  4.054577058171388E-006  7.387898793902896E-006 -1.249003459681270E-005
 -2.497640439155791E-005 -7.347328107238365E-007  1.362782579600157E-005
  1.149371704408997E-005  2.363434453095412E-006 -1.568023430829351E-006
  3.157083939932430E-006 -7.187077606723194E-007  3.545100360073311E-007
  0.000000000000000E+000  0.000000000000000E+000  0.000000000000000E+000
  0.000000000000000E+000  0.000000000000000E+000  0.000000000000000E+000
  0.000000000000000E+000  0.000000000000000E+000  0.000000000000000E+000
  0.000000000000000E+000  0.000000000000000E+000  0.000000000000000E+000
 -4.701647962297842E-006  2.204843246149848E-006 -2.484032763849770E-006
  2.214020221204255E-005 -4.640614682044312E-005  2.136465030597210E-005
  1.207633426419587E-005 -1.011482613035925E-005  1.297889312437845E-005
  3.800621940451837E-006 -1.765553116617954E-006 -1.604259615368129E-006
  4.852906897227263E-007 -8.998118674248138E-006 -8.613846981146857E-006
 -4.264365958397212E-006  6.168235253417468E-006 -4.269551738700529E-005
 -1.587229594621645E-005 -2.714347082171269E-005  1.967754593424335E-005
  7.712683990731272E-006 -4.882200311079638E-007 -4.320816345604617E-005
 -7.393605640044023E-006 -4.153549286586145E-006 -9.627931085181421E-006
 -1.132804879185964E-006  3.070755654319036E-006 -3.912728567362872E-006
 -1.570700261710261E-005  5.570616540895731E-006  1.372619102211412E-005
 -5.117147949066852E-005 -3.809906822433381E-006  2.109945327593028E-005
  4.126271476753587E-006 -2.858523847049132E-006 -2.443845121689322E-006
  0.000000000000000E+000  0.000000000000000E+000  0.000000000000000E+000
  0.000000000000000E+000  0.000000000000000E+000  0.000000000000000E+000
  0.000000000000000E+000  0.000000000000000E+000  0.000000000000000E+000
  0.000000000000000E+000  0.000000000000000E+000  0.000000000000000E+000
 -6.482126824656154E-006 -3.412492589944154E-008 -2.976181819275764E-006
  2.689991438726027E-005 -4.137586049333163E-005  2.881761810021070E-005
 -1.540387749460340E-005  3.215897155860865E-005 -3.040191921453654E-005
  1.991198856710874E-005 -2.970779501986202E-005  4.080282881354021E-005
 -3.370530116940947E-006 -9.978907818546050E-006  2.839455529385667E-005
 -1.501545901784376E-005 -8.598197389558699E-006 -1.895221021331641E-005
 -1.020649296638240E-005 -1.767970552367491E-005  3.354793243688547E-005
 -7.539759071230528E-007 -1.730529068496747E-005 -1.567417687658026E-005
 -6.365684479897711E-006 -8.313210979775603E-006  2.785090593455360E-005
 -3.658205217481847E-005  2.312783427210577E-006  4.264469124434821E-005
  3.613587300953998E-005  3.133671792501574E-006 -3.111271348025149E-005
 -4.874828645455214E-005  2.578442269652003E-006  2.859268861631678E-005
  3.144874009382284E-006 -5.426184779230311E-006 -3.016351701932036E-006
  0.000000000000000E+000  0.000000000000000E+000  0.000000000000000E+000
  0.000000000000000E+000  0.000000000000000E+000  0.000000000000000E+000
  0.000000000000000E+000  0.000000000000000E+000  0.000000000000000E+000
  0.000000000000000E+000  0.000000000000000E+000  0.000000000000000E+000
 -9.358899655670721E-007  6.444262673675753E-007 -8.813354698873828E-008
 -6.984614485453444E-007 -5.046360121437001E-006  5.334682185585338E-007
 -5.580067556090834E-006  1.033989860001757E-005 -1.293282369773037E-005
  2.400505126964585E-006 -7.592115483814574E-006  3.640480539516164E-005
 -2.116615407192100E-005  1.381242948849520E-005 -3.780048983049826E-005
 -3.939512466670732E-006 -1.274861507509934E-005  6.378289455302430E-005
 -2.410443146075120E-006 -4.184480668085363E-006 -4.371975825891815E-006
 -8.202203858627098E-006 -9.407675727713906E-006  6.168270263896109E-005
  2.302842096058600E-005 -1.169645950187339E-005 -3.872467175734896E-005
 -8.786422127113092E-006 -1.542006328965493E-006  3.908447182769943E-005
  1.264433881663629E-005  2.082440772781788E-007 -1.368352458563551E-005
 -3.924977842911660E-006 -2.912284621722609E-006  6.003238140886118E-007
  9.685214896956701E-007 -4.849221424054250E-007 -1.204878483968105E-007
  0.000000000000000E+000  0.000000000000000E+000  0.000000000000000E+000
  0.000000000000000E+000  0.000000000000000E+000  0.000000000000000E+000
  0.000000000000000E+000  0.000000000000000E+000  0.000000000000000E+000
  0.000000000000000E+000  0.000000000000000E+000  0.000000000000000E+000
  0.000000000000000E+000  0.000000000000000E+000  0.000000000000000E+000
  0.000000000000000E+000  0.000000000000000E+000  0.000000000000000E+000
  0.000000000000000E+000  0.000000000000000E+000  0.000000000000000E+000
  0.000000000000000E+000  0.000000000000000E+000  0.000000000000000E+000
  0.000000000000000E+000  0.000000000000000E+000  0.000000000000000E+000
  0.000000000000000E+000  0.000000000000000E+000  0.000000000000000E+000
  0.000000000000000E+000  0.000000000000000E+000  0.000000000000000E+000
  0.000000000000000E+000  0.000000000000000E+000  0.000000000000000E+000
  0.000000000000000E+000  0.000000000000000E+000  0.000000000000000E+000
  0.000000000000000E+000  0.000000000000000E+000  0.000000000000000E+000
  0.000000000000000E+000  0.000000000000000E+000  0.000000000000000E+000
  0.000000000000000E+000  0.000000000000000E+000  0.000000000000000E+000
  0.000000000000000E+000  0.000000000000000E+000  0.000000000000000E+000
  0.000000000000000E+000  0.000000000000000E+000  0.000000000000000E+000
  0.000000000000000E+000  0.000000000000000E+000  0.000000000000000E+000
  0.000000000000000E+000  0.000000000000000E+000  0.000000000000000E+000
  0.000000000000000E+000  0.000000000000000E+000  0.000000000000000E+000
  0.000000000000000E+000  0.000000000000000E+000  0.000000000000000E+000
  0.000000000000000E+000  0.000000000000000E+000  0.000000000000000E+000
  0.000000000000000E+000  0.000000000000000E+000  0.000000000000000E+000
  0.000000000000000E+000  0.000000000000000E+000  0.000000000000000E+000
  0.000000000000000E+000  0.000000000000000E+000  0.000000000000000E+000
  0.000000000000000E+000  0.000000000000000E+000  0.000000000000000E+000
  0.000000000000000E+000  0.000000000000000E+000  0.000000000000000E+000
  0.000000000000000E+000  0.000000000000000E+000  0.000000000000000E+000
  0.000000000000000E+000  0.000000000000000E+000  0.000000000000000E+000
  0.000000000000000E+000  0.000000000000000E+000  0.000000000000000E+000
  0.000000000000000E+000  0.000000000000000E+000  0.000000000000000E+000
  0.000000000000000E+000  0.000000000000000E+000  0.000000000000000E+000
  0.000000000000000E+000  0.000000000000000E+000  0.000000000000000E+000
  0.000000000000000E+000  0.000000000000000E+000  0.000000000000000E+000
  0.000000000000000E+000  0.000000000000000E+000  0.000000000000000E+000
  0.000000000000000E+000  0.000000000000000E+000  0.000000000000000E+000
  0.000000000000000E+000  0.000000000000000E+000  0.000000000000000E+000
  2.465028259493608E-002 -1.054224504432989E-003  0.123716578660477     
  0.195229013814843      -1.545642085273272E-002  0.216419217651162     
  0.201646246880209       2.926656695900148E-002  0.111231221611714     
  0.123100898322500      -5.937807826794657E-002 -0.131804544255566     
 -7.749907355599271E-002  8.101523142541042E-002 -0.123340052598537     
  0.113833192170459       0.424015254342538      -9.198789773464380E-002
 -0.846410303360960       -1.46946458655717       0.749332449118713     
  0.281061223736228       0.283705805612551      -9.562483481809059E-002
  9.589844865450399E-002 -3.371445084250681E-002 -0.134702901770020     
 -0.106513406966654       8.300215940603486E-002 -0.132228022213348     
 -9.320888927193653E-002  0.181100867131449       0.120318888481126     
 -7.261895036936615E-002  0.180218622058227       0.217877396142430     
 -1.620150074617007E-002  1.810839841152679E-002  0.122960840388925     
  0.000000000000000E+000  0.000000000000000E+000  0.000000000000000E+000
  0.000000000000000E+000  0.000000000000000E+000  0.000000000000000E+000
  0.000000000000000E+000  0.000000000000000E+000  0.000000000000000E+000
  0.000000000000000E+000  0.000000000000000E+000  0.000000000000000E+000
  4.702873405802296E-002 -1.040683294879522E-002  0.103482585802258     
  0.189043737206868       2.660603474912134E-003  0.220069660916274     
  0.187045636639581      -5.299285058344780E-003  0.141863324425310     
  4.514134917966834E-002 -1.900955962924978E-004 -0.121886111414854     
 -2.793458320511320E-002  1.796547528983456E-002 -0.152032445203766     
  6.497306420739994E-002  0.323245237332969      -7.162637318061710E-002
 -0.172910135218206      -0.294063008912529       0.426530446919996     
  0.241171762906356       0.214138151124557      -8.073418218492583E-002
  2.556569473888600E-002 -1.929367867552907E-002 -0.162660977858867     
 -2.735334752770885E-002  3.589535867870537E-002 -0.121300973247417     
 -0.106648497006038       0.156813395369079       0.151038329202349     
 -7.246934330680399E-002  0.174018800847529       0.220752257288594     
 -3.270674204768862E-002  3.427564643766306E-002  0.102911710418297     
  0.000000000000000E+000  0.000000000000000E+000  0.000000000000000E+000
  0.000000000000000E+000  0.000000000000000E+000  0.000000000000000E+000
  0.000000000000000E+000  0.000000000000000E+000  0.000000000000000E+000
  0.000000000000000E+000  0.000000000000000E+000  0.000000000000000E+000
  6.143241539024513E-002 -2.170127919577309E-002  9.354879853999570E-002
  0.200959156799849       1.066672461321562E-002  0.210893818874285     
  0.160529596211685       8.168324598254197E-003  0.178687734221219     
  1.323187059725442E-002 -1.076357111543169E-003 -0.128825832308083     
 -2.991627803346518E-002 -0.198729749186510      -3.327396730112833E-002
  0.106840096807657       0.416554751181278      -0.223899181415741     
  0.329199894246757       0.580640799628753      -0.107940561129579     
  0.334321963136151       0.327982825329810      -0.257582309296200     
 -0.137145515752091      -0.120957683213791      -3.478354319397221E-002
 -8.606144375238427E-003  9.771272172558141E-003 -0.127046638398017     
 -7.712544802264434E-002  0.144474132101677       0.188201510381313     
 -0.101966588061762       0.168962009111458       0.210329266878571     
 -4.505131780729314E-002  4.296638896546128E-002  9.318482777064771E-002
  0.000000000000000E+000  0.000000000000000E+000  0.000000000000000E+000
  0.000000000000000E+000  0.000000000000000E+000  0.000000000000000E+000
  0.000000000000000E+000  0.000000000000000E+000  0.000000000000000E+000
  0.000000000000000E+000  0.000000000000000E+000  0.000000000000000E+000
  8.691235858081106E-002 -9.437030793314601E-002  9.025022458973349E-002
  0.160123107227284       7.438882296737466E-002  0.191038334559996     
  0.101511075237044      -6.683398580511014E-002  0.161016494485194     
 -8.938938381689304E-002  0.122942617290109      -5.288463769595714E-002
  3.324778393210111E-002  0.411349949625269      -0.296173914647129     
 -0.190607065802916      -0.995134575414535       0.512526006341650     
 -2.958438692363716E-002 -5.674598622069329E-002  0.272372244769185     
 -0.839977921683178      -0.735258636121083       0.568850891244814     
  0.406860419914292       0.274006441379833      -0.331059242688201     
  0.166386717104204      -1.470935413378876E-002 -4.814736645615548E-002
 -0.125211453019467       4.501154217510060E-002  0.169592987814715     
 -3.219162503753335E-002  0.161921184761226       0.192367840757938     
 -9.910852886592361E-002  4.102546657636829E-002  8.937762741560544E-002
  0.000000000000000E+000  0.000000000000000E+000  0.000000000000000E+000
  0.000000000000000E+000  0.000000000000000E+000  0.000000000000000E+000
  0.000000000000000E+000  0.000000000000000E+000  0.000000000000000E+000
  0.000000000000000E+000  0.000000000000000E+000  0.000000000000000E+000
  8.033732648202063E-002  7.288337263513567E-002  8.361993272189332E-002
  0.188714260066257      -0.145631534262878       0.189230141322024     
  9.869872107609336E-003 -0.277488904991318       0.171932048512927     
 -6.034992759253791E-002  0.168955584893772       2.411782610367271E-002
 -9.780552967455903E-003 -0.292255190977415       6.900332558545022E-002
  2.645264139760320E-002 -1.227260752797217E-002  9.791333485843363E-002
  0.608342801328053        1.05475991802700       -1.29226758648718     
 -3.860400024712076E-002  1.849690554203072E-003  0.118581055860464     
 -0.236802559960880      -0.147177317138156       6.065011833773629E-002
  0.139823491842610       1.500902349413787E-002  5.022521257613264E-002
 -0.268131909457861      -0.145176843684142       0.178987795005669     
 -0.172021333534114       0.110907928271535       0.186086346408292     
  5.386703644609540E-002  0.114942392999671       8.164140221396397E-002
  0.000000000000000E+000  0.000000000000000E+000  0.000000000000000E+000
  0.000000000000000E+000  0.000000000000000E+000  0.000000000000000E+000
  0.000000000000000E+000  0.000000000000000E+000  0.000000000000000E+000
  0.000000000000000E+000  0.000000000000000E+000  0.000000000000000E+000
  4.235388066966414E-002  0.102498185576566       7.316505640613039E-002
  5.659695144505519E-003  0.396261100369346       6.183810273075294E-002
 -0.106698750195282       2.481312448410480E-003  0.113423192508860     
 -8.611168274669398E-002  0.784316963370382      -0.361292628917565     
  5.675270149382049E-002 -0.253065286534738       0.230480846223297     
  0.194698879709703       3.030061517805002E-002 -0.161050963047392     
 -0.406667986749489      -0.706580346669649       0.420189901606351     
 -4.175143024142332E-002  0.207504832265338      -0.207833377286485     
 -0.261039144234147      -7.803858634153124E-002  0.242783479328589     
  0.743203490552850       0.332498769585167      -0.367442786560135     
  7.813819328523841E-002 -8.459543670596473E-002  0.108388048999228     
  0.372920487243976       0.207034469491040       5.569676248558636E-002
  7.862061550970324E-002  9.781299782143178E-002  7.361183371330683E-002
  0.000000000000000E+000  0.000000000000000E+000  0.000000000000000E+000
  0.000000000000000E+000  0.000000000000000E+000  0.000000000000000E+000
  0.000000000000000E+000  0.000000000000000E+000  0.000000000000000E+000
  0.000000000000000E+000  0.000000000000000E+000  0.000000000000000E+000
  6.772555282364801E-002  3.100394459771558E-002  8.898459126202257E-002
 -0.152378451399699       0.534506360249121      -5.726035555869459E-002
 -8.543996651223721E-003 -6.126542853204949E-002  1.269159067660409E-002
  0.165474432521485      -0.434600932646766       0.404508452639592     
  0.267970998961763      -9.551202988818631E-002  0.279244315820070     
  0.130794403520029       0.109678601077424      -0.277299105267965     
 -0.384505920015263      -0.680355885352536       0.378699317635334     
  1.233230275190369E-002  0.140165995392574      -0.255599482714787     
 -0.228892872803219       0.185274335726350       0.298529743405293     
 -0.445610427920162      -5.518732426651993E-002  0.398816630606193     
 -6.793551849083269E-002 -4.512242639262409E-002  2.011463888487521E-002
  0.503970797045185       0.129009863987343      -4.692472719632172E-002
 -4.588336406620386E-003  7.931447031980111E-002  9.282270419230863E-002
  0.000000000000000E+000  0.000000000000000E+000  0.000000000000000E+000
  0.000000000000000E+000  0.000000000000000E+000  0.000000000000000E+000
  0.000000000000000E+000  0.000000000000000E+000  0.000000000000000E+000
  0.000000000000000E+000  0.000000000000000E+000  0.000000000000000E+000
  2.147211598979355E-002  6.465258492836729E-005  4.149418626051275E-002
  0.163871323292602      -0.169346080588811       0.174986432120218     
 -0.197532794616675       0.520579153772585      -0.491608251194556     
  0.247423614903468      -0.242075453807325       0.291188895786029     
  8.493557359046570E-002  0.333981577685180      -9.339133886937501E-002
  0.151309217318592       0.792709375567052       -1.77750858728420     
 -0.429941112602881      -0.744469224126519       0.615639860611669     
  0.591512454452166       0.504004277943834       -1.75870095688735     
  0.271492702943223       0.257342661680242      -0.131372415765823     
 -0.329708807349124       0.108947853189465       0.295854898997667     
  0.531398648339035       8.983149230238072E-002 -0.489394083506905     
 -0.251486914821643       5.345790861035790E-002  0.178913287712602     
 -1.423144098465894E-002  1.944720612686054E-002  4.528617498576960E-002
  0.000000000000000E+000  0.000000000000000E+000  0.000000000000000E+000
  0.000000000000000E+000  0.000000000000000E+000  0.000000000000000E+000
  0.000000000000000E+000  0.000000000000000E+000  0.000000000000000E+000
  0.000000000000000E+000  0.000000000000000E+000  0.000000000000000E+000
  5.488164602128959E-003  2.274162325075692E-002  2.524272976425085E-002
  0.161804538579159      -0.155303717264402       0.105098317359683     
 -0.167174980423717       0.314346375511742      -0.345893865186935     
 -8.703868897159742E-002  0.263047039166589      -0.556625571110747     
  0.440321020174199      -0.379895533328065        1.19729744450002     
 -0.197847570362882      -0.183275700488730       0.726379613804633     
 -0.265068952235086      -0.445836862774558       0.774052840991503     
 -6.187741175429626E-002 -0.266639653522288       0.705343842918528     
 -0.540783857842756       0.192192669226673        1.19295769800344     
  0.238003329122711       7.544454511243404E-002 -0.526802333499909     
  0.391294953488250       1.228853210295016E-002 -0.399213370800422     
 -0.214721822429726       5.898945077133094E-002  0.102731077019633     
  1.615351874071173E-002  1.843666253182093E-002  2.748740085050498E-002
  0.000000000000000E+000  0.000000000000000E+000  0.000000000000000E+000
  0.000000000000000E+000  0.000000000000000E+000  0.000000000000000E+000
  0.000000000000000E+000  0.000000000000000E+000  0.000000000000000E+000
  0.000000000000000E+000  0.000000000000000E+000  0.000000000000000E+000
  1.716450775299761E-002  2.536423026254788E-003  3.230435128387361E-002
 -6.822863596837024E-003  2.328510544348206E-002 -4.941478355546172E-002
  0.105462112034569      -4.672148341250148E-002  1.405849691224676E-002
  3.301883635635378E-002 -3.165170970694044E-002  0.117584572298216     
 -0.296201456297963       0.414885216886138      -0.582533571978018     
 -0.255394834650143       0.187249496163580      -0.580661813979876     
 -3.751042686560251E-002 -6.123094308294373E-002 -0.231592069330543     
  0.290158443022453      -0.132956437966001      -0.586559422378341     
  0.502738601908503      -4.748828228726861E-002 -0.572812821706511     
 -5.111996579338484E-002  1.924658305098377E-002  0.127335548266997     
 -8.540468482657664E-002  6.992631572567996E-002 -8.432261308225643E-003
  2.132075071393367E-002  6.909884336916253E-003 -5.501406066749571E-002
 -6.357564287179442E-003  1.613131860106702E-002  3.365468157420876E-002
  0.000000000000000E+000  0.000000000000000E+000  0.000000000000000E+000
  0.000000000000000E+000  0.000000000000000E+000  0.000000000000000E+000
  0.000000000000000E+000  0.000000000000000E+000  0.000000000000000E+000
  0.000000000000000E+000  0.000000000000000E+000  0.000000000000000E+000
  0.000000000000000E+000  0.000000000000000E+000  0.000000000000000E+000
  0.000000000000000E+000  0.000000000000000E+000  0.000000000000000E+000
  0.000000000000000E+000  0.000000000000000E+000  0.000000000000000E+000
  0.000000000000000E+000  0.000000000000000E+000  0.000000000000000E+000
  0.000000000000000E+000  0.000000000000000E+000  0.000000000000000E+000
  0.000000000000000E+000  0.000000000000000E+000  0.000000000000000E+000
  0.000000000000000E+000  0.000000000000000E+000  0.000000000000000E+000
  0.000000000000000E+000  0.000000000000000E+000  0.000000000000000E+000
  0.000000000000000E+000  0.000000000000000E+000  0.000000000000000E+000
  0.000000000000000E+000  0.000000000000000E+000  0.000000000000000E+000
  0.000000000000000E+000  0.000000000000000E+000  0.000000000000000E+000
  0.000000000000000E+000  0.000000000000000E+000  0.000000000000000E+000
  0.000000000000000E+000  0.000000000000000E+000  0.000000000000000E+000
  0.000000000000000E+000  0.000000000000000E+000  0.000000000000000E+000
  0.000000000000000E+000  0.000000000000000E+000  0.000000000000000E+000
  0.000000000000000E+000  0.000000000000000E+000  0.000000000000000E+000
  0.000000000000000E+000  0.000000000000000E+000  0.000000000000000E+000
  0.000000000000000E+000  0.000000000000000E+000  0.000000000000000E+000
  0.000000000000000E+000  0.000000000000000E+000  0.000000000000000E+000
  0.000000000000000E+000  0.000000000000000E+000  0.000000000000000E+000
  0.000000000000000E+000  0.000000000000000E+000  0.000000000000000E+000
  0.000000000000000E+000  0.000000000000000E+000  0.000000000000000E+000
  0.000000000000000E+000  0.000000000000000E+000  0.000000000000000E+000
  0.000000000000000E+000  0.000000000000000E+000  0.000000000000000E+000
  0.000000000000000E+000  0.000000000000000E+000  0.000000000000000E+000
  0.000000000000000E+000  0.000000000000000E+000  0.000000000000000E+000
  0.000000000000000E+000  0.000000000000000E+000  0.000000000000000E+000
  0.000000000000000E+000  0.000000000000000E+000  0.000000000000000E+000
  0.000000000000000E+000  0.000000000000000E+000  0.000000000000000E+000
  0.000000000000000E+000  0.000000000000000E+000  0.000000000000000E+000
  0.000000000000000E+000  0.000000000000000E+000  0.000000000000000E+000
  0.000000000000000E+000  0.000000000000000E+000  0.000000000000000E+000
