         140  1.399999999999997E-002  1.399999999999997E-002
  0.000000000000000E+000  0.000000000000000E+000  0.000000000000000E+000
  0.000000000000000E+000  0.000000000000000E+000  0.000000000000000E+000
  4.138179810125617E-002  6.524158953527028E-002 -8.247923906561232E-002
  4.425474318887473E-002  7.751570135325209E-002 -0.121263820013852     
  6.119553144517442E-002  0.108303580309829      -0.170651299489878     
  6.755444619703110E-002  0.132522673311826      -0.196570356550235     
  7.763153157095518E-002  0.166154012268672      -0.221490802877805     
  9.109286506360835E-002  0.182843134864333      -0.238176649332060     
  0.104738269280850       0.181477096879544      -0.244757882787119     
  0.112736779682908       0.170328962058265      -0.238166771912352     
  0.105077005397438       0.150368137231140      -0.221501419565685     
  8.102210505142644E-002  0.124837803668491      -0.196592744203168     
  6.322421200983579E-002  0.107215175878661      -0.170691414932728     
  4.500308452896822E-002  7.710435741348338E-002 -0.121300664643822     
  3.581019460274589E-002  6.848482414046217E-002 -8.253144409109829E-002
  0.000000000000000E+000  0.000000000000000E+000  0.000000000000000E+000
  0.000000000000000E+000  0.000000000000000E+000  0.000000000000000E+000
  0.000000000000000E+000  0.000000000000000E+000  0.000000000000000E+000
  0.000000000000000E+000  0.000000000000000E+000  0.000000000000000E+000
  3.037760060473903E-002  6.670408441992322E-002 -7.187194719240511E-002
  4.053251243699999E-002  8.437389245906185E-002 -0.120406682764220     
  5.121107195339598E-002  0.112369788555257      -0.162737841052772     
  6.163524789043613E-002  0.136208766341193      -0.195295379328763     
  7.106640129422584E-002  0.164482683009311      -0.217367529082871     
  8.516771193186466E-002  0.174056985019873      -0.235926283866325     
  9.815475836085390E-002  0.170072450281515      -0.240638823640938     
  0.108093164161452       0.160803471397782      -0.235925637549308     
  0.106882094389530       0.143833997478336      -0.217376705284043     
  8.715818648853883E-002  0.121541912744826      -0.195317031310711     
  7.171783338535961E-002  0.100583724285814      -0.162763662382723     
  5.279748704315436E-002  7.730040286460658E-002 -0.120435938082327     
  4.258387753793096E-002  5.967516817904826E-002 -7.190925037708591E-002
  0.000000000000000E+000  0.000000000000000E+000  0.000000000000000E+000
  0.000000000000000E+000  0.000000000000000E+000  0.000000000000000E+000
  0.000000000000000E+000  0.000000000000000E+000  0.000000000000000E+000
  0.000000000000000E+000  0.000000000000000E+000  0.000000000000000E+000
  2.092010800332625E-002  6.872454418181378E-002 -5.873250867385089E-002
  2.853870646000703E-002  0.101021574278710      -0.111372965953376     
  3.895458832414308E-002  0.117855519188295      -0.153736389043458     
  4.753505141665545E-002  0.147014935571701      -0.186089045804138     
  6.008950770143193E-002  0.165057550315648      -0.212533438069479     
  7.244032831167062E-002  0.157444829446524      -0.227961905776491     
  8.616499166862791E-002  0.149297219525132      -0.233842033183661     
  0.100046965253158       0.141467247321191      -0.227974852639907     
  0.112818901999468       0.134581370742932      -0.212545777147951     
  0.103539466582982       0.114719914097856      -0.186098980432629     
  8.257384755303797E-002  9.267757473096262E-002 -0.153743272303330     
  7.320110579180468E-002  7.522187765924193E-002 -0.111372360463681     
  4.907020715737282E-002  5.247520271277262E-002 -5.874381489420510E-002
  0.000000000000000E+000  0.000000000000000E+000  0.000000000000000E+000
  0.000000000000000E+000  0.000000000000000E+000  0.000000000000000E+000
  0.000000000000000E+000  0.000000000000000E+000  0.000000000000000E+000
  0.000000000000000E+000  0.000000000000000E+000  0.000000000000000E+000
  1.844671603021355E-002  6.343035782035425E-002 -4.833703735823885E-002
  1.504496427803955E-002  0.120743606499918      -9.988492611717442E-002
  2.417015494093230E-002  0.143610213904075      -0.141870511812225     
  3.191108610529120E-002  0.163105007654186      -0.177354653958335     
  4.393987239880301E-002  0.152104145042388      -0.201132485416285     
  5.493019177172510E-002  0.131973171723902      -0.213626403940474     
  6.748437804566247E-002  0.116935562164039      -0.217491884778884     
  8.673641173007975E-002  0.113574104649803      -0.213669831157366     
  0.109671467089057       0.114131207096856      -0.201150488151861     
  0.125248871758607       0.109189741315061      -0.177352271570023     
  0.112247099727877       9.274764950702143E-002 -0.141845033165484     
  9.701100724721831E-002  7.334662138677092E-002 -9.983279985675109E-002
  4.570646828413744E-002  4.768380261372911E-002 -4.833661817261002E-002
  0.000000000000000E+000  0.000000000000000E+000  0.000000000000000E+000
  0.000000000000000E+000  0.000000000000000E+000  0.000000000000000E+000
  0.000000000000000E+000  0.000000000000000E+000  0.000000000000000E+000
  0.000000000000000E+000  0.000000000000000E+000  0.000000000000000E+000
  1.995912551020222E-002  4.456207059573569E-002 -3.904557108821515E-002
  6.784921060596461E-003  0.121359868873754      -9.065916905978282E-002
  1.239668416325712E-002  0.149359294056385      -0.132310281703891     
  1.952461027099695E-002  0.152469120551993      -0.166288218108779     
  2.915808401692645E-002  0.132655604386259      -0.186650501963680     
  3.932766145098766E-002  0.105410169973726      -0.195480701517711     
  5.063799352015781E-002  8.774195620994669E-002 -0.197674743328558     
  7.157722818465605E-002  8.683658381058577E-002 -0.195566073983439     
  0.100259904018655       9.162312169053749E-002 -0.186703987431358     
  0.122201582630983       9.315432676719186E-002 -0.166265335483184     
  0.123065331652595       8.536021662054556E-002 -0.132248322069221     
  0.101546453936911       6.648036293326266E-002 -9.056981138934127E-002
  2.862756326724578E-002  3.952540062209660E-002 -3.902241849039068E-002
  0.000000000000000E+000  0.000000000000000E+000  0.000000000000000E+000
  0.000000000000000E+000  0.000000000000000E+000  0.000000000000000E+000
  0.000000000000000E+000  0.000000000000000E+000  0.000000000000000E+000
  0.000000000000000E+000  0.000000000000000E+000  0.000000000000000E+000
  2.293694210746835E-002  1.423057080482209E-002 -2.900509891799628E-002
 -5.414764981795279E-005  0.114201805235950      -7.826256451266950E-002
  8.145748587851864E-003  0.136003510281645      -0.120789971954353     
  8.162533617784013E-003  0.134180121189419      -0.152375663426140     
  1.736353274807189E-002  0.110129084598882      -0.169294952586015     
  2.565143863023005E-002  8.071624495339066E-002 -0.174591940215006     
  3.631448749349681E-002  6.292056810302672E-002 -0.175116769474045     
  5.712447895765731E-002  6.271626602703849E-002 -0.174766846629926     
  8.667954653778077E-002  7.019099095678021E-002 -0.169384837488857     
  0.112064552291531       7.415592567885396E-002 -0.152360794309341     
  0.113520290380610       7.503302921350269E-002 -0.120692752343463     
  9.879382719454441E-002  5.689880557900780E-002 -7.810740174730907E-002
  7.445048264433755E-004  2.694144273609379E-002 -2.899381008921435E-002
  0.000000000000000E+000  0.000000000000000E+000  0.000000000000000E+000
  0.000000000000000E+000  0.000000000000000E+000  0.000000000000000E+000
  0.000000000000000E+000  0.000000000000000E+000  0.000000000000000E+000
  0.000000000000000E+000  0.000000000000000E+000  0.000000000000000E+000
  1.170036964574390E-002 -9.769553406525662E-003 -1.575170716281484E-002
  5.487329580362036E-003  0.105696548969778      -6.831964225878974E-002
  7.313723675369577E-004  0.117107620943028      -0.108366105484203     
  2.202259736695834E-004  0.110659611224097      -0.134794355736592     
  6.842351019426199E-003  8.612748457382755E-002 -0.148268002745518     
  1.427068835562398E-002  5.847548070102111E-002 -0.150855257346500     
  2.444530452138665E-002  4.234871441067074E-002 -0.150473923559642     
  4.367278905951748E-002  4.181690519784813E-002 -0.151160273813800     
  7.120445811989098E-002  4.909778806909183E-002 -0.148419122050325     
  9.559219569122701E-002  5.555622069784838E-002 -0.134768461212824     
  0.101022821001713       5.914253265305760E-002 -0.108288839162491     
  8.850117702508149E-002  5.756175015358882E-002 -6.819899169763055E-002
 -1.428222448100426E-002  5.084339436916786E-003 -1.564738032628693E-002
  0.000000000000000E+000  0.000000000000000E+000  0.000000000000000E+000
  0.000000000000000E+000  0.000000000000000E+000  0.000000000000000E+000
  0.000000000000000E+000  0.000000000000000E+000  0.000000000000000E+000
  0.000000000000000E+000  0.000000000000000E+000  0.000000000000000E+000
  6.721467631661706E-003 -1.879308725664839E-002 -1.066850321556869E-002
  9.279488357820283E-003  9.365987744539930E-002 -5.753784779667621E-002
 -4.634615224679995E-003  8.816028988850413E-002 -9.111603557933586E-002
 -5.442104713966419E-003  8.673113832408424E-002 -0.112201140493150     
 -1.366282351081478E-003  6.293730878787272E-002 -0.123393807799592     
  5.692643312786569E-003  4.139569877318902E-002 -0.125653415713998     
  1.559029617455948E-002  2.697247259929742E-002 -0.125283112375275     
  3.330434634348003E-002  2.591825032170692E-002 -0.126190727589325     
  5.521076619101355E-002  3.037851049862221E-002 -0.123574904042696     
  7.778069104435319E-002  3.874509849825227E-002 -0.112233205330085     
  7.844386481566136E-002  4.004076604899796E-002 -9.098971041180438E-002
  7.667918925947133E-002  5.481776948382308E-002 -5.749286032521139E-002
 -1.979588237052867E-002 -3.584387056844645E-003 -1.068262600682637E-002
  0.000000000000000E+000  0.000000000000000E+000  0.000000000000000E+000
  0.000000000000000E+000  0.000000000000000E+000  0.000000000000000E+000
  0.000000000000000E+000  0.000000000000000E+000  0.000000000000000E+000
  0.000000000000000E+000  0.000000000000000E+000  0.000000000000000E+000
  1.304318143189248E-003 -8.324519859009168E-003 -5.935767431746200E-003
  1.410623052230308E-002  5.672482315500064E-002 -4.011602866536648E-002
 -1.071867993392636E-002  5.873890884696219E-002 -6.330887707404094E-002
 -6.733715988807475E-003  5.650279105551618E-002 -8.053166759199754E-002
 -7.068318136468236E-003  4.111594808402939E-002 -9.041398701810449E-002
 -5.632860215562545E-004  2.696159863085714E-002 -9.602835555636016E-002
  9.304293474909672E-003  1.603990210607622E-002 -9.697308812689752E-002
  2.392798026807827E-002  1.317946939213151E-002 -9.663897292982619E-002
  3.915046539203061E-002  1.453547912325204E-002 -9.055369532634397E-002
  5.217773056696694E-002  2.243233680735598E-002 -8.058064710215408E-002
  5.626697713825186E-002  2.021481508942527E-002 -6.330088680931546E-002
  4.186057745057357E-002  4.042768502299519E-002 -4.003009443804411E-002
 -7.663869529900652E-003 -2.963824729086915E-003 -5.870063957810886E-003
  0.000000000000000E+000  0.000000000000000E+000  0.000000000000000E+000
  0.000000000000000E+000  0.000000000000000E+000  0.000000000000000E+000
  0.000000000000000E+000  0.000000000000000E+000  0.000000000000000E+000
  0.000000000000000E+000  0.000000000000000E+000  0.000000000000000E+000
  1.292749175301720E-003 -5.853005182797938E-003 -6.429750384112033E-003
  1.117872650107592E-002  1.629867496405182E-002 -1.126654481291337E-002
 -1.442533111987049E-003  2.037682356139967E-002 -2.393047157501643E-002
 -8.805969634372773E-004  2.510053783898958E-002 -3.787745794983305E-002
 -6.673492231096667E-003  1.919247089681011E-002 -4.697353957819543E-002
 -2.663459960292954E-003  1.377369995053887E-002 -5.752992268677999E-002
  3.451961653737538E-003  5.733076662228697E-003 -5.929259089270022E-002
  1.345656119302127E-002  4.661849213367347E-003 -5.807540021783925E-002
  1.988245620164207E-002  3.899374703014012E-003 -4.708261038005476E-002
  2.210673885146883E-002  1.181413536309038E-002 -3.783096062770083E-002
  1.841457814503515E-002  8.916741598198165E-003 -2.398574780317999E-002
  8.535449267448484E-003  1.786481331140512E-002 -1.123952476626520E-002
 -5.741684015134592E-003 -1.871991534788176E-003 -6.452285410388925E-003
  0.000000000000000E+000  0.000000000000000E+000  0.000000000000000E+000
  0.000000000000000E+000  0.000000000000000E+000  0.000000000000000E+000
  0.000000000000000E+000  0.000000000000000E+000  0.000000000000000E+000
  0.000000000000000E+000  0.000000000000000E+000  0.000000000000000E+000
  0.000000000000000E+000  0.000000000000000E+000  0.000000000000000E+000
  0.000000000000000E+000  0.000000000000000E+000  0.000000000000000E+000
  0.000000000000000E+000  0.000000000000000E+000  0.000000000000000E+000
  0.000000000000000E+000  0.000000000000000E+000  0.000000000000000E+000
  0.000000000000000E+000  0.000000000000000E+000  0.000000000000000E+000
  0.000000000000000E+000  0.000000000000000E+000  0.000000000000000E+000
  0.000000000000000E+000  0.000000000000000E+000  0.000000000000000E+000
  0.000000000000000E+000  0.000000000000000E+000  0.000000000000000E+000
  0.000000000000000E+000  0.000000000000000E+000  0.000000000000000E+000
  0.000000000000000E+000  0.000000000000000E+000  0.000000000000000E+000
  0.000000000000000E+000  0.000000000000000E+000  0.000000000000000E+000
  0.000000000000000E+000  0.000000000000000E+000  0.000000000000000E+000
  0.000000000000000E+000  0.000000000000000E+000  0.000000000000000E+000
  0.000000000000000E+000  0.000000000000000E+000  0.000000000000000E+000
  0.000000000000000E+000  0.000000000000000E+000  0.000000000000000E+000
  0.000000000000000E+000  0.000000000000000E+000  0.000000000000000E+000
  0.000000000000000E+000  0.000000000000000E+000  0.000000000000000E+000
  0.000000000000000E+000  0.000000000000000E+000  0.000000000000000E+000
  0.000000000000000E+000  0.000000000000000E+000  0.000000000000000E+000
  0.000000000000000E+000  0.000000000000000E+000  0.000000000000000E+000
  0.000000000000000E+000  0.000000000000000E+000  0.000000000000000E+000
  0.000000000000000E+000  0.000000000000000E+000  0.000000000000000E+000
  0.000000000000000E+000  0.000000000000000E+000  0.000000000000000E+000
  0.000000000000000E+000  0.000000000000000E+000  0.000000000000000E+000
  0.000000000000000E+000  0.000000000000000E+000  0.000000000000000E+000
  0.000000000000000E+000  0.000000000000000E+000  0.000000000000000E+000
  0.000000000000000E+000  0.000000000000000E+000  0.000000000000000E+000
  0.000000000000000E+000  0.000000000000000E+000  0.000000000000000E+000
  0.000000000000000E+000  0.000000000000000E+000  0.000000000000000E+000
  0.000000000000000E+000  0.000000000000000E+000  0.000000000000000E+000
  0.000000000000000E+000  0.000000000000000E+000  0.000000000000000E+000
  0.000000000000000E+000  0.000000000000000E+000  0.000000000000000E+000
  0.000000000000000E+000  0.000000000000000E+000  0.000000000000000E+000
  0.000000000000000E+000  0.000000000000000E+000  0.000000000000000E+000
 -1.264793793424923E-004  2.767492969278083E-004  2.864149583138956E-004
 -9.457744901578187E-004 -3.372991851545169E-004  6.214506684712829E-004
 -1.691645353778405E-003  3.401359177068454E-004  1.415257986069207E-003
 -1.494211163880760E-003 -5.394459278988158E-004  1.638276153172362E-003
 -1.475455431781535E-003  1.028406289697399E-003  1.276092356048937E-003
  5.095509860341540E-005  2.902538034018223E-003  3.644082439726633E-004
 -2.709489547867790E-003 -4.657930921349558E-003  2.216178783153249E-003
  2.556149780796218E-003  1.592465555246734E-003  3.744881021377984E-004
  1.614059813131369E-003 -7.708321778904805E-004  1.314773062526515E-003
  2.215310778345773E-004 -1.591727163793657E-003  1.614429461496105E-003
  1.101106338354385E-003 -1.296508550844409E-003  1.385938444762472E-003
  2.181213461024191E-004 -9.532043506882577E-004  6.000596601091322E-004
  2.950053432590263E-004  2.701928644499788E-005  2.799231315249427E-004
  0.000000000000000E+000  0.000000000000000E+000  0.000000000000000E+000
  0.000000000000000E+000  0.000000000000000E+000  0.000000000000000E+000
  0.000000000000000E+000  0.000000000000000E+000  0.000000000000000E+000
  0.000000000000000E+000  0.000000000000000E+000  0.000000000000000E+000
 -9.187649742819576E-005  3.910897254866475E-004  2.183000242149689E-004
 -9.345886100281286E-004 -2.364868369306900E-004  5.128848072204396E-004
 -1.506944850334299E-003  1.541377312670767E-004  1.267527690558296E-003
 -1.577406637699158E-003 -9.370493447491781E-005  1.675380818039971E-003
 -1.463641094481356E-003  4.877787054205326E-004  1.445196341859718E-003
 -6.990533254948708E-004  8.386022654845478E-004  6.852265392982567E-004
 -1.558325226856331E-003 -2.688817365880783E-003  2.140315385858662E-003
  1.092448608220134E-003 -1.453421319385610E-004  7.108219009855618E-004
  1.166424844719666E-003 -9.959127891312886E-004  1.480558443795975E-003
  6.848980977819265E-004 -1.410760248855362E-003  1.643498258130361E-003
  8.837316330814272E-004 -1.212977403367742E-003  1.240188279250187E-003
  2.854525717030062E-004 -9.014518078393326E-004  4.925557466555310E-004
  3.741468319281726E-004  1.115216930409272E-004  2.141886773038016E-004
  0.000000000000000E+000  0.000000000000000E+000  0.000000000000000E+000
  0.000000000000000E+000  0.000000000000000E+000  0.000000000000000E+000
  0.000000000000000E+000  0.000000000000000E+000  0.000000000000000E+000
  0.000000000000000E+000  0.000000000000000E+000  0.000000000000000E+000
 -1.537445206827717E-004  6.607464228248928E-004  1.554551129523955E-004
 -8.809098982791918E-004 -1.442123509892052E-005  3.517494338405897E-004
 -1.398720095076082E-003 -2.556326623040936E-004  1.084899182403988E-003
 -1.704355683239348E-003  1.838179604876267E-004  1.615465564853187E-003
 -1.872058008337153E-003 -2.336733838443427E-003  1.850918827050018E-003
 -1.743559720203559E-003 -2.313414772601650E-003  1.827167626862188E-003
 -1.651345711206233E-004 -2.952556594003398E-004  1.782796085133470E-003
 -1.256613715303833E-003 -2.794035122745504E-003  1.893180690820058E-003
 -9.257461282894608E-004 -2.650492759323987E-003  1.851286531018622E-003
  1.051152344410261E-003 -1.343501539905671E-003  1.596402140093412E-003
  5.077947738628226E-004 -1.297167624418146E-003  1.054680071863444E-003
  4.316146124382666E-004 -7.594963453239934E-004  3.377370902785356E-004
  6.301240528555397E-004  1.900452793717012E-004  1.527734810393419E-004
  0.000000000000000E+000  0.000000000000000E+000  0.000000000000000E+000
  0.000000000000000E+000  0.000000000000000E+000  0.000000000000000E+000
  0.000000000000000E+000  0.000000000000000E+000  0.000000000000000E+000
  0.000000000000000E+000  0.000000000000000E+000  0.000000000000000E+000
 -2.614673270393391E-004  4.722878883838507E-004  1.359126719486299E-004
 -1.028802870017453E-003  5.708074500666475E-004  1.353277698931118E-004
 -1.277090042980667E-003 -3.157743964978109E-005  8.645684366618067E-004
 -1.381133869347584E-003  9.723063360866860E-004  1.263363844916156E-003
 -1.496010840185818E-003 -1.828605823623727E-003  2.298842854171507E-003
 -1.277699175335754E-003 -1.715213493761053E-003  2.597011605650049E-003
  3.660107269170402E-004  6.011678647803261E-004  1.666792411225690E-003
 -9.641700388978390E-004 -2.120315336583087E-003  2.703576546009374E-003
 -7.416990351424059E-004 -2.137173310668412E-003  2.274081806275008E-003
  1.660373426807901E-003 -6.305726229491800E-004  1.232178651189875E-003
  5.907579067840613E-004 -1.124601137070700E-003  8.484431943550043E-004
  9.863095483555451E-004 -6.078737113728078E-004  1.271727795808831E-004
  5.166267278724784E-004  2.764430949145331E-006  1.354683487137469E-004
  0.000000000000000E+000  0.000000000000000E+000  0.000000000000000E+000
  0.000000000000000E+000  0.000000000000000E+000  0.000000000000000E+000
  0.000000000000000E+000  0.000000000000000E+000  0.000000000000000E+000
  0.000000000000000E+000  0.000000000000000E+000  0.000000000000000E+000
 -2.057697580666512E-004  4.214763918845442E-005  2.347373577142671E-004
 -9.385889405069148E-004 -5.339987354959822E-004  1.304182537152497E-004
 -7.636398601959945E-004 -2.192154828221800E-003  9.425871066288126E-004
 -8.692105900936057E-004  8.247696345747113E-004  1.005904362870991E-003
 -3.820716598738726E-004  6.397673323378254E-004  1.499686941787616E-003
 -3.282570860843965E-004 -8.029170662098139E-004  2.641093961357907E-003
 -4.246286660454641E-004 -7.588285019718573E-004  2.612414849940373E-003
 -4.855745825996174E-004 -6.794923597025558E-004  2.642847853838122E-003
  7.069959156214317E-004 -6.501735677021368E-005  1.547071974065716E-003
  1.048607206520999E-003 -3.972391147192389E-004  1.034683830797093E-003
 -1.526423057443850E-003 -1.762830607464538E-003  9.348484827824757E-004
 -3.502622285233992E-005 -1.088302500900082E-003  1.315625129637855E-004
  1.303082960049575E-004 -1.586674885910807E-004  2.325588252628568E-004
  0.000000000000000E+000  0.000000000000000E+000  0.000000000000000E+000
  0.000000000000000E+000  0.000000000000000E+000  0.000000000000000E+000
  0.000000000000000E+000  0.000000000000000E+000  0.000000000000000E+000
  0.000000000000000E+000  0.000000000000000E+000  0.000000000000000E+000
 -3.643619906902072E-004  1.411591467485924E-004  3.237289188128454E-004
 -3.588019783468742E-005 -2.585238366659866E-003  3.329236745557125E-004
  1.937468790987820E-004 -5.053950127973456E-003  1.742944413708081E-003
  2.260143083698409E-004 -1.161012551184491E-003  1.518316449230813E-003
  5.310646215355707E-004 -8.065863436738047E-004  2.105881110386313E-003
  2.317536060674555E-004 -1.124557537892907E-003  2.949372853763923E-003
 -1.622508133696752E-003 -2.838407361163928E-003  4.280354899571845E-003
 -1.074972034312412E-003 -3.725501364756266E-004  2.965236493542496E-003
 -9.072600107517083E-004  7.889195686279836E-005  2.083034095691894E-003
 -1.226786492079914E-003 -4.522014675219131E-004  1.582161129522329E-003
 -4.424185163872901E-003 -2.353483444027163E-003  1.722369581655052E-003
 -2.224523576969012E-003 -1.326477902175356E-003  3.284390930781140E-004
  3.004365960217525E-004 -2.418172915314524E-004  3.187065735346733E-004
  0.000000000000000E+000  0.000000000000000E+000  0.000000000000000E+000
  0.000000000000000E+000  0.000000000000000E+000  0.000000000000000E+000
  0.000000000000000E+000  0.000000000000000E+000  0.000000000000000E+000
  0.000000000000000E+000  0.000000000000000E+000  0.000000000000000E+000
 -1.902826680840072E-004  2.568709888400900E-004  1.275617233721537E-004
  3.925768507835561E-005 -2.859317072269961E-003  2.085977198470506E-004
  4.133816404402854E-004 -2.879343610235115E-003  1.015722065224386E-003
  8.880979565021200E-004 -2.456975283203251E-004  6.737003786563477E-004
  1.103580136009433E-003  4.606656275165464E-004  1.189218574875390E-003
  8.398152938889110E-004  9.459283315762946E-004  3.653124776671037E-004
 -1.103975977078666E-003 -1.931916319511931E-003  3.561342828371969E-003
  4.346056828067248E-004  1.214296406953366E-003  3.577012598771769E-004
 -6.315510133133507E-005  1.225193495189772E-003  1.123798134361714E-003
 -6.828230052775028E-004  6.268667300618206E-004  6.962097953623872E-004
 -2.519042257268344E-003 -1.037036391012250E-003  9.369793485778963E-004
 -2.422850053478782E-003 -1.388073683670671E-003  1.907034159453208E-004
  3.012064426591173E-004 -3.120015381980890E-005  1.214160866147320E-004
  0.000000000000000E+000  0.000000000000000E+000  0.000000000000000E+000
  0.000000000000000E+000  0.000000000000000E+000  0.000000000000000E+000
  0.000000000000000E+000  0.000000000000000E+000  0.000000000000000E+000
  0.000000000000000E+000  0.000000000000000E+000  0.000000000000000E+000
 -3.105948589594354E-005  1.607121574240645E-004  2.455940550066219E-005
 -3.397302446545406E-004 -1.324492538976314E-003 -1.575501093883304E-004
 -2.285326452466236E-004  1.653909933160616E-003 -1.755788126543911E-003
  1.063915139218663E-003 -1.562086396676972E-004  1.432993714321670E-004
  1.172115177153826E-003 -7.457540822453792E-004  1.919138797306607E-003
  1.099490062943918E-005 -1.278571710764915E-003  2.269426143926078E-003
 -6.360639485171588E-004 -1.134330801176366E-003  2.893216265659148E-003
 -1.195267012708808E-003 -7.288772443047576E-004  2.456391909906585E-003
 -1.182140008447038E-003  6.544005636888743E-004  1.869757958859748E-003
 -7.463259460007882E-004  8.214560078166201E-004  2.239622499137189E-004
  1.620961588416465E-003  6.430569359737267E-004 -1.795204841228483E-003
 -8.800118735474235E-004 -9.353247491881649E-004 -1.862256125451686E-004
  1.396966676337078E-004  5.350904078666871E-005  2.767068681483091E-005
  0.000000000000000E+000  0.000000000000000E+000  0.000000000000000E+000
  0.000000000000000E+000  0.000000000000000E+000  0.000000000000000E+000
  0.000000000000000E+000  0.000000000000000E+000  0.000000000000000E+000
  0.000000000000000E+000  0.000000000000000E+000  0.000000000000000E+000
  6.667855145441752E-006 -7.623052328360722E-005  9.788880882412045E-005
 -3.179498576051352E-004  7.119264977525439E-005 -6.741188967904580E-004
 -6.655811802049929E-004  2.125181557440986E-003 -2.625277303501626E-003
  1.203679831629447E-003 -6.937049848678075E-004  7.941143869294961E-004
  5.857009430017706E-004 -5.063238582845657E-004  1.596838725750851E-003
 -2.268895649102481E-004  2.555309962721409E-004  6.754099843573950E-004
 -5.729845859201103E-004 -1.050411778537868E-003  1.931486826952898E-003
  2.382146361454678E-004 -1.206476383930163E-004  9.109804935472933E-004
 -6.461527838857060E-004  2.601622533790513E-004  1.438874942881386E-003
 -1.283985516466624E-003  6.914624959664770E-004  9.236285594536147E-004
  2.037487871026128E-003  4.755209545069517E-004 -2.513234222483305E-003
  2.760506455056335E-004 -2.183042859012907E-004 -7.045105885888638E-004
 -7.945917111906929E-005 -3.782049273894654E-005  1.038244072785938E-004
  0.000000000000000E+000  0.000000000000000E+000  0.000000000000000E+000
  0.000000000000000E+000  0.000000000000000E+000  0.000000000000000E+000
  0.000000000000000E+000  0.000000000000000E+000  0.000000000000000E+000
  0.000000000000000E+000  0.000000000000000E+000  0.000000000000000E+000
 -8.064345805249915E-005  5.091562427395693E-005 -4.003514678341505E-005
  1.203873770217302E-004 -2.066646887169441E-004 -3.171488646594518E-004
  1.238410623520443E-004  7.080058804024368E-004 -1.077075692243719E-003
  1.686009775668299E-004  1.975655505763556E-004  1.278585459688157E-004
 -1.571060057435893E-003  2.261109301820839E-003 -4.633776006045635E-003
 -7.836107143111207E-004  5.283246877454530E-004 -4.404372616981010E-003
 -3.239448795017928E-004 -4.652004071520750E-004  8.247337759439857E-003
  9.326329968080861E-004 -4.521849106739338E-004 -4.708043254323736E-003
  2.804644010157298E-003 -2.478504779138947E-004 -4.800974079355862E-003
  4.739224842393923E-005  2.654742515203032E-004  1.884536148737149E-004
  4.841792481724453E-004  4.401678325927263E-004 -1.004427127014497E-003
 -2.274639128297234E-004  5.617314729189928E-006 -3.199570390828583E-004
  8.417632544306460E-005 -4.333888623006607E-005 -3.973909495507438E-005
  0.000000000000000E+000  0.000000000000000E+000  0.000000000000000E+000
  0.000000000000000E+000  0.000000000000000E+000  0.000000000000000E+000
  0.000000000000000E+000  0.000000000000000E+000  0.000000000000000E+000
  0.000000000000000E+000  0.000000000000000E+000  0.000000000000000E+000
  0.000000000000000E+000  0.000000000000000E+000  0.000000000000000E+000
  0.000000000000000E+000  0.000000000000000E+000  0.000000000000000E+000
  0.000000000000000E+000  0.000000000000000E+000  0.000000000000000E+000
  0.000000000000000E+000  0.000000000000000E+000  0.000000000000000E+000
  0.000000000000000E+000  0.000000000000000E+000  0.000000000000000E+000
  0.000000000000000E+000  0.000000000000000E+000  0.000000000000000E+000
  0.000000000000000E+000  0.000000000000000E+000  0.000000000000000E+000
  0.000000000000000E+000  0.000000000000000E+000  0.000000000000000E+000
  0.000000000000000E+000  0.000000000000000E+000  0.000000000000000E+000
  0.000000000000000E+000  0.000000000000000E+000  0.000000000000000E+000
  0.000000000000000E+000  0.000000000000000E+000  0.000000000000000E+000
  0.000000000000000E+000  0.000000000000000E+000  0.000000000000000E+000
  0.000000000000000E+000  0.000000000000000E+000  0.000000000000000E+000
  0.000000000000000E+000  0.000000000000000E+000  0.000000000000000E+000
  0.000000000000000E+000  0.000000000000000E+000  0.000000000000000E+000
  0.000000000000000E+000  0.000000000000000E+000  0.000000000000000E+000
  0.000000000000000E+000  0.000000000000000E+000  0.000000000000000E+000
  0.000000000000000E+000  0.000000000000000E+000  0.000000000000000E+000
  0.000000000000000E+000  0.000000000000000E+000  0.000000000000000E+000
  0.000000000000000E+000  0.000000000000000E+000  0.000000000000000E+000
  0.000000000000000E+000  0.000000000000000E+000  0.000000000000000E+000
  0.000000000000000E+000  0.000000000000000E+000  0.000000000000000E+000
  0.000000000000000E+000  0.000000000000000E+000  0.000000000000000E+000
  0.000000000000000E+000  0.000000000000000E+000  0.000000000000000E+000
  0.000000000000000E+000  0.000000000000000E+000  0.000000000000000E+000
  0.000000000000000E+000  0.000000000000000E+000  0.000000000000000E+000
  0.000000000000000E+000  0.000000000000000E+000  0.000000000000000E+000
  0.000000000000000E+000  0.000000000000000E+000  0.000000000000000E+000
  0.000000000000000E+000  0.000000000000000E+000  0.000000000000000E+000
  0.000000000000000E+000  0.000000000000000E+000  0.000000000000000E+000
  0.000000000000000E+000  0.000000000000000E+000  0.000000000000000E+000
  0.000000000000000E+000  0.000000000000000E+000  0.000000000000000E+000
  0.000000000000000E+000  0.000000000000000E+000  0.000000000000000E+000
  0.000000000000000E+000  0.000000000000000E+000  0.000000000000000E+000
  -1.16941570408944        2.03064806859604       -17.1871689902690     
  -10.4226636603956       -3.75985102757652       -19.5755533189500     
  -12.2793951150625        4.70746637293697       -7.01032250489166     
 -0.855051621767171       -8.20523111019938        13.5821051352303     
   3.70307820817226        18.8607317573775        6.71160533252401     
   31.4413797346921        84.2963140011989       -10.6552234974729     
  -32.2955767027279       -56.9508932357908        27.4998745486630     
   55.9691015438421        66.9724738781146       -10.9956183961518     
   14.6980752193265        12.1876130257404        5.83454903857360     
  -5.58030834551420       -4.28435243920032        13.2876870014208     
   9.15597432836238       -8.84750422189090       -6.36775025738617     
   2.26572155965876       -10.7881812911563       -18.8581024131774     
   3.61251240328482       0.571793522322359       -16.8239688212919     
  0.000000000000000E+000  0.000000000000000E+000  0.000000000000000E+000
  0.000000000000000E+000  0.000000000000000E+000  0.000000000000000E+000
  0.000000000000000E+000  0.000000000000000E+000  0.000000000000000E+000
  0.000000000000000E+000  0.000000000000000E+000  0.000000000000000E+000
  -3.84270047283102        5.50334901076465       -14.9083067949968     
  -9.96238561420678       -3.39656184533092       -21.2006455617026     
  -6.94316779928238        2.02329283969369       -9.34762269162913     
   1.26875113522855      -0.652552467552080        13.5136102314657     
   3.74350313001506        7.48311800308233        11.1804723618031     
   18.9815385054484        51.8966155588472       -7.40872132437441     
   7.09308860901767        11.7066379784838        18.9705641248003     
   33.9970296973000        40.0452269040308       -7.87692546119729     
   4.61443456056223        6.24312328191602        10.2063842607878     
 -0.442609531848517       0.776756191826502        13.3031104766705     
   4.45037038644603       -5.50475250440700       -8.62789621617443     
   2.47465753145982       -10.1270786764446       -20.4984190448231     
   7.58059481166840      -0.105604066083720       -14.5985092757057     
  0.000000000000000E+000  0.000000000000000E+000  0.000000000000000E+000
  0.000000000000000E+000  0.000000000000000E+000  0.000000000000000E+000
  0.000000000000000E+000  0.000000000000000E+000  0.000000000000000E+000
  0.000000000000000E+000  0.000000000000000E+000  0.000000000000000E+000
  -5.95536921895099        14.2097866894255       -13.0534247188658     
  -9.39114531946409       -6.32387749909842       -21.5244503315998     
  -4.89926005224631       -4.07427028973755       -11.6445506330102     
  2.087861857536479E-002   16.9514706380177        7.39250926190529     
  -9.13931642721432       -86.2405299371942        20.0657805420070     
   2.85089974807834        14.2234198752130        5.12552058241471     
   60.5060099450637        104.365989806751       -15.7032462015346     
   9.47057807976764        7.36955337327306        4.98593513368515     
  -69.4652614309585       -51.1604877852589        19.1174218948598     
   14.7735704538595        8.08832334045709        7.36241322136374     
  -1.27279102497058       -6.59286742794286       -10.8311887735692     
 -0.187437647562398       -10.9974586466393       -20.9101586437007     
   15.5499766693268        2.13369357963918       -12.7524537125591     
  0.000000000000000E+000  0.000000000000000E+000  0.000000000000000E+000
  0.000000000000000E+000  0.000000000000000E+000  0.000000000000000E+000
  0.000000000000000E+000  0.000000000000000E+000  0.000000000000000E+000
  0.000000000000000E+000  0.000000000000000E+000  0.000000000000000E+000
  -8.04843901318704        17.9502475368147       -13.1929628971080     
  -8.66399245547365        22.7424934798173       -21.5441428807079     
  -2.84975836429904       -5.12534870260896       -14.0684789212828     
  0.232692237085285       -15.6712915615148        1.52287440181720     
  -11.4004388861595       -80.5298110467179        29.2552067913352     
  -17.8442274735352       -64.7583011372383        33.2227882966953     
 -0.657424535676954      -0.920620939996994        24.0521501889630     
  -44.0612746042165       -44.6230916626671        30.8525515515284     
  -62.1915286276415       -49.4092644690848        28.0173556553895     
  -14.4914116711356       -8.69437459119851        1.90176714426213     
  -2.58617074445371       -5.10925373744952       -13.2637914286579     
   24.0883449593204        3.72126949711549       -20.9915331958571     
   19.2086937558092        1.94712241272718       -12.8100430451069     
  0.000000000000000E+000  0.000000000000000E+000  0.000000000000000E+000
  0.000000000000000E+000  0.000000000000000E+000  0.000000000000000E+000
  0.000000000000000E+000  0.000000000000000E+000  0.000000000000000E+000
  0.000000000000000E+000  0.000000000000000E+000  0.000000000000000E+000
  -3.05419907975603        7.00466911442243       -11.9527840580240     
  -15.5567132811045        49.6213821937174       -27.6757912194626     
  -1.56303990147669        9.16453603214841       -17.6311086606928     
  -1.45465300814932        30.6290385843757       -15.5139945433378     
   3.28171828297893        11.7301388783362       -8.80280647216558     
   10.4161228344308        23.8519188577258        2.11829625635994     
   62.1054427982032        107.645840221160       -46.6427992797475     
   13.8461650986513        19.1448539920111        2.64376953601700     
   6.20176077403428        7.02704890426570       -7.80605317304027     
   24.8154536770912        12.5687056654594       -14.3244092922365     
   8.94671773589020        3.14560105727621       -16.8738380692916     
   49.7663701722645        10.7128974724758       -26.9517952427034     
   7.24942312579326       0.786554872989512       -11.5503448365031     
  0.000000000000000E+000  0.000000000000000E+000  0.000000000000000E+000
  0.000000000000000E+000  0.000000000000000E+000  0.000000000000000E+000
  0.000000000000000E+000  0.000000000000000E+000  0.000000000000000E+000
  0.000000000000000E+000  0.000000000000000E+000  0.000000000000000E+000
  1.719169268195741E-002  3.311678277988795E-002  -9.30050825850635     
  -8.65423834827373        25.3185308874191       -21.1223916902026     
  -1.03001527706809        18.9470242594249       -26.8228347552321     
   10.3111492592225       -1.71166654344150       -12.4235687560655     
   14.8465794927888       -1.99908249031211       -6.00315284690614     
   26.1483240062384        32.2862690739681       -7.68202557139356     
  -30.6257254603996       -52.9572938181899        53.6499085871253     
   12.7169690426735        36.8089190229744       -6.30743689225733     
  -4.44001168971317        14.8803140414026       -9.45786424711638     
  -5.39128138018016        8.63945364824591       -12.3101702883677     
   17.5622544507170        8.73174429258969       -26.1535117455397     
   24.3954578566391        4.49384206706855       -20.3226520345196     
  9.654700358081440E-002 -3.867505861726040E-002  -8.96930078435827     
  0.000000000000000E+000  0.000000000000000E+000  0.000000000000000E+000
  0.000000000000000E+000  0.000000000000000E+000  0.000000000000000E+000
  0.000000000000000E+000  0.000000000000000E+000  0.000000000000000E+000
  0.000000000000000E+000  0.000000000000000E+000  0.000000000000000E+000
  -2.71502413185290        1.32459217003301       -7.59053659436799     
   6.27067644249330       -9.32701490476827       -11.1365711259590     
   8.29656906827633       -19.1940005795247       -14.1250112642370     
   19.8322944656513       -17.1980908358084       -1.95845573941090     
   20.0684692882664        48.5777347991608       -39.8601163863290     
   32.2894809609970        59.6118061111238       -67.5211954825924     
  -39.2906641015870       -68.5419405729150        97.9107057048670     
   33.3653175761410        55.4025815762681       -64.9154061672052     
   33.5052158775730        42.2942314143678       -41.4894339236171     
  -25.7145985505608        8.55368943414339      -0.563269307059676     
  -18.4013024541602       -1.48220043548363       -14.4174917318061     
  -12.4267994861012       0.108904232359471       -10.4749580143281     
   2.50676061731460       -1.57636583835479       -7.44853633826425     
  0.000000000000000E+000  0.000000000000000E+000  0.000000000000000E+000
  0.000000000000000E+000  0.000000000000000E+000  0.000000000000000E+000
  0.000000000000000E+000  0.000000000000000E+000  0.000000000000000E+000
  0.000000000000000E+000  0.000000000000000E+000  0.000000000000000E+000
  -1.94733635064129       0.489004209115564       -8.77352130298359     
   10.6270621251232       -22.0163469850758       -3.63268416444446     
   7.31887333618755       -6.01071637811830       -16.3005841540377     
   21.4978587508111       -11.0252913125306       -7.18006401792116     
   24.1314540542542       -25.0837256020586        17.0045271364266     
  -3.18646381113706       -16.7559525067189        15.2814293195284     
   13.1299562247927        23.3250779615776       -36.6113692094388     
  -12.7880064974287       -11.3114760634650        14.3159409011579     
  -32.5453535936665        8.46275400082085        16.0888989899522     
  -24.0579431892739        12.3693268653644       -2.99524728811138     
  -6.65779983239961        4.31962282902346       -17.2209563148892     
  -23.9052445098612       -1.98721881648821       -3.57697877219027     
   1.24415439998465       -1.42728800498247       -8.48862218584947     
  0.000000000000000E+000  0.000000000000000E+000  0.000000000000000E+000
  0.000000000000000E+000  0.000000000000000E+000  0.000000000000000E+000
  0.000000000000000E+000  0.000000000000000E+000  0.000000000000000E+000
  0.000000000000000E+000  0.000000000000000E+000  0.000000000000000E+000
 -7.057159993467231E-002  -1.08696196867877       -7.19324979443699     
   4.64514057291320       -8.47463890702230      -0.228190239454580     
  -16.2114301565748        42.8631789044569       -56.8839896848763     
   28.6509909432833       -33.0069417246821        21.6150576007277     
   5.20430462448712       -14.5354555597336        16.3796959607882     
 -0.240758448236898        26.6124262624046       -44.4677001691895     
  -11.3134398894313       -19.2337173532879        20.3588054183186     
   21.3503490355554        13.0227978550100       -43.0102290047019     
  -13.0642858354938       -2.36990249947793        12.2558372621419     
  -42.6491927843895        8.40077347139293        22.5981518381392     
   45.1118507590076        7.70215366354567       -56.3787126495490     
  -8.73393016850166       6.569228502876431E-002 -0.802753506092034     
  -1.02663140789902      -0.672404368285117       -6.87677174281194     
  0.000000000000000E+000  0.000000000000000E+000  0.000000000000000E+000
  0.000000000000000E+000  0.000000000000000E+000  0.000000000000000E+000
  0.000000000000000E+000  0.000000000000000E+000  0.000000000000000E+000
  0.000000000000000E+000  0.000000000000000E+000  0.000000000000000E+000
 -0.302000145249026       -2.45074734851533       -3.68200608400995     
   3.97296423511912       -1.06929809565563       -1.24487148392877     
  -4.75613430070642        19.4449201439102       -33.3241876349896     
   12.6433494652866       -18.6336234769980        26.0367285189667     
  -25.6717956969863        38.6920322282694       -96.1111162934944     
  -16.3894014027195        13.1902206463508       -136.042987685325     
  -4.94739220136074       -5.72621619850323        207.704181645695     
   19.8958014810837       -7.61927274330835       -136.836715487220     
   44.1842747250490       -2.54778866673003       -92.7855423883994     
  -21.4222513878712        1.67708133157692        24.7954376087863     
   19.3563484124637        5.78812775386482       -32.9434730571343     
  -2.83139112068047        3.02033856574721       -1.37017813395939     
  -1.92701370198705       -1.48141890188555       -3.59530136512338     
  0.000000000000000E+000  0.000000000000000E+000  0.000000000000000E+000
  0.000000000000000E+000  0.000000000000000E+000  0.000000000000000E+000
  0.000000000000000E+000  0.000000000000000E+000  0.000000000000000E+000
  0.000000000000000E+000  0.000000000000000E+000  0.000000000000000E+000
  0.000000000000000E+000  0.000000000000000E+000  0.000000000000000E+000
  0.000000000000000E+000  0.000000000000000E+000  0.000000000000000E+000
  0.000000000000000E+000  0.000000000000000E+000  0.000000000000000E+000
  0.000000000000000E+000  0.000000000000000E+000  0.000000000000000E+000
  0.000000000000000E+000  0.000000000000000E+000  0.000000000000000E+000
  0.000000000000000E+000  0.000000000000000E+000  0.000000000000000E+000
  0.000000000000000E+000  0.000000000000000E+000  0.000000000000000E+000
  0.000000000000000E+000  0.000000000000000E+000  0.000000000000000E+000
  0.000000000000000E+000  0.000000000000000E+000  0.000000000000000E+000
  0.000000000000000E+000  0.000000000000000E+000  0.000000000000000E+000
  0.000000000000000E+000  0.000000000000000E+000  0.000000000000000E+000
  0.000000000000000E+000  0.000000000000000E+000  0.000000000000000E+000
  0.000000000000000E+000  0.000000000000000E+000  0.000000000000000E+000
  0.000000000000000E+000  0.000000000000000E+000  0.000000000000000E+000
  0.000000000000000E+000  0.000000000000000E+000  0.000000000000000E+000
  0.000000000000000E+000  0.000000000000000E+000  0.000000000000000E+000
  0.000000000000000E+000  0.000000000000000E+000  0.000000000000000E+000
  0.000000000000000E+000  0.000000000000000E+000  0.000000000000000E+000
  0.000000000000000E+000  0.000000000000000E+000  0.000000000000000E+000
  0.000000000000000E+000  0.000000000000000E+000  0.000000000000000E+000
  0.000000000000000E+000  0.000000000000000E+000  0.000000000000000E+000
  0.000000000000000E+000  0.000000000000000E+000  0.000000000000000E+000
  0.000000000000000E+000  0.000000000000000E+000  0.000000000000000E+000
  0.000000000000000E+000  0.000000000000000E+000  0.000000000000000E+000
  0.000000000000000E+000  0.000000000000000E+000  0.000000000000000E+000
  0.000000000000000E+000  0.000000000000000E+000  0.000000000000000E+000
  0.000000000000000E+000  0.000000000000000E+000  0.000000000000000E+000
  0.000000000000000E+000  0.000000000000000E+000  0.000000000000000E+000
  0.000000000000000E+000  0.000000000000000E+000  0.000000000000000E+000
  0.000000000000000E+000  0.000000000000000E+000  0.000000000000000E+000
  0.000000000000000E+000  0.000000000000000E+000  0.000000000000000E+000
  0.000000000000000E+000  0.000000000000000E+000  0.000000000000000E+000
