         140  1.399999999999997E-002  1.399999999999997E-002
  0.000000000000000E+000  0.000000000000000E+000  0.000000000000000E+000
  0.000000000000000E+000  0.000000000000000E+000  0.000000000000000E+000
  4.347821298191813E-002  8.141325827441019E-002 -7.823912877644461E-002
  5.850382739671889E-002  0.136927319698892      -0.136460848157520     
  9.005825252041842E-002  0.195102310309632      -0.205709033293529     
  0.105966846040290       0.242320103722659      -0.252294908696262     
  0.124486926659708       0.262638871190370      -0.288866102777610     
  0.140144717519070       0.269496591581163      -0.308170394372955     
  0.154381133303712       0.267451203869834      -0.315884367513419     
  0.163266272887218       0.256116001313676      -0.308154870069311     
  0.165144106282135       0.239119059345130      -0.288830742722523     
  0.156849531442884       0.212973090248168      -0.252330241721921     
  0.123981846361193       0.175615342226247      -0.205763138509389     
  8.936020058033801E-002  0.119173345985079      -0.136536380622772     
  4.878386495581091E-002  7.839347296506639E-002 -7.831201402859732E-002
  0.000000000000000E+000  0.000000000000000E+000  0.000000000000000E+000
  0.000000000000000E+000  0.000000000000000E+000  0.000000000000000E+000
  0.000000000000000E+000  0.000000000000000E+000  0.000000000000000E+000
  0.000000000000000E+000  0.000000000000000E+000  0.000000000000000E+000
  3.335358756935699E-002  7.781033513023730E-002 -6.724585408314990E-002
  5.412807716997695E-002  0.138356067045542      -0.133070781005523     
  7.809854145269385E-002  0.195869372937149      -0.195181682194768     
  9.730517692982291E-002  0.237741042420928      -0.248126819991724     
  0.115077878605403       0.256313663260727      -0.282856696149590     
  0.132865147206579       0.261476901094319      -0.305564992312261     
  0.148613934123593       0.257458098900329      -0.312072109162985     
  0.159975266498532       0.245821117539683      -0.305565640043194     
  0.164378033516111       0.227820864965038      -0.282831971813087     
  0.157205565986772       0.203171958745924      -0.248157364829182     
  0.130591391531126       0.165608195775804      -0.195215816591133     
  9.277353602358714E-002  0.116081446200979      -0.133133886844465     
  5.072528716968715E-002  6.780662418471115E-002 -6.730176043753741E-002
  0.000000000000000E+000  0.000000000000000E+000  0.000000000000000E+000
  0.000000000000000E+000  0.000000000000000E+000  0.000000000000000E+000
  0.000000000000000E+000  0.000000000000000E+000  0.000000000000000E+000
  0.000000000000000E+000  0.000000000000000E+000  0.000000000000000E+000
  2.659693874387220E-002  6.999870057932181E-002 -5.413154239392234E-002
  4.379511857453973E-002  0.142062644354678      -0.121366131784206     
  6.579415352982633E-002  0.197193911404734      -0.182053796285735     
  8.438793311337586E-002  0.232027088442585      -0.233090743190919     
  0.104129697828734       0.246791170698518      -0.269460137286681     
  0.122763595027509       0.249092102903487      -0.290689771529607     
  0.140735359326414       0.243811993243372      -0.298655987903898     
  0.154320936279559       0.230917472625673      -0.290726427923745     
  0.161619448452145       0.213593288185290      -0.269458544974187     
  0.158692406030895       0.189106988472607      -0.233093751301563     
  0.137837868075437       0.155568256844359      -0.182053969672488     
  0.101121805852120       0.108948022127826      -0.121388797268124     
  4.733233843886347E-002  5.802541611399200E-002 -5.416352535443972E-002
  0.000000000000000E+000  0.000000000000000E+000  0.000000000000000E+000
  0.000000000000000E+000  0.000000000000000E+000  0.000000000000000E+000
  0.000000000000000E+000  0.000000000000000E+000  0.000000000000000E+000
  0.000000000000000E+000  0.000000000000000E+000  0.000000000000000E+000
  2.551430035118533E-002  5.771235094715130E-002 -4.484907585181747E-002
  3.831531813533926E-002  0.139910776232488      -0.108388724953728     
  5.981518077848254E-002  0.195803545631592      -0.167842464606347     
  7.855479703240292E-002  0.231964871679606      -0.219559885754523     
  9.903810615125740E-002  0.247095573119469      -0.256740453165887     
  0.119893006988887       0.249342334218811      -0.280063407752828     
  0.140227853252106       0.242929086619041      -0.288035240975629     
  0.155982902801322       0.228576896111145      -0.280134805692700     
  0.164428635964488       0.209352972208782      -0.256755452599053     
  0.161539466267668       0.184007596244358      -0.219542060851036     
  0.139589052309177       0.149675163367135      -0.167801110576037     
  0.101953367805791       0.103080502673716      -0.108359140194731     
  3.721790442315553E-002  5.093250968694459E-002 -4.487012730651606E-002
  0.000000000000000E+000  0.000000000000000E+000  0.000000000000000E+000
  0.000000000000000E+000  0.000000000000000E+000  0.000000000000000E+000
  0.000000000000000E+000  0.000000000000000E+000  0.000000000000000E+000
  0.000000000000000E+000  0.000000000000000E+000  0.000000000000000E+000
  2.493369720949173E-002  3.818423109901524E-002 -3.615261682364113E-002
  3.629454960250899E-002  0.132219178524361      -9.772271557198325E-002
  5.573614263399605E-002  0.192765951091003      -0.156410141310164     
  7.530008108801620E-002  0.231309506882444      -0.209071615400700     
  9.553423075304966E-002  0.246916147199292      -0.247548704890783     
  0.117896570320134       0.249011443004858      -0.271054812635909     
  0.139441958762751       0.241566856561797      -0.279625330909542     
  0.156712801238095       0.226716906328927      -0.271164395095056     
  0.166044424382696       0.206251020791252      -0.247596372051111     
  0.162593036889549       0.180871205605387      -0.209040293535915     
  0.138990390938821       0.144606220006905      -0.156343172312393     
  9.624139519826470E-002  9.746494164197744E-002 -9.765413011919434E-002
  2.059292092102083E-002  4.063501491828914E-002 -3.616536287951215E-002
  0.000000000000000E+000  0.000000000000000E+000  0.000000000000000E+000
  0.000000000000000E+000  0.000000000000000E+000  0.000000000000000E+000
  0.000000000000000E+000  0.000000000000000E+000  0.000000000000000E+000
  0.000000000000000E+000  0.000000000000000E+000  0.000000000000000E+000
  2.392201181804792E-002  1.031920574948798E-002 -2.656318718434454E-002
  3.084120519957532E-002  0.123688530082830      -8.548138945032660E-002
  5.345176219282698E-002  0.183991306874911      -0.145426400920722     
  6.848392591515612E-002  0.221465552615619      -0.196930280927071     
  8.902294722192280E-002  0.234559635782277      -0.232960207175425     
  0.109873670077645       0.234874676041429      -0.255105647982993     
  0.131050756980242       0.227025396184396      -0.262788863599406     
  0.148549769066570       0.212795586864092      -0.255307276202567     
  0.158639614151596       0.194499730215088      -0.233062253029401     
  0.157502076554222       0.170057218483888      -0.196908944432478     
  0.132524997936371       0.138279499394313      -0.145347239128039     
  9.158965073173367E-002  8.843128447389415E-002 -8.536983894415941E-002
 -3.089618676387322E-003  2.580774462594173E-002 -2.657351073412801E-002
  0.000000000000000E+000  0.000000000000000E+000  0.000000000000000E+000
  0.000000000000000E+000  0.000000000000000E+000  0.000000000000000E+000
  0.000000000000000E+000  0.000000000000000E+000  0.000000000000000E+000
  0.000000000000000E+000  0.000000000000000E+000  0.000000000000000E+000
  1.110810865778045E-002 -1.070737429079284E-002 -1.418618925332167E-002
  3.381765791724433E-002  0.114437881359651      -7.529877997850680E-002
  4.498015326411378E-002  0.167300191497152      -0.132721274424365     
  5.987866779903092E-002  0.199060126434307      -0.179086599192711     
  7.760012137463992E-002  0.209683897404850      -0.211886074660635     
  9.654927263983323E-002  0.208489040290390      -0.231277309412127     
  0.116046988024784       0.201026494893249      -0.238318152778850     
  0.132444222743063       0.188161253169221      -0.231599094588959     
  0.142860639430442       0.172224394903457      -0.212071124231419     
  0.142427368445129       0.151454474514031      -0.179099677587679     
  0.122379070645970       0.122613813126848      -0.132669790304401     
  8.207833435494064E-002  8.647685639324906E-002 -7.519830531070786E-002
 -1.484671359750607E-002  4.110650921575067E-003 -1.417921640240722E-002
  0.000000000000000E+000  0.000000000000000E+000  0.000000000000000E+000
  0.000000000000000E+000  0.000000000000000E+000  0.000000000000000E+000
  0.000000000000000E+000  0.000000000000000E+000  0.000000000000000E+000
  0.000000000000000E+000  0.000000000000000E+000  0.000000000000000E+000
  5.437969750479557E-003 -1.901268359395223E-002 -9.792522919038911E-003
  3.237468007010948E-002  9.978766610572067E-002 -6.227273050860819E-002
  3.603231986461777E-002  0.132684407512244      -0.111731519560354     
  4.920034429967404E-002  0.166431983223340      -0.151706154837770     
  6.387558027729492E-002  0.173241305568154      -0.180043318831009     
  8.012742580551376E-002  0.173598275811403      -0.196990423043106     
  9.631551142575294E-002  0.166783908167770      -0.203035982029459     
  0.110530034315723       0.156599704451870      -0.197466745064930     
  0.118183687422801       0.142165628409390      -0.180311990989722     
  0.119571511735545       0.125952606197336      -0.151806067567482     
  9.691027493736136E-002  9.758619726200493E-002 -0.111702506585590     
  7.022550986526055E-002  7.792869059192389E-002 -6.221694596378015E-002
 -1.921861485066374E-002 -4.863712047428978E-003 -9.832692580461808E-003
  0.000000000000000E+000  0.000000000000000E+000  0.000000000000000E+000
  0.000000000000000E+000  0.000000000000000E+000  0.000000000000000E+000
  0.000000000000000E+000  0.000000000000000E+000  0.000000000000000E+000
  0.000000000000000E+000  0.000000000000000E+000  0.000000000000000E+000
 -4.795928028893165E-004 -8.303325863785209E-003 -4.630215845295918E-003
  2.987844736639233E-002  5.765559045610785E-002 -4.164227595945518E-002
  2.020351935795524E-002  9.082106832545275E-002 -7.661605500052140E-002
  3.404433280043687E-002  0.113679268407483      -0.108925371684500     
  4.260673441726025E-002  0.119772351627781      -0.130152397193190     
  5.458403759818140E-002  0.119791578723225      -0.143828216775942     
  6.661156301636563E-002  0.115281156576984      -0.148154548029176     
  7.670152699516121E-002  0.107496025366438      -0.144345600793663     
  8.248679733418326E-002  9.697145684014326E-002 -0.130433530786800     
  8.144992581666777E-002  8.642093725834483E-002 -0.109034777098719     
  6.864735208131846E-002  6.300098968189312E-002 -7.670114198867033E-002
  3.492662584400591E-002  5.465138514804167E-002 -4.150643524731997E-002
 -6.949598689569931E-003 -4.584873480812257E-003 -4.744847377678833E-003
  0.000000000000000E+000  0.000000000000000E+000  0.000000000000000E+000
  0.000000000000000E+000  0.000000000000000E+000  0.000000000000000E+000
  0.000000000000000E+000  0.000000000000000E+000  0.000000000000000E+000
  0.000000000000000E+000  0.000000000000000E+000  0.000000000000000E+000
 -5.985214390483797E-005 -5.133711265853548E-003 -6.311414481648865E-003
  1.483173452880785E-002  1.286984473021089E-002 -9.166973882255266E-003
  1.445563916842329E-002  2.484435343387731E-002 -2.049196989377217E-002
  2.343749473768976E-002  4.177242743252005E-002 -3.536728974498664E-002
  2.260559206008775E-002  4.762877836977531E-002 -4.478139843232223E-002
  2.791350626474464E-002  5.272400498413386E-002 -5.386378648478430E-002
  2.977447017433330E-002  5.143481693118052E-002 -5.537688141998659E-002
  3.185035685699213E-002  5.082795472145784E-002 -5.413145415382793E-002
  2.996986737437760E-002  4.354806341136207E-002 -4.493648272071055E-002
  2.449717457842187E-002  4.120850419369515E-002 -3.538967656594377E-002
  1.439426663561127E-002  2.497972302855525E-002 -2.057690524240628E-002
  3.724400200124852E-003  1.928887938071497E-002 -9.113698909067509E-003
 -4.418608276424776E-003 -2.658403147086912E-003 -6.372321264155606E-003
  0.000000000000000E+000  0.000000000000000E+000  0.000000000000000E+000
  0.000000000000000E+000  0.000000000000000E+000  0.000000000000000E+000
  0.000000000000000E+000  0.000000000000000E+000  0.000000000000000E+000
  0.000000000000000E+000  0.000000000000000E+000  0.000000000000000E+000
  0.000000000000000E+000  0.000000000000000E+000  0.000000000000000E+000
  0.000000000000000E+000  0.000000000000000E+000  0.000000000000000E+000
  0.000000000000000E+000  0.000000000000000E+000  0.000000000000000E+000
  0.000000000000000E+000  0.000000000000000E+000  0.000000000000000E+000
  0.000000000000000E+000  0.000000000000000E+000  0.000000000000000E+000
  0.000000000000000E+000  0.000000000000000E+000  0.000000000000000E+000
  0.000000000000000E+000  0.000000000000000E+000  0.000000000000000E+000
  0.000000000000000E+000  0.000000000000000E+000  0.000000000000000E+000
  0.000000000000000E+000  0.000000000000000E+000  0.000000000000000E+000
  0.000000000000000E+000  0.000000000000000E+000  0.000000000000000E+000
  0.000000000000000E+000  0.000000000000000E+000  0.000000000000000E+000
  0.000000000000000E+000  0.000000000000000E+000  0.000000000000000E+000
  0.000000000000000E+000  0.000000000000000E+000  0.000000000000000E+000
  0.000000000000000E+000  0.000000000000000E+000  0.000000000000000E+000
  0.000000000000000E+000  0.000000000000000E+000  0.000000000000000E+000
  0.000000000000000E+000  0.000000000000000E+000  0.000000000000000E+000
  0.000000000000000E+000  0.000000000000000E+000  0.000000000000000E+000
  0.000000000000000E+000  0.000000000000000E+000  0.000000000000000E+000
  0.000000000000000E+000  0.000000000000000E+000  0.000000000000000E+000
  0.000000000000000E+000  0.000000000000000E+000  0.000000000000000E+000
  0.000000000000000E+000  0.000000000000000E+000  0.000000000000000E+000
  0.000000000000000E+000  0.000000000000000E+000  0.000000000000000E+000
  0.000000000000000E+000  0.000000000000000E+000  0.000000000000000E+000
  0.000000000000000E+000  0.000000000000000E+000  0.000000000000000E+000
  0.000000000000000E+000  0.000000000000000E+000  0.000000000000000E+000
  0.000000000000000E+000  0.000000000000000E+000  0.000000000000000E+000
  0.000000000000000E+000  0.000000000000000E+000  0.000000000000000E+000
  0.000000000000000E+000  0.000000000000000E+000  0.000000000000000E+000
  0.000000000000000E+000  0.000000000000000E+000  0.000000000000000E+000
  0.000000000000000E+000  0.000000000000000E+000  0.000000000000000E+000
  0.000000000000000E+000  0.000000000000000E+000  0.000000000000000E+000
  0.000000000000000E+000  0.000000000000000E+000  0.000000000000000E+000
  0.000000000000000E+000  0.000000000000000E+000  0.000000000000000E+000
  0.000000000000000E+000  0.000000000000000E+000  0.000000000000000E+000
  1.143614377934412E-004 -1.266653402911406E-003 -2.255984479068602E-005
  2.425319601418779E-004  7.054645036545748E-005 -5.858622189569001E-004
  3.628108154991387E-004  3.382335912208705E-004 -1.261955877872087E-003
  4.855636556185536E-004 -4.717853943481930E-003 -1.240653684032000E-004
  1.790946977535597E-004 -5.143178603770168E-003  1.798891744814853E-005
  1.885599952499227E-004 -2.068130450818075E-003 -1.896798808626335E-003
 -4.480738711228359E-004 -7.665785722589153E-004 -2.728164974094599E-003
 -2.028443437737842E-003 -1.043672967057732E-003 -1.805424372968919E-003
 -4.658093304608064E-003 -2.546555202261487E-003  6.616969045922672E-005
 -4.300901187563458E-003 -1.967705310475876E-003 -1.562313923736865E-004
  1.237454425273260E-004  4.539387020076843E-004 -1.313454578693163E-003
 -4.419081017663711E-005  2.287733043332454E-004 -6.318853285712990E-004
 -1.160643212237438E-003 -5.399751129818080E-004 -4.148332488731431E-005
  0.000000000000000E+000  0.000000000000000E+000  0.000000000000000E+000
  0.000000000000000E+000  0.000000000000000E+000  0.000000000000000E+000
  0.000000000000000E+000  0.000000000000000E+000  0.000000000000000E+000
  0.000000000000000E+000  0.000000000000000E+000  0.000000000000000E+000
  9.039423041862963E-005 -1.179314885478801E-003  1.917059832128462E-006
  2.307299287015689E-004 -7.107775328038575E-004 -4.199583814829341E-004
  2.979128170698996E-004 -1.897818608048439E-004 -1.198391301251015E-003
  6.442327528595272E-004 -3.283501511544636E-003 -3.535585979804955E-004
  3.970680017461773E-004 -3.084594639805463E-003 -3.434958173192998E-004
  3.457836936636745E-004 -5.694235751281268E-004 -2.238876487257650E-003
  3.180603859653515E-004  5.477217859447634E-004 -3.206924678966124E-003
 -7.652711729623147E-004 -1.030573620240774E-004 -2.159391137566036E-003
 -2.948325222703013E-003 -1.282481770544753E-003 -3.097097497676881E-004
 -3.132340594054218E-003 -1.101035984470944E-003 -3.944189569014841E-004
 -2.796157096485134E-004  1.445307193783536E-004 -1.251887153475999E-003
 -7.161951492898163E-004 -1.739055110518108E-004 -4.652373781711826E-004
 -1.069504581844802E-003 -5.196933570584318E-004 -1.370712311578946E-005
  0.000000000000000E+000  0.000000000000000E+000  0.000000000000000E+000
  0.000000000000000E+000  0.000000000000000E+000  0.000000000000000E+000
  0.000000000000000E+000  0.000000000000000E+000  0.000000000000000E+000
  0.000000000000000E+000  0.000000000000000E+000  0.000000000000000E+000
  7.032889075544305E-005 -1.073853153780293E-003  1.071554262262893E-005
  3.326969462799432E-004 -2.026672693118418E-003 -1.270113368671418E-004
  3.289517250951730E-004 -1.204280817080185E-003 -7.363034775174247E-004
  5.497220159612863E-004 -4.445220855039287E-004 -1.190772651455072E-003
  7.272001029889372E-004  2.507698802664988E-004 -2.059922515766624E-003
  1.147789961407964E-003  2.170960748260899E-003 -4.041445711267817E-003
  1.777301476607174E-003  3.091144469890272E-003 -5.295750250001131E-003
  1.259027589497170E-003  2.030980058405860E-003 -4.019657032870503E-003
 -1.619020555203099E-004  7.255574900123620E-004 -2.072747754161287E-003
 -6.014905090192643E-004  2.577969689537912E-004 -1.248998323676756E-003
 -1.150220918846588E-003 -3.246827572272223E-004 -7.965675453741608E-004
 -1.906226151286559E-003 -7.461980790720403E-004 -1.674372322492400E-004
 -9.643083250202492E-004 -4.854924993575912E-004 -3.770516549591178E-006
  0.000000000000000E+000  0.000000000000000E+000  0.000000000000000E+000
  0.000000000000000E+000  0.000000000000000E+000  0.000000000000000E+000
  0.000000000000000E+000  0.000000000000000E+000  0.000000000000000E+000
  0.000000000000000E+000  0.000000000000000E+000  0.000000000000000E+000
  2.827589706183205E-005 -8.926697376876793E-004  1.734216202995907E-006
  3.068559998152892E-004 -1.761994553180220E-003 -2.028702768603273E-005
  1.674500499398237E-004 -2.173009324239712E-004 -8.361530914425112E-004
  4.479393025570736E-004  1.204561718776518E-003 -1.774866518015072E-003
  7.022891153236639E-004  1.829264912659918E-003 -2.703129903730905E-003
  9.774741399839572E-004  2.176304401170033E-003 -3.901214042452476E-003
  1.125194639788044E-003  1.973910421875729E-003 -4.310329644077492E-003
  1.313563329861470E-003  1.865148854358120E-003 -3.847439265505590E-003
  1.123791707641969E-003  1.431195350950307E-003 -2.647714577425089E-003
  7.835931708120689E-004  9.459908786302824E-004 -1.785348038420649E-003
 -2.475039014570624E-004  1.428611505364909E-005 -8.860788427937465E-004
 -1.645707089147907E-003 -6.293949035366971E-004 -6.274491585851265E-005
 -7.868132198942482E-004 -4.332002668304585E-004 -1.229339316624257E-005
  0.000000000000000E+000  0.000000000000000E+000  0.000000000000000E+000
  0.000000000000000E+000  0.000000000000000E+000  0.000000000000000E+000
  0.000000000000000E+000  0.000000000000000E+000  0.000000000000000E+000
  0.000000000000000E+000  0.000000000000000E+000  0.000000000000000E+000
 -3.459928365165052E-005 -4.640142249030440E-004 -7.593601386583091E-005
  7.911751767824463E-005 -2.169856448552573E-004 -3.448069299633345E-004
 -7.496078999952860E-005  1.333768358410587E-003 -1.189063266816611E-003
  1.383920417111876E-004  8.122265071375516E-004 -1.207606810908192E-003
  2.501158941307697E-004  7.845461938861784E-004 -1.617363950864071E-003
  2.373587985453589E-004  6.212993475394528E-004 -2.404053576652217E-003
  7.444988927721891E-005  1.541656561479792E-004 -2.498677129823778E-003
  4.449432175678820E-004  5.768450988635214E-004 -2.466584612194186E-003
  5.662327222788799E-004  6.291494199937433E-004 -1.651761652007516E-003
  6.444467144354223E-004  5.223511703776729E-004 -1.241978316322093E-003
  1.217142265319432E-003  5.886429963276652E-004 -1.239981120361099E-003
 -1.801632299574084E-004 -4.428666369906117E-005 -3.942931552616219E-004
 -3.861644102621063E-004 -2.718744702871473E-004 -9.053442590948734E-005
  0.000000000000000E+000  0.000000000000000E+000  0.000000000000000E+000
  0.000000000000000E+000  0.000000000000000E+000  0.000000000000000E+000
  0.000000000000000E+000  0.000000000000000E+000  0.000000000000000E+000
  0.000000000000000E+000  0.000000000000000E+000  0.000000000000000E+000
  9.182406225887939E-006 -1.341413418460954E-004 -1.748074795477248E-004
 -1.348429629736734E-004  5.943674656351642E-004 -4.458291181419316E-004
 -2.439896899260946E-004  2.110994146866713E-003 -1.283729784004143E-003
  3.839329563640865E-005  1.285343887124699E-003 -1.098687261887802E-003
  7.701530658464581E-005  6.483931814492726E-004 -1.103858495415879E-003
  4.898906297144183E-005  5.021519147197367E-004 -2.010354548812413E-003
  4.993248945510477E-004  8.996307668419494E-004 -2.970029771173790E-003
  3.645617634322552E-004  2.820575380818080E-004 -1.996938941286842E-003
  4.680290718864664E-004  3.652077767280817E-004 -1.084036447290243E-003
  1.147100292172842E-003  7.115696103607388E-004 -1.159864052142421E-003
  2.004504563616870E-003  8.546527140026807E-004 -1.347571743860512E-003
  6.097139013006365E-004  1.748371094346061E-004 -4.920404136547295E-004
 -1.214058811698580E-004 -6.396495802243260E-005 -1.907327431545804E-004
  0.000000000000000E+000  0.000000000000000E+000  0.000000000000000E+000
  0.000000000000000E+000  0.000000000000000E+000  0.000000000000000E+000
  0.000000000000000E+000  0.000000000000000E+000  0.000000000000000E+000
  0.000000000000000E+000  0.000000000000000E+000  0.000000000000000E+000
 -9.195815687997961E-006 -1.477857942972348E-005 -1.204901168368037E-004
 -8.658599732078805E-005  2.597601727751154E-005 -1.495752891257551E-004
 -2.515018996997852E-004  1.339946157620869E-003 -8.636192948844388E-004
  4.468310466216800E-005  1.202675343033630E-003 -7.366365270741582E-004
  7.957543438139929E-006  8.537574799866821E-005 -3.490242942933967E-004
 -4.740101111332269E-004 -9.974119029092974E-004 -1.832235766985928E-004
 -4.938151191088772E-004 -7.998243899316735E-004 -9.197207351349023E-004
 -6.819063102174118E-004 -9.027529084207197E-004 -1.742979803741715E-004
 -3.364963948465929E-005 -3.445423260310556E-006 -2.671703510483015E-004
  1.032316560691263E-003  6.602029918349592E-004 -7.783153014379000E-004
  1.389432586371179E-003  4.961103832837792E-004 -9.551889940470687E-004
  7.403529182020489E-005 -7.112495582846926E-005 -1.859536278953070E-004
 -1.048254400378904E-005 -1.531239028971754E-005 -1.376276634282529E-004
  0.000000000000000E+000  0.000000000000000E+000  0.000000000000000E+000
  0.000000000000000E+000  0.000000000000000E+000  0.000000000000000E+000
  0.000000000000000E+000  0.000000000000000E+000  0.000000000000000E+000
  0.000000000000000E+000  0.000000000000000E+000  0.000000000000000E+000
 -3.919601444273501E-005  2.522354830824641E-005 -1.077330104095905E-004
 -1.569957229951505E-005 -4.755584821142701E-004  1.051157964043181E-004
 -1.234400034965750E-004 -4.286129219915172E-004  2.260836555628312E-004
  1.258406320402000E-004 -1.620319007467488E-003  1.570101771669739E-003
 -2.350772313709180E-004 -1.089901400584135E-003  1.194382380077042E-003
 -6.091845321530948E-004 -9.264343103927888E-004  2.504430411755738E-004
 -5.170993896110486E-004 -8.131846139375607E-004 -4.747123861850399E-004
 -5.784123799399013E-004 -9.867595825848623E-004  2.732398682632476E-004
 -8.783035553466537E-004 -7.429841115910465E-004  1.216772422945104E-003
 -1.537102540132889E-003 -7.299329974359397E-004  1.607310876743011E-003
 -1.791956710543893E-004 -2.675721947443524E-004  1.002633415949178E-004
 -3.796916260782670E-004 -2.488777608721471E-004  7.274067338883680E-005
  3.426505433491685E-005 -2.443411118541268E-005 -1.224133662175217E-004
  0.000000000000000E+000  0.000000000000000E+000  0.000000000000000E+000
  0.000000000000000E+000  0.000000000000000E+000  0.000000000000000E+000
  0.000000000000000E+000  0.000000000000000E+000  0.000000000000000E+000
  0.000000000000000E+000  0.000000000000000E+000  0.000000000000000E+000
  6.479405782452672E-006 -2.143656511655426E-006 -7.385095065836769E-005
 -1.440270491655853E-004 -4.229867579822934E-004  1.872445070374153E-004
  4.656235963658549E-004 -1.975128059240185E-003  1.526458003917876E-003
  4.019227471295877E-004 -3.114083968657705E-003  3.895034193228919E-003
 -3.024186853329579E-004 -6.672256786060472E-004  1.059640488345469E-003
 -4.136873012853015E-004 -6.868225680694015E-004  3.881850941764517E-004
 -5.224751993064311E-004 -8.463256508875591E-004  2.773840973698914E-004
 -5.176191100588594E-004 -7.348330576860382E-004  5.521545113799700E-004
 -4.619120028575994E-004 -5.819480027307990E-004  1.058256985052374E-003
 -3.037381511473993E-003 -1.254449381749166E-003  4.050279054889677E-003
 -1.887774780841566E-003 -5.687577421220104E-004  1.447819806309481E-003
 -2.678764530450174E-004 -3.180279914994864E-004  1.550269945662862E-004
 -1.319218934517067E-005 -1.412121259306295E-006 -8.101461500631391E-005
  0.000000000000000E+000  0.000000000000000E+000  0.000000000000000E+000
  0.000000000000000E+000  0.000000000000000E+000  0.000000000000000E+000
  0.000000000000000E+000  0.000000000000000E+000  0.000000000000000E+000
  0.000000000000000E+000  0.000000000000000E+000  0.000000000000000E+000
 -8.994838638827408E-006 -2.590818005186514E-005  1.178655561834067E-005
 -6.897996295373638E-005 -1.877116114667214E-008 -4.132851652994158E-005
 -3.011652967258108E-004 -6.104485416710958E-004  4.168468812871896E-004
 -2.466911654675100E-004 -9.778124448050650E-004  9.709084822611120E-004
 -2.107624178568919E-004 -1.729719836190341E-004 -9.833325063969391E-006
 -4.446491309869415E-004 -6.723603648099833E-004  9.079553042390012E-004
 -6.097396321110043E-004 -9.946029293526545E-004  1.429065366671141E-003
 -4.147077670519347E-004 -7.249732739072398E-004  9.570283377782107E-004
 -6.891872262492904E-005 -2.611922886634425E-004 -2.071824311079752E-005
 -7.718040602129467E-004 -7.238369890768468E-004  1.016452289096112E-003
 -3.830475430406916E-004 -5.684082456197439E-004  4.180380106843592E-004
  3.134975919008303E-005 -5.430722424338978E-005 -4.573875247007455E-005
 -1.765665076278598E-005 -2.338348512424740E-005  3.539732179411118E-006
  0.000000000000000E+000  0.000000000000000E+000  0.000000000000000E+000
  0.000000000000000E+000  0.000000000000000E+000  0.000000000000000E+000
  0.000000000000000E+000  0.000000000000000E+000  0.000000000000000E+000
  0.000000000000000E+000  0.000000000000000E+000  0.000000000000000E+000
  0.000000000000000E+000  0.000000000000000E+000  0.000000000000000E+000
  0.000000000000000E+000  0.000000000000000E+000  0.000000000000000E+000
  0.000000000000000E+000  0.000000000000000E+000  0.000000000000000E+000
  0.000000000000000E+000  0.000000000000000E+000  0.000000000000000E+000
  0.000000000000000E+000  0.000000000000000E+000  0.000000000000000E+000
  0.000000000000000E+000  0.000000000000000E+000  0.000000000000000E+000
  0.000000000000000E+000  0.000000000000000E+000  0.000000000000000E+000
  0.000000000000000E+000  0.000000000000000E+000  0.000000000000000E+000
  0.000000000000000E+000  0.000000000000000E+000  0.000000000000000E+000
  0.000000000000000E+000  0.000000000000000E+000  0.000000000000000E+000
  0.000000000000000E+000  0.000000000000000E+000  0.000000000000000E+000
  0.000000000000000E+000  0.000000000000000E+000  0.000000000000000E+000
  0.000000000000000E+000  0.000000000000000E+000  0.000000000000000E+000
  0.000000000000000E+000  0.000000000000000E+000  0.000000000000000E+000
  0.000000000000000E+000  0.000000000000000E+000  0.000000000000000E+000
  0.000000000000000E+000  0.000000000000000E+000  0.000000000000000E+000
  0.000000000000000E+000  0.000000000000000E+000  0.000000000000000E+000
  0.000000000000000E+000  0.000000000000000E+000  0.000000000000000E+000
  0.000000000000000E+000  0.000000000000000E+000  0.000000000000000E+000
  0.000000000000000E+000  0.000000000000000E+000  0.000000000000000E+000
  0.000000000000000E+000  0.000000000000000E+000  0.000000000000000E+000
  0.000000000000000E+000  0.000000000000000E+000  0.000000000000000E+000
  0.000000000000000E+000  0.000000000000000E+000  0.000000000000000E+000
  0.000000000000000E+000  0.000000000000000E+000  0.000000000000000E+000
  0.000000000000000E+000  0.000000000000000E+000  0.000000000000000E+000
  0.000000000000000E+000  0.000000000000000E+000  0.000000000000000E+000
  0.000000000000000E+000  0.000000000000000E+000  0.000000000000000E+000
  0.000000000000000E+000  0.000000000000000E+000  0.000000000000000E+000
  0.000000000000000E+000  0.000000000000000E+000  0.000000000000000E+000
  0.000000000000000E+000  0.000000000000000E+000  0.000000000000000E+000
  0.000000000000000E+000  0.000000000000000E+000  0.000000000000000E+000
  0.000000000000000E+000  0.000000000000000E+000  0.000000000000000E+000
  0.000000000000000E+000  0.000000000000000E+000  0.000000000000000E+000
  0.000000000000000E+000  0.000000000000000E+000  0.000000000000000E+000
 -0.372988592199232       -8.48906181434863       -7.24420333267009     
  -3.99675114127788        1.31002366700912       -15.5106708322484     
  -2.58344474088143        2.17521039820654       -18.6769259437767     
 -0.716005738643542       -11.2899449045805       -13.5341997420131     
 -0.668408601425171       -32.6947847762358       -3.65539046396405     
  -3.95213912542158       -26.7842783802762       -9.27029910209950     
  2.067396522692626E-002  8.222568300697113E-002  -24.0013988184064     
  -21.0280057156006       -16.4563875162926       -9.64336491522776     
  -29.0021973984686       -17.4505296325065       -3.38796154131757     
  -9.44370617092537       -5.80539358228486       -13.5176365290243     
   3.03244804664968      -0.760828613717566       -18.3241493014762     
   2.24986207547821       -2.90442535435278       -14.9327248137697     
  -7.52925126945446       -4.71270555123533       -7.04381257827753     
  0.000000000000000E+000  0.000000000000000E+000  0.000000000000000E+000
  0.000000000000000E+000  0.000000000000000E+000  0.000000000000000E+000
  0.000000000000000E+000  0.000000000000000E+000  0.000000000000000E+000
  0.000000000000000E+000  0.000000000000000E+000  0.000000000000000E+000
  -1.77942912199837       -7.52608115046612       -6.03531201534432     
  -3.87128181673703       -4.07775020039524       -14.6432042492726     
  -2.98303139109505       -1.59550593797848       -18.2721033574855     
  0.593955753396557       -10.2361759047223       -14.1661415517856     
   2.08517108794236       -18.4340995298662       -6.48783933850602     
 -0.319813318231028       -9.22790206054098       -12.6718057931737     
   5.17250246228328        9.10722686647190       -27.4385735552397     
  -7.80546215389211       -4.74156269245864       -13.0243646232780     
  -17.4547169400008       -7.46877693318862       -6.35045992577303     
  -8.86244225934145       -4.01645524084298       -14.1954472882541     
 -2.135687899478465E-002  -3.03464053695604       -17.8446412304796     
  -2.36906396654191       -5.41067519073234       -14.0886998979831     
  -5.87230377017974       -5.36906436337123       -5.88678060037783     
  0.000000000000000E+000  0.000000000000000E+000  0.000000000000000E+000
  0.000000000000000E+000  0.000000000000000E+000  0.000000000000000E+000
  0.000000000000000E+000  0.000000000000000E+000  0.000000000000000E+000
  0.000000000000000E+000  0.000000000000000E+000  0.000000000000000E+000
  -2.67375853865621       -6.07562928969002       -5.51005123793567     
  -3.83463073070327       -12.6409591195220       -11.8100466274275     
  -2.45012661456185       -11.2598544578521       -15.1446594197878     
   1.20538954189552       -6.81152565863674       -14.1654003520618     
   4.39572328885694        3.59362251577150       -17.7090738418992     
   8.87657281314915        18.6906155266716       -31.7780040962778     
   16.1485380098735        28.1586426237970       -44.9880337183084     
   11.3157752543196        16.8208550084966       -31.7927884694911     
   1.40691943590426        6.17122188702458       -18.1333346097339     
  -5.51674120976950       -1.49428493327403       -14.4099861849472     
  -8.72233407091849       -7.44491305689392       -14.6702436896971     
  -9.52392186651973       -9.53964316888226       -11.3154171056272     
  -3.94253890876776       -5.29474343509692       -5.41660527074454     
  0.000000000000000E+000  0.000000000000000E+000  0.000000000000000E+000
  0.000000000000000E+000  0.000000000000000E+000  0.000000000000000E+000
  0.000000000000000E+000  0.000000000000000E+000  0.000000000000000E+000
  0.000000000000000E+000  0.000000000000000E+000  0.000000000000000E+000
  -3.10424027659623       -5.38546515126384       -5.42732897835468     
  -4.46272141315877       -4.67317197149808       -12.2129101394775     
  -2.44677793393157       -11.8450598763639       -13.1857605078461     
   1.26469235536387       -13.4321397308002       -9.49252351125379     
   3.36429403088387      -0.859722969055971       -13.9503813791051     
  -1.24548861568476       -9.83900802762125       -10.3251826319264     
  -12.5181419103047       -21.4621735267881       -1.90724896589888     
  -8.70632781125210       -6.72286344896287       -9.63022255296212     
  -2.37789308829764        2.59122144046282       -13.9068185720226     
  -12.3219119047243       -5.43004438319614       -9.19867728904920     
  -10.0465176431881       -8.19007437650833       -12.4137844265268     
  -1.87570458988972       -5.91622490149778       -11.8654308264595     
  -2.91130852325139       -5.20633022379497       -5.37244238002940     
  0.000000000000000E+000  0.000000000000000E+000  0.000000000000000E+000
  0.000000000000000E+000  0.000000000000000E+000  0.000000000000000E+000
  0.000000000000000E+000  0.000000000000000E+000  0.000000000000000E+000
  0.000000000000000E+000  0.000000000000000E+000  0.000000000000000E+000
  -2.46278533773297       -3.96695095564934       -5.89808579888554     
  -5.64464421728226        14.3225260576323       -17.9286299608468     
  -2.06108498015438        10.9838787338016       -19.6596564011824     
   2.69391176708762        1.04254726565018       -13.8246924709305     
   4.73176552186006        10.4523439028288       -19.5708903646580     
  -4.18112976483003       -14.0956080116120       -6.76514554062392     
  -17.7745669916540       -30.8989658798952        6.64173063432190     
  -9.28600938999306       -9.86478238679458       -7.37646753722225     
   8.29223331966744        10.5506446890266       -20.5577755170953     
  0.110078622646213        3.27740890262788       -13.8040096692556     
   9.60479676304628        3.50632325404181       -18.8674374310448     
   15.6066302449008        2.69832098104825       -17.7420922858111     
  -2.03592426007713       -3.94036629243078       -5.83849913942575     
  0.000000000000000E+000  0.000000000000000E+000  0.000000000000000E+000
  0.000000000000000E+000  0.000000000000000E+000  0.000000000000000E+000
  0.000000000000000E+000  0.000000000000000E+000  0.000000000000000E+000
  0.000000000000000E+000  0.000000000000000E+000  0.000000000000000E+000
 -0.458498605968150       -2.26703304412835       -6.95645976569886     
  -5.67249065822470        19.5744374537715       -18.6911686270473     
 -0.471230939066256        31.2152230386041       -26.0399586960986     
   5.61638257502453        11.2829911894237       -16.3648353084189     
   9.81065927989537        27.7334260632082       -30.1937491750376     
   2.83165291964777        4.77365943439196       -19.3892607181093     
  -13.7306303966520       -24.0398861038510        3.16261367330156     
   2.59436582611201        4.31749617849921       -18.6635763630735     
   19.2627628935269        22.1616790326610       -29.8732887720390     
   7.45852847988221        10.6165781490422       -16.3466948672770     
   27.1762485501069        15.3264818845815       -25.5438257614143     
   20.4114077129472        5.31595495583490       -18.5794455508279     
  -1.73688109093785       -1.43817179465058       -6.85751240121584     
  0.000000000000000E+000  0.000000000000000E+000  0.000000000000000E+000
  0.000000000000000E+000  0.000000000000000E+000  0.000000000000000E+000
  0.000000000000000E+000  0.000000000000000E+000  0.000000000000000E+000
  0.000000000000000E+000  0.000000000000000E+000  0.000000000000000E+000
 -0.398149594334165      -0.782210131099478       -6.26455553600948     
  -1.93729770109701        6.53585319309764       -12.6640638763053     
   1.60716828650850        20.0911122082708       -21.9512695491070     
   7.37963140227828       -3.87061864482223       -2.32667499268999     
   10.6257285959056        33.0571514193980       -33.9028106972345     
   7.94683258256180        18.2811188248483       -32.7170610278056     
  -14.6929620914782       -25.5395024660497        12.2638395419230     
   11.5610695194485        15.6032856684710       -31.8409357872386     
   23.2998554120391        25.6155324795488       -33.4831073964291     
  -7.63269467670573        3.83596598081675       -1.63284127695528     
   16.1971104677251        11.2929745553509       -21.4292139063017     
   6.98545024766951        1.88782665039000       -12.4994466159740     
 -0.485292476108353      -0.706690794205482       -6.15753578834371     
  0.000000000000000E+000  0.000000000000000E+000  0.000000000000000E+000
  0.000000000000000E+000  0.000000000000000E+000  0.000000000000000E+000
  0.000000000000000E+000  0.000000000000000E+000  0.000000000000000E+000
  0.000000000000000E+000  0.000000000000000E+000  0.000000000000000E+000
 -0.944065071471883      -0.615986024225289       -5.97870864717775     
   1.26830681996078       -3.05661020282638       -6.90867466915970     
   2.60685363721298      -0.804286831316785       -7.57774161042340     
   7.29004121391079       -18.4681175391791        14.4575128332614     
   5.15753408828834        12.5064311179662       -15.5423806162863     
  -1.02497109722668       0.251482852824438       -9.82041614236492     
  -7.43211003147125       -12.5530365445909        3.40393121585368     
   1.02642930738400       4.997458572074056E-002  -10.6310694879389     
   9.40064610633006        11.9041381747680       -17.2980128899750     
  -19.5559535043377       -3.01413403118134        14.4107160038974     
  -2.48784221186803        1.56418702176346       -7.05015786667629     
  -3.30840583205145      -0.301603389843617       -6.67342597638004     
 -4.519645012853924E-002  -1.15565790093712       -5.90222359358840     
  0.000000000000000E+000  0.000000000000000E+000  0.000000000000000E+000
  0.000000000000000E+000  0.000000000000000E+000  0.000000000000000E+000
  0.000000000000000E+000  0.000000000000000E+000  0.000000000000000E+000
  0.000000000000000E+000  0.000000000000000E+000  0.000000000000000E+000
 -0.130831456666897       -1.07844709943624       -4.32119962442340     
  0.439769731082979       -3.80838879720851       -2.47333723343300     
   5.31098171426093       -11.7463111307711        4.27155825002488     
   8.56101315949181       -30.4719431752074        35.2905265934051     
 -0.888263018685590       -7.19438181412018        14.1383507617905     
  -3.95053067899417       -7.40433805875196        12.3569013908136     
  -6.02702724500511       -10.1949323544918        4.76602894435386     
  -4.58248014444153       -6.69601245082268        12.1493056692115     
  -5.72224996956131       -3.74511739853800        13.5826623035128     
  -30.8922476100785       -7.77300592939203        35.2139039257338     
  -12.8270429130251       -1.36344353775430        4.22722504914522     
  -3.58130653107162       -1.51426406986886       -2.20605725697127     
 -0.851088270837534      -0.659507599567171       -4.31907297014184     
  0.000000000000000E+000  0.000000000000000E+000  0.000000000000000E+000
  0.000000000000000E+000  0.000000000000000E+000  0.000000000000000E+000
  0.000000000000000E+000  0.000000000000000E+000  0.000000000000000E+000
  0.000000000000000E+000  0.000000000000000E+000  0.000000000000000E+000
 -0.349138285552792       -1.00521153566606       -2.10937488503946     
  0.592350755136686      -0.924913001625573       -1.34341672259468     
  -1.06654484766520       -3.34977140490981       0.858717368568121     
  -1.53517797594475       -10.8388322681413        11.0840797090454     
  -1.55365012671557       -2.49936874954033        4.68949212856825     
  -2.58846872471523        2.34752306638393       -4.11998602618803     
  -7.47752462579457       -12.7074202674131        20.4830486761035     
   2.90987675220174       -1.26456362722712       -3.14905289555528     
  -1.70323390742036       -2.39081132288322        4.94750927007519     
  -9.00296715555146       -6.66716450066369        11.2150320339866     
  -2.42914440531431       -2.60808765365288       0.725094546986048     
  -1.04477780568908       6.673826154558939E-002  -1.26380791176456     
 -0.709602415944510      -0.807869677234570       -2.08892318860147     
  0.000000000000000E+000  0.000000000000000E+000  0.000000000000000E+000
  0.000000000000000E+000  0.000000000000000E+000  0.000000000000000E+000
  0.000000000000000E+000  0.000000000000000E+000  0.000000000000000E+000
  0.000000000000000E+000  0.000000000000000E+000  0.000000000000000E+000
  0.000000000000000E+000  0.000000000000000E+000  0.000000000000000E+000
  0.000000000000000E+000  0.000000000000000E+000  0.000000000000000E+000
  0.000000000000000E+000  0.000000000000000E+000  0.000000000000000E+000
  0.000000000000000E+000  0.000000000000000E+000  0.000000000000000E+000
  0.000000000000000E+000  0.000000000000000E+000  0.000000000000000E+000
  0.000000000000000E+000  0.000000000000000E+000  0.000000000000000E+000
  0.000000000000000E+000  0.000000000000000E+000  0.000000000000000E+000
  0.000000000000000E+000  0.000000000000000E+000  0.000000000000000E+000
  0.000000000000000E+000  0.000000000000000E+000  0.000000000000000E+000
  0.000000000000000E+000  0.000000000000000E+000  0.000000000000000E+000
  0.000000000000000E+000  0.000000000000000E+000  0.000000000000000E+000
  0.000000000000000E+000  0.000000000000000E+000  0.000000000000000E+000
  0.000000000000000E+000  0.000000000000000E+000  0.000000000000000E+000
  0.000000000000000E+000  0.000000000000000E+000  0.000000000000000E+000
  0.000000000000000E+000  0.000000000000000E+000  0.000000000000000E+000
  0.000000000000000E+000  0.000000000000000E+000  0.000000000000000E+000
  0.000000000000000E+000  0.000000000000000E+000  0.000000000000000E+000
  0.000000000000000E+000  0.000000000000000E+000  0.000000000000000E+000
  0.000000000000000E+000  0.000000000000000E+000  0.000000000000000E+000
  0.000000000000000E+000  0.000000000000000E+000  0.000000000000000E+000
  0.000000000000000E+000  0.000000000000000E+000  0.000000000000000E+000
  0.000000000000000E+000  0.000000000000000E+000  0.000000000000000E+000
  0.000000000000000E+000  0.000000000000000E+000  0.000000000000000E+000
  0.000000000000000E+000  0.000000000000000E+000  0.000000000000000E+000
  0.000000000000000E+000  0.000000000000000E+000  0.000000000000000E+000
  0.000000000000000E+000  0.000000000000000E+000  0.000000000000000E+000
  0.000000000000000E+000  0.000000000000000E+000  0.000000000000000E+000
  0.000000000000000E+000  0.000000000000000E+000  0.000000000000000E+000
  0.000000000000000E+000  0.000000000000000E+000  0.000000000000000E+000
  0.000000000000000E+000  0.000000000000000E+000  0.000000000000000E+000
  0.000000000000000E+000  0.000000000000000E+000  0.000000000000000E+000
  0.000000000000000E+000  0.000000000000000E+000  0.000000000000000E+000
