         140  1.399999999999997E-002  1.399999999999997E-002
  0.000000000000000E+000  0.000000000000000E+000  0.000000000000000E+000
  0.000000000000000E+000  0.000000000000000E+000  0.000000000000000E+000
  3.428905458915379E-002  5.070251858166556E-002 -5.530078934246405E-002
  3.431559083389585E-002  8.822017777020649E-002 -7.773739980605665E-002
  4.626443743146944E-002  0.108545792669571      -0.105923912673351     
  5.190126999022739E-002  0.138069121540843      -0.122253161802536     
  5.948961967752885E-002  0.141878063221346      -0.135201074784130     
  6.569370203991017E-002  0.133855676779273      -0.141116644801304     
  7.275214675737991E-002  0.126055635513624      -0.143092840477368     
  8.302248168194298E-002  0.123814045342465      -0.141108356543905     
  9.308136000122516E-002  0.122467825375179      -0.135203556186172     
  9.364078972733125E-002  0.114033492637420      -0.122274967009202     
  7.092623713754892E-002  9.440491471445971E-002 -0.105965379961733     
  5.926731472006297E-002  7.385552415483257E-002 -7.777047260953898E-002
  2.680323923819562E-002  5.508839905902433E-002 -5.536528817793701E-002
  0.000000000000000E+000  0.000000000000000E+000  0.000000000000000E+000
  0.000000000000000E+000  0.000000000000000E+000  0.000000000000000E+000
  0.000000000000000E+000  0.000000000000000E+000  0.000000000000000E+000
  0.000000000000000E+000  0.000000000000000E+000  0.000000000000000E+000
  2.838978581916540E-002  4.585439191638229E-002 -4.791471136899685E-002
  3.214053561672663E-002  8.740509523430660E-002 -7.749224404905516E-002
  4.041549969734083E-002  0.110986114454444      -0.101312988900849     
  4.800781687683082E-002  0.133391332467969      -0.121003340847496     
  5.504288559720304E-002  0.136037407374058      -0.132064088496486     
  6.182463926094982E-002  0.126806161136369      -0.139293946505274     
  6.871647051352429E-002  0.119061652791644      -0.140468637504253     
  7.885549307138613E-002  0.116947203746613      -0.139294718350753     
  9.024941574255563E-002  0.115701550895603      -0.132068459665106     
  9.152037810664404E-002  0.108313060924481      -0.121024862913698     
  7.594557459738266E-002  9.054261320373681E-002 -0.101342539772934     
  5.964554151886752E-002  7.156166774261606E-002 -7.752510263843294E-002
  2.555022213269448E-002  4.754056733493396E-002 -4.796760760537235E-002
  0.000000000000000E+000  0.000000000000000E+000  0.000000000000000E+000
  0.000000000000000E+000  0.000000000000000E+000  0.000000000000000E+000
  0.000000000000000E+000  0.000000000000000E+000  0.000000000000000E+000
  0.000000000000000E+000  0.000000000000000E+000  0.000000000000000E+000
  2.075609137515235E-002  3.547768671667992E-002 -3.619549945618804E-002
  2.561845398870826E-002  8.660334045015924E-002 -7.246343716500062E-002
  3.179028091002247E-002  0.114490879095981      -9.605849748316968E-002
  3.914086912399823E-002  0.129806546702232      -0.115079968747363     
  4.650607074742012E-002  0.125836505243950      -0.127490871835368     
  5.279075271049359E-002  0.112905833698142      -0.133662692454964     
  5.973605866402881E-002  0.103503812791990      -0.135910258590361     
  7.133281049912575E-002  0.102184461312051      -0.133679966864328     
  8.567607706577215E-002  0.103209726640819      -0.127502650038308     
  9.283024558036573E-002  9.882622050200265E-002 -0.115092567404168     
  8.326428017943963E-002  8.480182943519782E-002 -9.607755221985301E-002
  6.220200332841172E-002  6.549532162076799E-002 -7.248061005930233E-002
  2.037315975431598E-002  3.571776894345917E-002 -3.622916795388942E-002
  0.000000000000000E+000  0.000000000000000E+000  0.000000000000000E+000
  0.000000000000000E+000  0.000000000000000E+000  0.000000000000000E+000
  0.000000000000000E+000  0.000000000000000E+000  0.000000000000000E+000
  0.000000000000000E+000  0.000000000000000E+000  0.000000000000000E+000
  2.108346797817536E-002  1.688430547002405E-002 -2.539434094207541E-002
  1.430749661921666E-002  8.228305952405736E-002 -6.204256081813433E-002
  2.312394374202918E-002  0.113261630053083      -8.745319574831019E-002
  2.712544973807521E-002  0.121150795623598      -0.107231398169655     
  3.422703828789105E-002  0.110215292005289      -0.118347047801212     
  3.949752207292086E-002  9.110726287187552E-002 -0.124101711706009     
  4.577122200715545E-002  7.930964299625162E-002 -0.125444297757469     
  5.909845683887462E-002  7.978659596387157E-002 -0.124143706542199     
  7.829282084409678E-002  8.477753451035272E-002 -0.118370179089642     
  9.134241281566972E-002  8.408664908572133E-002 -0.107240587889943     
  8.650165331031859E-002  7.666151078519000E-002 -8.745258925955310E-002
  6.409228782807394E-002  5.349839850549530E-002 -6.202618903925689E-002
  4.084041861426235E-003  2.669607229267946E-002 -2.542133226793262E-002
  0.000000000000000E+000  0.000000000000000E+000  0.000000000000000E+000
  0.000000000000000E+000  0.000000000000000E+000  0.000000000000000E+000
  0.000000000000000E+000  0.000000000000000E+000  0.000000000000000E+000
  0.000000000000000E+000  0.000000000000000E+000  0.000000000000000E+000
  1.217799517885337E-002 -5.302669969020242E-003 -1.421350090650559E-002
  1.392735905368767E-002  8.154530488557836E-002 -5.361866873751808E-002
  1.391990913829511E-002  0.103830134504736      -7.925199050886926E-002
  1.754815299181624E-002  0.107876292684858      -9.852524959031164E-002
  2.314263480889914E-002  9.163082348942957E-002 -0.108686709966971     
  2.730027498379913E-002  6.929098192523420E-002 -0.112678474390061     
  3.283252831514846E-002  5.689121849857064E-002 -0.113497541503111     
  4.632725523973275E-002  5.834496090666277E-002 -0.112746534394379     
  6.776312606852883E-002  6.590330958300883E-002 -0.108729515725475     
  8.464134942389498E-002  6.916484976102058E-002 -9.853621801390644E-002
  8.292175147724956E-002  6.395729841275043E-002 -7.923575269033209E-002
  6.362571611864899E-002  5.280323534067139E-002 -5.358342824028250E-002
 -1.069259914016458E-002  7.852490594664564E-003 -1.422651669891545E-002
  0.000000000000000E+000  0.000000000000000E+000  0.000000000000000E+000
  0.000000000000000E+000  0.000000000000000E+000  0.000000000000000E+000
  0.000000000000000E+000  0.000000000000000E+000  0.000000000000000E+000
  0.000000000000000E+000  0.000000000000000E+000  0.000000000000000E+000
  1.340485371305936E-002 -1.202993798310258E-002 -1.140056730831620E-002
  1.185936681307500E-002  7.709286705522696E-002 -4.567249966989823E-002
  7.066273764106164E-003  8.801564352269724E-002 -7.084196257223326E-002
  9.939417522120891E-003  9.143348778799502E-002 -8.857899829909216E-002
  1.287002647009795E-002  7.058366276635565E-002 -9.725846709561205E-002
  1.703795253532072E-002  4.950170217705912E-002 -9.960392775278161E-002
  2.133523779187387E-002  3.696802621159765E-002 -9.973233753947974E-002
  3.437312294822565E-002  3.960563638971847E-002 -9.971209050572767E-002
  5.470113441957906E-002  4.650593886198372E-002 -9.732791953580407E-002
  7.420915167024209E-002  5.435887062612475E-002 -8.859626856093862E-002
  7.263889379105858E-002  5.011957292053031E-002 -7.082063248377013E-002
  6.081614419276434E-002  4.878425269759749E-002 -4.562524613412650E-002
 -1.712888423193775E-002  5.571618153153631E-003 -1.143219841853781E-002
  0.000000000000000E+000  0.000000000000000E+000  0.000000000000000E+000
  0.000000000000000E+000  0.000000000000000E+000  0.000000000000000E+000
  0.000000000000000E+000  0.000000000000000E+000  0.000000000000000E+000
  0.000000000000000E+000  0.000000000000000E+000  0.000000000000000E+000
  1.264667861868840E-002 -6.126461138689816E-003 -8.218109532735931E-003
  9.467514874118678E-003  5.937069469527143E-002 -3.728025014595489E-002
  3.280219038210499E-003  7.295578408519388E-002 -6.068814975647004E-002
  2.760258055001282E-003  6.923251009366402E-002 -7.576131210701718E-002
  4.696892158352369E-003  5.120799247693697E-002 -8.272706205767501E-002
  8.231357693140843E-003  3.221531023316015E-002 -8.431712608572259E-002
  1.244742773834623E-002  2.156892480861032E-002 -8.392355158971081E-002
  2.387280397272623E-002  2.337115159574747E-002 -8.448262983330228E-002
  4.203515353525310E-002  2.975281840283659E-002 -8.282653482078607E-002
  5.854681951517901E-002  3.703991856859330E-002 -7.577968765007861E-002
  6.151896771243827E-002  3.931940824238325E-002 -6.066803737054757E-002
  4.662481223228699E-002  3.785309467218580E-002 -3.724609982481968E-002
 -1.158596906854830E-002  7.886211452121468E-003 -8.234496503432283E-003
  0.000000000000000E+000  0.000000000000000E+000  0.000000000000000E+000
  0.000000000000000E+000  0.000000000000000E+000  0.000000000000000E+000
  0.000000000000000E+000  0.000000000000000E+000  0.000000000000000E+000
  0.000000000000000E+000  0.000000000000000E+000  0.000000000000000E+000
  9.559295517326760E-003 -8.143707378737207E-003 -5.099794504533179E-003
  9.646382966987083E-003  4.389916459149470E-002 -2.852077138454764E-002
  3.584437652902271E-005  5.052189215351050E-002 -4.688145181610871E-002
 -1.700497302962277E-003  4.689744106858393E-002 -5.831939260539280E-002
 -1.353823300740222E-003  3.292554251906957E-002 -6.489460989854655E-002
  1.608538813286754E-003  1.902039910934718E-002 -6.684320144811018E-002
  6.056312013062433E-003  1.048399365888384E-002 -6.703064920120454E-002
  1.581654136096240E-002  1.105468689277376E-002 -6.708398577251058E-002
  2.921376800412042E-002  1.535659476837382E-002 -6.500396724032999E-002
  4.142577238503656E-002  2.201517975459096E-002 -5.832913747503770E-002
  4.370487372055142E-002  2.528957449261910E-002 -4.687553073816740E-002
  3.318010525020863E-002  3.026275473324709E-002 -2.845745338814169E-002
 -1.184772166122200E-002  4.236359057400624E-003 -5.193494773809973E-003
  0.000000000000000E+000  0.000000000000000E+000  0.000000000000000E+000
  0.000000000000000E+000  0.000000000000000E+000  0.000000000000000E+000
  0.000000000000000E+000  0.000000000000000E+000  0.000000000000000E+000
  0.000000000000000E+000  0.000000000000000E+000  0.000000000000000E+000
  5.575784645543681E-003 -6.943035537328873E-003 -4.414104588185825E-003
  7.721136489817371E-003  2.489661861712833E-002 -1.602774125223857E-002
 -9.583106821556137E-004  2.559735151034875E-002 -2.795077690298146E-002
 -3.067713221270342E-003  2.527104990458624E-002 -3.566808030199984E-002
 -4.508373211880447E-003  1.695520288242128E-002 -4.222763996128415E-002
 -2.715722349425088E-003  9.102343318328312E-003 -4.600405737370251E-002
  1.765013481673887E-003  3.024126269588061E-003 -4.773205544884965E-002
  9.380001571630636E-003  2.301898376045519E-003 -4.626145494920851E-002
  1.693799037185138E-002  4.611192990458015E-003 -4.229515930597458E-002
  2.334979900510072E-002  9.991460719383491E-003 -3.565771936162059E-002
  2.265925986890421E-002  1.199612249975896E-002 -2.797199370716548E-002
  1.766886952358651E-002  1.906899208038028E-002 -1.595172360367349E-002
 -8.794757887007279E-003  1.389264965400389E-003 -4.484620155201492E-003
  0.000000000000000E+000  0.000000000000000E+000  0.000000000000000E+000
  0.000000000000000E+000  0.000000000000000E+000  0.000000000000000E+000
  0.000000000000000E+000  0.000000000000000E+000  0.000000000000000E+000
  0.000000000000000E+000  0.000000000000000E+000  0.000000000000000E+000
  1.200969852710353E-003 -3.324364797492838E-003 -1.721906634794758E-003
  5.452110566099681E-003  5.464554580875595E-003 -4.474995425735022E-003
  9.622388120560512E-004  5.633054474371697E-003 -7.170944247771129E-003
  5.593472291122215E-004  7.569912802767441E-003 -1.172753589221937E-002
 -2.513570618151608E-003  5.249166384962808E-003 -1.470482870414121E-002
 -2.287741380912620E-003  2.787967671844141E-003 -1.947291460555522E-002
 -2.964715272845048E-004 -6.078856648147240E-004 -2.120191839066161E-002
  3.632286984639402E-003 -5.233060548653997E-004 -1.964510033582984E-002
  5.764099741988682E-003  4.851008573407827E-004 -1.471549343212548E-002
  6.253022076365556E-003  4.251337042438558E-003 -1.171305028404309E-002
  4.405012995443454E-003  3.661824305035076E-003 -7.164937062335325E-003
  2.013014842503441E-003  7.420627390065785E-003 -4.486591770972917E-003
 -3.484154606701850E-003 -6.040604464139492E-004 -1.689651250312525E-003
  0.000000000000000E+000  0.000000000000000E+000  0.000000000000000E+000
  0.000000000000000E+000  0.000000000000000E+000  0.000000000000000E+000
  0.000000000000000E+000  0.000000000000000E+000  0.000000000000000E+000
  0.000000000000000E+000  0.000000000000000E+000  0.000000000000000E+000
  0.000000000000000E+000  0.000000000000000E+000  0.000000000000000E+000
  0.000000000000000E+000  0.000000000000000E+000  0.000000000000000E+000
  0.000000000000000E+000  0.000000000000000E+000  0.000000000000000E+000
  0.000000000000000E+000  0.000000000000000E+000  0.000000000000000E+000
  0.000000000000000E+000  0.000000000000000E+000  0.000000000000000E+000
  0.000000000000000E+000  0.000000000000000E+000  0.000000000000000E+000
  0.000000000000000E+000  0.000000000000000E+000  0.000000000000000E+000
  0.000000000000000E+000  0.000000000000000E+000  0.000000000000000E+000
  0.000000000000000E+000  0.000000000000000E+000  0.000000000000000E+000
  0.000000000000000E+000  0.000000000000000E+000  0.000000000000000E+000
  0.000000000000000E+000  0.000000000000000E+000  0.000000000000000E+000
  0.000000000000000E+000  0.000000000000000E+000  0.000000000000000E+000
  0.000000000000000E+000  0.000000000000000E+000  0.000000000000000E+000
  0.000000000000000E+000  0.000000000000000E+000  0.000000000000000E+000
  0.000000000000000E+000  0.000000000000000E+000  0.000000000000000E+000
  0.000000000000000E+000  0.000000000000000E+000  0.000000000000000E+000
  0.000000000000000E+000  0.000000000000000E+000  0.000000000000000E+000
  0.000000000000000E+000  0.000000000000000E+000  0.000000000000000E+000
  0.000000000000000E+000  0.000000000000000E+000  0.000000000000000E+000
  0.000000000000000E+000  0.000000000000000E+000  0.000000000000000E+000
  0.000000000000000E+000  0.000000000000000E+000  0.000000000000000E+000
  0.000000000000000E+000  0.000000000000000E+000  0.000000000000000E+000
  0.000000000000000E+000  0.000000000000000E+000  0.000000000000000E+000
  0.000000000000000E+000  0.000000000000000E+000  0.000000000000000E+000
  0.000000000000000E+000  0.000000000000000E+000  0.000000000000000E+000
  0.000000000000000E+000  0.000000000000000E+000  0.000000000000000E+000
  0.000000000000000E+000  0.000000000000000E+000  0.000000000000000E+000
  0.000000000000000E+000  0.000000000000000E+000  0.000000000000000E+000
  0.000000000000000E+000  0.000000000000000E+000  0.000000000000000E+000
  0.000000000000000E+000  0.000000000000000E+000  0.000000000000000E+000
  0.000000000000000E+000  0.000000000000000E+000  0.000000000000000E+000
  0.000000000000000E+000  0.000000000000000E+000  0.000000000000000E+000
  0.000000000000000E+000  0.000000000000000E+000  0.000000000000000E+000
  0.000000000000000E+000  0.000000000000000E+000  0.000000000000000E+000
 -1.151345951812036E-002  3.211621480163571E-004  2.476826936299818E-002
 -1.532883920766848E-002  8.136115305041448E-004  3.599652625642379E-002
 -2.316218244953737E-002 -2.517098737068438E-003  5.697390448803127E-002
 -1.984341870085278E-002  4.162945198811287E-003  7.678492514005276E-002
 -7.448480480739900E-003  3.841676332598544E-002  8.836456520210353E-002
  3.705001901544613E-002  0.124050020133954       8.174187435908523E-002
  9.882142070907500E-002  0.171835105855087       7.606699242229638E-002
  8.688078263941129E-002  9.246219790298131E-002  8.274310059505605E-002
  3.691637500483436E-002  1.288384552877906E-002  8.905926505244348E-002
  1.489132734673097E-002 -1.436471740852849E-002  7.720804027451217E-002
  1.012218065251247E-002 -2.108002524600016E-002  5.739548621057838E-002
  8.776249798075193E-003 -1.292643105550316E-002  3.615025545828774E-002
  5.003683951235950E-003 -1.041327783526541E-002  2.493218090884174E-002
  0.000000000000000E+000  0.000000000000000E+000  0.000000000000000E+000
  0.000000000000000E+000  0.000000000000000E+000  0.000000000000000E+000
  0.000000000000000E+000  0.000000000000000E+000  0.000000000000000E+000
  0.000000000000000E+000  0.000000000000000E+000  0.000000000000000E+000
 -8.263150347033241E-003  8.895628695150108E-004  2.087229642826975E-002
 -1.440962824527740E-002  7.041654978125390E-003  3.376009463037179E-002
 -1.752387955282563E-002  5.715722731040165E-003  5.252041118329913E-002
 -1.386822610058526E-002  7.938469587633019E-003  7.540522783783772E-002
 -3.404836227815119E-003  2.462550417484126E-002  9.191836108109930E-002
  2.482628484238427E-002  8.069975346915652E-002  9.268292731255916E-002
  6.360583651363572E-002  0.110610890539898       8.927942610370200E-002
  5.592772885786294E-002  6.054573742714833E-002  9.363354145507707E-002
  2.278713390706732E-002  9.310101043672105E-003  9.267981086774739E-002
  1.482642463053196E-002 -7.453712297430862E-003  7.590019027572067E-002
  1.429329242238016E-002 -1.212397660831851E-002  5.291443843722576E-002
  1.330876273573179E-002 -9.136460111424671E-003  3.394649043110420E-002
  4.026698033539000E-003 -7.246562383131308E-003  2.099264528904784E-002
  0.000000000000000E+000  0.000000000000000E+000  0.000000000000000E+000
  0.000000000000000E+000  0.000000000000000E+000  0.000000000000000E+000
  0.000000000000000E+000  0.000000000000000E+000  0.000000000000000E+000
  0.000000000000000E+000  0.000000000000000E+000  0.000000000000000E+000
 -5.315131744963242E-003  1.642228868242912E-003  1.573044186082015E-002
 -1.120591109594987E-002  1.807912945849586E-002  2.746346182352893E-002
 -1.267147738741577E-002  2.542190203867351E-002  4.665413006722221E-002
 -9.170736715398252E-003  1.560098411697180E-002  7.161907025291167E-002
 -8.480866954429293E-003 -5.448518086868439E-003  9.829684059955815E-002
 -6.749083975928901E-003 -3.246763914690992E-003  0.110713554835286     
  2.265676119621092E-003  4.138864663923264E-003  0.113368142854132     
 -7.374816407472441E-004 -8.687423846837516E-003  0.111602945920006     
 -1.025834560608847E-003 -1.038345624615286E-002  9.913126444423899E-002
  1.873359695542745E-002  2.755524900917161E-004  7.213881295866297E-002
  2.845540563147557E-002  1.756516709227412E-003  4.702641301403332E-002
  2.061592922940434E-002 -1.056459071099920E-003  2.770321907236200E-002
  3.470016604011167E-003 -4.174348719852557E-003  1.577684718922807E-002
  0.000000000000000E+000  0.000000000000000E+000  0.000000000000000E+000
  0.000000000000000E+000  0.000000000000000E+000  0.000000000000000E+000
  0.000000000000000E+000  0.000000000000000E+000  0.000000000000000E+000
  0.000000000000000E+000  0.000000000000000E+000  0.000000000000000E+000
 -2.028959576133305E-003  1.550620111136533E-003  1.112447204943751E-002
 -1.000888323592039E-002  2.849871731242941E-002  1.980628249122519E-002
 -1.208666979913079E-002  4.036140248412987E-002  3.774727783486242E-002
 -1.381073761665344E-002  1.190399777665884E-002  6.605249431286418E-002
 -2.696704027855924E-002 -5.997945361338049E-002  0.106925354928658     
 -5.656869282227666E-002 -0.125614708181613       0.143076307841762     
 -8.217316337934251E-002 -0.142274449095145       0.156112902574706     
 -8.149496450276715E-002 -0.112711220470713       0.143790546003327     
 -3.948215996066728E-002 -5.395706773549099E-002  0.107771536889114     
  1.698172395428416E-002 -5.926786354173319E-003  6.659420821063673E-002
  4.043343783666525E-002  9.526176170033495E-003  3.812259816818054E-002
  2.859841252813219E-002  5.195995943626274E-003  2.003483820144595E-002
  2.121986659574136E-003 -1.257012329588559E-003  1.111744299919724E-002
  0.000000000000000E+000  0.000000000000000E+000  0.000000000000000E+000
  0.000000000000000E+000  0.000000000000000E+000  0.000000000000000E+000
  0.000000000000000E+000  0.000000000000000E+000  0.000000000000000E+000
  0.000000000000000E+000  0.000000000000000E+000  0.000000000000000E+000
  1.234675404209916E-005  7.204865828467563E-004  8.235427351938175E-003
 -9.048081167284049E-003  3.099097624438816E-002  1.503422194559513E-002
 -1.288919126194507E-002  3.304209730548353E-002  3.083793527641310E-002
 -1.838750502313861E-002 -7.455089648059063E-003  6.107194555347345E-002
 -3.416447381082385E-002 -7.703916389073955E-002  0.105493358979403     
 -6.508807923117704E-002 -0.145071210613878       0.151403629821547     
 -9.469271107925056E-002 -0.164113655095083       0.170359153975614     
 -9.307396098555851E-002 -0.128778680140324       0.151561741067959     
 -4.990514576388972E-002 -6.795587533598701E-002  0.105876240146363     
  2.463100765088976E-003 -1.936397351412032E-002  6.143391896794528E-002
  3.444431518140385E-002  5.360085527133515E-003  3.113736270502650E-002
  3.037767045459010E-002  7.342693404035984E-003  1.516980881321692E-002
  6.001296091210650E-004  3.288827373887614E-004  8.140712673398073E-003
  0.000000000000000E+000  0.000000000000000E+000  0.000000000000000E+000
  0.000000000000000E+000  0.000000000000000E+000  0.000000000000000E+000
  0.000000000000000E+000  0.000000000000000E+000  0.000000000000000E+000
  0.000000000000000E+000  0.000000000000000E+000  0.000000000000000E+000
  3.117990761295504E-004  1.065276206575056E-003  6.206292240477252E-003
 -7.375791288459077E-003  2.629884681439833E-002  1.162687184358840E-002
 -1.254313383710980E-002  1.686537348327313E-002  2.570130967092930E-002
 -1.746169194769928E-002 -9.802439979288334E-003  5.067657747084806E-002
 -2.464480091747585E-002 -2.772515293515669E-002  7.461328589975759E-002
 -3.614276825762434E-002 -7.411047936568460E-002  0.117180259482314     
 -5.744223274475028E-002 -9.959153117276531E-002  0.144434742758695     
 -4.544074934198873E-002 -6.771198851191534E-002  0.116713349853791     
 -1.120389809024679E-002 -3.449174395046849E-002  7.440857097419976E-002
  1.286835304991135E-004 -1.948343964405688E-002  5.081365561857390E-002
  2.076374003579423E-002 -2.060731862695473E-003  2.582018316278011E-002
  2.585806734173737E-002  6.602233532796951E-003  1.159184579110274E-002
  8.202658657948005E-004  8.522992194279117E-004  6.214348168703407E-003
  0.000000000000000E+000  0.000000000000000E+000  0.000000000000000E+000
  0.000000000000000E+000  0.000000000000000E+000  0.000000000000000E+000
  0.000000000000000E+000  0.000000000000000E+000  0.000000000000000E+000
  0.000000000000000E+000  0.000000000000000E+000  0.000000000000000E+000
  2.470415764620390E-004  3.747024290512944E-004  5.134120221439080E-003
 -5.417573426767900E-003  1.769469406256649E-002  8.887137257527725E-003
 -1.085314284542664E-002  7.945198514685241E-003  1.966037493161563E-002
 -1.085108428936675E-002 -9.118668332727894E-003  3.855001199740904E-002
 -1.286788982253191E-002 -1.516523926731893E-003  4.261958514350642E-002
 -1.435430574018371E-002 -3.358067897603113E-002  8.027049693568607E-002
 -3.435405234951631E-002 -5.968986769613804E-002  0.117059143561120     
 -2.209327584816550E-002 -2.976816986715078E-002  8.048741598278676E-002
  4.763083498801181E-003 -1.196524659759293E-002  4.285857452322610E-002
 -3.302217641865500E-003 -1.378483200985991E-002  3.907812183322382E-002
  1.219062756820718E-002 -4.964651201540004E-003  1.970730074327193E-002
  1.814547775977528E-002  4.199472829524735E-003  8.745970588088608E-003
  5.259472065966713E-005  4.566117899640271E-004  5.139888090369756E-003
  0.000000000000000E+000  0.000000000000000E+000  0.000000000000000E+000
  0.000000000000000E+000  0.000000000000000E+000  0.000000000000000E+000
  0.000000000000000E+000  0.000000000000000E+000  0.000000000000000E+000
  0.000000000000000E+000  0.000000000000000E+000  0.000000000000000E+000
  1.341937660877097E-005 -7.858413466436727E-005  2.592526189598870E-003
 -3.631170105030028E-003  1.068487906468447E-002  7.471234511095048E-003
 -8.006509964883696E-003  1.205318114458009E-003  1.298116594784238E-002
  3.893356601254172E-003 -3.289940309722819E-002  4.487106095078253E-002
  4.321115332830131E-004 -1.708744461716295E-002  3.881211280579618E-002
  9.882320190723629E-005 -1.210367622981559E-002  4.538720650221192E-002
 -1.365506125838563E-002 -2.402541779832255E-002  7.863518649861051E-002
 -1.109356662111497E-002 -6.982177736226223E-003  4.637203211405873E-002
 -1.541751662126881E-002 -8.558960712807543E-003  3.926007629625558E-002
 -3.175189536232388E-002 -1.330884650474506E-002  4.596870557021512E-002
  4.556962060978633E-003 -6.064291574614761E-003  1.341781552665111E-002
  1.128951168493629E-002  2.345019445387672E-003  7.007048763754875E-003
  7.038385689721142E-005  4.056736038539626E-005  3.077801530955200E-003
  0.000000000000000E+000  0.000000000000000E+000  0.000000000000000E+000
  0.000000000000000E+000  0.000000000000000E+000  0.000000000000000E+000
  0.000000000000000E+000  0.000000000000000E+000  0.000000000000000E+000
  0.000000000000000E+000  0.000000000000000E+000  0.000000000000000E+000
 -3.081377541834618E-004  8.030122489232082E-004  2.371461622920493E-003
 -2.188255222725987E-003  5.101281653925218E-003  4.066800734723913E-003
 -3.077059727281894E-003 -6.776013185330159E-003  1.069294580151438E-002
  1.676642093486353E-002 -4.216853655087383E-002  5.214198134293952E-002
  7.265549401894979E-003 -1.196543373469085E-002  2.837247639086773E-002
  2.532797424535686E-003  1.178019109339905E-002 -1.471838190705748E-002
  4.008468604848699E-003  6.790437634811086E-003  8.902646391792915E-004
  9.256594124657002E-003  7.686382684117405E-003 -1.547360314605782E-002
 -1.334264487863358E-002  5.365199096057191E-005  2.751164325996972E-002
 -4.535591398744005E-002 -6.762304924333710E-003  5.298288250924542E-002
 -4.936721562973186E-003 -6.003150215279778E-003  1.130833763585275E-002
  5.620854514016582E-003  7.501013610550226E-004  3.686401635538721E-003
  9.323025610384662E-004  2.780495413461826E-004  2.749222627935232E-003
  0.000000000000000E+000  0.000000000000000E+000  0.000000000000000E+000
  0.000000000000000E+000  0.000000000000000E+000  0.000000000000000E+000
  0.000000000000000E+000  0.000000000000000E+000  0.000000000000000E+000
  0.000000000000000E+000  0.000000000000000E+000  0.000000000000000E+000
  9.755035119788069E-005  1.230760304336634E-003  1.895364771611051E-003
 -1.462072366740269E-003  1.607325832212850E-003  1.492486248640839E-003
 -1.706279338858533E-003 -4.371315282971680E-003  5.368115796367448E-003
  7.568566505125458E-003 -1.623603182060044E-002  2.284061962778749E-002
  7.149886791496782E-003 -2.756322965569351E-003  1.542163043644240E-003
  1.378796842089117E-004  3.408454908810360E-003 -3.324973282034125E-002
  1.544831589238457E-003  2.530585653092545E-003 -2.970341780617226E-002
  3.169016473990556E-003  1.461861331280473E-003 -3.495794300445176E-002
 -5.518574841345608E-003  4.552762401172879E-003  6.722966166720408E-004
 -1.772080166333612E-002 -1.633773250289361E-003  2.307696546510917E-002
 -3.048325917102797E-003 -3.754515789709532E-003  5.550846398574668E-003
  2.135412821039383E-003 -3.562408932520506E-004  1.576250315823999E-003
  9.502785944463632E-004  6.536208900273326E-004  1.729981791815211E-003
  0.000000000000000E+000  0.000000000000000E+000  0.000000000000000E+000
  0.000000000000000E+000  0.000000000000000E+000  0.000000000000000E+000
  0.000000000000000E+000  0.000000000000000E+000  0.000000000000000E+000
  0.000000000000000E+000  0.000000000000000E+000  0.000000000000000E+000
  0.000000000000000E+000  0.000000000000000E+000  0.000000000000000E+000
  0.000000000000000E+000  0.000000000000000E+000  0.000000000000000E+000
  0.000000000000000E+000  0.000000000000000E+000  0.000000000000000E+000
  0.000000000000000E+000  0.000000000000000E+000  0.000000000000000E+000
  0.000000000000000E+000  0.000000000000000E+000  0.000000000000000E+000
  0.000000000000000E+000  0.000000000000000E+000  0.000000000000000E+000
  0.000000000000000E+000  0.000000000000000E+000  0.000000000000000E+000
  0.000000000000000E+000  0.000000000000000E+000  0.000000000000000E+000
  0.000000000000000E+000  0.000000000000000E+000  0.000000000000000E+000
  0.000000000000000E+000  0.000000000000000E+000  0.000000000000000E+000
  0.000000000000000E+000  0.000000000000000E+000  0.000000000000000E+000
  0.000000000000000E+000  0.000000000000000E+000  0.000000000000000E+000
  0.000000000000000E+000  0.000000000000000E+000  0.000000000000000E+000
  0.000000000000000E+000  0.000000000000000E+000  0.000000000000000E+000
  0.000000000000000E+000  0.000000000000000E+000  0.000000000000000E+000
  0.000000000000000E+000  0.000000000000000E+000  0.000000000000000E+000
  0.000000000000000E+000  0.000000000000000E+000  0.000000000000000E+000
  0.000000000000000E+000  0.000000000000000E+000  0.000000000000000E+000
  0.000000000000000E+000  0.000000000000000E+000  0.000000000000000E+000
  0.000000000000000E+000  0.000000000000000E+000  0.000000000000000E+000
  0.000000000000000E+000  0.000000000000000E+000  0.000000000000000E+000
  0.000000000000000E+000  0.000000000000000E+000  0.000000000000000E+000
  0.000000000000000E+000  0.000000000000000E+000  0.000000000000000E+000
  0.000000000000000E+000  0.000000000000000E+000  0.000000000000000E+000
  0.000000000000000E+000  0.000000000000000E+000  0.000000000000000E+000
  0.000000000000000E+000  0.000000000000000E+000  0.000000000000000E+000
  0.000000000000000E+000  0.000000000000000E+000  0.000000000000000E+000
  0.000000000000000E+000  0.000000000000000E+000  0.000000000000000E+000
  0.000000000000000E+000  0.000000000000000E+000  0.000000000000000E+000
  0.000000000000000E+000  0.000000000000000E+000  0.000000000000000E+000
  0.000000000000000E+000  0.000000000000000E+000  0.000000000000000E+000
  0.000000000000000E+000  0.000000000000000E+000  0.000000000000000E+000
  0.000000000000000E+000  0.000000000000000E+000  0.000000000000000E+000
  0.000000000000000E+000  0.000000000000000E+000  0.000000000000000E+000
   17.0761962550106        337.705002033842       -288.791649047118     
  -112.919775930381       -4.15711979563745       -413.676476051264     
  -240.081470242372        28.8215933572133       -503.181298835332     
  -249.137460485905       -275.903041750712       -403.771888201945     
  -324.762321886957       -1022.96554012565       -281.923428567528     
  -133.723661231269       -220.518510342326       -507.787766676713     
   325.990245837633        565.100457597867       -749.862069733142     
  -124.278739123037       -225.445911722702       -510.365179728996     
  -727.228061532425       -795.384791936161       -285.246380993100     
  -118.084087657464       -355.743708254384       -407.581763884708     
   149.092552214092       -190.673068425371       -508.284005593050     
   52.1233865161946       -100.964553441584       -417.774430062097     
   269.244665278163        177.053467075794       -291.508351790043     
  0.000000000000000E+000  0.000000000000000E+000  0.000000000000000E+000
  0.000000000000000E+000  0.000000000000000E+000  0.000000000000000E+000
  0.000000000000000E+000  0.000000000000000E+000  0.000000000000000E+000
  0.000000000000000E+000  0.000000000000000E+000  0.000000000000000E+000
  -9.84461869121099        287.424445713090       -249.083240603984     
  -147.605592481100        141.870479495062       -445.958801255777     
  -237.179891809297        147.767238077502       -508.956453659149     
  -238.284542376608       -92.2376030837017       -444.689813842413     
  -252.473070280256       -571.075104966084       -328.227863235764     
  -84.1088449927101        12.1097789694855       -530.984991661565     
   316.860434965239        550.207664227850       -742.499409214237     
   51.7391306956425       -66.0029662524050       -533.591828339483     
  -372.242063828850       -506.485464650655       -331.517146552582     
   35.2216856330287       -254.379943953171       -448.663348320689     
   248.243251110634       -130.491407428065       -513.722432348466     
   192.801589060748       -58.9271890524075       -449.721695610763     
   241.633967487276        128.868306402906       -251.736021832488     
  0.000000000000000E+000  0.000000000000000E+000  0.000000000000000E+000
  0.000000000000000E+000  0.000000000000000E+000  0.000000000000000E+000
  0.000000000000000E+000  0.000000000000000E+000  0.000000000000000E+000
  0.000000000000000E+000  0.000000000000000E+000  0.000000000000000E+000
  -34.2055018253782        190.488079892695       -196.885335185893     
  -201.922052465983        382.647271748091       -474.178741828976     
  -237.857747701284        472.935121549595       -544.266579069480     
  -193.803973025980        359.682719126458       -501.540226927625     
  -134.863702134188        140.472664023015       -416.116560072590     
   60.9524004762913        501.686036388552       -570.711726394072     
   476.301111414014        828.067404163628       -740.296795235439     
   402.345646773454        305.322157183137       -573.218994170695     
   183.699352081719       -48.9915357010897       -419.150019418770     
   402.630780257811        9.16024982853348       -505.016706094329     
   524.838576753377        28.5887670077695       -548.518458918249     
   423.908242889813        12.1889029914986       -476.824035545595     
   173.841240628177        60.5479678438614       -199.599890342875     
  0.000000000000000E+000  0.000000000000000E+000  0.000000000000000E+000
  0.000000000000000E+000  0.000000000000000E+000  0.000000000000000E+000
  0.000000000000000E+000  0.000000000000000E+000  0.000000000000000E+000
  0.000000000000000E+000  0.000000000000000E+000  0.000000000000000E+000
  -2.08515786402090        61.8266465219628       -158.877635717542     
  -234.392422244416        477.478132419056       -459.231196904056     
  -221.940681761311        614.089176800942       -571.150686144886     
  -158.898266636397        642.282212514736       -567.407013057026     
  -73.5475445466752        471.119398040137       -475.722377854322     
   28.4566439060059        427.432433504209       -482.266172441740     
   264.781859164543        463.085302866039       -557.976515799892     
   357.656450970652        245.819111520830       -485.793755116046     
   443.412797590512        173.644409708375       -478.485118256166     
   636.800371510914        185.562771169044       -571.478216897117     
   641.669860917576        113.936826230507       -575.189160054042     
   521.256123231670        31.6675497169628       -461.134443175540     
   51.2992219821228        25.0817375691169       -162.366456983526     
  0.000000000000000E+000  0.000000000000000E+000  0.000000000000000E+000
  0.000000000000000E+000  0.000000000000000E+000  0.000000000000000E+000
  0.000000000000000E+000  0.000000000000000E+000  0.000000000000000E+000
  0.000000000000000E+000  0.000000000000000E+000  0.000000000000000E+000
  -5.53198717492221       -16.9555350344633       -123.048808386517     
  -185.033065258011        363.789428081920       -402.487251214660     
  -155.428090419526        284.486473326598       -514.767802794035     
  -118.243434087591        251.581195301227       -507.786789306609     
  -124.151201159513        89.2956284334967       -411.851797174890     
  -315.291976212996       -587.143906679042       -122.725995872042     
  -586.228759186651       -1011.13039285909        40.8842350950626     
  -346.934589956558       -556.680666955228       -127.106290458357     
   142.721232045407       -56.9022900777321       -414.726120711542     
   284.526484876218        30.0967805502250       -513.533368695802     
   330.526973825754        10.7851487742960       -519.870062162257     
   401.512639564799        18.7244989098142       -405.084105782045     
  -11.9190638400449       -14.9792832464640       -127.311594783016     
  0.000000000000000E+000  0.000000000000000E+000  0.000000000000000E+000
  0.000000000000000E+000  0.000000000000000E+000  0.000000000000000E+000
  0.000000000000000E+000  0.000000000000000E+000  0.000000000000000E+000
  0.000000000000000E+000  0.000000000000000E+000  0.000000000000000E+000
  -24.7707917806869       -34.4665282309706       -109.106745411366     
  -106.531414353043        171.900416032880       -338.746540830663     
  -49.7579253133212       -154.711284893762       -382.497962300130     
  -47.5944335427063        7.54847579790338       -467.178122696342     
  -94.3302107700869        228.115315367523       -591.728646275865     
  -268.311185695248       -596.219783514134       -138.043155023592     
  -713.833988458648       -1234.35357511018        311.744926101144     
  -392.260503558231       -537.470563456758       -131.754781447052     
   242.177095575150        34.7268833274352       -591.281510047200     
   30.9103617514873       -34.0144175001145       -470.240617973951     
  -102.462514346104       -115.084181134916       -388.430851901920     
   201.477782742723       -7.26684724900341       -341.799049549948     
  -17.2001121352170       -39.7270662341932       -114.407173950608     
  0.000000000000000E+000  0.000000000000000E+000  0.000000000000000E+000
  0.000000000000000E+000  0.000000000000000E+000  0.000000000000000E+000
  0.000000000000000E+000  0.000000000000000E+000  0.000000000000000E+000
  0.000000000000000E+000  0.000000000000000E+000  0.000000000000000E+000
  -30.8468033030920       -23.8204947938761       -94.1228602066926     
  -45.4300864644245       -15.3496193676613       -252.511557324754     
   40.9969294853745       -327.877843325368       -264.828107138903     
   3.60279006406663        91.6610371250040       -540.015503725849     
  -60.2534509619602        615.338524705593       -992.521491972673     
  -20.6818290714050        232.561577522863       -781.878744769129     
  -114.891546389370       -199.498653993894       -384.573223392751     
   197.569205422506        84.9973916636990       -766.621382125441     
   559.115432243954        255.120721283188       -991.387303801067     
   69.5385287241246        49.0130866880681       -537.949360194813     
  -300.096846374347       -124.172160930180       -269.698597224016     
   9.79102808823486       -44.4679056360086       -257.601160709302     
  -4.25368222084077       -40.1860213603847       -98.4528157673258     
  0.000000000000000E+000  0.000000000000000E+000  0.000000000000000E+000
  0.000000000000000E+000  0.000000000000000E+000  0.000000000000000E+000
  0.000000000000000E+000  0.000000000000000E+000  0.000000000000000E+000
  0.000000000000000E+000  0.000000000000000E+000  0.000000000000000E+000
  -26.0817336128702        1.17132211594143       -58.1054714713774     
  -8.51210275317323       -103.681656660443       -191.360707232932     
   84.8949697403626       -280.895361598540       -189.634071944054     
   40.2643477081680        110.198885573946       -546.736492326062     
  -63.1838348603766        538.518540220879       -1077.34205092788     
   3.83590928429021        301.661530456111       -968.866344583963     
  -8.11619204387007       -14.2708221228054       -598.163433066731     
   259.820328606729        151.838621065954       -967.963712831786     
   506.397780936380        216.586790014678       -1088.80575450526     
   70.2563104396942        90.0095043423767       -543.195751655140     
  -282.728926596727       -64.0720803763676       -195.923666670651     
  -81.6812778802998       -55.9658346845334       -191.677376395887     
   8.80064387936753       -23.1340676097923       -70.3264641096320     
  0.000000000000000E+000  0.000000000000000E+000  0.000000000000000E+000
  0.000000000000000E+000  0.000000000000000E+000  0.000000000000000E+000
  0.000000000000000E+000  0.000000000000000E+000  0.000000000000000E+000
  0.000000000000000E+000  0.000000000000000E+000  0.000000000000000E+000
  -12.3409696330804       -1.71344416653993       -60.3027641349136     
 -0.649795618372826       -93.7182054603236       -99.0627419214566     
   77.1718889718428       -162.030923303681       -138.334894072639     
   48.2616169403294        42.2700859988740       -365.006331309957     
  -90.8591553249723        301.155878545827       -836.326087208294     
  -27.1725998186583        66.3322203164493       -636.330633968641     
  -74.5395516835313       -130.036934335449       -136.824061816894     
   73.2421321329699        8.51452444208853       -639.409544041057     
   319.321011985911        72.3235001959185       -856.753369980908     
   11.7473197950181        62.8114488725830       -363.031741709074     
  -176.086645419996       -13.5099593301657       -143.152140385986     
  -77.6258199512147       -43.5114206371423       -97.8454448893229     
  0.724698207613976       -14.7128124546500       -69.9196649095671     
  0.000000000000000E+000  0.000000000000000E+000  0.000000000000000E+000
  0.000000000000000E+000  0.000000000000000E+000  0.000000000000000E+000
  0.000000000000000E+000  0.000000000000000E+000  0.000000000000000E+000
  0.000000000000000E+000  0.000000000000000E+000  0.000000000000000E+000
  -8.30391248315475       -17.1788808464485       -50.5716279739052     
   8.35726476112663       -41.7548814066443       -44.1664658711888     
   44.8097613628864       -72.6300813760677       -86.0674635504604     
   62.0865019103665       -22.3078117865288       -143.006065251832     
  -32.1183731371358        75.5975292047617       -362.640129488935     
  -64.5598572733234        8.11828248805954       -263.197630649880     
  -22.5796700133246       -40.1841632030560        17.2979934167313     
   41.1100672302604       -52.4855775165111       -257.481251377695     
   84.7403487170259        9.42886266798550       -372.414753156638     
  -49.6131346659422        42.0559337943558       -142.352385032836     
  -84.2095183355186        2.83067092364386       -84.9406464380494     
  -40.6811562291744       -12.9970643553464       -46.6720480311457     
  -10.2221345791612       -15.5166778055564       -48.7929405382453     
  0.000000000000000E+000  0.000000000000000E+000  0.000000000000000E+000
  0.000000000000000E+000  0.000000000000000E+000  0.000000000000000E+000
  0.000000000000000E+000  0.000000000000000E+000  0.000000000000000E+000
  0.000000000000000E+000  0.000000000000000E+000  0.000000000000000E+000
  0.000000000000000E+000  0.000000000000000E+000  0.000000000000000E+000
  0.000000000000000E+000  0.000000000000000E+000  0.000000000000000E+000
  0.000000000000000E+000  0.000000000000000E+000  0.000000000000000E+000
  0.000000000000000E+000  0.000000000000000E+000  0.000000000000000E+000
  0.000000000000000E+000  0.000000000000000E+000  0.000000000000000E+000
  0.000000000000000E+000  0.000000000000000E+000  0.000000000000000E+000
  0.000000000000000E+000  0.000000000000000E+000  0.000000000000000E+000
  0.000000000000000E+000  0.000000000000000E+000  0.000000000000000E+000
  0.000000000000000E+000  0.000000000000000E+000  0.000000000000000E+000
  0.000000000000000E+000  0.000000000000000E+000  0.000000000000000E+000
  0.000000000000000E+000  0.000000000000000E+000  0.000000000000000E+000
  0.000000000000000E+000  0.000000000000000E+000  0.000000000000000E+000
  0.000000000000000E+000  0.000000000000000E+000  0.000000000000000E+000
  0.000000000000000E+000  0.000000000000000E+000  0.000000000000000E+000
  0.000000000000000E+000  0.000000000000000E+000  0.000000000000000E+000
  0.000000000000000E+000  0.000000000000000E+000  0.000000000000000E+000
  0.000000000000000E+000  0.000000000000000E+000  0.000000000000000E+000
  0.000000000000000E+000  0.000000000000000E+000  0.000000000000000E+000
  0.000000000000000E+000  0.000000000000000E+000  0.000000000000000E+000
  0.000000000000000E+000  0.000000000000000E+000  0.000000000000000E+000
  0.000000000000000E+000  0.000000000000000E+000  0.000000000000000E+000
  0.000000000000000E+000  0.000000000000000E+000  0.000000000000000E+000
  0.000000000000000E+000  0.000000000000000E+000  0.000000000000000E+000
  0.000000000000000E+000  0.000000000000000E+000  0.000000000000000E+000
  0.000000000000000E+000  0.000000000000000E+000  0.000000000000000E+000
  0.000000000000000E+000  0.000000000000000E+000  0.000000000000000E+000
  0.000000000000000E+000  0.000000000000000E+000  0.000000000000000E+000
  0.000000000000000E+000  0.000000000000000E+000  0.000000000000000E+000
  0.000000000000000E+000  0.000000000000000E+000  0.000000000000000E+000
  0.000000000000000E+000  0.000000000000000E+000  0.000000000000000E+000
  0.000000000000000E+000  0.000000000000000E+000  0.000000000000000E+000
  0.000000000000000E+000  0.000000000000000E+000  0.000000000000000E+000
