         140  1.399999999999997E-002  1.399999999999997E-002
  0.000000000000000E+000  0.000000000000000E+000  0.000000000000000E+000
  0.000000000000000E+000  0.000000000000000E+000  0.000000000000000E+000
  4.664749377367860E-002  6.093086691744166E-002 -6.480145692450848E-002
  5.010566568217136E-002  8.715341057988434E-002 -8.823767524822503E-002
  6.693430869066759E-002  0.108859831606777      -0.120464500619172     
  7.411668290315233E-002  0.138735273244448      -0.138753799872139     
  8.376870898247341E-002  0.164754172835139      -0.156545904576467     
  9.351028508904125E-002  0.175435953754709      -0.168394360502180     
  0.101296167091413       0.175512743730212      -0.172683481789557     
  0.105104994325329       0.168711716982797      -0.168378786974130     
  0.100778224670229       0.154980199161087      -0.156541883850950     
  8.313196760223332E-002  0.133649206266566      -0.138762964022503     
  6.086748355946321E-002  0.112498264890234      -0.120481068627857     
  5.045421743592885E-002  8.704168301929750E-002 -8.825330881688341E-002
  2.950321926801816E-002  7.094694382766632E-002 -6.479542693008614E-002
  0.000000000000000E+000  0.000000000000000E+000  0.000000000000000E+000
  0.000000000000000E+000  0.000000000000000E+000  0.000000000000000E+000
  0.000000000000000E+000  0.000000000000000E+000  0.000000000000000E+000
  0.000000000000000E+000  0.000000000000000E+000  0.000000000000000E+000
  3.678341883181109E-002  5.576285462106078E-002 -5.564449927901332E-002
  4.784998507709504E-002  9.015793000519547E-002 -8.913185504863443E-002
  5.805815807572109E-002  0.113126597390144      -0.114596547584664     
  6.882425900268500E-002  0.138901955050695      -0.138091565319347     
  7.679334887975392E-002  0.158479187625934      -0.153112092622139     
  8.692269284582954E-002  0.165821684092334      -0.166503442679415     
  9.480606082530231E-002  0.164270317622041      -0.169871245099448     
  0.100087306889433       0.158208299967193      -0.166499002704668     
  9.882027681559605E-002  0.145797511172261      -0.153106879912730     
  8.590036307363302E-002  0.129126825729729      -0.138099150679877     
  6.897869726218483E-002  0.106932510419754      -0.114603346736708     
  5.418630838864670E-002  8.657269697402419E-002 -8.913974830083157E-002
  2.994736285729784E-002  5.981262865666796E-002 -5.562978767521580E-002
  0.000000000000000E+000  0.000000000000000E+000  0.000000000000000E+000
  0.000000000000000E+000  0.000000000000000E+000  0.000000000000000E+000
  0.000000000000000E+000  0.000000000000000E+000  0.000000000000000E+000
  0.000000000000000E+000  0.000000000000000E+000  0.000000000000000E+000
  2.614943804836295E-002  4.514714503245181E-002 -4.164872355753997E-002
  3.629159683188896E-002  9.465487138039377E-002 -8.351109194437023E-002
  4.709906604360789E-002  0.122867023268680      -0.108880803518169     
  5.489398632083104E-002  0.143714475136603      -0.131388613999300     
  6.512062525730726E-002  0.151120481157095      -0.148947897484954     
  7.355943023130158E-002  0.148087036425601      -0.159964676076333     
  8.241198269782712E-002  0.142792669529838      -0.164508422274251     
  9.141000201903651E-002  0.137775225919317      -0.159975989857747     
  9.825559128522939E-002  0.131981984573022      -0.148946543957724     
  9.699524972139029E-002  0.119453238066766      -0.131383239701266     
  8.287659310261379E-002  0.102262980738258      -0.108878218191282     
  6.383564005735493E-002  7.880908951365251E-002 -8.349317569472969E-002
  2.606964840522661E-002  4.524860571832281E-002 -4.161275860650337E-002
  0.000000000000000E+000  0.000000000000000E+000  0.000000000000000E+000
  0.000000000000000E+000  0.000000000000000E+000  0.000000000000000E+000
  0.000000000000000E+000  0.000000000000000E+000  0.000000000000000E+000
  0.000000000000000E+000  0.000000000000000E+000  0.000000000000000E+000
  2.382378806237691E-002  2.657685429490944E-002 -2.897553839900042E-002
  2.201423414073411E-002  9.300752437512662E-002 -7.114674894395094E-002
  3.197712871455963E-002  0.126233698328379      -9.897290567823594E-002
  3.903707949476592E-002  0.140277112681773      -0.122478140490689     
  4.761980082058816E-002  0.134992775857938      -0.138261527135879     
  5.550737352085128E-002  0.120897246391720      -0.148124471705593     
  6.353096443835855E-002  0.110077481015840      -0.151011838867873     
  7.687589340243600E-002  0.108538621162995      -0.148159903627696     
  9.305739654486857E-002  0.108783054451054      -0.138270650779602     
  0.101914258112283       0.103940519512257      -0.122463790069475     
  9.332684858488036E-002  9.086231741768770E-002 -9.894461884338361E-002
  6.953165607814735E-002  6.552227864626833E-002 -7.108832078887770E-002
  1.109734449903882E-002  3.399457609161579E-002 -2.893249494598438E-002
  0.000000000000000E+000  0.000000000000000E+000  0.000000000000000E+000
  0.000000000000000E+000  0.000000000000000E+000  0.000000000000000E+000
  0.000000000000000E+000  0.000000000000000E+000  0.000000000000000E+000
  0.000000000000000E+000  0.000000000000000E+000  0.000000000000000E+000
  1.748011182903739E-002  1.432495750189922E-003 -1.719773432306945E-002
  1.619205103965656E-002  8.913806976391053E-002 -5.977537211970169E-002
  2.096393850198247E-002  0.117995355948643      -8.870679869635639E-002
  2.523631257096057E-002  0.125721482934166      -0.112078685527896     
  3.310906760748409E-002  0.113536195597928      -0.126332642334759     
  3.903156246403112E-002  9.314369631805991E-002 -0.133713830973657     
  4.654267483215970E-002  8.063870375133268E-002 -0.135877424939502     
  6.110128208774200E-002  8.041521847858729E-002 -0.133771521316226     
  8.174437435161021E-002  8.548125760182440E-002 -0.126358222351397     
  9.625629749533393E-002  8.474876933523985E-002 -0.112062618342120     
  9.161896219551455E-002  7.708093116635857E-002 -8.864967755690112E-002
  6.906820803063467E-002  5.864303815393849E-002 -5.971060393143622E-002
 -7.523282226355920E-003  1.578160074872801E-002 -1.709651749791180E-002
  0.000000000000000E+000  0.000000000000000E+000  0.000000000000000E+000
  0.000000000000000E+000  0.000000000000000E+000  0.000000000000000E+000
  0.000000000000000E+000  0.000000000000000E+000  0.000000000000000E+000
  0.000000000000000E+000  0.000000000000000E+000  0.000000000000000E+000
  1.427086271122625E-002 -1.185472958513929E-002 -1.125501107790217E-002
  1.565182510917556E-002  8.492092888986316E-002 -5.069497267420615E-002
  1.095764780747708E-002  0.100242555908818      -7.875804521277846E-002
  1.560574099203010E-002  0.107440821969940      -0.100475625905369     
  1.993554083842485E-002  8.887052505500263E-002 -0.112820720580836     
  2.552447006517190E-002  6.811593361245274E-002 -0.117920176612550     
  3.158936503855592E-002  5.472094043522765E-002 -0.118985466217595     
  4.623619605803501E-002  5.624861806282239E-002 -0.118013249769770     
  6.701352890636225E-002  6.176527431387220E-002 -0.112872871595802     
  8.523294270039092E-002  6.725033722273907E-002 -0.100456425797615     
  8.128529609237660E-002  5.958525520464373E-002 -7.869652706573746E-002
  6.565340899527049E-002  5.590344019782890E-002 -5.059566864323993E-002
 -1.743656327531939E-002  6.578545769854944E-003 -1.119239583899783E-002
  0.000000000000000E+000  0.000000000000000E+000  0.000000000000000E+000
  0.000000000000000E+000  0.000000000000000E+000  0.000000000000000E+000
  0.000000000000000E+000  0.000000000000000E+000  0.000000000000000E+000
  0.000000000000000E+000  0.000000000000000E+000  0.000000000000000E+000
  1.592677830105760E-002 -6.982829624272119E-003 -9.136705750473277E-003
  1.063985266697626E-002  6.622014000317591E-002 -4.079036500216787E-002
  6.054587819794138E-003  8.363251032315673E-002 -6.795777232230138E-002
  6.507458631512002E-003  8.250743917376153E-002 -8.660758878193824E-002
  9.267226444981933E-003  6.488100342619926E-002 -9.665317894762791E-002
  1.393792207555447E-002  4.542049115063116E-002 -0.100073658076772     
  1.937887027368731E-002  3.356246292846247E-002 -0.100418224642954     
  3.246812619965783E-002  3.492783765830788E-002 -0.100236840155655     
  5.159819958854303E-002  4.055048633093829E-002 -9.673287797157558E-002
  6.818396231656307E-002  4.690699456820408E-002 -8.659820047619443E-002
  6.936044567970498E-002  4.703813993373250E-002 -6.787492871356576E-002
  5.200322370366552E-002  4.222005867349193E-002 -4.072325217902183E-002
 -1.402018363358981E-002  1.035295889742808E-002 -8.972296866222317E-003
  0.000000000000000E+000  0.000000000000000E+000  0.000000000000000E+000
  0.000000000000000E+000  0.000000000000000E+000  0.000000000000000E+000
  0.000000000000000E+000  0.000000000000000E+000  0.000000000000000E+000
  0.000000000000000E+000  0.000000000000000E+000  0.000000000000000E+000
  1.085498465956657E-002 -1.004330042015530E-002 -3.687832129091474E-003
  1.032063321380022E-002  4.965978561704396E-002 -3.202029519728466E-002
  1.736890458634156E-003  5.940747286028421E-002 -5.363899988321406E-002
 -3.007126955879019E-004  5.547483488453135E-002 -6.805714848417871E-002
  9.881495033508391E-004  4.148162513451668E-002 -7.665554400516830E-002
  4.664378515317993E-003  2.636136282947313E-002 -7.981075357261108E-002
  9.807288061056171E-003  1.696546415322844E-002 -8.016005336509206E-002
  2.066450032569958E-002  1.739842696309070E-002 -8.006285873804236E-002
  3.548501529402466E-002  2.167626329474164E-002 -7.675309311232487E-002
  4.815097818463587E-002  2.750992901961441E-002 -6.806774159376058E-002
  5.054875863602304E-002  3.120342504419605E-002 -5.353483769846319E-002
  3.785286768553149E-002  3.365857302101134E-002 -3.201871108744520E-002
 -1.404287832404845E-002  4.449761724620250E-003 -3.400697777390745E-003
  0.000000000000000E+000  0.000000000000000E+000  0.000000000000000E+000
  0.000000000000000E+000  0.000000000000000E+000  0.000000000000000E+000
  0.000000000000000E+000  0.000000000000000E+000  0.000000000000000E+000
  0.000000000000000E+000  0.000000000000000E+000  0.000000000000000E+000
  5.531180808378856E-003 -9.051095981930898E-003 -2.913539553857951E-003
  9.048817022851910E-003  2.972906597612925E-002 -1.930319678714247E-002
 -1.046714164113004E-003  2.983035489818619E-002 -3.271431633432079E-002
 -3.395102237410338E-003  2.999658722529176E-002 -4.264873032869736E-002
 -4.075565952386001E-003  2.101281817445125E-002 -5.101718643332490E-002
 -1.795373276321481E-003  1.243445422625727E-002 -5.549333879963905E-002
  3.420851272638487E-003  5.893384409815457E-003 -5.740118713432422E-002
  1.182487065689281E-002  4.780752191899806E-003 -5.575145768769985E-002
  2.026791035021804E-002  7.039183256406763E-003 -5.109916967144512E-002
  2.762880218992352E-002  1.205161313035764E-002 -4.269203330255757E-002
  2.632030708893429E-002  1.406890300817693E-002 -3.255269335228953E-002
  2.121095712711735E-002  2.255734681388606E-002 -1.948377806634085E-002
 -1.046621244779787E-002  4.214607629120890E-004 -2.453338610205060E-003
  0.000000000000000E+000  0.000000000000000E+000  0.000000000000000E+000
  0.000000000000000E+000  0.000000000000000E+000  0.000000000000000E+000
  0.000000000000000E+000  0.000000000000000E+000  0.000000000000000E+000
  0.000000000000000E+000  0.000000000000000E+000  0.000000000000000E+000
  5.559914345667114E-004 -4.063964415450897E-003 -2.475858399490216E-003
  7.098876666206066E-003  6.738291507500131E-003 -4.805221308332994E-003
  2.816051756029628E-004  6.730978059956726E-003 -9.011814437196839E-003
  6.771043943331326E-004  9.060008652081605E-003 -1.450024629727099E-002
 -3.289198910069361E-003  6.361152403007452E-003 -1.895113286204427E-002
 -2.513738021474862E-003  3.587470302125412E-003 -2.462666159990032E-002
 -1.321797895692471E-004 -3.411027464299183E-004 -2.661144602620449E-002
  4.455264407866482E-003 -3.060642470763477E-004 -2.479841434946568E-002
  7.127355326308711E-003  3.755121148635030E-004 -1.901350854260806E-002
  7.482507967892487E-003  5.101808296383460E-003 -1.444042948817766E-002
  5.698840777118193E-003  3.618118369483613E-003 -9.052756738285627E-003
  2.294545872288307E-003  9.478480345412635E-003 -4.728092149591140E-003
 -3.786799819500414E-003 -1.533614763962692E-003 -2.521133018754552E-003
  0.000000000000000E+000  0.000000000000000E+000  0.000000000000000E+000
  0.000000000000000E+000  0.000000000000000E+000  0.000000000000000E+000
  0.000000000000000E+000  0.000000000000000E+000  0.000000000000000E+000
  0.000000000000000E+000  0.000000000000000E+000  0.000000000000000E+000
  0.000000000000000E+000  0.000000000000000E+000  0.000000000000000E+000
  0.000000000000000E+000  0.000000000000000E+000  0.000000000000000E+000
  0.000000000000000E+000  0.000000000000000E+000  0.000000000000000E+000
  0.000000000000000E+000  0.000000000000000E+000  0.000000000000000E+000
  0.000000000000000E+000  0.000000000000000E+000  0.000000000000000E+000
  0.000000000000000E+000  0.000000000000000E+000  0.000000000000000E+000
  0.000000000000000E+000  0.000000000000000E+000  0.000000000000000E+000
  0.000000000000000E+000  0.000000000000000E+000  0.000000000000000E+000
  0.000000000000000E+000  0.000000000000000E+000  0.000000000000000E+000
  0.000000000000000E+000  0.000000000000000E+000  0.000000000000000E+000
  0.000000000000000E+000  0.000000000000000E+000  0.000000000000000E+000
  0.000000000000000E+000  0.000000000000000E+000  0.000000000000000E+000
  0.000000000000000E+000  0.000000000000000E+000  0.000000000000000E+000
  0.000000000000000E+000  0.000000000000000E+000  0.000000000000000E+000
  0.000000000000000E+000  0.000000000000000E+000  0.000000000000000E+000
  0.000000000000000E+000  0.000000000000000E+000  0.000000000000000E+000
  0.000000000000000E+000  0.000000000000000E+000  0.000000000000000E+000
  0.000000000000000E+000  0.000000000000000E+000  0.000000000000000E+000
  0.000000000000000E+000  0.000000000000000E+000  0.000000000000000E+000
  0.000000000000000E+000  0.000000000000000E+000  0.000000000000000E+000
  0.000000000000000E+000  0.000000000000000E+000  0.000000000000000E+000
  0.000000000000000E+000  0.000000000000000E+000  0.000000000000000E+000
  0.000000000000000E+000  0.000000000000000E+000  0.000000000000000E+000
  0.000000000000000E+000  0.000000000000000E+000  0.000000000000000E+000
  0.000000000000000E+000  0.000000000000000E+000  0.000000000000000E+000
  0.000000000000000E+000  0.000000000000000E+000  0.000000000000000E+000
  0.000000000000000E+000  0.000000000000000E+000  0.000000000000000E+000
  0.000000000000000E+000  0.000000000000000E+000  0.000000000000000E+000
  0.000000000000000E+000  0.000000000000000E+000  0.000000000000000E+000
  0.000000000000000E+000  0.000000000000000E+000  0.000000000000000E+000
  0.000000000000000E+000  0.000000000000000E+000  0.000000000000000E+000
  0.000000000000000E+000  0.000000000000000E+000  0.000000000000000E+000
  0.000000000000000E+000  0.000000000000000E+000  0.000000000000000E+000
  0.000000000000000E+000  0.000000000000000E+000  0.000000000000000E+000
 -9.275340975113544E-003 -4.793018668498625E-003  1.478688259994409E-002
 -1.325435587364219E-002 -1.284346375822405E-002  1.887957841814804E-002
 -1.803611314797091E-002  3.302114881668737E-003  2.631568175673524E-002
 -6.437404755881811E-003 -2.966432441255139E-002  4.346322548295751E-002
 -1.340320823646609E-002  6.629571569201542E-002  6.913738822600082E-002
  4.517137934627124E-002  0.118562541450188       5.195633572125578E-002
 -0.142654569118736      -0.185006856858872       0.100852478496805     
  8.409357127461006E-002  0.103133267946575       0.135894715768713     
  4.427558218387073E-002 -4.374770077914141E-002  3.165114522761138E-002
 -3.273261873567611E-002 -5.718657107236122E-002  2.853539804781308E-002
  0.168238728243451       6.708204651891496E-002 -3.063731628473288E-002
 -7.519953267910175E-002 -4.685992758341514E-002  7.144484809370272E-002
 -9.262756633613790E-002  3.924103237004639E-003  2.321004959396504E-003
  0.000000000000000E+000  0.000000000000000E+000  0.000000000000000E+000
  0.000000000000000E+000  0.000000000000000E+000  0.000000000000000E+000
  0.000000000000000E+000  0.000000000000000E+000  0.000000000000000E+000
  0.000000000000000E+000  0.000000000000000E+000  0.000000000000000E+000
 -8.057148378162762E-003 -3.474238967805877E-004  1.212516112578280E-002
 -1.107383850349815E-002 -1.072123924380228E-002  1.639791882585557E-002
 -1.822062148524888E-002 -3.733820945509323E-003  2.985309455917873E-002
  4.128984124785116E-003 -2.446635242568057E-002  3.407417587506435E-002
 -4.235055996260209E-003  5.417259359795139E-002  8.089873908620407E-002
  1.700201297115320E-002  7.593408872873914E-002  4.779445269183685E-002
 -9.147546647941610E-002 -0.127497187510920       9.853159638889167E-002
  0.120845973341342       0.120776760006615       0.132416964365709     
 -0.106246293744767      -0.102570687447838       5.341634300813506E-002
  0.136117246044084       6.390454666165143E-002 -3.585323844684726E-003
 -6.584324740219852E-002 -8.922055684657361E-002 -9.025080741305487E-003
  9.466567293356810E-002  7.021076734901364E-002  7.094526820646377E-002
 -0.155146287144271      -3.182557033094847E-002 -1.150281799354218E-003
  0.000000000000000E+000  0.000000000000000E+000  0.000000000000000E+000
  0.000000000000000E+000  0.000000000000000E+000  0.000000000000000E+000
  0.000000000000000E+000  0.000000000000000E+000  0.000000000000000E+000
  0.000000000000000E+000  0.000000000000000E+000  0.000000000000000E+000
 -5.915413760265106E-003  8.157362283835465E-003  5.715727491134853E-003
 -1.334593646681332E-002 -4.666282204756947E-003  1.706802073732844E-002
 -1.128648044999693E-002 -1.322032490327825E-002  1.989361072399496E-002
 -1.800774166185953E-002 -4.319361956961402E-002  5.651467717274727E-002
  2.788567663179320E-002  5.230339220511116E-002  4.183918805198447E-002
 -1.304988575546907E-002  4.255632241592366E-002  7.863542798343226E-002
 -1.351295476553617E-002 -9.287930393196589E-002  7.743308614085384E-002
  0.107315922965559       0.176839949939466       0.109072831428010     
 -0.184097021155899      -0.133984430251704       6.858240521203264E-002
  0.284642781901975       0.110398911780444      -1.481506428949703E-002
 -0.444714574756798      -0.288391249805058       5.993784208631595E-002
  0.322323170099264       0.159695173243207      -6.462543870690106E-002
 -0.294292531784447      -5.326789763419207E-002  3.785305535610976E-002
  0.000000000000000E+000  0.000000000000000E+000  0.000000000000000E+000
  0.000000000000000E+000  0.000000000000000E+000  0.000000000000000E+000
  0.000000000000000E+000  0.000000000000000E+000  0.000000000000000E+000
  0.000000000000000E+000  0.000000000000000E+000  0.000000000000000E+000
 -1.786913772562203E-003  6.847238134957181E-003  1.245338426254096E-003
 -1.557905515701805E-002  3.849797384988617E-002  7.994960312311122E-004
 -1.754781087000946E-002 -3.239284557590309E-002  2.443841683657733E-002
 -1.187110324739643E-002 -0.104080228606658       3.816311450694062E-002
 -6.531531921555962E-002 -0.163464474889170       0.132575439998875     
  6.302661022376162E-002  7.324681718108565E-002  5.218514004277052E-003
 -0.268855370092851      -0.375370237905256       0.233285160017873     
  0.345892673530645       0.331329025776434      -6.692299613500211E-002
 -0.602952652372302      -0.441368806627008       0.197390400764832     
  0.163491256741152       0.194702290821588      -3.111087394880577E-002
  0.245440593698844      -9.320470220254513E-003  2.442654862829185E-002
 -0.360337588036236      -0.138520452893907       6.133121910958633E-002
 -0.281868551327315      -0.105707101152196       5.663356018873700E-002
  0.000000000000000E+000  0.000000000000000E+000  0.000000000000000E+000
  0.000000000000000E+000  0.000000000000000E+000  0.000000000000000E+000
  0.000000000000000E+000  0.000000000000000E+000  0.000000000000000E+000
  0.000000000000000E+000  0.000000000000000E+000  0.000000000000000E+000
  3.204382611513410E-003 -1.017412199199852E-003  3.608582734989833E-003
 -1.908991411469502E-002  7.345000222465252E-002 -2.142811804285900E-002
 -1.727383434988745E-002  1.826300380872721E-002  7.411371055393836E-003
 -1.501959037661669E-002 -0.118425791553558       2.980745446253558E-002
 -2.640367312583949E-002 -0.121499582940876       8.636695263753252E-002
 -6.463188690881976E-002 -5.927225895207729E-002  0.109053722844021     
 -2.759906841163931E-002 -0.141138311998754       5.933779422572553E-002
 -0.282557815846570      -0.203898093684144       0.204279983496116     
  0.397835492080027       0.225911594949020      -0.182605969617440     
 -0.885809703485015      -0.518150042758369       0.309625717486513     
  0.455944307826119       0.362482576488341      -0.200233933385606     
  0.491227007051483       0.127251648816937      -0.156601467247105     
 -8.300198049173414E-002 -0.101310143388267       1.702350306696409E-003
  0.000000000000000E+000  0.000000000000000E+000  0.000000000000000E+000
  0.000000000000000E+000  0.000000000000000E+000  0.000000000000000E+000
  0.000000000000000E+000  0.000000000000000E+000  0.000000000000000E+000
  0.000000000000000E+000  0.000000000000000E+000  0.000000000000000E+000
  6.614739285760615E-003 -4.096784501925765E-003 -1.373731598357991E-003
 -1.785527885836609E-002  8.694384930264416E-002 -2.104257106473226E-002
 -1.491470348894586E-002  7.417829775460592E-002 -4.384764506972454E-002
 -5.751917981657710E-003 -9.325281542007388E-002  2.940604417928142E-002
 -1.602480018942491E-002 -0.121992396972635       4.334574645503854E-002
  3.639209135218809E-002  0.106524097130165      -1.727280681149182E-002
 -0.190951852391350      -0.252294710240258       0.194031448548010     
  6.157037820441382E-002 -1.495513260520708E-002 -4.602027754838480E-002
 -0.314152126885699      -0.137187779919115       0.141204594915153     
  0.546922572210204       0.228519895002743      -0.217746345302349     
 -0.604943201479034      -0.306366038555701       0.146257830704713     
  0.129439479999817       0.133471268071242      -5.045855322073992E-002
  0.201834758560403      -8.885650411617906E-002 -4.184550060741577E-002
  0.000000000000000E+000  0.000000000000000E+000  0.000000000000000E+000
  0.000000000000000E+000  0.000000000000000E+000  0.000000000000000E+000
  0.000000000000000E+000  0.000000000000000E+000  0.000000000000000E+000
  0.000000000000000E+000  0.000000000000000E+000  0.000000000000000E+000
  9.643552315861007E-003 -6.704924656424048E-003  1.198505542064176E-003
 -1.231675846529148E-002  8.468789253325228E-002 -3.414190640106403E-002
 -1.641438559995960E-002  7.441947742443430E-002 -3.280156740709422E-002
 -4.570977852826945E-003  8.130148823406733E-002 -0.100636958892216     
 -1.696443927578333E-003 -0.146106138776933       0.106439388586175     
 -5.041188713266033E-002 -0.131101685843129       2.285658261359981E-002
  0.103899503041103       0.124849804169244      -7.674047249250791E-002
 -0.423264681017755      -0.368304080858879       0.274439554705881     
  0.430294080957682       0.207884730745176      -0.284888113329504     
 -0.504624541840901      -0.192112795201185       0.275224142636472     
  0.788173178415899       0.245040052696953      -0.388065306579851     
 -0.457725175494166      -0.143561021890469       0.232798537764998     
  8.571162769045446E-002 -4.647434854753600E-002 -0.155225173345567     
  0.000000000000000E+000  0.000000000000000E+000  0.000000000000000E+000
  0.000000000000000E+000  0.000000000000000E+000  0.000000000000000E+000
  0.000000000000000E+000  0.000000000000000E+000  0.000000000000000E+000
  0.000000000000000E+000  0.000000000000000E+000  0.000000000000000E+000
  4.716858446353814E-003 -6.555729122742553E-003  6.218027471426143E-004
 -2.203248632520705E-003  5.819897090313732E-002 -2.111015059888761E-002
 -1.013604736651406E-002  4.846455945292961E-002 -4.225087653010241E-002
 -3.467175345071699E-002  0.101467129443923      -6.062825958624859E-002
 -8.403745854560937E-003  0.170880879640211      -0.250993354880767     
 -7.446281239916078E-002 -0.277311058656234       0.348971775548164     
  9.268362197152818E-004  6.159635220439710E-002 -0.246219133941411     
  0.115943381761628       4.064838622673506E-002 -5.272159069012412E-002
 -0.341717168930657      -0.172474388473999       0.156000654473265     
  0.598524677537773       0.197166265044567      -0.298493211350876     
 -0.512338975847024      -0.167480537131405       0.191605846901260     
  0.415347559281069       0.156596984730431      -0.119950808723018     
 -7.464623323329066E-002 -5.259190602221436E-002 -2.877659048307046E-002
  0.000000000000000E+000  0.000000000000000E+000  0.000000000000000E+000
  0.000000000000000E+000  0.000000000000000E+000  0.000000000000000E+000
  0.000000000000000E+000  0.000000000000000E+000  0.000000000000000E+000
  0.000000000000000E+000  0.000000000000000E+000  0.000000000000000E+000
  1.058520042349608E-003 -3.710090439546275E-003 -3.067076090554029E-003
  6.819323915466819E-003  2.615416474556181E-002 -5.171410384891207E-003
 -1.058360330333955E-002  8.151608876493147E-003 -1.565463434483661E-002
  2.617580339410081E-003  3.046725723042017E-002  2.273888464601670E-004
 -7.700883813846623E-002  3.512867155234799E-002 -7.392448699689984E-002
 -2.128225692660519E-002  0.137907750980421      -0.350795886186273     
 -0.156948161439655      -0.163733584297425       0.471567763492559     
  0.220195056630852       0.118059370501130      -0.652891595813608     
 -5.792726312325959E-002 -8.520792233895848E-002  0.297118359223846     
  0.110790023971667       7.377037980328109E-002 -0.171000965304182     
  1.359839317397052E-002 -8.341132742101992E-002 -3.050409728131922E-002
  0.122006682879541       0.151714524301873      -6.527341106750208E-002
  3.985338975106044E-002 -3.983962969631320E-002 -1.814910721844312E-002
  0.000000000000000E+000  0.000000000000000E+000  0.000000000000000E+000
  0.000000000000000E+000  0.000000000000000E+000  0.000000000000000E+000
  0.000000000000000E+000  0.000000000000000E+000  0.000000000000000E+000
  0.000000000000000E+000  0.000000000000000E+000  0.000000000000000E+000
 -7.714175740596826E-005  5.599214211379946E-004 -3.251865735537380E-004
  2.599712802333632E-003 -5.837295859482929E-004 -3.027238792411325E-003
 -1.613992561356511E-003  1.354988811882953E-002  1.739969625962478E-002
 -1.801473627694063E-002 -1.275572731838645E-002 -1.638868715256231E-002
  5.337562510060920E-002 -3.757715083887300E-002  0.226758523615354     
 -0.147834625145860       4.377173310298237E-002 -0.391124804847923     
  6.745800245541361E-002  2.688503237973409E-002 -5.690640410156159E-002
 -0.136115910853591      -3.613937744863158E-002  0.489469412807896     
  0.443169247113516       2.853202799401459E-003 -0.865298592764544     
 -0.471853172016976      -4.530375660542057E-003  0.708638829409394     
  0.285909340559850      -1.495330976828973E-002 -0.381219826031246     
 -2.732427855323799E-002  5.635971658844535E-002  0.116691117702993     
  3.300504586423142E-002 -6.769402209559323E-003 -6.417837266693223E-002
  0.000000000000000E+000  0.000000000000000E+000  0.000000000000000E+000
  0.000000000000000E+000  0.000000000000000E+000  0.000000000000000E+000
  0.000000000000000E+000  0.000000000000000E+000  0.000000000000000E+000
  0.000000000000000E+000  0.000000000000000E+000  0.000000000000000E+000
  0.000000000000000E+000  0.000000000000000E+000  0.000000000000000E+000
  0.000000000000000E+000  0.000000000000000E+000  0.000000000000000E+000
  0.000000000000000E+000  0.000000000000000E+000  0.000000000000000E+000
  0.000000000000000E+000  0.000000000000000E+000  0.000000000000000E+000
  0.000000000000000E+000  0.000000000000000E+000  0.000000000000000E+000
  0.000000000000000E+000  0.000000000000000E+000  0.000000000000000E+000
  0.000000000000000E+000  0.000000000000000E+000  0.000000000000000E+000
  0.000000000000000E+000  0.000000000000000E+000  0.000000000000000E+000
  0.000000000000000E+000  0.000000000000000E+000  0.000000000000000E+000
  0.000000000000000E+000  0.000000000000000E+000  0.000000000000000E+000
  0.000000000000000E+000  0.000000000000000E+000  0.000000000000000E+000
  0.000000000000000E+000  0.000000000000000E+000  0.000000000000000E+000
  0.000000000000000E+000  0.000000000000000E+000  0.000000000000000E+000
  0.000000000000000E+000  0.000000000000000E+000  0.000000000000000E+000
  0.000000000000000E+000  0.000000000000000E+000  0.000000000000000E+000
  0.000000000000000E+000  0.000000000000000E+000  0.000000000000000E+000
  0.000000000000000E+000  0.000000000000000E+000  0.000000000000000E+000
  0.000000000000000E+000  0.000000000000000E+000  0.000000000000000E+000
  0.000000000000000E+000  0.000000000000000E+000  0.000000000000000E+000
  0.000000000000000E+000  0.000000000000000E+000  0.000000000000000E+000
  0.000000000000000E+000  0.000000000000000E+000  0.000000000000000E+000
  0.000000000000000E+000  0.000000000000000E+000  0.000000000000000E+000
  0.000000000000000E+000  0.000000000000000E+000  0.000000000000000E+000
  0.000000000000000E+000  0.000000000000000E+000  0.000000000000000E+000
  0.000000000000000E+000  0.000000000000000E+000  0.000000000000000E+000
  0.000000000000000E+000  0.000000000000000E+000  0.000000000000000E+000
  0.000000000000000E+000  0.000000000000000E+000  0.000000000000000E+000
  0.000000000000000E+000  0.000000000000000E+000  0.000000000000000E+000
  0.000000000000000E+000  0.000000000000000E+000  0.000000000000000E+000
  0.000000000000000E+000  0.000000000000000E+000  0.000000000000000E+000
  0.000000000000000E+000  0.000000000000000E+000  0.000000000000000E+000
  0.000000000000000E+000  0.000000000000000E+000  0.000000000000000E+000
  0.000000000000000E+000  0.000000000000000E+000  0.000000000000000E+000
  0.000000000000000E+000  0.000000000000000E+000  0.000000000000000E+000
  -267.521912700988        616.205870181933       -168.026906650619     
  -219.979515049190       -1216.08260522671        486.468654171633     
  -215.021050417633        1306.32012011963       -140.168889778224     
   38.8378021514385       -1479.49543388334        170.141477403594     
  -77.0119595529089        2115.45533453359       -492.948812750936     
  -174.797690254425       -1400.61053713480       -1757.68327662151     
  -2856.65759165648       -2485.23897807298        364.499191427550     
   2519.87863709682        1285.58401006051       -574.025365114812     
  -699.013400935055       -1364.78922493377       -1877.44570786156     
  -737.939011521018        12.9019234171000       -494.094563250358     
   6897.15445891929        2991.05552145218        217.787170968872     
  -20761.5689558769       -9653.53878385969        3146.81400589382     
   20799.6074432459        8765.01904741502       -4122.97412449836     
  0.000000000000000E+000  0.000000000000000E+000  0.000000000000000E+000
  0.000000000000000E+000  0.000000000000000E+000  0.000000000000000E+000
  0.000000000000000E+000  0.000000000000000E+000  0.000000000000000E+000
  0.000000000000000E+000  0.000000000000000E+000  0.000000000000000E+000
  -261.125393510646        543.182273027275       -157.674500653526     
  -132.596468639289       -1189.28949135499        409.531727386411     
  -440.396087885902        901.792858685959        93.2891944858637     
   271.849311354737       -976.967630047345       -135.137582867268     
  -669.781159775816        1957.27157434976       0.867958932465859     
  -187.526093018657       -873.655582429134       -2379.97420483409     
  -1342.28260224233       -922.325197792634        495.820409228960     
   3473.18273510269        2465.81110363071       -955.049758883466     
  -4931.87444073371       -3966.56833411477       -1426.03022821995     
   6506.61545372219        4110.15750403319       -1053.26192464918     
  -6466.54767465414       -6309.62492099995        1505.73651853548     
   5346.76677529117        6971.15430448025        2978.69811321187     
   8310.84591950046        2099.45961234140       -3232.11327994767     
  0.000000000000000E+000  0.000000000000000E+000  0.000000000000000E+000
  0.000000000000000E+000  0.000000000000000E+000  0.000000000000000E+000
  0.000000000000000E+000  0.000000000000000E+000  0.000000000000000E+000
  0.000000000000000E+000  0.000000000000000E+000  0.000000000000000E+000
  -269.971508006087        607.999850860787       -144.702850826266     
  -181.653285519471       -1593.53700548464        380.828382870897     
  -360.140865876088        792.627700014738        40.5329973093874     
  -581.851554337923       -1394.13834758001        465.977893650530     
   819.642592800586        3582.89914908129       -1352.11089927340     
  -2197.29421003880       -1625.70975950204       -553.575922488918     
   5000.90108527963        5322.85847847775       -2165.09456717965     
  -4100.65235922526       -1716.14382538986        776.654522781844     
   7555.26229051689        4226.27149766839       -2897.18517842119     
  -4383.76078890371       -6827.90378835544        1064.53645701152     
  -2918.85724098709        3015.05287317328        205.486581843178     
   20370.5791358937        7196.84103542051       -6425.74563048837     
  -8068.80652474369       -3353.96732818963        2075.51303025521     
  0.000000000000000E+000  0.000000000000000E+000  0.000000000000000E+000
  0.000000000000000E+000  0.000000000000000E+000  0.000000000000000E+000
  0.000000000000000E+000  0.000000000000000E+000  0.000000000000000E+000
  0.000000000000000E+000  0.000000000000000E+000  0.000000000000000E+000
  -167.075199266326        449.409849332848       -247.981510739338     
  -365.400636217626       -1204.26122964750        373.189041145425     
  -397.890835682916       -835.865783530219        44.9752850735668     
  -759.350757247801       -1350.79855274710        629.378142258006     
  -826.759461265434        333.123243936826        108.378715073300     
   1162.06410060465        850.730304781250       -2193.42799132398     
  -5692.37290461248       -6532.76315593490        3003.92333080744     
   14324.7819783487        12578.8856168824       -6464.88697982423     
  -28641.5972573438       -20249.0933556912        7584.62556756831     
   40429.4657446540        24549.5815086075       -7777.59333197892     
  -41132.2451421096       -28499.8138420470        8341.97560809130     
   14470.0174372580        11549.4546403807        946.731621329346     
  -35953.2311687875       -18321.8394180350        8166.17795559947     
  0.000000000000000E+000  0.000000000000000E+000  0.000000000000000E+000
  0.000000000000000E+000  0.000000000000000E+000  0.000000000000000E+000
  0.000000000000000E+000  0.000000000000000E+000  0.000000000000000E+000
  0.000000000000000E+000  0.000000000000000E+000  0.000000000000000E+000
  -262.841326891269        98.3073109030956        61.5481085957780     
  -261.073863615054       -765.067037986437       -306.142215495438     
  -512.711944100866       -1701.88525792527        774.439990925969     
  -299.466955037011       -251.247943402464       -660.338816950813     
  -943.185784749893       -219.919055310127        1443.33745335954     
  -494.795442967486       -538.582387244094       -1239.77887818846     
  -232.626400727249       -2463.93570015954        282.934306587873     
  -3097.94568253698       -851.243404659058        597.900885731894     
   11303.8990804234        4230.31888675103       -5088.26665965325     
  -28309.6491226234       -13201.5310147303        9245.34275843243     
   37480.1886142550        19135.9808890100       -11533.0691453745     
  -7980.42513235931       -8702.75358927401        5463.05835416429     
  -13791.3655171461        367.313082024729       -1760.46605109138     
  0.000000000000000E+000  0.000000000000000E+000  0.000000000000000E+000
  0.000000000000000E+000  0.000000000000000E+000  0.000000000000000E+000
  0.000000000000000E+000  0.000000000000000E+000  0.000000000000000E+000
  0.000000000000000E+000  0.000000000000000E+000  0.000000000000000E+000
  -271.306910950821        122.132574466634       -80.9251442439876     
  -221.158665078284       -1413.61583910740        84.7188388923174     
   18.9302637999076       -1307.69001723175       -328.480065742026     
  -403.451937648787       -1071.67623205986        875.417989626762     
   823.161863261251        4357.27309911499       -2868.03971570067     
  -105.616998367133        1756.46182316556        699.943719200915     
  -1293.18055689965       -2580.30301973935       -1063.74803243039     
   5609.64864506734        5178.92961782338       -3377.91700270936     
  -7093.81620926952       -3205.10494204816        2147.23621636587     
   18654.3622046695        6652.83345954013       -6655.06977783952     
  -34092.1760850299       -13458.9052517935        9419.62624370033     
   24365.2073871823        8531.19184934291       -6285.77631705588     
   4260.10346237948       -1703.45539707596        70.0018099734734     
  0.000000000000000E+000  0.000000000000000E+000  0.000000000000000E+000
  0.000000000000000E+000  0.000000000000000E+000  0.000000000000000E+000
  0.000000000000000E+000  0.000000000000000E+000  0.000000000000000E+000
  0.000000000000000E+000  0.000000000000000E+000  0.000000000000000E+000
  -387.002728202204        98.2339800490723       -34.3490059274247     
   76.6686064162670       -1619.31298009114       -5.94659435850739     
   4.72145725124304       -1151.11135933635        104.769568055982     
   457.033143800165        1304.33618021133       -1598.40823398392     
  -473.734325761258       -2565.39249002658        3137.58578324149     
   2428.92889638198        6405.19727851254       -7010.42710422250     
  -2481.28684312027       -2303.05257295890        4295.16297953465     
  -1004.87777202397       -1679.07753787139       -3316.97084202988     
   6710.96483098447        4182.56509719186       -1331.91766668682     
  -9915.45703829341       -3392.60754916379        2951.25873523520     
   18670.6409879054        5064.36486137868       -7042.60101805453     
  -27418.7779114809       -7981.55906647162        10386.1727324996     
   8989.94046483439       -1034.31395942721       -4032.10761003052     
  0.000000000000000E+000  0.000000000000000E+000  0.000000000000000E+000
  0.000000000000000E+000  0.000000000000000E+000  0.000000000000000E+000
  0.000000000000000E+000  0.000000000000000E+000  0.000000000000000E+000
  0.000000000000000E+000  0.000000000000000E+000  0.000000000000000E+000
  -266.824283458899        191.244626934131       -46.1808756566344     
   48.7096622904265       -1411.17539594365       -34.9151435626612     
   95.6950156449579        23.3673902323564       -172.753888757245     
  -558.205493925922        2201.16465780743       -1911.21367340990     
   1075.82584838283        95.5684908732677       -290.560005675636     
  -3018.73759464459       -6331.37671517583        8073.00398003650     
   5871.07182594921        7379.91690908560       -12822.3497583814     
  -11122.6563306637       -8627.33588177858        14624.9987803890     
   9545.51797503235        5176.50182965686       -10729.2460423187     
  -6319.57776517857       -3487.95510752954        6764.87819267354     
   3636.05995270844        3198.03060228283       -4919.81926519035     
   3531.05555472417        110.315222623220        2093.53600794760     
  -2950.86642158178       -655.868510830681       -3803.53318149905     
  0.000000000000000E+000  0.000000000000000E+000  0.000000000000000E+000
  0.000000000000000E+000  0.000000000000000E+000  0.000000000000000E+000
  0.000000000000000E+000  0.000000000000000E+000  0.000000000000000E+000
  0.000000000000000E+000  0.000000000000000E+000  0.000000000000000E+000
  -142.807245067758        101.296920142378       -209.482079749952     
   28.7601386992726       -699.563005374302        325.794532106176     
  -270.957058643362        521.117363915020       -1192.57771646994     
   359.424682179914        412.866290092909        857.180921125449     
  -1734.67295917266        733.268935947598       -2956.95938880289     
   1144.66309060100        418.666296308297        1808.76537988478     
  -3940.72676137764       -2732.85539410276        4693.26888786902     
   9739.17185968539        3592.48329892243       -14442.9863271384     
  -14856.7309717504       -4936.89435094091        20152.2190975102     
   18358.5720412549        4441.58421169638       -18854.5501529903     
  -16477.8523381570       -4231.70330427143        11257.4516105140     
   9141.34514806302        5045.42430077729       -6170.39960998122     
  -570.106675909156       -632.942781591536        1003.50150255398     
  0.000000000000000E+000  0.000000000000000E+000  0.000000000000000E+000
  0.000000000000000E+000  0.000000000000000E+000  0.000000000000000E+000
  0.000000000000000E+000  0.000000000000000E+000  0.000000000000000E+000
  0.000000000000000E+000  0.000000000000000E+000  0.000000000000000E+000
  -24.4090275577049        12.0461848270698       -78.8409894320748     
  -57.4682373685913       -212.771835309249       -62.2736925911477     
  -26.3483435950347        434.676352612582       -261.271671238232     
   51.4150146372862       -843.192085321583        439.496560030972     
   464.551456243409        1.61986959735368        2978.30437585684     
  -2433.76946976790        1067.61377801285       -11467.4581277657     
   2141.18205231877        225.040667814894        10748.4999627583     
  -823.948128537745       -1368.67018938284       -7132.92133828288     
   5040.08268762929        628.235790783692       -4099.48909214850     
  -9246.02932758769       -576.298893105531        8947.92950185977     
   5889.24163223844       -1006.79114613080       -5239.88924038052     
  -1392.89554887287        2564.96343796709        2855.22995612053     
   771.772131654621       -635.811081529640       -2810.81324059149     
  0.000000000000000E+000  0.000000000000000E+000  0.000000000000000E+000
  0.000000000000000E+000  0.000000000000000E+000  0.000000000000000E+000
  0.000000000000000E+000  0.000000000000000E+000  0.000000000000000E+000
  0.000000000000000E+000  0.000000000000000E+000  0.000000000000000E+000
  0.000000000000000E+000  0.000000000000000E+000  0.000000000000000E+000
  0.000000000000000E+000  0.000000000000000E+000  0.000000000000000E+000
  0.000000000000000E+000  0.000000000000000E+000  0.000000000000000E+000
  0.000000000000000E+000  0.000000000000000E+000  0.000000000000000E+000
  0.000000000000000E+000  0.000000000000000E+000  0.000000000000000E+000
  0.000000000000000E+000  0.000000000000000E+000  0.000000000000000E+000
  0.000000000000000E+000  0.000000000000000E+000  0.000000000000000E+000
  0.000000000000000E+000  0.000000000000000E+000  0.000000000000000E+000
  0.000000000000000E+000  0.000000000000000E+000  0.000000000000000E+000
  0.000000000000000E+000  0.000000000000000E+000  0.000000000000000E+000
  0.000000000000000E+000  0.000000000000000E+000  0.000000000000000E+000
  0.000000000000000E+000  0.000000000000000E+000  0.000000000000000E+000
  0.000000000000000E+000  0.000000000000000E+000  0.000000000000000E+000
  0.000000000000000E+000  0.000000000000000E+000  0.000000000000000E+000
  0.000000000000000E+000  0.000000000000000E+000  0.000000000000000E+000
  0.000000000000000E+000  0.000000000000000E+000  0.000000000000000E+000
  0.000000000000000E+000  0.000000000000000E+000  0.000000000000000E+000
  0.000000000000000E+000  0.000000000000000E+000  0.000000000000000E+000
  0.000000000000000E+000  0.000000000000000E+000  0.000000000000000E+000
  0.000000000000000E+000  0.000000000000000E+000  0.000000000000000E+000
  0.000000000000000E+000  0.000000000000000E+000  0.000000000000000E+000
  0.000000000000000E+000  0.000000000000000E+000  0.000000000000000E+000
  0.000000000000000E+000  0.000000000000000E+000  0.000000000000000E+000
  0.000000000000000E+000  0.000000000000000E+000  0.000000000000000E+000
  0.000000000000000E+000  0.000000000000000E+000  0.000000000000000E+000
  0.000000000000000E+000  0.000000000000000E+000  0.000000000000000E+000
  0.000000000000000E+000  0.000000000000000E+000  0.000000000000000E+000
  0.000000000000000E+000  0.000000000000000E+000  0.000000000000000E+000
  0.000000000000000E+000  0.000000000000000E+000  0.000000000000000E+000
  0.000000000000000E+000  0.000000000000000E+000  0.000000000000000E+000
  0.000000000000000E+000  0.000000000000000E+000  0.000000000000000E+000
  0.000000000000000E+000  0.000000000000000E+000  0.000000000000000E+000
