         140  1.399999999999997E-002  1.399999999999997E-002
  0.000000000000000E+000  0.000000000000000E+000  0.000000000000000E+000
  0.000000000000000E+000  0.000000000000000E+000  0.000000000000000E+000
  5.007247606410140E-002  5.953546966494164E-002 -7.398965696592001E-002
  6.105742550853427E-002  8.264652946929357E-002 -0.112512620428787     
  8.484333444448357E-002  0.107400197843599      -0.159030340275710     
  9.338330735764908E-002  0.136611703313164      -0.188679481306103     
  0.102777427137218       0.169105408046272      -0.215608115283741     
  0.113433732211776       0.203413370427663      -0.238314545512153     
  0.121683575189126       0.210795287741921      -0.247590309588700     
  0.119403304297251       0.199945164576480      -0.238301736566415     
  9.503954333717016E-002  0.173579531078415      -0.215607740250749     
  7.162471960628261E-002  0.149223328060377      -0.188708325058268     
  5.061465694908490E-002  0.127240221529936      -0.159088181246087     
  4.103385947762072E-002  9.423300791485599E-002 -0.112570555440505     
  2.652931055840286E-002  7.317639666491556E-002 -7.404014391159525E-002
  0.000000000000000E+000  0.000000000000000E+000  0.000000000000000E+000
  0.000000000000000E+000  0.000000000000000E+000  0.000000000000000E+000
  0.000000000000000E+000  0.000000000000000E+000  0.000000000000000E+000
  0.000000000000000E+000  0.000000000000000E+000  0.000000000000000E+000
  3.684178132045073E-002  5.621550097398509E-002 -6.267464696908857E-002
  5.776205988771987E-002  8.821042721815144E-002 -0.112400718253840     
  7.294939642264228E-002  0.114827212469381      -0.150935800900712     
  8.634859087326660E-002  0.142935143414289      -0.187181060137418     
  9.371153032319361E-002  0.170481027728577      -0.211849332169241     
  0.105559665195380       0.194997593255409      -0.237292399633780     
  0.115290686270701       0.199722095253420      -0.245072246684391     
  0.116068464452598       0.188934143657334      -0.237291736482479     
  0.100749008235911       0.166411192857900      -0.211848655499905     
  8.060266390719198E-002  0.146283006400391      -0.187210506658720     
  6.297593333302270E-002  0.120630625980958      -0.150979596667327     
  4.749971779514416E-002  9.415711392494738E-002 -0.112453357694076     
  3.026967793554382E-002  6.004107262669789E-002 -6.271143385665139E-002
  0.000000000000000E+000  0.000000000000000E+000  0.000000000000000E+000
  0.000000000000000E+000  0.000000000000000E+000  0.000000000000000E+000
  0.000000000000000E+000  0.000000000000000E+000  0.000000000000000E+000
  0.000000000000000E+000  0.000000000000000E+000  0.000000000000000E+000
  2.674238064932776E-002  4.889212236014076E-002 -4.745805985859756E-002
  4.220713647788283E-002  9.781099045526501E-002 -0.103380360758921     
  6.053684056232479E-002  0.131354831692284      -0.143745374825199     
  7.062963168062597E-002  0.157546890484497      -0.180247143591977     
  8.406989228783933E-002  0.174161380062120      -0.208390705087746     
  9.475876486225134E-002  0.182387678252998      -0.227158065416207     
  0.105776169268331       0.183239644842536      -0.235157106103118     
  0.110558656205071       0.173294098920756      -0.227176512746392     
  0.108739684692167       0.159899587241342      -0.208390070674219     
  0.101082558025225       0.139947196880068      -0.180259534278920     
  8.346294699771672E-002  0.118120742084201      -0.143772918223244     
  6.359144461265347E-002  8.545311847327212E-002 -0.103403351158598     
  2.897359967097819E-002  4.761092672458242E-002 -4.747191895824032E-002
  0.000000000000000E+000  0.000000000000000E+000  0.000000000000000E+000
  0.000000000000000E+000  0.000000000000000E+000  0.000000000000000E+000
  0.000000000000000E+000  0.000000000000000E+000  0.000000000000000E+000
  0.000000000000000E+000  0.000000000000000E+000  0.000000000000000E+000
  2.164309337025271E-002  3.579572270008252E-002 -3.519070008259021E-002
  3.296137717035588E-002  0.100901523606724      -8.899707745536065E-002
  4.695810978919294E-002  0.139951518331097      -0.133378563765707     
  6.097474401828143E-002  0.165407460254791      -0.170929910960308     
  7.341345143979533E-002  0.173626634341283      -0.196995104179970     
  8.674694343373050E-002  0.174731803100544      -0.213009417353281     
  9.840085268311458E-002  0.170463083977347      -0.218183826586106     
  0.107949160732830       0.162560361909291      -0.213066170272674     
  0.113622426587165       0.150422573569477      -0.197017590904956     
  0.112694729256608       0.135503793789656      -0.170921292648827     
  9.765983964849888E-002  0.110616777490823      -0.133367604477053     
  7.085778927435826E-002  7.895675213944199E-002 -8.897122541476868E-002
  2.017062118682579E-002  3.663157580499099E-002 -3.519109762957712E-002
  0.000000000000000E+000  0.000000000000000E+000  0.000000000000000E+000
  0.000000000000000E+000  0.000000000000000E+000  0.000000000000000E+000
  0.000000000000000E+000  0.000000000000000E+000  0.000000000000000E+000
  0.000000000000000E+000  0.000000000000000E+000  0.000000000000000E+000
  2.212852505790503E-002  1.606946700930607E-002 -2.545770041810202E-002
  2.574295285213828E-002  9.461762058028378E-002 -7.557054464786764E-002
  4.292015146061582E-002  0.139857720553261      -0.121453431379664     
  5.334820523888278E-002  0.163794994958331      -0.159290726667755     
  6.809926996894280E-002  0.172017560477832      -0.185623132625202     
  8.129014613227034E-002  0.170155635225649      -0.200936480201453     
  9.522896452173027E-002  0.164969893081142      -0.206497534067397     
  0.106737471146877       0.155569582880889      -0.201028843643157     
  0.114909635460916       0.145041960680816      -0.185674942312697     
  0.115112351547790       0.128085957340099      -0.159273145792012     
  9.957355278839020E-002  0.107058735074308      -0.121408877987290     
  6.898639494807274E-002  6.952914616483893E-002 -7.550317030827530E-002
  2.824047936029037E-003  2.717014847894911E-002 -2.544452166188122E-002
  0.000000000000000E+000  0.000000000000000E+000  0.000000000000000E+000
  0.000000000000000E+000  0.000000000000000E+000  0.000000000000000E+000
  0.000000000000000E+000  0.000000000000000E+000  0.000000000000000E+000
  0.000000000000000E+000  0.000000000000000E+000  0.000000000000000E+000
  1.176688362863963E-002 -8.256196214120624E-003 -1.360902188210061E-002
  2.982695675873996E-002  9.519396428421686E-002 -6.698507774585630E-002
  3.658912391107065E-002  0.130684900275507      -0.110339928978861     
  5.061625338032910E-002  0.161071739137595      -0.148918280538506     
  6.315259408044305E-002  0.166811514375098      -0.174741112974440     
  7.769040185409103E-002  0.165782746588211      -0.190178916942500     
  9.188170291002372E-002  0.159162886903593      -0.195275080014891     
  0.104796578005942       0.150326002839856      -0.190331564745106     
  0.112913414226808       0.138191082679321      -0.174833924407713     
  0.114142585498231       0.124393318136222      -0.148907907502265     
  9.478885500254544E-002  9.696430524386543E-002 -0.110272543467894     
  6.746963653640235E-002  7.338904755487444E-002 -6.691604976943383E-002
 -1.307902444763645E-002  6.014746388392007E-003 -1.359404031967860E-002
  0.000000000000000E+000  0.000000000000000E+000  0.000000000000000E+000
  0.000000000000000E+000  0.000000000000000E+000  0.000000000000000E+000
  0.000000000000000E+000  0.000000000000000E+000  0.000000000000000E+000
  0.000000000000000E+000  0.000000000000000E+000  0.000000000000000E+000
  1.495190301605169E-002 -8.351272040057976E-003 -1.180784571811613E-002
  2.544356821320438E-002  8.185429327839604E-002 -5.610023261524901E-002
  3.385741585399538E-002  0.121259008948420      -9.944207571604916E-002
  4.552864454880515E-002  0.149440471398338      -0.136425739004569     
  5.761115149684353E-002  0.155951473910067      -0.161549777826140     
  7.169628584637984E-002  0.154796125102082      -0.176225436076875     
  8.570129101190686E-002  0.148456251013397      -0.181245070127240     
  9.835169509461100E-002  0.139726504047549      -0.176475670893791     
  0.106351541673144       0.128037151846238      -0.161721489675725     
  0.106641759896390       0.114186874927113      -0.136442823968937     
  8.805258716912094E-002  8.995798799727216E-002 -9.939084504913011E-002
  5.808606861839719E-002  6.285821858396139E-002 -5.601742326008934E-002
 -1.469793953240227E-002  8.810484723846988E-003 -1.180480809252821E-002
  0.000000000000000E+000  0.000000000000000E+000  0.000000000000000E+000
  0.000000000000000E+000  0.000000000000000E+000  0.000000000000000E+000
  0.000000000000000E+000  0.000000000000000E+000  0.000000000000000E+000
  0.000000000000000E+000  0.000000000000000E+000  0.000000000000000E+000
  9.147168139071933E-003 -9.555059096107084E-003 -6.061264562976918E-003
  2.350492960071142E-002  6.262770978922370E-002 -4.399275498422904E-002
  2.908795616153672E-002  0.100449896390044      -8.302550714346615E-002
  3.857770280287055E-002  0.124793673376470      -0.115783907415898     
  4.932342566493464E-002  0.133565305752717      -0.139506759353454     
  6.185434730538214E-002  0.133492662351422      -0.153334898648339     
  7.412617623795288E-002  0.128366237025942      -0.157997678556264     
  8.491931137720928E-002  0.120666950952174      -0.153728997301572     
  9.116018081501771E-002  0.109748699646784      -0.139783158987104     
  8.881538359718497E-002  9.589371936258000E-002 -0.115851045836657     
  7.248208320940414E-002  7.544631550015468E-002 -8.301371887849142E-002
  4.243120816445465E-002  5.161130521751668E-002 -4.392226483138423E-002
 -1.284914322293946E-002  3.133989812323342E-003 -6.043418694663994E-003
  0.000000000000000E+000  0.000000000000000E+000  0.000000000000000E+000
  0.000000000000000E+000  0.000000000000000E+000  0.000000000000000E+000
  0.000000000000000E+000  0.000000000000000E+000  0.000000000000000E+000
  0.000000000000000E+000  0.000000000000000E+000  0.000000000000000E+000
  4.440983826883147E-003 -9.682431088486126E-003 -2.411041299471747E-003
  1.846746588965199E-002  4.030554536875791E-002 -2.882888809666641E-002
  2.034818743657700E-002  6.219267634257321E-002 -5.349530908732307E-002
  2.662248477791240E-002  8.500876437575731E-002 -8.044562206371660E-002
  3.450668183201015E-002  9.276463171234586E-002 -0.100579707084707     
  4.326465323260725E-002  9.406972932016459E-002 -0.112117842120070     
  5.254788964815279E-002  9.096837007387416E-002 -0.116523668657660     
  6.010135679694636E-002  8.485518539602319E-002 -0.112605922316525     
  6.323336567840283E-002  7.648786568715088E-002 -0.100895169610729     
  6.034594389571168E-002  6.564212710396733E-002 -8.054123537684021E-002
  4.373517444783257E-002  4.877047231557376E-002 -5.350615702206966E-002
  2.567104890181677E-002  3.608818008279590E-002 -2.879925806507613E-002
 -1.061473487170346E-002 -9.636970929952520E-004 -2.381103255259855E-003
  0.000000000000000E+000  0.000000000000000E+000  0.000000000000000E+000
  0.000000000000000E+000  0.000000000000000E+000  0.000000000000000E+000
  0.000000000000000E+000  0.000000000000000E+000  0.000000000000000E+000
  0.000000000000000E+000  0.000000000000000E+000  0.000000000000000E+000
  6.850982926154668E-006 -4.423571884795819E-003 -3.425821332393145E-003
  9.815222926391896E-003  9.292342991302100E-003 -7.053850121792188E-003
  1.036504082315555E-002  1.548647871673058E-002 -1.423509725530558E-002
  1.633729753038699E-002  2.903098483038540E-002 -2.546205331781378E-002
  1.720601916600847E-002  3.435821808014978E-002 -3.356108032804439E-002
  2.055985731134576E-002  3.857061670598370E-002 -4.049964975630314E-002
  2.226269762062708E-002  3.845844900019672E-002 -4.252058721163821E-002
  2.331897338353071E-002  3.740541908241637E-002 -4.083761020695104E-002
  2.120558474526186E-002  3.227231986535730E-002 -3.373257237076873E-002
  1.699902385697290E-002  2.867027774542483E-002 -2.548050434080355E-002
  8.274910298415447E-003  1.675481971711374E-002 -1.426028010339695E-002
  3.157823679656746E-003  1.311429107444664E-002 -7.037171202578270E-003
 -3.837040638882691E-003 -2.187999833978757E-003 -3.412868087699109E-003
  0.000000000000000E+000  0.000000000000000E+000  0.000000000000000E+000
  0.000000000000000E+000  0.000000000000000E+000  0.000000000000000E+000
  0.000000000000000E+000  0.000000000000000E+000  0.000000000000000E+000
  0.000000000000000E+000  0.000000000000000E+000  0.000000000000000E+000
  0.000000000000000E+000  0.000000000000000E+000  0.000000000000000E+000
  0.000000000000000E+000  0.000000000000000E+000  0.000000000000000E+000
  0.000000000000000E+000  0.000000000000000E+000  0.000000000000000E+000
  0.000000000000000E+000  0.000000000000000E+000  0.000000000000000E+000
  0.000000000000000E+000  0.000000000000000E+000  0.000000000000000E+000
  0.000000000000000E+000  0.000000000000000E+000  0.000000000000000E+000
  0.000000000000000E+000  0.000000000000000E+000  0.000000000000000E+000
  0.000000000000000E+000  0.000000000000000E+000  0.000000000000000E+000
  0.000000000000000E+000  0.000000000000000E+000  0.000000000000000E+000
  0.000000000000000E+000  0.000000000000000E+000  0.000000000000000E+000
  0.000000000000000E+000  0.000000000000000E+000  0.000000000000000E+000
  0.000000000000000E+000  0.000000000000000E+000  0.000000000000000E+000
  0.000000000000000E+000  0.000000000000000E+000  0.000000000000000E+000
  0.000000000000000E+000  0.000000000000000E+000  0.000000000000000E+000
  0.000000000000000E+000  0.000000000000000E+000  0.000000000000000E+000
  0.000000000000000E+000  0.000000000000000E+000  0.000000000000000E+000
  0.000000000000000E+000  0.000000000000000E+000  0.000000000000000E+000
  0.000000000000000E+000  0.000000000000000E+000  0.000000000000000E+000
  0.000000000000000E+000  0.000000000000000E+000  0.000000000000000E+000
  0.000000000000000E+000  0.000000000000000E+000  0.000000000000000E+000
  0.000000000000000E+000  0.000000000000000E+000  0.000000000000000E+000
  0.000000000000000E+000  0.000000000000000E+000  0.000000000000000E+000
  0.000000000000000E+000  0.000000000000000E+000  0.000000000000000E+000
  0.000000000000000E+000  0.000000000000000E+000  0.000000000000000E+000
  0.000000000000000E+000  0.000000000000000E+000  0.000000000000000E+000
  0.000000000000000E+000  0.000000000000000E+000  0.000000000000000E+000
  0.000000000000000E+000  0.000000000000000E+000  0.000000000000000E+000
  0.000000000000000E+000  0.000000000000000E+000  0.000000000000000E+000
  0.000000000000000E+000  0.000000000000000E+000  0.000000000000000E+000
  0.000000000000000E+000  0.000000000000000E+000  0.000000000000000E+000
  0.000000000000000E+000  0.000000000000000E+000  0.000000000000000E+000
  0.000000000000000E+000  0.000000000000000E+000  0.000000000000000E+000
  0.000000000000000E+000  0.000000000000000E+000  0.000000000000000E+000
  0.000000000000000E+000  0.000000000000000E+000  0.000000000000000E+000
 -9.524396063639763E-004  8.076003525929677E-003  1.703637781953089E-003
 -5.118436514883674E-003 -5.304103741667162E-003  9.166751388408220E-003
 -8.473739147526910E-003 -1.536554287242574E-003  2.235748244315116E-002
 -4.553178494556492E-004  5.343245156974333E-003  3.183409147544739E-002
  1.054989830049441E-002 -4.171065022283558E-003  2.205089222797511E-002
  1.599916290763123E-002  2.583050846318047E-002 -5.348418461900462E-003
  3.021190957929667E-002  5.246345906251195E-002 -2.416781354319392E-002
  1.431381426489231E-002  2.680055831548679E-002 -5.203857527157150E-003
 -9.383898770584900E-003  6.748432266714166E-003  2.210892420183406E-002
  4.789054109887366E-003  2.305741294692278E-003  3.160624904133669E-002
  2.884400006492780E-003 -7.970990403306942E-003  2.221814039161063E-002
 -2.406263111623228E-003 -7.209623536039802E-003  9.142330054280451E-003
  7.189809304760478E-003  3.092878217978866E-003  1.731255426381370E-003
  0.000000000000000E+000  0.000000000000000E+000  0.000000000000000E+000
  0.000000000000000E+000  0.000000000000000E+000  0.000000000000000E+000
  0.000000000000000E+000  0.000000000000000E+000  0.000000000000000E+000
  0.000000000000000E+000  0.000000000000000E+000  0.000000000000000E+000
 -6.434604230929737E-004  8.528700497409595E-003  7.295817584498620E-004
 -3.587726017349448E-003  3.946341348036999E-003  7.310507529756692E-003
 -5.275655968004919E-003 -2.257645106339094E-003  2.108095611502581E-002
 -5.594492635710656E-004 -1.680175525962570E-003  3.212093229602456E-002
  3.016106182952285E-003 -1.110835894400907E-002  2.464044867211870E-002
  6.089536397485049E-003  1.499084607933000E-002 -1.994028141758451E-003
  2.026354374082781E-002  3.516120942474318E-002 -2.121523509413990E-002
  9.982493550220762E-003  1.293879565827673E-002 -1.885522497246686E-003
 -1.119845800218733E-002 -2.891042320701121E-003  2.469068106575134E-002
 -1.089980748481011E-003 -1.162621199970069E-003  3.189401540243315E-002
  6.412435383556323E-004 -5.624901238600157E-003  2.095540973723796E-002
  4.854434124753312E-003 -1.251850130766533E-003  7.298625923862452E-003
  7.489402565671468E-003  3.605220537754091E-003  7.511405728090709E-004
  0.000000000000000E+000  0.000000000000000E+000  0.000000000000000E+000
  0.000000000000000E+000  0.000000000000000E+000  0.000000000000000E+000
  0.000000000000000E+000  0.000000000000000E+000  0.000000000000000E+000
  0.000000000000000E+000  0.000000000000000E+000  0.000000000000000E+000
 -3.998266356453069E-004  8.887282521299320E-003 -1.487113485805292E-004
 -2.440399805105518E-003  2.100090852929252E-002  2.796465132586438E-003
  9.586698843911182E-005  1.052922207204891E-002  1.682876659007794E-002
  8.119904225656380E-004 -2.054388047491390E-002  3.369457040792027E-002
 -4.798853814655388E-003 -3.689499242623186E-002  3.783061584520639E-002
 -4.030688273833710E-003 -5.732881597428640E-003  1.427561192678491E-002
  8.387140256683903E-003  1.454571667619079E-002 -4.411282222247997E-003
 -2.572566797127905E-003 -5.855533776083425E-003  1.406249863721259E-002
 -2.883568133091877E-002 -2.194329212060706E-002  3.748771282043103E-002
 -1.780912254308163E-002 -9.262662094311518E-003  3.343110685908857E-002
  8.899756861912571E-003  5.310411754501342E-003  1.674120600020443E-002
  1.911662173663818E-002  8.290985540043578E-003  2.801349517777969E-003
  7.769660929945018E-003  4.033830125965306E-003 -1.420762530665345E-004
  0.000000000000000E+000  0.000000000000000E+000  0.000000000000000E+000
  0.000000000000000E+000  0.000000000000000E+000  0.000000000000000E+000
  0.000000000000000E+000  0.000000000000000E+000  0.000000000000000E+000
  0.000000000000000E+000  0.000000000000000E+000  0.000000000000000E+000
  1.449142539727616E-004  6.949647539009378E-003 -2.056542904739371E-004
 -1.875382742361860E-003  2.949977149722346E-002 -1.573136020944250E-003
  1.119085274977798E-003  3.611852585797910E-002  4.426925632584381E-003
  2.649446593317999E-003  1.075663066710628E-002  1.835148805286918E-002
 -7.362606283112881E-004 -6.585141145258084E-003  2.421333692422543E-002
  6.827963461100474E-003  2.166259315867529E-002 -2.202385479592046E-003
  2.387274638472062E-002  4.137864195041833E-002 -2.433211901812731E-002
  1.522453692254605E-002  1.675082068059779E-002 -2.005501053998385E-003
 -5.352791463453316E-003 -3.747137636038266E-003  2.420211635559692E-002
  7.815296416400408E-003  7.678380540155992E-003  1.830538647932292E-002
  3.041705132941576E-002  1.891531685158506E-002  4.399983326761018E-003
  2.635592271144390E-002  1.309207256497644E-002 -1.598449353362005E-003
  5.885091435173650E-003  3.560790891215826E-003 -2.078524683099682E-004
  0.000000000000000E+000  0.000000000000000E+000  0.000000000000000E+000
  0.000000000000000E+000  0.000000000000000E+000  0.000000000000000E+000
  0.000000000000000E+000  0.000000000000000E+000  0.000000000000000E+000
  0.000000000000000E+000  0.000000000000000E+000  0.000000000000000E+000
  1.636309202633677E-003  2.909937158133057E-003  3.983954220674190E-004
 -5.176019379817945E-004  2.016473923629738E-002  1.755359817411120E-004
  4.019538130619658E-003  2.370972676947964E-002  4.309564908296461E-003
  4.294120982022333E-003  1.785556898347969E-002  9.723166243740302E-003
  3.673123943673161E-003  1.556259961669169E-002  8.352868854906293E-003
  7.734345349556219E-003  2.335490611213835E-002 -2.788159161813755E-003
  1.537592332966017E-002  2.686022069851238E-002 -1.007469308755387E-002
  1.594277611882924E-002  1.822470343784452E-002 -2.417469328140860E-003
  1.103133009775059E-002  1.067705379238755E-002  8.795523729611877E-003
  1.292950038282186E-002  1.250961156137784E-002  9.830111832979849E-003
  1.838696173144781E-002  1.529858633274279E-002  4.244436320098430E-003
  1.758966606427248E-002  9.578891561293809E-003  1.698656908983238E-004
  1.687373870198473E-003  2.840933918939862E-003  3.928192201401230E-004
  0.000000000000000E+000  0.000000000000000E+000  0.000000000000000E+000
  0.000000000000000E+000  0.000000000000000E+000  0.000000000000000E+000
  0.000000000000000E+000  0.000000000000000E+000  0.000000000000000E+000
  0.000000000000000E+000  0.000000000000000E+000  0.000000000000000E+000
 -4.157647749033103E-004  2.514511817262282E-004  1.559935904164784E-003
  3.173350171582628E-003  5.259570119025251E-003  3.658380750258305E-003
  5.108744195281773E-003 -1.139302395950856E-002  1.499156179827923E-002
  3.050602092495470E-003 -2.289361219575299E-002  2.568996061630772E-002
 -1.818664062721475E-003 -2.143965780340301E-002  2.676483210957686E-002
 -4.510668999539001E-003 -1.474961153281901E-002  2.311119951270570E-002
 -6.864025789682831E-003 -1.167324281783067E-002  2.166692773576706E-002
 -1.078068428397934E-002 -1.127092684102083E-002  2.332355282042751E-002
 -1.765210599417335E-002 -1.206836228005287E-002  2.672067317982518E-002
 -2.112794889409477E-002 -8.530144345531199E-003  2.541344971082148E-002
 -1.264666103583040E-002 -1.354128145753082E-003  1.496925516016083E-002
  2.540455073385045E-003  5.174417349679523E-003  3.777248621947503E-003
  4.726415303339658E-004 -2.744546921855676E-004  1.552724611004038E-003
  0.000000000000000E+000  0.000000000000000E+000  0.000000000000000E+000
  0.000000000000000E+000  0.000000000000000E+000  0.000000000000000E+000
  0.000000000000000E+000  0.000000000000000E+000  0.000000000000000E+000
  0.000000000000000E+000  0.000000000000000E+000  0.000000000000000E+000
  2.852784981061882E-004  3.575189054601802E-004  4.997088730033268E-004
  3.182104676710578E-003 -3.028392775162549E-003  5.398513748787161E-003
  5.323408874923915E-003 -2.203084836414696E-002  1.807518543070094E-002
  2.682680454866383E-003 -2.730066240038365E-002  2.464838540480334E-002
 -8.096809404733543E-004 -1.594491930233611E-002  1.784898006870521E-002
 -1.680812662403520E-003 -6.226715694830216E-003  1.148846096082674E-002
 -3.279613491665764E-003 -5.474727586835061E-003  1.185616697975293E-002
 -4.964387516805766E-003 -4.774656456489331E-003  1.197587718567417E-002
 -1.296528941827913E-002 -8.078565857364819E-003  1.737423375538240E-002
 -2.410917383474516E-002 -1.060442842163643E-002  2.388493855773155E-002
 -2.221679587834273E-002 -6.621275815530431E-003  1.825532293067793E-002
 -5.019743665019261E-003  8.528014697164617E-004  5.687670126016283E-003
  2.819031332170196E-004  3.767406304671023E-004  4.791702671258189E-004
  0.000000000000000E+000  0.000000000000000E+000  0.000000000000000E+000
  0.000000000000000E+000  0.000000000000000E+000  0.000000000000000E+000
  0.000000000000000E+000  0.000000000000000E+000  0.000000000000000E+000
  0.000000000000000E+000  0.000000000000000E+000  0.000000000000000E+000
  4.453475447136821E-004  3.717435046038836E-004  6.784166422229573E-004
  1.887889764508833E-003 -2.103671871784003E-003  4.100006058663563E-003
  3.635486385661869E-003 -1.204293742073001E-002  1.186891786691030E-002
  1.355077025095228E-003 -1.099200022333544E-002  1.072752635475525E-002
  2.737610438807863E-003  6.799085211839425E-003 -7.492314932986276E-003
  5.311965252164404E-003  8.872549000907611E-003 -9.801503573856027E-003
  1.275502650298535E-003  2.334903069091079E-003  1.184160682124582E-003
  4.579440415641223E-003  8.790586854921581E-003 -9.087748750044037E-003
  4.475054626782680E-003  5.994472866888085E-003 -7.515047768695359E-003
 -9.388634492100674E-003 -3.674071898532207E-003  9.913014342515337E-003
 -1.246410878954902E-002 -2.913246392951300E-003  1.201725654428488E-002
 -3.623459095069841E-003  1.213919491913246E-004  4.489155208894952E-003
  2.235763393894450E-004  5.509169908388686E-004  6.267532681196635E-004
  0.000000000000000E+000  0.000000000000000E+000  0.000000000000000E+000
  0.000000000000000E+000  0.000000000000000E+000  0.000000000000000E+000
  0.000000000000000E+000  0.000000000000000E+000  0.000000000000000E+000
  0.000000000000000E+000  0.000000000000000E+000  0.000000000000000E+000
  4.121025902279248E-004 -2.126612394792060E-004  6.230110114443262E-004
  9.214953097867170E-004  1.087578478150289E-003  1.498586041545461E-003
  1.185903037131953E-003 -5.916433047943534E-003  5.946146776455462E-003
  1.108463833488274E-003 -8.029530246982905E-003  7.061853625999167E-003
  1.462437533897331E-003 -5.423688655348515E-005 -2.609675942766935E-003
  3.947484416916912E-003  1.081268273693324E-002 -1.628734317084831E-002
  1.004632103997867E-002  1.756578795595920E-002 -2.716222206113112E-002
  7.613999075345633E-003  9.114731729034221E-003 -1.667492953366910E-002
 -1.248812779437805E-003  9.731411036341248E-004 -1.750385621271806E-003
 -7.531432847596343E-003 -2.899081229296053E-003  7.032926249827268E-003
 -5.503853351730010E-003 -1.704056018241670E-003  5.703442065140773E-003
  2.066021187019228E-005  1.007120294118100E-003  1.800651528696138E-003
 -3.253013222765956E-004  2.494605462863645E-004  5.604640711926568E-004
  0.000000000000000E+000  0.000000000000000E+000  0.000000000000000E+000
  0.000000000000000E+000  0.000000000000000E+000  0.000000000000000E+000
  0.000000000000000E+000  0.000000000000000E+000  0.000000000000000E+000
  0.000000000000000E+000  0.000000000000000E+000  0.000000000000000E+000
  1.929356879145733E-004 -1.375800287693459E-004  7.040734110761113E-004
  5.996263453220604E-004  8.949842318105937E-004  4.268093873543773E-004
 -6.821003353430699E-004 -1.273813257176223E-003  1.629976738431771E-003
  1.519868978601005E-004 -4.138931287314792E-003  2.755551488530802E-003
  1.948603925819891E-003 -5.641884614837168E-003  5.206237494758799E-003
  4.996224037766901E-003  5.040559375222849E-003 -8.078156303065832E-003
  9.850654177870542E-003  1.689917306225405E-002 -2.866603502675083E-002
  2.360976166062448E-003  7.471920118135597E-003 -9.297422975078365E-003
 -6.009746606774777E-003 -1.175037123848959E-003  5.540350007767839E-003
 -3.838868875891296E-003 -2.067664972460327E-003  3.030455763610018E-003
 -6.782269729185670E-004 -1.048928700489871E-003  1.493645538458147E-003
  4.217565486824932E-004  8.836847458725174E-004  4.222536619462632E-004
 -2.132717465969438E-004  1.076208303591219E-004  7.247693057689173E-004
  0.000000000000000E+000  0.000000000000000E+000  0.000000000000000E+000
  0.000000000000000E+000  0.000000000000000E+000  0.000000000000000E+000
  0.000000000000000E+000  0.000000000000000E+000  0.000000000000000E+000
  0.000000000000000E+000  0.000000000000000E+000  0.000000000000000E+000
  0.000000000000000E+000  0.000000000000000E+000  0.000000000000000E+000
  0.000000000000000E+000  0.000000000000000E+000  0.000000000000000E+000
  0.000000000000000E+000  0.000000000000000E+000  0.000000000000000E+000
  0.000000000000000E+000  0.000000000000000E+000  0.000000000000000E+000
  0.000000000000000E+000  0.000000000000000E+000  0.000000000000000E+000
  0.000000000000000E+000  0.000000000000000E+000  0.000000000000000E+000
  0.000000000000000E+000  0.000000000000000E+000  0.000000000000000E+000
  0.000000000000000E+000  0.000000000000000E+000  0.000000000000000E+000
  0.000000000000000E+000  0.000000000000000E+000  0.000000000000000E+000
  0.000000000000000E+000  0.000000000000000E+000  0.000000000000000E+000
  0.000000000000000E+000  0.000000000000000E+000  0.000000000000000E+000
  0.000000000000000E+000  0.000000000000000E+000  0.000000000000000E+000
  0.000000000000000E+000  0.000000000000000E+000  0.000000000000000E+000
  0.000000000000000E+000  0.000000000000000E+000  0.000000000000000E+000
  0.000000000000000E+000  0.000000000000000E+000  0.000000000000000E+000
  0.000000000000000E+000  0.000000000000000E+000  0.000000000000000E+000
  0.000000000000000E+000  0.000000000000000E+000  0.000000000000000E+000
  0.000000000000000E+000  0.000000000000000E+000  0.000000000000000E+000
  0.000000000000000E+000  0.000000000000000E+000  0.000000000000000E+000
  0.000000000000000E+000  0.000000000000000E+000  0.000000000000000E+000
  0.000000000000000E+000  0.000000000000000E+000  0.000000000000000E+000
  0.000000000000000E+000  0.000000000000000E+000  0.000000000000000E+000
  0.000000000000000E+000  0.000000000000000E+000  0.000000000000000E+000
  0.000000000000000E+000  0.000000000000000E+000  0.000000000000000E+000
  0.000000000000000E+000  0.000000000000000E+000  0.000000000000000E+000
  0.000000000000000E+000  0.000000000000000E+000  0.000000000000000E+000
  0.000000000000000E+000  0.000000000000000E+000  0.000000000000000E+000
  0.000000000000000E+000  0.000000000000000E+000  0.000000000000000E+000
  0.000000000000000E+000  0.000000000000000E+000  0.000000000000000E+000
  0.000000000000000E+000  0.000000000000000E+000  0.000000000000000E+000
  0.000000000000000E+000  0.000000000000000E+000  0.000000000000000E+000
  0.000000000000000E+000  0.000000000000000E+000  0.000000000000000E+000
  0.000000000000000E+000  0.000000000000000E+000  0.000000000000000E+000
  0.000000000000000E+000  0.000000000000000E+000  0.000000000000000E+000
   6.46761872255593       -25.7014323678134        101.588204453360     
   34.0845230889712       -15.4205496679067        73.7496017399764     
   15.1506910906883        12.5791406564378        17.7993542418788     
  -64.0215345173583       7.759133098652081E-002  -3.65681706035632     
  -132.613846884340        1.50408730944028        146.445024252804     
  -131.727400240517       -142.352580690036        357.335135131971     
  -38.1178874145071       -64.3658489117604        393.644366567388     
  -46.3022869892863       -173.333740718648        354.350642802839     
   67.3746899538871       -112.774431174010        152.214953422295     
   34.9074080708767       -54.7603647502808        1.90334010202859     
   10.0125377266012        23.9903861332541        21.0625073053708     
  -24.4533513116922        27.0541891072470        78.0535040976180     
  -30.2772343168396       -9.93826807128064        104.344028584656     
  0.000000000000000E+000  0.000000000000000E+000  0.000000000000000E+000
  0.000000000000000E+000  0.000000000000000E+000  0.000000000000000E+000
  0.000000000000000E+000  0.000000000000000E+000  0.000000000000000E+000
  0.000000000000000E+000  0.000000000000000E+000  0.000000000000000E+000
   16.5934455033607       -2.09574647428057        85.1111722587380     
   23.5945088046916       -16.3987421286330        86.9268309359861     
   3.30400592143796       -6.90381048936440        14.3383135821531     
  -44.3268201750065        16.5454556175902       -19.3841324362066     
  -61.8964168142612        2.98753090334712        119.510289429715     
  -69.9265600957581       -105.724083028644        357.528776755016     
  -49.4816188984286       -85.2811451926429        403.648993537349     
  -51.2861543402436       -108.384283344117        356.039718065976     
   32.1605517308993       -53.3403974292207        125.660934874368     
   36.1984727883124       -30.1971643296788       -14.5994310775226     
  -3.57638438230795        2.27882794016044        16.7202683122166     
  -26.2600125774460        13.8010145436316        91.8690186524179     
  -15.5392829993154        10.9569892996487        87.7200754993974     
  0.000000000000000E+000  0.000000000000000E+000  0.000000000000000E+000
  0.000000000000000E+000  0.000000000000000E+000  0.000000000000000E+000
  0.000000000000000E+000  0.000000000000000E+000  0.000000000000000E+000
  0.000000000000000E+000  0.000000000000000E+000  0.000000000000000E+000
   23.0039947837198        39.2419151446233        63.1551289847721     
   19.1994712530256        5.94993778837896        91.6314202106069     
  -10.2971433930908       -85.2013672637961        47.5192487322153     
  -20.0058397768797        27.6638205203713       -36.9568034711553     
   9.12631215288373        88.3681903781337        41.4873636222201     
  -4.49050990672614       -66.8720976361857        301.045524939841     
  -69.4619664020781       -121.891915608202        422.729961659418     
  -59.5089481315283       -43.1382037437223        307.197986476820     
   61.4893135392533        43.4520293313973        52.2219154696881     
   27.1764674763549       -7.21798081378639       -31.6367627871283     
  -74.8480899253934       -53.8404736227017        50.6190161134712     
  -17.0298069920697        15.2797029810682        97.9290188901301     
   16.6380750113590        37.3809249388647        65.6305182899413     
  0.000000000000000E+000  0.000000000000000E+000  0.000000000000000E+000
  0.000000000000000E+000  0.000000000000000E+000  0.000000000000000E+000
  0.000000000000000E+000  0.000000000000000E+000  0.000000000000000E+000
  0.000000000000000E+000  0.000000000000000E+000  0.000000000000000E+000
   21.4144414743991        52.5165763296203        52.5324980407728     
  -4.73364015622893        194.460145457793        42.5532407287643     
  -33.6189010361649        38.2903580972507        45.4672710467671     
  -33.8710532432810       -160.662650000620        62.3891782985483     
   6.79781876199200        7.37427155949254        38.2108430711670     
   31.4274274875407        25.1486971118638        180.135934721970     
  -45.7950724855480       -81.7859564050287        345.531335019914     
 -0.388442005080014        30.1727266184501        189.198408722701     
   5.62670502368986        11.0523674225976        39.0488325586521     
  -116.900551496074       -104.861974229550        60.7802950989630     
   35.4639407805626       -14.8654872179823        51.7118978732306     
   151.811270081305        87.1236864055507        50.3290002981563     
   30.7264752008941        43.2404848698166        54.5365459548114     
  0.000000000000000E+000  0.000000000000000E+000  0.000000000000000E+000
  0.000000000000000E+000  0.000000000000000E+000  0.000000000000000E+000
  0.000000000000000E+000  0.000000000000000E+000  0.000000000000000E+000
  0.000000000000000E+000  0.000000000000000E+000  0.000000000000000E+000
   40.6103113282009        22.0019084829947        48.0583992573266     
  -60.1412411132701        392.613869135396       -23.1796283496800     
  -72.5223259442975        398.123401171114       -71.6404971808160     
  -78.0684406579141       -211.487054116927        135.561404987247     
  -72.3840959056543       -372.690113269027        272.991000147112     
   21.5644142104552       -15.5731628477984        158.698216691620     
   75.4032229110619        126.790666013176        123.222491187329     
  -16.6243123258810        15.7007417981352        153.028496232768     
  -262.448076364202       -228.912809137536        254.066760648016     
  -129.858819943420       -161.420902695232        126.351386228705     
   373.142767062653        135.490190424755       -67.5559629592208     
   360.841518449832        143.333001514715       -18.8158797375083     
  -2.42187711955159        45.6182043799832        49.0514081822160     
  0.000000000000000E+000  0.000000000000000E+000  0.000000000000000E+000
  0.000000000000000E+000  0.000000000000000E+000  0.000000000000000E+000
  0.000000000000000E+000  0.000000000000000E+000  0.000000000000000E+000
  0.000000000000000E+000  0.000000000000000E+000  0.000000000000000E+000
   21.9437396271540       -14.2659381773946        57.8380928394670     
  -59.5075767337721        420.252874441642       -40.8804312742247     
  -84.4899163151460        338.119593132241       -59.4629803727728     
  -72.1289002048089       -101.382798095496        117.563932861081     
  -79.5184883850843       -308.430984632213        274.104329158062     
   29.0984468772000        43.2959712332560        94.6250391023405     
   191.370290457255        331.824891177880       -101.647603973177     
   12.8404849827916        35.9563986267391        103.818386498500     
  -233.351015356851       -227.165170294498        276.015590343111     
  -53.8770259608514       -112.885565985390        118.140470252824     
   338.993876123326        101.083279605039       -59.7275484479321     
   402.418777912281        165.229739807993       -42.4695322569327     
  -25.0568645532053        13.0418601680699        58.1924944468427     
  0.000000000000000E+000  0.000000000000000E+000  0.000000000000000E+000
  0.000000000000000E+000  0.000000000000000E+000  0.000000000000000E+000
  0.000000000000000E+000  0.000000000000000E+000  0.000000000000000E+000
  0.000000000000000E+000  0.000000000000000E+000  0.000000000000000E+000
   13.9292478046031        6.94299135753075        42.9425367246136     
  -45.0008931867022        210.965286610166      -0.706613562763282     
  -51.0151827794503       -135.308801175420        140.973542458013     
  -46.8258953024212       -118.625176470065        149.769986810755     
   1.75522439556597        99.6768981284468       -10.0036491192800     
   28.5241616014059        70.7056608764985        60.4523628903264     
   37.7377336410804        68.7698968220305        94.4386945504379     
   35.7929791671113        52.1289520125892        68.4511785641931     
   70.8155963513660        42.0663664028389      -0.185614455915169     
  -88.2723828906759       -103.790533855748        156.042331255500     
  -82.1070893274749       -104.565093492170        137.672087845685     
   224.033860042320        77.6323912397740       -6.95312884457179     
  -3.09022954392505        17.7790970136219        43.8380268645237     
  0.000000000000000E+000  0.000000000000000E+000  0.000000000000000E+000
  0.000000000000000E+000  0.000000000000000E+000  0.000000000000000E+000
  0.000000000000000E+000  0.000000000000000E+000  0.000000000000000E+000
  0.000000000000000E+000  0.000000000000000E+000  0.000000000000000E+000
  -7.85863331291242        21.0435452480944        32.0837899810436     
  -20.6404115101738       -23.1133423640743        57.0050397647927     
  -8.48018642990228       -273.038832050149        233.834279002165     
  -8.17776985894679       -52.4882032261991        100.581698421302     
   37.1950557725000        207.582570507040       -167.567104720166     
   8.77329914199821       -33.4688108557217        141.640348803203     
  -152.623878684152       -258.928992686367        491.927200291801     
  -24.2947476138994        6.58684347896387        117.317495881448     
   168.704821542233        143.550067644176       -180.232989203016     
  -46.5090543751234       -36.7401341936214        108.108021549589     
  -227.394589570663       -140.365198471326        232.873244111464     
   8.72716045715967       -18.3553704412804        49.7038214240126     
   19.0529656586023        4.84602300999032        33.5966228545088     
  0.000000000000000E+000  0.000000000000000E+000  0.000000000000000E+000
  0.000000000000000E+000  0.000000000000000E+000  0.000000000000000E+000
  0.000000000000000E+000  0.000000000000000E+000  0.000000000000000E+000
  0.000000000000000E+000  0.000000000000000E+000  0.000000000000000E+000
  -5.13430343576585        14.7894047808664        5.61494978773783     
  -21.6201989962908       -66.4409876751931        70.4091172399908     
  -7.52637500141749       -60.6077894589761        70.0537237759740     
   17.7485451019509        44.9428476068963       -28.7423669356570     
   21.5266896881759        75.3295032594809       -65.6366627849688     
   9.77232811931578        18.6027663708555        38.3860028702351     
  -39.3936622774997       -67.6618907385419        205.891366061937     
   12.8726193962859        19.6866493616309        32.9829065989583     
   56.0355815834621        58.3733285337318       -68.6431524040595     
   24.5331010436470        35.1035687179046       -18.6243116390391     
  -50.2586302141424       -38.4042856691509        74.8651306043037     
  -37.3631193046707       -43.8932768095548        65.8686197819511     
   13.8581773648169        2.73280510325811        6.62602380630214     
  0.000000000000000E+000  0.000000000000000E+000  0.000000000000000E+000
  0.000000000000000E+000  0.000000000000000E+000  0.000000000000000E+000
  0.000000000000000E+000  0.000000000000000E+000  0.000000000000000E+000
  0.000000000000000E+000  0.000000000000000E+000  0.000000000000000E+000
   1.82842474727829        6.72770075905852        10.0402573106053     
  -16.8600411277412       -9.53699143356281        12.7559786512435     
   11.0075498579704        22.4658653841929       -24.8336536765635     
   11.8439635478547        18.9774450761430       -19.2432092494716     
   13.6578006562218        10.2020605392427        13.9741194616009     
   14.1246221711188        51.3717617200577       -57.4418424785936     
   42.1182825728157        72.1919906923968       -128.251486779901     
   32.1398148234068        31.0985842407105       -42.5839091780529     
  -1.70374347292109        12.6466091924083        23.8363597362603     
   9.93925121492576        18.5441481812365       -15.8211871908103     
   13.9190001237185        19.0507601225070       -21.4226576977296     
   1.30735266421833       -17.2524729689963        13.0866534462853     
   4.87211568663999        5.07733659297852        10.4883834362180     
  0.000000000000000E+000  0.000000000000000E+000  0.000000000000000E+000
  0.000000000000000E+000  0.000000000000000E+000  0.000000000000000E+000
  0.000000000000000E+000  0.000000000000000E+000  0.000000000000000E+000
  0.000000000000000E+000  0.000000000000000E+000  0.000000000000000E+000
  0.000000000000000E+000  0.000000000000000E+000  0.000000000000000E+000
  0.000000000000000E+000  0.000000000000000E+000  0.000000000000000E+000
  0.000000000000000E+000  0.000000000000000E+000  0.000000000000000E+000
  0.000000000000000E+000  0.000000000000000E+000  0.000000000000000E+000
  0.000000000000000E+000  0.000000000000000E+000  0.000000000000000E+000
  0.000000000000000E+000  0.000000000000000E+000  0.000000000000000E+000
  0.000000000000000E+000  0.000000000000000E+000  0.000000000000000E+000
  0.000000000000000E+000  0.000000000000000E+000  0.000000000000000E+000
  0.000000000000000E+000  0.000000000000000E+000  0.000000000000000E+000
  0.000000000000000E+000  0.000000000000000E+000  0.000000000000000E+000
  0.000000000000000E+000  0.000000000000000E+000  0.000000000000000E+000
  0.000000000000000E+000  0.000000000000000E+000  0.000000000000000E+000
  0.000000000000000E+000  0.000000000000000E+000  0.000000000000000E+000
  0.000000000000000E+000  0.000000000000000E+000  0.000000000000000E+000
  0.000000000000000E+000  0.000000000000000E+000  0.000000000000000E+000
  0.000000000000000E+000  0.000000000000000E+000  0.000000000000000E+000
  0.000000000000000E+000  0.000000000000000E+000  0.000000000000000E+000
  0.000000000000000E+000  0.000000000000000E+000  0.000000000000000E+000
  0.000000000000000E+000  0.000000000000000E+000  0.000000000000000E+000
  0.000000000000000E+000  0.000000000000000E+000  0.000000000000000E+000
  0.000000000000000E+000  0.000000000000000E+000  0.000000000000000E+000
  0.000000000000000E+000  0.000000000000000E+000  0.000000000000000E+000
  0.000000000000000E+000  0.000000000000000E+000  0.000000000000000E+000
  0.000000000000000E+000  0.000000000000000E+000  0.000000000000000E+000
  0.000000000000000E+000  0.000000000000000E+000  0.000000000000000E+000
  0.000000000000000E+000  0.000000000000000E+000  0.000000000000000E+000
  0.000000000000000E+000  0.000000000000000E+000  0.000000000000000E+000
  0.000000000000000E+000  0.000000000000000E+000  0.000000000000000E+000
  0.000000000000000E+000  0.000000000000000E+000  0.000000000000000E+000
  0.000000000000000E+000  0.000000000000000E+000  0.000000000000000E+000
  0.000000000000000E+000  0.000000000000000E+000  0.000000000000000E+000
  0.000000000000000E+000  0.000000000000000E+000  0.000000000000000E+000
