          80  8.000000000000007E-003  8.000000000000007E-003
  0.000000000000000E+000  0.000000000000000E+000  0.000000000000000E+000
  0.000000000000000E+000  0.000000000000000E+000  0.000000000000000E+000
  5.430027200575696E-002  8.317133715565868E-002 -7.697923432298058E-002
  7.228343192425266E-002  0.144801558516609      -0.123612800068298     
  0.105441658019086       0.199445859450278      -0.175383495389923     
  0.123211905382344       0.252808931326567      -0.211102093266603     
  0.143008569944604       0.281614574189578      -0.240411193185296     
  0.158356255818808       0.294454170465243      -0.256661808628476     
  0.170362137743861       0.295136489091670      -0.262501707426827     
  0.175762795238673       0.284354551441014      -0.256630220785289     
  0.172309467680481       0.264632344036678      -0.240364458668577     
  0.157338805815154       0.233166875548298      -0.211129953640480     
  0.120056752172345       0.191115757558577      -0.175426447218548     
  8.929180203827934E-002  0.135058765717593      -0.123674591546632     
  4.491181830509759E-002  8.867048602279788E-002 -7.704663473895501E-002
  0.000000000000000E+000  0.000000000000000E+000  0.000000000000000E+000
  0.000000000000000E+000  0.000000000000000E+000  0.000000000000000E+000
  0.000000000000000E+000  0.000000000000000E+000  0.000000000000000E+000
  0.000000000000000E+000  0.000000000000000E+000  0.000000000000000E+000
  4.188922977932155E-002  7.708792809753727E-002 -6.535078334267673E-002
  6.872271231711830E-002  0.142328755334037      -0.121711327515417     
  9.272040939470490E-002  0.195675920966089      -0.166215702287623     
  0.114210944438085       0.240624084141998      -0.206596525586041     
  0.130901217390400       0.266841717865320      -0.233070483463479     
  0.147244128213378       0.276861719986657      -0.251698901816512     
  0.159400856276033       0.276142530853304      -0.256426526225862     
  0.166097528449749       0.265954755372035      -0.251687198609470     
  0.165579217522066       0.246770420286107      -0.233035087018481     
  0.151269377790313       0.219267460305776      -0.206618216801658     
  0.123123505726024       0.178179546038971      -0.166240755124166     
  8.891810863639200E-002  0.130728435679441      -0.121767019732451     
  4.584558215263743E-002  7.485815642545715E-002 -6.540157422679985E-002
  0.000000000000000E+000  0.000000000000000E+000  0.000000000000000E+000
  0.000000000000000E+000  0.000000000000000E+000  0.000000000000000E+000
  0.000000000000000E+000  0.000000000000000E+000  0.000000000000000E+000
  0.000000000000000E+000  0.000000000000000E+000  0.000000000000000E+000
  3.346513027394667E-002  6.447085843854924E-002 -5.005675572417598E-002
  5.363199803503471E-002  0.138377820143325      -0.110216868991857     
  7.738070776395092E-002  0.188988975189005      -0.154579496356697     
  9.327033997837861E-002  0.223316959998210      -0.192847659587386     
  0.111086662646961       0.239713541487304      -0.221257807956979     
  0.125322375137259       0.243856446812463      -0.238030330961719     
  0.138746598925593       0.240363312411840      -0.244605327462700     
  0.148491184915827       0.230487880010039      -0.238052733106707     
  0.151995145465678       0.216062504829370      -0.221240462786715     
  0.146725615573276       0.192441173464111      -0.192852149591054     
  0.124954356861911       0.161520294912410      -0.154583720413145     
  9.302919794162400E-002  0.115627196378360      -0.110239062541422     
  3.911493679325963E-002  6.123506869219517E-002 -5.008473442612499E-002
  0.000000000000000E+000  0.000000000000000E+000  0.000000000000000E+000
  0.000000000000000E+000  0.000000000000000E+000  0.000000000000000E+000
  0.000000000000000E+000  0.000000000000000E+000  0.000000000000000E+000
  0.000000000000000E+000  0.000000000000000E+000  0.000000000000000E+000
  2.937949203020103E-002  4.413545944916556E-002 -3.638399540868899E-002
  4.190021788087384E-002  0.126950027246202      -9.272555280041503E-002
  5.777762959985013E-002  0.173071335405368      -0.136796198697638     
  7.219328332849825E-002  0.198873381055823      -0.173847152484213     
  8.568645802404189E-002  0.205152446209750      -0.200745781778975     
  9.909540448540152E-002  0.201299669569758      -0.217015296546308     
  0.111899055880723       0.193851134751928      -0.222263553180818     
  0.124755152554998       0.186522337259414      -0.217072865481645     
  0.134771879131685       0.176787992570605      -0.200753404437307     
  0.136081057228490       0.161960196343481      -0.173836433725791     
  0.120941133954613       0.136518363004725      -0.136768728614907     
  8.893465504156065E-002  9.971911188553005E-002 -9.269703335274207E-002
  2.354225004760543E-002  4.748864358317576E-002 -3.639138494640846E-002
  0.000000000000000E+000  0.000000000000000E+000  0.000000000000000E+000
  0.000000000000000E+000  0.000000000000000E+000  0.000000000000000E+000
  0.000000000000000E+000  0.000000000000000E+000  0.000000000000000E+000
  0.000000000000000E+000  0.000000000000000E+000  0.000000000000000E+000
  2.930764803184942E-002  1.826587507368317E-002 -2.609703512025483E-002
  3.145107377193685E-002  0.111549811709751      -7.723779723534815E-002
  4.691497132885781E-002  0.155526145162612      -0.120033225730660     
  5.536093758323862E-002  0.175613254056059      -0.156420727925010     
  6.704126508725779E-002  0.175526724234877      -0.181159035008246     
  7.828888414133552E-002  0.166644909906456      -0.195367790392371     
  9.063363088825098E-002  0.157014282380005      -0.200171808217552     
  0.105172039901524       0.151204843796361      -0.195459843080700     
  0.118458953880850       0.145863899198021      -0.181193101162486     
  0.124357375659775       0.135726772626040      -0.156405010811515     
  0.111138743225409       0.118344557088574      -0.119976013056759     
  8.080438957922664E-002  8.288448575177700E-002 -7.716183545585097E-002
  1.109052151505577E-003  3.449268213020219E-002 -2.610035661155216E-002
  0.000000000000000E+000  0.000000000000000E+000  0.000000000000000E+000
  0.000000000000000E+000  0.000000000000000E+000  0.000000000000000E+000
  0.000000000000000E+000  0.000000000000000E+000  0.000000000000000E+000
  0.000000000000000E+000  0.000000000000000E+000  0.000000000000000E+000
  1.604695729335535E-002 -7.561291279537285E-003 -1.365576684342461E-002
  3.169256928553189E-002  0.101221596236750      -6.497487830692084E-002
  3.717326669920618E-002  0.138411411736554      -0.106762753579370     
  4.306934506180003E-002  0.153702943075508      -0.140208255778060     
  5.245805882394194E-002  0.149924237315739      -0.162179745821830     
  6.179560668325862E-002  0.137789171033923      -0.174206529854310     
  7.357870378007243E-002  0.127463728759150      -0.177697263721047     
  8.848641603113350E-002  0.122564307170799      -0.174356905257764     
  0.103614465791237       0.120465224169547      -0.162253688320319     
  0.111535799271538       0.114169072344596      -0.140197158130447     
  0.101200284155789       0.101302998773689      -0.106688866127670     
  7.170493511715961E-002  7.800762529060611E-002 -6.490059109634885E-002
 -1.458859058919969E-002  9.985173382563819E-003 -1.362249480306361E-002
  0.000000000000000E+000  0.000000000000000E+000  0.000000000000000E+000
  0.000000000000000E+000  0.000000000000000E+000  0.000000000000000E+000
  0.000000000000000E+000  0.000000000000000E+000  0.000000000000000E+000
  0.000000000000000E+000  0.000000000000000E+000  0.000000000000000E+000
  1.150168095335590E-002 -1.698234343059364E-002 -1.021519479318019E-002
  3.209730332731972E-002  9.423644770464792E-002 -5.591885244899987E-002
  2.633568334010182E-002  0.114790559187560      -9.283513233178485E-002
  3.363532444398865E-002  0.132251197903603      -0.123195729645639     
  3.876971176915898E-002  0.123131522679873      -0.142000362841357     
  4.785324586691020E-002  0.112039321699770      -0.151661552720810     
  5.834033368250419E-002  0.101061497580569      -0.154454735792733     
  7.323795440634980E-002  9.769863500685856E-002 -0.151900572252137     
  8.730899243226586E-002  9.526951461007692E-002 -0.142140443689687     
  9.770156606379642E-002  9.529889072947728E-002 -0.123208412713661     
  8.616985878676339E-002  8.016289664981920E-002 -9.277093456078365E-002
  6.552219218682306E-002  7.480791400925967E-002 -5.582952959936567E-002
 -2.050977498313879E-002  1.467908562169048E-003 -1.024649315893953E-002
  0.000000000000000E+000  0.000000000000000E+000  0.000000000000000E+000
  0.000000000000000E+000  0.000000000000000E+000  0.000000000000000E+000
  0.000000000000000E+000  0.000000000000000E+000  0.000000000000000E+000
  0.000000000000000E+000  0.000000000000000E+000  0.000000000000000E+000
  1.216375712579475E-002 -9.333876557722505E-003 -7.667405053994581E-003
  2.451047970266853E-002  6.766791429084927E-002 -4.257345950735929E-002
  2.010462506490571E-002  9.083410146685987E-002 -7.541612082225208E-002
  2.330455511387502E-002  0.101722492633784      -0.101013923684479     
  2.689917360752558E-002  9.577086973357807E-002 -0.117129862360964     
  3.493579253064257E-002  8.614579813077562E-002 -0.125899603407811     
  4.427189713818547E-002  7.665919140875301E-002 -0.127986044246554     
  5.735837350538156E-002  7.364478053086965E-002 -0.126273712203821     
  6.959191343944784E-002  7.136888808393575E-002 -0.117347588978925     
  7.643951654820542E-002  7.110605768312987E-002 -0.101066447959035     
  6.861953464107090E-002  6.285203567885336E-002 -7.538830412578376E-002
  4.627142499693519E-002  5.495762696938170E-002 -4.249497231003619E-002
 -1.416062904790514E-002  5.830618497874306E-003 -7.646444696043399E-003
  0.000000000000000E+000  0.000000000000000E+000  0.000000000000000E+000
  0.000000000000000E+000  0.000000000000000E+000  0.000000000000000E+000
  0.000000000000000E+000  0.000000000000000E+000  0.000000000000000E+000
  0.000000000000000E+000  0.000000000000000E+000  0.000000000000000E+000
  5.475147194260667E-003 -9.483578162739807E-003 -3.463743324554119E-003
  1.920387867721903E-002  4.103369176821670E-002 -2.675124804499300E-002
  1.218237980207765E-002  5.415137976687797E-002 -4.864689884087244E-002
  1.288857138252269E-002  6.517072897692149E-002 -6.844792804557910E-002
  1.545592007019854E-002  6.197227544423199E-002 -8.277817251445210E-002
  2.072385608132453E-002  5.587775980061618E-002 -9.006299352095717E-002
  2.860873437815859E-002  4.949955038187209E-002 -9.281820417229357E-002
  3.826681065189436E-002  4.616770964452933E-002 -9.049067824422910E-002
  4.602122339381005E-002  4.452329043608896E-002 -8.300890968255875E-002
  4.999959322192105E-002  4.380927311331872E-002 -6.851796605381656E-002
  4.083847474033646E-002  3.766197835029100E-002 -4.866680353629610E-002
  2.591097431652119E-002  3.709749999003456E-002 -2.669875656978380E-002
 -1.096784045799766E-002 -4.102968993858026E-005 -3.455602126365500E-003
  0.000000000000000E+000  0.000000000000000E+000  0.000000000000000E+000
  0.000000000000000E+000  0.000000000000000E+000  0.000000000000000E+000
  0.000000000000000E+000  0.000000000000000E+000  0.000000000000000E+000
  0.000000000000000E+000  0.000000000000000E+000  0.000000000000000E+000
 -8.902933424296939E-005 -3.966247826785528E-003 -2.032769052617858E-003
  1.077172996942292E-002  8.701595882382031E-003 -7.330322044946602E-003
  6.066697565485390E-003  1.399944521094500E-002 -1.326626445207823E-002
  9.060626970417492E-003  2.271872695562728E-002 -2.486453026706899E-002
  6.490957413646364E-003  2.291110324539806E-002 -3.163695836516849E-002
  9.171753462540207E-003  2.280956224171366E-002 -3.846982845292901E-002
  1.155078700751800E-002  1.987715355418907E-002 -3.982248296666616E-002
  1.533146260646808E-002  1.956785345682523E-002 -3.881304846345730E-002
  1.660952819080329E-002  1.719649039271780E-002 -3.177347479968808E-002
  1.514507260848765E-002  1.921868966953186E-002 -2.488151744906849E-002
  9.133137256805882E-003  1.226077540831705E-002 -1.328040008780173E-002
  2.158119363995495E-003  1.366966460465162E-002 -7.327797804833364E-003
 -3.384895232470252E-003 -2.074387897928475E-003 -2.019662391633112E-003
  0.000000000000000E+000  0.000000000000000E+000  0.000000000000000E+000
  0.000000000000000E+000  0.000000000000000E+000  0.000000000000000E+000
  0.000000000000000E+000  0.000000000000000E+000  0.000000000000000E+000
  0.000000000000000E+000  0.000000000000000E+000  0.000000000000000E+000
  0.000000000000000E+000  0.000000000000000E+000  0.000000000000000E+000
  0.000000000000000E+000  0.000000000000000E+000  0.000000000000000E+000
  0.000000000000000E+000  0.000000000000000E+000  0.000000000000000E+000
  0.000000000000000E+000  0.000000000000000E+000  0.000000000000000E+000
  0.000000000000000E+000  0.000000000000000E+000  0.000000000000000E+000
  0.000000000000000E+000  0.000000000000000E+000  0.000000000000000E+000
  0.000000000000000E+000  0.000000000000000E+000  0.000000000000000E+000
  0.000000000000000E+000  0.000000000000000E+000  0.000000000000000E+000
  0.000000000000000E+000  0.000000000000000E+000  0.000000000000000E+000
  0.000000000000000E+000  0.000000000000000E+000  0.000000000000000E+000
  0.000000000000000E+000  0.000000000000000E+000  0.000000000000000E+000
  0.000000000000000E+000  0.000000000000000E+000  0.000000000000000E+000
  0.000000000000000E+000  0.000000000000000E+000  0.000000000000000E+000
  0.000000000000000E+000  0.000000000000000E+000  0.000000000000000E+000
  0.000000000000000E+000  0.000000000000000E+000  0.000000000000000E+000
  0.000000000000000E+000  0.000000000000000E+000  0.000000000000000E+000
  0.000000000000000E+000  0.000000000000000E+000  0.000000000000000E+000
  0.000000000000000E+000  0.000000000000000E+000  0.000000000000000E+000
  0.000000000000000E+000  0.000000000000000E+000  0.000000000000000E+000
  0.000000000000000E+000  0.000000000000000E+000  0.000000000000000E+000
  0.000000000000000E+000  0.000000000000000E+000  0.000000000000000E+000
  0.000000000000000E+000  0.000000000000000E+000  0.000000000000000E+000
  0.000000000000000E+000  0.000000000000000E+000  0.000000000000000E+000
  0.000000000000000E+000  0.000000000000000E+000  0.000000000000000E+000
  0.000000000000000E+000  0.000000000000000E+000  0.000000000000000E+000
  0.000000000000000E+000  0.000000000000000E+000  0.000000000000000E+000
  0.000000000000000E+000  0.000000000000000E+000  0.000000000000000E+000
  0.000000000000000E+000  0.000000000000000E+000  0.000000000000000E+000
  0.000000000000000E+000  0.000000000000000E+000  0.000000000000000E+000
  0.000000000000000E+000  0.000000000000000E+000  0.000000000000000E+000
  0.000000000000000E+000  0.000000000000000E+000  0.000000000000000E+000
  0.000000000000000E+000  0.000000000000000E+000  0.000000000000000E+000
  0.000000000000000E+000  0.000000000000000E+000  0.000000000000000E+000
  0.000000000000000E+000  0.000000000000000E+000  0.000000000000000E+000
 -4.022624096578136E-003 -0.119716209701261       6.807223804677276E-003
 -7.090818306527545E-003  4.234489557446281E-002  0.112263454418989     
  3.540436664478164E-002 -6.880764643507687E-003  0.238715545253548     
  7.906226504567614E-002  9.189738440468681E-002  0.286862102266246     
  0.180201187225886       0.666613008801640       0.202797250270290     
  0.248869014732921       0.597173973914146       0.348433160297286     
  0.100730183133131       0.175584624183632       0.589644843355985     
  0.390215252239131       0.512787075683768       0.349131513849969     
  0.497660070978246       0.497529041123082       0.199403337584839     
  4.572970504812618E-002  0.115166345133965       0.287543094606616     
 -2.315732513612135E-002  2.357649462154559E-002  0.240183188475930     
  4.632106870929319E-002  1.521829819933311E-002  0.110069205679453     
 -8.740744854425107E-002 -5.662632522197111E-002  4.016100157916633E-003
  0.000000000000000E+000  0.000000000000000E+000  0.000000000000000E+000
  0.000000000000000E+000  0.000000000000000E+000  0.000000000000000E+000
  0.000000000000000E+000  0.000000000000000E+000  0.000000000000000E+000
  0.000000000000000E+000  0.000000000000000E+000  0.000000000000000E+000
  2.129358144376089E-003 -0.120464665481947       4.306064309815380E-003
  1.742852170780911E-002 -8.991167316581838E-002  0.126830219960965     
  5.547352654391607E-002 -9.939956441069243E-002  0.242846596520661     
  9.506821458787611E-002  1.222673259685219E-002  0.313148803742012     
  0.190855399793565       0.535010608049834       0.235507415968830     
  0.282658256807467       0.598004466564217       0.348924982238074     
  0.194751212594469       0.338428583755486       0.541024628271758     
  0.371772347057206       0.538711935447220       0.351528511668926     
  0.371575475898036       0.434521322881730       0.235649491003496     
 -3.380933667273748E-002  8.755446346207613E-002  0.314926204748148     
 -0.111464950655308      -3.605965845284660E-003  0.243602218567035     
 -7.506058114092407E-002 -2.678869840343561E-002  0.123226694868879     
 -9.335461313290307E-002 -5.272846550920573E-002  2.030657215409027E-003
  0.000000000000000E+000  0.000000000000000E+000  0.000000000000000E+000
  0.000000000000000E+000  0.000000000000000E+000  0.000000000000000E+000
  0.000000000000000E+000  0.000000000000000E+000  0.000000000000000E+000
  0.000000000000000E+000  0.000000000000000E+000  0.000000000000000E+000
  1.179291613284133E-003 -0.120147052614327       7.440459474638349E-003
  5.199982740773518E-002 -0.316966332374043       0.150731934861424     
  9.157685614479556E-002 -0.362240954162238       0.270153371208872     
  0.134459029936425      -0.219588826347481       0.363305576784329     
  0.227167410462649       0.331535134825147       0.295258337815737     
  0.361380828858821       0.624520179104226       0.321406181642237     
  0.313582934738577       0.544511755804391       0.449311867564532     
  0.344185596376478       0.606516415466805       0.331420760648920     
  0.165828725558094       0.353152760448432       0.301386805086941     
 -0.257918747832432       2.332428109129809E-003  0.366235483729682     
 -0.348820652227764      -9.865240873831602E-002  0.268508413289472     
 -0.280537090997525      -0.106393541897400       0.144995145078102     
 -9.639641355004214E-002 -5.492279606334311E-002  5.954921457496707E-003
  0.000000000000000E+000  0.000000000000000E+000  0.000000000000000E+000
  0.000000000000000E+000  0.000000000000000E+000  0.000000000000000E+000
  0.000000000000000E+000  0.000000000000000E+000  0.000000000000000E+000
  0.000000000000000E+000  0.000000000000000E+000  0.000000000000000E+000
 -1.905422819197283E-002 -8.639652947996287E-002  5.839956803510161E-003
  9.349696500437760E-002 -0.461607908563339       0.177318076201405     
  0.131063636078035      -0.678643552837686       0.339955792991352     
  0.169769593790254      -0.393312358159761       0.417962357175881     
  0.329340320103866       0.494530027605286       0.219760997244953     
  0.606352024135574        1.16309620450003       4.036728995608103E-002
  0.722878026186260        1.25182791936801       3.768997765318610E-002
  0.688173315236788        1.08550990220848       5.379123172409600E-002
  0.260420541954421       0.525020659198233       0.224705349189002     
 -0.419824693178521      -5.045186726090989E-002  0.418136481011319     
 -0.641959484398841      -0.222850935933379       0.336826539816629     
 -0.429951756848089      -0.144601539138864       0.172242366088218     
 -6.121443962593178E-002 -5.708643990920624E-002  5.293903499635445E-003
  0.000000000000000E+000  0.000000000000000E+000  0.000000000000000E+000
  0.000000000000000E+000  0.000000000000000E+000  0.000000000000000E+000
  0.000000000000000E+000  0.000000000000000E+000  0.000000000000000E+000
  0.000000000000000E+000  0.000000000000000E+000  0.000000000000000E+000
 -2.454829328799346E-002 -2.675397876155119E-002 -9.245388475817976E-003
  8.411968937327495E-002 -0.271353803320673       0.104689322439405     
  0.121214891830125      -0.531073695340241       0.297599975225777     
  0.117142929937048      -0.578795862079710       0.496671580345042     
  0.143397574479631      -0.256229730779464       0.537233008124008     
  0.363689020765047       0.542972715133157       0.275433878761144     
  0.472704956553438       0.817789206345544       0.178366289969149     
  0.284667886296075       0.579390630796390       0.281676487104511     
 -0.287018962304306      -1.721831658403344E-003  0.535277871107150     
 -0.553654985579368      -0.187801258107774       0.494510661711945     
 -0.523298108682318      -0.163887099442862       0.297581131518316     
 -0.274761012612599      -6.383835455859654E-002  0.104224043443504     
 -9.931266898118457E-003 -3.356327256290161E-002 -8.811633264532874E-003
  0.000000000000000E+000  0.000000000000000E+000  0.000000000000000E+000
  0.000000000000000E+000  0.000000000000000E+000  0.000000000000000E+000
  0.000000000000000E+000  0.000000000000000E+000  0.000000000000000E+000
  0.000000000000000E+000  0.000000000000000E+000  0.000000000000000E+000
  2.012825240609748E-002 -3.335261513383014E-002 -2.574288020089895E-002
  2.993400525174828E-002  0.152156080642468      -3.994804797886140E-002
  8.332007584035712E-002 -0.130061755833019       0.145821532064754     
  3.962061350428360E-002 -0.709139047950937       0.516030796785738     
 -0.149879040104831       -1.43527075367909        1.18457400118476     
 -0.183120873347321      -0.751225393610917       0.990728978553626     
  4.252518605144723E-002  7.417105217083690E-002  0.528907514659645     
 -0.559407642440514      -0.533529952253394       0.991666169052398     
  -1.17105745130543      -0.849718054078614        1.18445917468844     
 -0.631434816964161      -0.319452508759640       0.512850079561991     
 -0.161235206001177       1.309412314431040E-003  0.146750105170661     
  0.107292814321580       9.799218171468646E-002 -3.740111536860070E-002
 -3.699495880680647E-002 -2.040043749466564E-004 -2.472376955964688E-002
  0.000000000000000E+000  0.000000000000000E+000  0.000000000000000E+000
  0.000000000000000E+000  0.000000000000000E+000  0.000000000000000E+000
  0.000000000000000E+000  0.000000000000000E+000  0.000000000000000E+000
  0.000000000000000E+000  0.000000000000000E+000  0.000000000000000E+000
  5.722329916141870E-002 -3.621079895505985E-002 -1.106489372498088E-002
  1.020183314724980E-002  0.458248419056795      -0.159567979623978     
  5.197202983568752E-002  0.199935387983294      -4.019383511626719E-002
  2.097627735201566E-002  7.458550647256756E-002  4.506576974344131E-002
 -4.201808460888879E-002 -0.475893546860995       0.601630034824278     
 -0.178906662992772      -0.563601206379909       0.842166126014781     
  1.512924796566548E-002  2.859744352472188E-002  0.379943550864301     
 -0.396707196308143      -0.430026887728357       0.836023366090025     
 -0.411827288511915      -0.287557663726102       0.615406316708726     
  6.200773585161719E-002  6.227231156181321E-002  3.549729696568724E-002
  0.147640679608251       0.144783289499320      -4.230882986183937E-002
  0.380222046654845       0.231303257198610      -0.155174525700992     
 -5.897637288777870E-002  3.188834551167209E-002 -1.141673231156273E-002
  0.000000000000000E+000  0.000000000000000E+000  0.000000000000000E+000
  0.000000000000000E+000  0.000000000000000E+000  0.000000000000000E+000
  0.000000000000000E+000  0.000000000000000E+000  0.000000000000000E+000
  0.000000000000000E+000  0.000000000000000E+000  0.000000000000000E+000
  6.179402350943530E-002 -4.699807738887640E-002  2.861443206902285E-003
  1.842827713460284E-002  0.489918729596084      -0.206999160554853     
  2.737530485118790E-002  0.284118673337189      -0.144818441037209     
 -4.486639249264363E-002  0.703789294819101      -0.488094596580527     
  0.100499717213973       0.857366669824851      -0.667566858591033     
  6.885252195123351E-002  0.142887086974671       8.156850805704260E-002
  0.135399103392574       0.238592634797708       4.113850777576947E-003
  9.262862571652049E-002  0.139373993649939       6.872121258459772E-002
  0.673810636292045       0.507289659151237      -0.651847612994811     
  0.639246714623132       0.319734246601185      -0.500020667527554     
  0.242274170920437       0.171264810791096      -0.151800384529116     
  0.406471856486755       0.256370444318599      -0.203583474852511     
 -7.052916321544356E-002  2.939242112997115E-002  3.067581541878480E-003
  0.000000000000000E+000  0.000000000000000E+000  0.000000000000000E+000
  0.000000000000000E+000  0.000000000000000E+000  0.000000000000000E+000
  0.000000000000000E+000  0.000000000000000E+000  0.000000000000000E+000
  0.000000000000000E+000  0.000000000000000E+000  0.000000000000000E+000
  2.487757647437533E-002 -3.596690151183687E-002  1.359567688386693E-002
  6.643585397658261E-002  0.291446444288956      -0.153810284566987     
  1.737822909972874E-002  8.350661283973192E-002 -4.117180350182606E-002
  1.973761397521758E-003  0.259575840883677      -0.186759597097656     
  4.068720476337882E-002  0.505933298309023      -0.514004363774202     
  5.475222455398088E-002  0.162693503552061      -3.470378919540962E-002
  0.283921266336857       0.495246151516798      -0.619776433895854     
  0.117226890158069       0.134519122547539      -4.785164606844949E-002
  0.414676277801186       0.287855625010497      -0.513241552650297     
  0.221303339100403       0.131303483740124      -0.186898428833840     
  7.505836984932493E-002  6.317671487875230E-002 -5.147473495824040E-002
  0.216464458146344       0.201650171851010      -0.152482000094697     
 -4.338051711964813E-002  3.278922905999917E-003  1.350243828770321E-002
  0.000000000000000E+000  0.000000000000000E+000  0.000000000000000E+000
  0.000000000000000E+000  0.000000000000000E+000  0.000000000000000E+000
  0.000000000000000E+000  0.000000000000000E+000  0.000000000000000E+000
  0.000000000000000E+000  0.000000000000000E+000  0.000000000000000E+000
 -2.532847765653201E-003 -9.772218745649677E-003 -1.109375852001932E-002
  5.185443189934181E-002  4.205277326108709E-002 -3.553734040278699E-003
 -9.616186058775971E-004 -2.124366715504331E-002  3.421031695187334E-002
  7.889655501855550E-002 -6.657991466192600E-002  0.144926495943033     
  7.834061270809090E-002  4.359215836629205E-002  3.113019609415201E-002
  8.268249534088554E-002  0.122506208069159       1.572754990347076E-002
  0.309118881577826       0.529983922874915       -1.19327244463126     
  6.558714834943474E-002  0.136345689726476       7.449262525510778E-003
 -2.021896533480800E-003  9.064050269412964E-002  3.137513484858304E-002
 -0.101434436419042       3.216527981060893E-002  0.150959860130351     
 -1.515652469960140E-002 -8.738775079440418E-003  3.131333606189986E-002
  1.015776343674620E-002  6.588785352265272E-002 -3.863427674862234E-003
 -7.243558373045586E-003 -7.134225949805915E-003 -1.090190058855413E-002
  0.000000000000000E+000  0.000000000000000E+000  0.000000000000000E+000
  0.000000000000000E+000  0.000000000000000E+000  0.000000000000000E+000
  0.000000000000000E+000  0.000000000000000E+000  0.000000000000000E+000
  0.000000000000000E+000  0.000000000000000E+000  0.000000000000000E+000
  0.000000000000000E+000  0.000000000000000E+000  0.000000000000000E+000
  0.000000000000000E+000  0.000000000000000E+000  0.000000000000000E+000
  0.000000000000000E+000  0.000000000000000E+000  0.000000000000000E+000
  0.000000000000000E+000  0.000000000000000E+000  0.000000000000000E+000
  0.000000000000000E+000  0.000000000000000E+000  0.000000000000000E+000
  0.000000000000000E+000  0.000000000000000E+000  0.000000000000000E+000
  0.000000000000000E+000  0.000000000000000E+000  0.000000000000000E+000
  0.000000000000000E+000  0.000000000000000E+000  0.000000000000000E+000
  0.000000000000000E+000  0.000000000000000E+000  0.000000000000000E+000
  0.000000000000000E+000  0.000000000000000E+000  0.000000000000000E+000
  0.000000000000000E+000  0.000000000000000E+000  0.000000000000000E+000
  0.000000000000000E+000  0.000000000000000E+000  0.000000000000000E+000
  0.000000000000000E+000  0.000000000000000E+000  0.000000000000000E+000
  0.000000000000000E+000  0.000000000000000E+000  0.000000000000000E+000
  0.000000000000000E+000  0.000000000000000E+000  0.000000000000000E+000
  0.000000000000000E+000  0.000000000000000E+000  0.000000000000000E+000
  0.000000000000000E+000  0.000000000000000E+000  0.000000000000000E+000
  0.000000000000000E+000  0.000000000000000E+000  0.000000000000000E+000
  0.000000000000000E+000  0.000000000000000E+000  0.000000000000000E+000
  0.000000000000000E+000  0.000000000000000E+000  0.000000000000000E+000
  0.000000000000000E+000  0.000000000000000E+000  0.000000000000000E+000
  0.000000000000000E+000  0.000000000000000E+000  0.000000000000000E+000
  0.000000000000000E+000  0.000000000000000E+000  0.000000000000000E+000
  0.000000000000000E+000  0.000000000000000E+000  0.000000000000000E+000
  0.000000000000000E+000  0.000000000000000E+000  0.000000000000000E+000
  0.000000000000000E+000  0.000000000000000E+000  0.000000000000000E+000
  0.000000000000000E+000  0.000000000000000E+000  0.000000000000000E+000
  0.000000000000000E+000  0.000000000000000E+000  0.000000000000000E+000
  0.000000000000000E+000  0.000000000000000E+000  0.000000000000000E+000
  0.000000000000000E+000  0.000000000000000E+000  0.000000000000000E+000
  0.000000000000000E+000  0.000000000000000E+000  0.000000000000000E+000
  0.000000000000000E+000  0.000000000000000E+000  0.000000000000000E+000
  0.000000000000000E+000  0.000000000000000E+000  0.000000000000000E+000
  0.000000000000000E+000  0.000000000000000E+000  0.000000000000000E+000
  -127.784549218588        333.999685466453       -1987.90439841456     
  -28.7412739673933       -482.613610286595       -1484.22597686931     
   1149.14259522817        1464.56321483643       -2489.20234262286     
   1477.58315348757       -8284.60434912351       -2018.01995111529     
   2023.21195989913        3769.74738919359       -8077.93828629314     
   3615.77717252209        7829.75802329811       -10181.0172124184     
  -2004.40658823313       -3443.23111977393       -5071.72819625857     
   4860.95540332037        6960.21741587532       -10110.7573154835     
   2286.87829549901        3692.31656685687       -8092.16766202400     
  -8063.36836252446       -2935.83148007253       -1995.34208090055     
   588.877867433568        1708.66707369311       -2491.04184146888     
  -293.575914671441       -197.220752688033       -1532.95226949509     
   443.957778559988        101.066193496667       -2022.98112787654     
  0.000000000000000E+000  0.000000000000000E+000  0.000000000000000E+000
  0.000000000000000E+000  0.000000000000000E+000  0.000000000000000E+000
  0.000000000000000E+000  0.000000000000000E+000  0.000000000000000E+000
  0.000000000000000E+000  0.000000000000000E+000  0.000000000000000E+000
  -389.064801696614        233.601143752319       -1740.32050385590     
   100.580898539643       -147.849968003805       -1628.87898946995     
   834.772984573525       -512.503250626626       -1831.38998511258     
   863.997492047440       -7223.70319591558       -1911.56573039234     
   1333.89462111401        2328.80250887234       -7497.22495935677     
   2950.80348938667        6249.60839293123       -9790.94592112976     
  -388.271993902988       -651.029810221720       -5904.35323294777     
   3868.43576346327        5643.35832378784       -9740.41981200212     
   1356.59715524760        2365.26933370162       -7511.43497494980     
  -6796.30378633967       -2904.80499709815       -1905.96919017600     
  -913.123642200300        475.781518444998       -1842.47800307670     
  -63.7261492468973        84.6407821725344       -1677.83933337524     
   464.477075545713       -187.351441926190       -1766.57483749886     
  0.000000000000000E+000  0.000000000000000E+000  0.000000000000000E+000
  0.000000000000000E+000  0.000000000000000E+000  0.000000000000000E+000
  0.000000000000000E+000  0.000000000000000E+000  0.000000000000000E+000
  0.000000000000000E+000  0.000000000000000E+000  0.000000000000000E+000
  -482.456206117997       -5.45581170324919       -1512.33764975011     
   12.9452577749951        504.669087407681       -1630.03522436429     
   815.976745265308       -2784.53004278058       -1238.14378237272     
   156.836069828477       -8509.34437553079       -941.305536112214     
   726.959773473654        1482.37648975985       -6698.67845097476     
   2735.87354669845        5332.40988455631       -9475.50264677240     
   1149.36142047332        1998.79934079128       -6949.78550816316     
   3222.17455560812        5031.85927272814       -9452.29922395477     
   950.686795075457        1437.68562743445       -6732.58729111542     
  -7470.81393021621       -4092.57494897474       -968.741083917900     
  -2777.55683863785       -620.063061189867       -1270.13707870477     
   544.048056902842        336.536637856857       -1677.44142747611     
   262.793080314568       -404.376076830277       -1524.35172546263     
  0.000000000000000E+000  0.000000000000000E+000  0.000000000000000E+000
  0.000000000000000E+000  0.000000000000000E+000  0.000000000000000E+000
  0.000000000000000E+000  0.000000000000000E+000  0.000000000000000E+000
  0.000000000000000E+000  0.000000000000000E+000  0.000000000000000E+000
  -396.603908082607       -171.231817974943       -1398.34536025685     
   171.023516091459        1428.11397242793       -1785.66735067905     
   972.884518312950       -69.9914617072133       -1677.31125090637     
   1029.86174866719        109.356583112190       -3127.14937824226     
   1067.31652516815        2675.57255912430       -6672.42669228401     
   1561.54033956761        3253.42892178401       -8000.18301800829     
   2509.48879031958        4359.52758757503       -8684.95967746011     
   2015.73634451420        2988.87462179938       -8002.97686264161     
   1878.64926191087        2381.24840120427       -6766.06450523364     
  -386.938629754182        1007.65354542136       -3177.91079646097     
  -476.983390692887        892.152107152049       -1721.15806710701     
   1153.14928793368        887.559069371511       -1797.89343375832     
   43.8450289349792       -419.156562067281       -1400.89026477734     
  0.000000000000000E+000  0.000000000000000E+000  0.000000000000000E+000
  0.000000000000000E+000  0.000000000000000E+000  0.000000000000000E+000
  0.000000000000000E+000  0.000000000000000E+000  0.000000000000000E+000
  0.000000000000000E+000  0.000000000000000E+000  0.000000000000000E+000
  -65.4208113590589       -390.297796308198       -1431.93211651635     
   176.467701678026        3178.74406822799       -2239.31816162017     
   1626.07882726770        739.137216893842       -1706.94278922750     
   1982.72919827415        3733.76426922092       -4533.93043419037     
   1883.99805248083        2771.85901677022       -6748.47145414930     
   2516.38726698391        4130.27029360992       -8281.15444661977     
   1150.28698967356        2025.53503460001       -7264.61047249218     
   2172.41879723027        4101.86937275750       -8203.27072309173     
   1318.65662425183        2905.61172059833       -6722.27702631245     
   2209.28316757797        3588.61829218499       -4559.54569239103     
  -128.924192774614        1840.81151973797       -1743.68585723447     
   2527.98758172979        1722.86071145968       -2202.85745374821     
  -302.617224055681       -248.517795882724       -1431.23745503476     
  0.000000000000000E+000  0.000000000000000E+000  0.000000000000000E+000
  0.000000000000000E+000  0.000000000000000E+000  0.000000000000000E+000
  0.000000000000000E+000  0.000000000000000E+000  0.000000000000000E+000
  0.000000000000000E+000  0.000000000000000E+000  0.000000000000000E+000
  -142.730456655175       -261.970014941335       -1239.34721778439     
   709.343884316295        2805.27287222574       -2198.64512211220     
   2626.35618598721       -4391.44366044944        172.101819524681     
   2164.72942541215       -5846.09528640076       -677.853594035553     
   1744.49402175128       -1389.88825738623       -4478.16027131489     
   5598.28528321380        12139.0637148351       -13716.7733088148     
   9216.89571188833        15981.2569521830       -17188.5994519546     
   7560.68857019019        10774.4078311308       -13615.5496334046     
  -2200.43647902272        719.645395702523       -4469.77570333231     
  -6061.46499973908       -998.193673676959       -768.848458923616     
  -5033.16825220560        139.906079999061        122.555495690762     
   1931.04100955135        1989.14339861607       -2151.28790859980     
  -151.630797894690       -246.544278299463       -1240.61209075342     
  0.000000000000000E+000  0.000000000000000E+000  0.000000000000000E+000
  0.000000000000000E+000  0.000000000000000E+000  0.000000000000000E+000
  0.000000000000000E+000  0.000000000000000E+000  0.000000000000000E+000
  0.000000000000000E+000  0.000000000000000E+000  0.000000000000000E+000
  -132.355933345940       -40.3405502668204       -1247.71327993103     
   1479.96308749258        411.883857215806       -1593.62189170980     
   2833.36360313955       -6054.34993015459        1145.45258039685     
   1977.15711305834       -8620.36095639162        1592.03725761376     
   1903.53493045265        2118.88030672521       -6315.35418846608     
   4075.81474637484        9745.18763364174       -13037.9844671752     
   4638.70480184826        8114.15596936433       -12047.7207056097     
   6551.85950006858        8644.09359537427       -13326.7918259463     
   793.190135534625        2622.46118791636       -6303.16873750830     
  -8371.02036861904       -2553.58278065904        1478.11811486968     
  -6540.50553799662       -503.927495704758        1085.09162719009     
  -439.309643205232        1485.21479555116       -1568.88827215022     
   15.3541547345014       -128.718328442340       -1241.91097103160     
  0.000000000000000E+000  0.000000000000000E+000  0.000000000000000E+000
  0.000000000000000E+000  0.000000000000000E+000  0.000000000000000E+000
  0.000000000000000E+000  0.000000000000000E+000  0.000000000000000E+000
  0.000000000000000E+000  0.000000000000000E+000  0.000000000000000E+000
   193.870661893959       -107.333836390857       -1240.01886901786     
   1275.73171070288       -794.957000925234       -693.436752607401     
   1926.23543325800       -2688.49804135365        39.3016673796558     
   1288.63837448296       -2096.88439932439       -1566.43207208944     
   2247.25749231423        12164.3546271212       -15563.1018575468     
   2556.62030339053        4969.56160516962       -9135.84069498106     
  -361.681022645834       -556.643057231128       -466.379502498751     
   2880.99755081578        4622.55053996387       -9042.79517684751     
   9311.96968781046        8011.07227230865       -15550.4503886588     
  -2441.01870832070        58.6081209739461       -1638.93464732237     
  -3099.40924389564        430.423046728173       -71.4535894348874     
  -1289.64509740560        734.061238661988       -700.293121977946     
  -210.658277447099        125.930357203013       -1228.16040900852     
  0.000000000000000E+000  0.000000000000000E+000  0.000000000000000E+000
  0.000000000000000E+000  0.000000000000000E+000  0.000000000000000E+000
  0.000000000000000E+000  0.000000000000000E+000  0.000000000000000E+000
  0.000000000000000E+000  0.000000000000000E+000  0.000000000000000E+000
   219.316847827324       -483.911916562392       -684.948624520247     
   620.748233882341        54.8570694124963       -515.245153614709     
   1109.93156225360       -2188.22546151784        422.901206446256     
   395.353310465467        1360.23482358260       -3218.41748517155     
   888.757986770746        8783.26358753110       -14234.2904560362     
   1973.70424838851        5941.16691612626       -10360.3617228814     
   5118.79069024569        8896.95446973544       -16357.1842023807     
   4010.38721615940        4583.72614476009       -10134.0756234391     
   7311.65208131932        5256.33169345217       -14526.1675770952     
   773.502380535924        909.586385817181       -3004.03414333783     
  -2264.37142561057       -44.0968793298151        269.707260497093     
  -195.167126107727        621.064578632077       -540.710977253696     
  -548.604894779245       -51.4566839387853       -672.902626055986     
  0.000000000000000E+000  0.000000000000000E+000  0.000000000000000E+000
  0.000000000000000E+000  0.000000000000000E+000  0.000000000000000E+000
  0.000000000000000E+000  0.000000000000000E+000  0.000000000000000E+000
  0.000000000000000E+000  0.000000000000000E+000  0.000000000000000E+000
  -19.9876826936105       -284.522526326167       -236.274857738488     
   436.068050167390       -18.0698208394266       -264.086664101780     
   194.435359627255       -825.590219930264        233.873646393399     
   1080.61404499981       -25.8881507360019       -1285.78545796463     
   1860.23523633417       -95.3564319312325       -1126.88427535855     
   2391.76839391170        5209.87539825276       -9500.89017695543     
   5526.90319909043        9474.68339580531       -24671.2327174881     
   3259.64105987947        4659.92611595020       -9477.32859398847     
  -809.500721440572        1688.71741270826       -1532.52719287913     
  -753.549966029044        818.677740226597       -1006.53393696112     
  -776.049333129707       -240.887777228201        206.391274559866     
  -219.678603433670        398.161214709936       -257.792104863499     
  -239.629360892702       -161.740827673525       -231.232794458269     
  0.000000000000000E+000  0.000000000000000E+000  0.000000000000000E+000
  0.000000000000000E+000  0.000000000000000E+000  0.000000000000000E+000
  0.000000000000000E+000  0.000000000000000E+000  0.000000000000000E+000
  0.000000000000000E+000  0.000000000000000E+000  0.000000000000000E+000
  0.000000000000000E+000  0.000000000000000E+000  0.000000000000000E+000
  0.000000000000000E+000  0.000000000000000E+000  0.000000000000000E+000
  0.000000000000000E+000  0.000000000000000E+000  0.000000000000000E+000
  0.000000000000000E+000  0.000000000000000E+000  0.000000000000000E+000
  0.000000000000000E+000  0.000000000000000E+000  0.000000000000000E+000
  0.000000000000000E+000  0.000000000000000E+000  0.000000000000000E+000
  0.000000000000000E+000  0.000000000000000E+000  0.000000000000000E+000
  0.000000000000000E+000  0.000000000000000E+000  0.000000000000000E+000
  0.000000000000000E+000  0.000000000000000E+000  0.000000000000000E+000
  0.000000000000000E+000  0.000000000000000E+000  0.000000000000000E+000
  0.000000000000000E+000  0.000000000000000E+000  0.000000000000000E+000
  0.000000000000000E+000  0.000000000000000E+000  0.000000000000000E+000
  0.000000000000000E+000  0.000000000000000E+000  0.000000000000000E+000
  0.000000000000000E+000  0.000000000000000E+000  0.000000000000000E+000
  0.000000000000000E+000  0.000000000000000E+000  0.000000000000000E+000
  0.000000000000000E+000  0.000000000000000E+000  0.000000000000000E+000
  0.000000000000000E+000  0.000000000000000E+000  0.000000000000000E+000
  0.000000000000000E+000  0.000000000000000E+000  0.000000000000000E+000
  0.000000000000000E+000  0.000000000000000E+000  0.000000000000000E+000
  0.000000000000000E+000  0.000000000000000E+000  0.000000000000000E+000
  0.000000000000000E+000  0.000000000000000E+000  0.000000000000000E+000
  0.000000000000000E+000  0.000000000000000E+000  0.000000000000000E+000
  0.000000000000000E+000  0.000000000000000E+000  0.000000000000000E+000
  0.000000000000000E+000  0.000000000000000E+000  0.000000000000000E+000
  0.000000000000000E+000  0.000000000000000E+000  0.000000000000000E+000
  0.000000000000000E+000  0.000000000000000E+000  0.000000000000000E+000
  0.000000000000000E+000  0.000000000000000E+000  0.000000000000000E+000
  0.000000000000000E+000  0.000000000000000E+000  0.000000000000000E+000
  0.000000000000000E+000  0.000000000000000E+000  0.000000000000000E+000
  0.000000000000000E+000  0.000000000000000E+000  0.000000000000000E+000
  0.000000000000000E+000  0.000000000000000E+000  0.000000000000000E+000
  0.000000000000000E+000  0.000000000000000E+000  0.000000000000000E+000
