         140  1.399999999999997E-002  1.399999999999997E-002
  0.000000000000000E+000  0.000000000000000E+000  0.000000000000000E+000
  0.000000000000000E+000  0.000000000000000E+000  0.000000000000000E+000
  2.463612329819294E-002  6.001544904343772E-002 -6.940026925715256E-002
  2.326453714378136E-002  7.594086573364842E-002 -0.114962443848139     
  2.906623889923459E-002  9.984890949830612E-002 -0.169565861968136     
  3.039918827816668E-002  0.134242185463435      -0.202880697265440     
  3.722908126880736E-002  0.146559400853838      -0.229384463864054     
  4.774997331685290E-002  0.123975488846984      -0.235333667455831     
  6.309434069099847E-002  0.109336566018625      -0.236483858246517     
  8.344778403699418E-002  0.103351238418547      -0.235347481538130     
  0.108262852208431       0.105555161914045      -0.229416297102837     
  0.101059481963604       9.351644432845074E-002 -0.202909620042188     
  7.196222808636919E-002  7.516748045816024E-002 -0.169616133883075     
  5.411543470318677E-002  5.811951637634148E-002 -0.114972534748296     
  3.966495761959755E-002  5.135810376565490E-002 -6.945469185559008E-002
  0.000000000000000E+000  0.000000000000000E+000  0.000000000000000E+000
  0.000000000000000E+000  0.000000000000000E+000  0.000000000000000E+000
  0.000000000000000E+000  0.000000000000000E+000  0.000000000000000E+000
  0.000000000000000E+000  0.000000000000000E+000  0.000000000000000E+000
  1.999569374478853E-002  5.860725023967206E-002 -6.222084497287735E-002
  2.001253247319239E-002  8.331744523564819E-002 -0.112783765620525     
  2.356963890896374E-002  0.107485290113118      -0.163438044126897     
  2.652161264571366E-002  0.138953197553638      -0.201194661869392     
  3.513778462654849E-002  0.140704579511485      -0.226838174962746     
  4.694725906564762E-002  0.117192478981558      -0.232793035686045     
  5.947118857472931E-002  0.103060537371646      -0.233170672208093     
  7.797720286548089E-002  9.927691157166378E-002 -0.232821927857122     
  0.104236988257199       0.100807236652869      -0.226869856753891     
  0.107047963951384       9.249883820303585E-002 -0.201222417832026     
  8.130618693493136E-002  7.420186700368585E-002 -0.163470240818034     
  6.212275659574001E-002  5.899381253440559E-002 -0.112786460034700     
  4.076996629315847E-002  4.662251186715360E-002 -6.226139936372190E-002
  0.000000000000000E+000  0.000000000000000E+000  0.000000000000000E+000
  0.000000000000000E+000  0.000000000000000E+000  0.000000000000000E+000
  0.000000000000000E+000  0.000000000000000E+000  0.000000000000000E+000
  0.000000000000000E+000  0.000000000000000E+000  0.000000000000000E+000
  1.633096754831187E-002  5.580184104978608E-002 -5.288613302769150E-002
  1.284530839536158E-002  9.978523819091122E-002 -0.106557647518417     
  1.586470279915057E-002  0.125979038026307      -0.155813757191207     
  2.011277032041013E-002  0.147729519546606      -0.197378629931695     
  3.115594017386860E-002  0.131846071099258      -0.219290832528869     
  4.201557146792884E-002  0.106809753132000      -0.224326663967284     
  5.285244729419878E-002  9.159888353219731E-002 -0.224894235211345     
  7.145944202759166E-002  8.982820771895834E-002 -0.224374265957159     
  9.854613957650241E-002  9.293990659395429E-002 -0.219331306766588     
  0.117806451857046       9.128619670775776E-002 -0.197380786547532     
  0.101129320312178       7.677038461301477E-002 -0.155830462021651     
  7.996547766288052E-002  6.099105247602117E-002 -0.106523083802042     
  4.016662797142396E-002  4.205060982849983E-002 -5.291608250817566E-002
  0.000000000000000E+000  0.000000000000000E+000  0.000000000000000E+000
  0.000000000000000E+000  0.000000000000000E+000  0.000000000000000E+000
  0.000000000000000E+000  0.000000000000000E+000  0.000000000000000E+000
  0.000000000000000E+000  0.000000000000000E+000  0.000000000000000E+000
  1.587877634139722E-002  4.610867339295179E-002 -4.422967216330070E-002
  5.759344274635257E-003  0.112789914708763      -9.901970337986379E-002
  8.468539095465952E-003  0.143091179583063      -0.149421215120028     
  1.340846165710356E-002  0.149252622671620      -0.189393335468742     
  2.472288638578606E-002  0.127238721634687      -0.207909249328652     
  3.554930322900345E-002  9.796585546734597E-002 -0.210862549301702     
  4.721338827323601E-002  8.181456439675568E-002 -0.210256621545033     
  6.708030469978112E-002  7.987019843890727E-002 -0.210977867545240     
  9.778827010760865E-002  8.506217525689920E-002 -0.207967672506346     
  0.122435153008327       8.625797665510898E-002 -0.189378440947521     
  0.119593308971615       7.885621043054897E-002 -0.149383405154607     
  9.471287962454594E-002  6.137795415738374E-002 -9.896740455744292E-002
  3.200570477523244E-002  3.677726064631323E-002 -4.423960274580696E-002
  0.000000000000000E+000  0.000000000000000E+000  0.000000000000000E+000
  0.000000000000000E+000  0.000000000000000E+000  0.000000000000000E+000
  0.000000000000000E+000  0.000000000000000E+000  0.000000000000000E+000
  0.000000000000000E+000  0.000000000000000E+000  0.000000000000000E+000
  1.799055859944713E-002  2.691016481695777E-002 -3.595734728245896E-002
  2.369945603232370E-003  0.112778955749965      -9.027269020344669E-002
  5.069562076940595E-003  0.143680723181950      -0.141068002186743     
  8.687122048698174E-003  0.146315001401593      -0.179575809858737     
  1.936422367064943E-002  0.122328708325654      -0.196560489243954     
  3.093574581895662E-002  9.324193949269258E-002 -0.198623492235007     
  4.397698930977759E-002  7.620492436378772E-002 -0.197834920433608     
  6.538154059178249E-002  7.355804212900478E-002 -0.198845029470204     
  9.625206390950455E-002  7.802865367541399E-002 -0.196680813866383     
  0.122236365993663       8.066231519925501E-002 -0.179529575671887     
  0.121765511738976       7.625824296001851E-002 -0.141022849919074     
  9.639508111407311E-002  5.836308509533757E-002 -9.016482736834604E-002
  1.427494524342792E-002  2.905441580645370E-002 -3.597913223508277E-002
  0.000000000000000E+000  0.000000000000000E+000  0.000000000000000E+000
  0.000000000000000E+000  0.000000000000000E+000  0.000000000000000E+000
  0.000000000000000E+000  0.000000000000000E+000  0.000000000000000E+000
  0.000000000000000E+000  0.000000000000000E+000  0.000000000000000E+000
  1.727598953588446E-002  4.654644650747908E-004 -2.431921063670711E-002
  2.607492213573734E-003  0.111494420525265      -8.126158116882430E-002
  3.702171848868006E-003  0.137261768514629      -0.132558833433161     
  4.596443188735038E-003  0.138323044679325      -0.167031950274298     
  1.584190897520705E-002  0.116882539019228      -0.184814061317080     
  2.680831529492412E-002  8.891144790241751E-002 -0.186270841339280     
  4.215485965452187E-002  7.301601766476466E-002 -0.186664546061131     
  6.379479337929064E-002  6.790653983618425E-002 -0.186661948394709     
  9.333028269565562E-002  7.224787937152133E-002 -0.184985486486271     
  0.117383744728078       7.322897337117691E-002 -0.167024994715050     
  0.116858285470417       7.174323783191749E-002 -0.132434186751253     
  9.520472469548975E-002  5.808109494905393E-002 -8.122215255063830E-002
 -8.208588800562093E-003  1.508922573152925E-002 -2.431169616751771E-002
  0.000000000000000E+000  0.000000000000000E+000  0.000000000000000E+000
  0.000000000000000E+000  0.000000000000000E+000  0.000000000000000E+000
  0.000000000000000E+000  0.000000000000000E+000  0.000000000000000E+000
  0.000000000000000E+000  0.000000000000000E+000  0.000000000000000E+000
  1.143609439334374E-002 -1.492427703710234E-002 -1.623589056321897E-002
  7.165823300508945E-003  0.110624449942449      -7.486651125551413E-002
 -1.235829618909670E-003  0.117909192877920      -0.117289862201762     
  3.610292574107389E-003  0.127238351997638      -0.152034853777460     
  1.092584020594306E-002  0.104954166654417      -0.167888081552615     
  2.330149979259520E-002  8.291314778918014E-002 -0.171482669923307     
  3.861733302872811E-002  6.685773710967681E-002 -0.172201701932038     
  6.042931328834580E-002  6.190485175443652E-002 -0.172038795769469     
  8.550339945044960E-002  6.207258732201718E-002 -0.168133109114519     
  0.108286934159397       6.679837586154097E-002 -0.152057610135076     
  0.102625826846433       5.796373809803356E-002 -0.117195806187226     
  9.213380661989221E-002  6.133281575285961E-002 -7.473494259888942E-002
 -1.858267632272161E-002  2.637088699695787E-003 -1.632483672920814E-002
  0.000000000000000E+000  0.000000000000000E+000  0.000000000000000E+000
  0.000000000000000E+000  0.000000000000000E+000  0.000000000000000E+000
  0.000000000000000E+000  0.000000000000000E+000  0.000000000000000E+000
  0.000000000000000E+000  0.000000000000000E+000  0.000000000000000E+000
  1.219416464606197E-002 -8.985673630924692E-003 -1.297510440838250E-002
  5.636255890790341E-003  8.461116540461559E-002 -5.939038410605373E-002
  1.936269009917881E-004  9.606119540984635E-002 -9.708956544362023E-002
  1.431909905694892E-003  0.104113992285615      -0.128146848514414     
  7.741037177737721E-003  8.876568033529124E-002 -0.143519448678439     
  1.886262396056543E-002  7.133868133957760E-002 -0.149553486381615     
  3.345150441468134E-002  5.785083182760924E-002 -0.150903876409576     
  5.268063216072340E-002  5.229129470889065E-002 -0.150266697290635     
  7.308040630059963E-002  5.124403400476629E-002 -0.143832737814236     
  8.937209787507086E-002  5.335664092795663E-002 -0.128189654901430     
  8.311012107756344E-002  4.829817094798582E-002 -9.707958174888494E-002
  7.032391196694447E-002  4.709361000195512E-002 -5.926098479278234E-002
 -1.384294037057115E-002  6.056043908929218E-003 -1.294436912813068E-002
  0.000000000000000E+000  0.000000000000000E+000  0.000000000000000E+000
  0.000000000000000E+000  0.000000000000000E+000  0.000000000000000E+000
  0.000000000000000E+000  0.000000000000000E+000  0.000000000000000E+000
  0.000000000000000E+000  0.000000000000000E+000  0.000000000000000E+000
  3.559605969412638E-003 -8.840711221972020E-003 -5.546101750121209E-003
  1.107116592879474E-002  5.181552199226508E-002 -3.886034081730026E-002
 -9.944253805622438E-004  6.155006626944599E-002 -6.478900361608576E-002
 -8.681147684470982E-005  7.137961419472830E-002 -9.076512982420230E-002
  3.840732550255039E-003  6.116266097469174E-002 -0.104384796247068     
  1.155836607869536E-002  5.007434445596588E-002 -0.111042471224464     
  2.347536630733787E-002  4.051523643715271E-002 -0.113647461410056     
  3.785863892638307E-002  3.523537460185561E-002 -0.111698394707705     
  5.107192836899189E-002  3.401519209378264E-002 -0.104653904031001     
  6.181963537819048E-002  3.567908494629574E-002 -9.084728058304606E-002
  5.383218961584826E-002  2.998551258711990E-002 -6.480731115764286E-002
  3.929971813963389E-002  3.545415612138435E-002 -3.879424092079207E-002
 -9.450248225052508E-003 -1.372179942144497E-003 -5.519370017598319E-003
  0.000000000000000E+000  0.000000000000000E+000  0.000000000000000E+000
  0.000000000000000E+000  0.000000000000000E+000  0.000000000000000E+000
  0.000000000000000E+000  0.000000000000000E+000  0.000000000000000E+000
  0.000000000000000E+000  0.000000000000000E+000  0.000000000000000E+000
 -1.626878703141910E-003 -2.937768732250240E-003 -4.745872734755338E-003
  1.149108375880002E-002  9.525266192388346E-003 -1.036397991006904E-002
  4.194152838009570E-003  1.913991973275547E-002 -1.905670476531889E-002
  8.034781165536114E-003  2.638575818539106E-002 -3.334310977831136E-002
  4.143940181564064E-003  2.635003005122239E-002 -4.118830139525445E-002
  7.680402171388014E-003  2.386437714440114E-002 -4.959569203256548E-002
  1.154001685067357E-002  1.979587956079190E-002 -5.075473405713857E-002
  1.699237939901400E-002  1.876180088809445E-002 -5.005687204311782E-002
  2.073609829533750E-002  1.686342937726796E-002 -4.131506424554765E-002
  1.882680688297726E-002  2.014918045099887E-002 -3.334049215237864E-002
  1.454521850618970E-002  1.322198851755888E-002 -1.908974884339698E-002
  2.487468992245630E-003  1.469622675835907E-002 -1.035155376614654E-002
 -1.711129866154051E-003 -2.889301348447779E-003 -4.739706323501153E-003
  0.000000000000000E+000  0.000000000000000E+000  0.000000000000000E+000
  0.000000000000000E+000  0.000000000000000E+000  0.000000000000000E+000
  0.000000000000000E+000  0.000000000000000E+000  0.000000000000000E+000
  0.000000000000000E+000  0.000000000000000E+000  0.000000000000000E+000
  0.000000000000000E+000  0.000000000000000E+000  0.000000000000000E+000
  0.000000000000000E+000  0.000000000000000E+000  0.000000000000000E+000
  0.000000000000000E+000  0.000000000000000E+000  0.000000000000000E+000
  0.000000000000000E+000  0.000000000000000E+000  0.000000000000000E+000
  0.000000000000000E+000  0.000000000000000E+000  0.000000000000000E+000
  0.000000000000000E+000  0.000000000000000E+000  0.000000000000000E+000
  0.000000000000000E+000  0.000000000000000E+000  0.000000000000000E+000
  0.000000000000000E+000  0.000000000000000E+000  0.000000000000000E+000
  0.000000000000000E+000  0.000000000000000E+000  0.000000000000000E+000
  0.000000000000000E+000  0.000000000000000E+000  0.000000000000000E+000
  0.000000000000000E+000  0.000000000000000E+000  0.000000000000000E+000
  0.000000000000000E+000  0.000000000000000E+000  0.000000000000000E+000
  0.000000000000000E+000  0.000000000000000E+000  0.000000000000000E+000
  0.000000000000000E+000  0.000000000000000E+000  0.000000000000000E+000
  0.000000000000000E+000  0.000000000000000E+000  0.000000000000000E+000
  0.000000000000000E+000  0.000000000000000E+000  0.000000000000000E+000
  0.000000000000000E+000  0.000000000000000E+000  0.000000000000000E+000
  0.000000000000000E+000  0.000000000000000E+000  0.000000000000000E+000
  0.000000000000000E+000  0.000000000000000E+000  0.000000000000000E+000
  0.000000000000000E+000  0.000000000000000E+000  0.000000000000000E+000
  0.000000000000000E+000  0.000000000000000E+000  0.000000000000000E+000
  0.000000000000000E+000  0.000000000000000E+000  0.000000000000000E+000
  0.000000000000000E+000  0.000000000000000E+000  0.000000000000000E+000
  0.000000000000000E+000  0.000000000000000E+000  0.000000000000000E+000
  0.000000000000000E+000  0.000000000000000E+000  0.000000000000000E+000
  0.000000000000000E+000  0.000000000000000E+000  0.000000000000000E+000
  0.000000000000000E+000  0.000000000000000E+000  0.000000000000000E+000
  0.000000000000000E+000  0.000000000000000E+000  0.000000000000000E+000
  0.000000000000000E+000  0.000000000000000E+000  0.000000000000000E+000
  0.000000000000000E+000  0.000000000000000E+000  0.000000000000000E+000
  0.000000000000000E+000  0.000000000000000E+000  0.000000000000000E+000
  0.000000000000000E+000  0.000000000000000E+000  0.000000000000000E+000
  0.000000000000000E+000  0.000000000000000E+000  0.000000000000000E+000
  0.000000000000000E+000  0.000000000000000E+000  0.000000000000000E+000
  1.167590365655330E-004 -3.173055979983976E-004  5.564985126752731E-004
  5.336163696613276E-004  3.679121111996128E-004  6.762441744261908E-004
  2.023114760615838E-004 -1.129678337597473E-004 -3.086297615867161E-004
 -1.103980936354777E-003 -3.450029924094429E-004 -7.097958990792389E-004
 -1.170570468809744E-003  3.458886366556649E-003  2.192189965674554E-004
 -5.139629562619918E-004  1.445422348961697E-003  2.440980228298840E-003
  9.611654239982139E-006  1.312838020929272E-005  3.968679499601607E-003
  1.503707887479919E-003  2.596777962257025E-004  2.448607242998981E-003
  3.371919915344300E-003  5.437838821629284E-004  2.994184095599130E-004
  3.044352620436722E-004 -1.124588857346471E-003 -7.215054017850990E-004
 -1.681281436674465E-004  1.270045468509963E-004 -3.151859529770175E-004
  1.010416209209798E-004  6.921178867382074E-004  6.943061997675177E-004
 -2.875918674230477E-004 -4.032103951833192E-005  5.622358000823772E-004
  0.000000000000000E+000  0.000000000000000E+000  0.000000000000000E+000
  0.000000000000000E+000  0.000000000000000E+000  0.000000000000000E+000
  0.000000000000000E+000  0.000000000000000E+000  0.000000000000000E+000
  0.000000000000000E+000  0.000000000000000E+000  0.000000000000000E+000
  1.903265965796887E-004 -3.480241945676450E-004  4.941129979373764E-004
  5.333765077758135E-004  2.305778754260254E-004  7.269031351174394E-004
 -1.126534757550742E-005 -2.117471691631887E-004 -1.792697791493947E-004
 -1.239677034772114E-003  4.986199912514156E-004 -7.731901840302542E-004
 -7.911158441176637E-004  2.873855180283573E-003  7.069790089756208E-005
 -3.566152744894242E-004  2.898144268998009E-004  2.720783121487537E-003
 -2.068190351360152E-004 -3.559289064059915E-004  4.060112834675937E-003
  4.605642718226368E-004 -1.481381484624514E-004  2.717527769276148E-003
  2.755929014465087E-003  6.469305929084567E-004  1.417253232090961E-004
  1.065775046046170E-003 -8.403688843596226E-004 -7.886077355945107E-004
 -1.505965324534634E-004 -1.167186553129684E-004 -1.854610772722891E-004
 -3.726809460898764E-005  6.110253878195359E-004  7.465048023372447E-004
 -3.655473873117679E-004  5.503211527758203E-006  4.998146124639334E-004
  0.000000000000000E+000  0.000000000000000E+000  0.000000000000000E+000
  0.000000000000000E+000  0.000000000000000E+000  0.000000000000000E+000
  0.000000000000000E+000  0.000000000000000E+000  0.000000000000000E+000
  0.000000000000000E+000  0.000000000000000E+000  0.000000000000000E+000
  2.690914609568224E-004 -3.915989244821715E-004  4.641191313867320E-004
  4.559442224232117E-004 -2.063859074712554E-004  7.579177361848969E-004
 -3.359939340590042E-004 -2.340422354487828E-004 -1.010635926927133E-005
 -1.216832055399935E-003  2.276672666586126E-003 -1.201403822983842E-003
 -3.254517258564156E-004  1.440470391413788E-003  2.717383847318987E-004
 -4.034422563173161E-004 -1.371420591997695E-003  3.757376869719989E-003
 -5.139360964907408E-004 -8.935304578279650E-004  4.644458163774829E-003
 -9.080035288992667E-004 -9.635562178224542E-004  3.707059680792938E-003
  1.438132398654813E-003  4.409219962487801E-004  2.712970913274828E-004
  2.578108720803391E-003  6.005335298931673E-005 -1.201702838140790E-003
 -3.429222273727354E-005 -4.272380854579974E-004 -1.852292334114275E-005
 -4.202731817327465E-004  2.967767717327315E-004  7.766025237976101E-004
 -4.697253414537452E-004  4.434954627336665E-005  4.724878309723731E-004
  0.000000000000000E+000  0.000000000000000E+000  0.000000000000000E+000
  0.000000000000000E+000  0.000000000000000E+000  0.000000000000000E+000
  0.000000000000000E+000  0.000000000000000E+000  0.000000000000000E+000
  0.000000000000000E+000  0.000000000000000E+000  0.000000000000000E+000
  2.388730277034275E-004 -1.381786100839412E-004  4.867786627830703E-004
  4.717482050307021E-004 -1.300061710495569E-003  8.950774188358403E-004
 -3.966166556395814E-004 -1.687876978029588E-003  4.476855769341084E-004
 -1.048988332473627E-003  2.707300911639415E-003 -1.512490383199146E-003
 -1.010496308555856E-004  1.148758804974737E-003  3.931035864930871E-004
  1.705712986222025E-004  3.257010650129977E-004  2.687286927937193E-003
  1.535741321614479E-003  2.639439219582158E-003  1.198242066069493E-003
  2.370348497190234E-004  3.297195362312429E-004  2.678469653694738E-003
  9.741738113009182E-004  4.308516362867469E-004  4.454012673663540E-004
  2.926395439959162E-003  4.488537006143171E-004 -1.539358535929967E-003
 -1.242365679234353E-003 -1.201348313900875E-003  4.425330079769294E-004
 -1.493540847540133E-003 -2.875476075026242E-004  9.273134266246015E-004
 -2.430811881767515E-004  1.458929348952697E-004  4.982895442859600E-004
  0.000000000000000E+000  0.000000000000000E+000  0.000000000000000E+000
  0.000000000000000E+000  0.000000000000000E+000  0.000000000000000E+000
  0.000000000000000E+000  0.000000000000000E+000  0.000000000000000E+000
  0.000000000000000E+000  0.000000000000000E+000  0.000000000000000E+000
  9.155042702139996E-005  6.400190369264401E-006  5.367417109093501E-004
  3.434949642343421E-004 -1.365331899783877E-003  9.579535153407496E-004
 -1.730791982843505E-004 -2.796840155045745E-003  1.108317621284947E-003
 -7.477153276760507E-004  1.723304758902744E-003 -1.185962136380981E-003
  2.091270545378034E-004  1.007596148253885E-003  3.087174919282987E-004
  2.045304957353938E-004 -8.582524128196018E-004  3.594332896750873E-003
  3.147743532065054E-004  5.390847559676470E-004  2.727215036255722E-003
 -7.190520825008917E-004 -1.473792472994059E-004  3.457268945095799E-003
  6.364519474288369E-004  5.947410180852672E-004  4.462623862811378E-004
  1.869571188760717E-003  2.014901315718548E-004 -1.202015686217814E-003
 -2.245166070145818E-003 -1.545127649782652E-003  1.076190729434149E-003
 -1.520615738464713E-003 -4.333257356596665E-004  1.001894112279689E-003
 -3.975665992334692E-005  8.354710070650052E-005  5.497420847815284E-004
  0.000000000000000E+000  0.000000000000000E+000  0.000000000000000E+000
  0.000000000000000E+000  0.000000000000000E+000  0.000000000000000E+000
  0.000000000000000E+000  0.000000000000000E+000  0.000000000000000E+000
  0.000000000000000E+000  0.000000000000000E+000  0.000000000000000E+000
 -5.238624452705013E-006  6.589656166104786E-005  5.361557555864830E-004
  4.416369930969262E-005 -9.750615340166529E-004  8.429413249259667E-004
  1.262713132570421E-004 -3.422425010928270E-003  1.644273650630166E-003
 -2.038720522562032E-004 -4.330421409704876E-004  7.581186347789422E-005
  5.482225905189806E-004  1.515969851878144E-003 -3.602427737361896E-004
  6.872688084109274E-004 -1.319696166198205E-004  2.523511064373551E-003
 -3.682348715959518E-004 -6.387275726653343E-004  3.988536535363424E-003
 -3.622846795726602E-004  6.238207096849096E-004  2.363519483566633E-003
  1.058248265523927E-003  1.252461158126227E-003 -3.682641594086509E-004
 -3.036715072653804E-004 -4.161982590800088E-004  8.745309098761514E-005
 -2.927336917775585E-003 -1.589343837885750E-003  1.591287928190296E-003
 -9.617256577998564E-004 -4.870692598686932E-004  8.753270821360048E-004
  6.004186749758873E-005  3.368573609337046E-005  5.412532354630467E-004
  0.000000000000000E+000  0.000000000000000E+000  0.000000000000000E+000
  0.000000000000000E+000  0.000000000000000E+000  0.000000000000000E+000
  0.000000000000000E+000  0.000000000000000E+000  0.000000000000000E+000
  0.000000000000000E+000  0.000000000000000E+000  0.000000000000000E+000
 -6.795561222932790E-005  1.081293200686630E-004  5.803332598077684E-004
 -1.020357470913092E-004 -9.483249648230672E-004  7.114803305190605E-004
  6.650216164800962E-004 -4.181773373102555E-003  2.372411775901194E-003
  2.565532625891110E-004 -1.625568604961383E-003  1.106833699734822E-003
  7.780180759838001E-004  1.865869384242371E-003 -1.060654970525897E-003
  1.156959313507286E-003  1.713756624438033E-003 -6.630938779944258E-004
  1.214655259676012E-003  2.108938777067185E-003 -1.273837416481794E-003
  8.332058455638111E-004  1.815562557574365E-003 -5.465346442659863E-004
  1.238435171291758E-003  1.641427869937014E-003 -1.100791343589507E-003
 -1.540767167743232E-003 -5.910581737755776E-004  1.103856427640435E-003
 -3.913306741092020E-003 -1.519828423296331E-003  2.334421833892152E-003
 -7.903890381826905E-004 -5.771814914262638E-004  7.197243554919333E-004
  1.289186463041160E-004 -4.774811304894945E-006  5.907583749558864E-004
  0.000000000000000E+000  0.000000000000000E+000  0.000000000000000E+000
  0.000000000000000E+000  0.000000000000000E+000  0.000000000000000E+000
  0.000000000000000E+000  0.000000000000000E+000  0.000000000000000E+000
  0.000000000000000E+000  0.000000000000000E+000  0.000000000000000E+000
 -1.589466629448658E-004  2.380660038692781E-004  4.712019183798893E-004
  4.943933816429646E-005 -1.299531144630283E-003  6.689236965628149E-004
  1.007045244216668E-003 -4.118550398668234E-003  2.868206481748660E-003
  2.681353443955420E-004 -2.756300198595805E-004 -1.518966587810259E-004
  1.074055767053220E-003  4.237674080043211E-005  5.511596720225678E-004
  6.970995092507331E-004 -3.259724696777043E-004  2.624378241433396E-003
  1.394187059150532E-003  2.430502366040062E-003 -3.921927493438054E-003
 -6.756506243873863E-004  4.365271929829550E-004  2.686898786886690E-003
 -5.591084496830242E-004  9.478643633056237E-004  6.020361793875176E-004
 -3.352058848322647E-004  1.235129961613194E-004 -2.035048980732305E-004
 -4.130883825933555E-003 -1.212254380519621E-003  2.896799023308168E-003
 -1.139262142145316E-003 -6.114746336641526E-004  6.530967317238445E-004
  2.847491653079381E-004 -1.767192021752474E-005  4.824146158125047E-004
  0.000000000000000E+000  0.000000000000000E+000  0.000000000000000E+000
  0.000000000000000E+000  0.000000000000000E+000  0.000000000000000E+000
  0.000000000000000E+000  0.000000000000000E+000  0.000000000000000E+000
  0.000000000000000E+000  0.000000000000000E+000  0.000000000000000E+000
 -5.449881730013784E-005  2.323683435459007E-004  1.765772459577219E-004
 -1.266036762677072E-004 -1.209262796358778E-003  7.239400351726349E-004
  8.778661060176336E-004 -2.506791718716135E-003  1.972384087673611E-003
 -9.454916965788792E-005  5.824042595854110E-004 -1.372998631791334E-003
  1.009830280617231E-003 -5.600605925303516E-004  1.284241324198673E-003
  6.697254007124530E-004 -1.876799304415513E-004  2.899246439292241E-003
  4.432411703217854E-004  7.954924384765180E-004 -2.041703999887928E-003
 -4.738899133072478E-004  5.116843362940504E-004  2.773598707172191E-003
 -1.072866051188520E-003  5.901908498352846E-004  1.414918890362881E-003
  6.346870375401628E-004  2.353421471000016E-004 -1.508355035998882E-003
 -2.694155035738409E-003 -5.040006031939222E-004  2.044697510011417E-003
 -9.910629694075742E-004 -7.241660534297251E-004  7.124485370380364E-004
  2.329499940287719E-004  7.211138064035951E-005  1.838496694155859E-004
  0.000000000000000E+000  0.000000000000000E+000  0.000000000000000E+000
  0.000000000000000E+000  0.000000000000000E+000  0.000000000000000E+000
  0.000000000000000E+000  0.000000000000000E+000  0.000000000000000E+000
  0.000000000000000E+000  0.000000000000000E+000  0.000000000000000E+000
  5.750008550842545E-005  6.184364642434833E-005  1.571651729875500E-004
 -3.176796562867814E-004 -1.539025328112908E-004  1.984169998357391E-005
  9.778234448630158E-005 -7.489983956685692E-004  9.632894352787709E-005
  2.312009597608439E-004  9.840043186496377E-005 -6.729730599274275E-004
  1.775899358358218E-004  2.872841053667053E-004 -4.599824359622968E-004
  2.297760389876013E-004  5.847103146375798E-004 -1.399777631995055E-003
 -5.104305799503170E-005 -7.123289208255484E-005  1.596481025611873E-003
  3.884270228395863E-004  4.985899416413660E-004 -1.447967376301226E-003
  9.851901570807274E-005  2.890892176272909E-004 -3.438850806824826E-004
  8.567540922318457E-006  2.653299641720849E-004 -7.484665767464488E-004
 -7.212182865683096E-004 -2.908179376904004E-004  1.111244469632894E-004
  2.270547012627576E-005 -3.590902164791348E-004  1.426134459177203E-005
  2.570899244520158E-005  8.262319934461762E-005  1.595745899348296E-004
  0.000000000000000E+000  0.000000000000000E+000  0.000000000000000E+000
  0.000000000000000E+000  0.000000000000000E+000  0.000000000000000E+000
  0.000000000000000E+000  0.000000000000000E+000  0.000000000000000E+000
  0.000000000000000E+000  0.000000000000000E+000  0.000000000000000E+000
  0.000000000000000E+000  0.000000000000000E+000  0.000000000000000E+000
  0.000000000000000E+000  0.000000000000000E+000  0.000000000000000E+000
  0.000000000000000E+000  0.000000000000000E+000  0.000000000000000E+000
  0.000000000000000E+000  0.000000000000000E+000  0.000000000000000E+000
  0.000000000000000E+000  0.000000000000000E+000  0.000000000000000E+000
  0.000000000000000E+000  0.000000000000000E+000  0.000000000000000E+000
  0.000000000000000E+000  0.000000000000000E+000  0.000000000000000E+000
  0.000000000000000E+000  0.000000000000000E+000  0.000000000000000E+000
  0.000000000000000E+000  0.000000000000000E+000  0.000000000000000E+000
  0.000000000000000E+000  0.000000000000000E+000  0.000000000000000E+000
  0.000000000000000E+000  0.000000000000000E+000  0.000000000000000E+000
  0.000000000000000E+000  0.000000000000000E+000  0.000000000000000E+000
  0.000000000000000E+000  0.000000000000000E+000  0.000000000000000E+000
  0.000000000000000E+000  0.000000000000000E+000  0.000000000000000E+000
  0.000000000000000E+000  0.000000000000000E+000  0.000000000000000E+000
  0.000000000000000E+000  0.000000000000000E+000  0.000000000000000E+000
  0.000000000000000E+000  0.000000000000000E+000  0.000000000000000E+000
  0.000000000000000E+000  0.000000000000000E+000  0.000000000000000E+000
  0.000000000000000E+000  0.000000000000000E+000  0.000000000000000E+000
  0.000000000000000E+000  0.000000000000000E+000  0.000000000000000E+000
  0.000000000000000E+000  0.000000000000000E+000  0.000000000000000E+000
  0.000000000000000E+000  0.000000000000000E+000  0.000000000000000E+000
  0.000000000000000E+000  0.000000000000000E+000  0.000000000000000E+000
  0.000000000000000E+000  0.000000000000000E+000  0.000000000000000E+000
  0.000000000000000E+000  0.000000000000000E+000  0.000000000000000E+000
  0.000000000000000E+000  0.000000000000000E+000  0.000000000000000E+000
  0.000000000000000E+000  0.000000000000000E+000  0.000000000000000E+000
  0.000000000000000E+000  0.000000000000000E+000  0.000000000000000E+000
  0.000000000000000E+000  0.000000000000000E+000  0.000000000000000E+000
  0.000000000000000E+000  0.000000000000000E+000  0.000000000000000E+000
  0.000000000000000E+000  0.000000000000000E+000  0.000000000000000E+000
  0.000000000000000E+000  0.000000000000000E+000  0.000000000000000E+000
  0.000000000000000E+000  0.000000000000000E+000  0.000000000000000E+000
  0.000000000000000E+000  0.000000000000000E+000  0.000000000000000E+000
   1.62986636769905       -3.80896993639103        7.90146026788548     
   12.3213802810112        1.27761210032126        14.1580959891723     
   18.2957239884117      -0.311335233696274        5.52276194451630     
   9.79451527709429       -7.29552251646413       -2.87407957188770     
   6.64544253655274        80.2050331940986       -17.1341371083871     
   2.92723871960063        23.7688716767449        17.1452440696665     
  -21.1053584289034       -36.6737071147011        60.1097771572392     
   21.5702517895886        16.9154276853770        15.6412929131812     
   58.5301308676318        39.8126124293938       -14.2128435707362     
  -9.51705417255696        5.02873203843893       -3.49421223520095     
  -9.95597089559175        14.8564755677504        5.12790422261330     
  -4.64072467248464        11.7795632818202        14.3138892117884     
  -4.19365472904779      -0.520234034514189        8.12523171273683     
  0.000000000000000E+000  0.000000000000000E+000  0.000000000000000E+000
  0.000000000000000E+000  0.000000000000000E+000  0.000000000000000E+000
  0.000000000000000E+000  0.000000000000000E+000  0.000000000000000E+000
  0.000000000000000E+000  0.000000000000000E+000  0.000000000000000E+000
   2.59797312548744       -3.22923431010928        6.78905276613522     
   13.1796260478880        1.14136850305290        14.2667142435105     
   17.2339708929206       -2.30495663682068        7.00303430373083     
   6.76847830416077        3.10551912181405       -2.67786594605899     
   4.66267079176784        54.1737273823953       -16.3320024897911     
  6.268822320444073E-002  -6.85683712108600        21.9483169414634     
  -21.8922932107124       -37.5349663411807        59.2441284808654     
  -3.32705828401410       -1.15215468323130        20.3407416021947     
   40.0452032425134        27.7323945552853       -13.8251461562535     
  0.637146764640979        7.51958993026728       -3.33044703026585     
  -10.6372720346425        13.0891132797965        6.67529089206985     
  -5.59130266803116        12.1654298617265        14.4602728182522     
  -4.22245066314281       0.645875123376345        7.00100868495552     
  0.000000000000000E+000  0.000000000000000E+000  0.000000000000000E+000
  0.000000000000000E+000  0.000000000000000E+000  0.000000000000000E+000
  0.000000000000000E+000  0.000000000000000E+000  0.000000000000000E+000
  0.000000000000000E+000  0.000000000000000E+000  0.000000000000000E+000
   3.50834856711594       -1.68089950874156        5.86523441087031     
   14.0863792445112       -1.21524188261260        14.4114698574277     
   14.2909608231234       -4.69847066301076        10.9350914490765     
   3.92006762708274        14.8377398971686       -4.83516004897831     
   4.31146152533619        1.19270680585578      -5.610400178488724E-002
  -8.74338160352185       -46.8640199864339        45.2524193763460     
  -23.8721480243994       -41.0952565669468        66.3634118274036     
  -34.0542192679173       -28.8338855683818        43.3338990969362     
  -1.12528240738755        4.15143286277457       0.252487387971576     
   14.1987474931626        12.1388858802802       -5.96873604058836     
  -10.5503259056172        9.67112377581433        10.7436652351966     
  -8.88858072131919        11.2003361268052        14.6174445392011     
  -3.42713207259483        2.23675502152766        6.09870058575714     
  0.000000000000000E+000  0.000000000000000E+000  0.000000000000000E+000
  0.000000000000000E+000  0.000000000000000E+000  0.000000000000000E+000
  0.000000000000000E+000  0.000000000000000E+000  0.000000000000000E+000
  0.000000000000000E+000  0.000000000000000E+000  0.000000000000000E+000
   3.54864716711678       0.241350383772595        5.61640856824382     
   11.8137783662562        11.0431514510599        14.3445968087424     
   9.52574906047161        6.94980880824417        13.9629618687302     
 -0.539231046651742        37.8238259594366       -10.4569941863106     
   1.87587037860663        2.81383508116099        2.98150586175000     
  -1.02364672762344       -6.73264158069478        19.9777796125570     
   31.6626578645888        54.7162393948290       -24.6176857921931     
  -5.91367692237012       -4.78860615258110        20.7906372833739     
  4.213565818633605E-002   2.28190998615277        4.15592149497046     
   33.2481490204745        18.2907625465329       -10.8224011459717     
   1.79089009152612        11.2792844835686        13.7765004500259     
   2.65927589869268        15.2187728269816        14.6692871901030     
  -1.83354659411413        3.22803647764563        5.84238925823184     
  0.000000000000000E+000  0.000000000000000E+000  0.000000000000000E+000
  0.000000000000000E+000  0.000000000000000E+000  0.000000000000000E+000
  0.000000000000000E+000  0.000000000000000E+000  0.000000000000000E+000
  0.000000000000000E+000  0.000000000000000E+000  0.000000000000000E+000
   3.41172278607654       0.982053484357562        5.25112153986269     
   2.71921428632128        30.8696585624683        11.4783385234008     
   3.30252413194703        22.9725961045729        13.5433724491685     
  -6.36942700971863        61.5577989774151       -21.4482231962155     
 -2.508773745666140E-002  -14.1259143965427        17.0961535951981     
  -5.69988573159528       -34.9783670923954        50.8571659312403     
   18.4079341571600        32.0020072034181       -16.2847002409897     
  -25.7562922601423       -20.5986543773681        48.5945953948670     
  -10.9306413692012       -6.01234279908215        16.1588013401626     
   52.7598690259585        23.6312164709121       -19.1511978784431     
   15.9088315971963        12.9416648448051        14.1720579132826     
   26.1586655538795        17.8334524473797        11.3523570999012     
  -1.12557739194579        3.41697513674936        5.46548152723049     
  0.000000000000000E+000  0.000000000000000E+000  0.000000000000000E+000
  0.000000000000000E+000  0.000000000000000E+000  0.000000000000000E+000
  0.000000000000000E+000  0.000000000000000E+000  0.000000000000000E+000
  0.000000000000000E+000  0.000000000000000E+000  0.000000000000000E+000
   2.56001913606588      -5.903708661410399E-002   6.83377112092408     
 -0.692015023025417        30.3652742751611        11.4870072346112     
   6.13435985888834       -1.72544240731163        26.7394158172686     
  -7.35967224669069        47.8732535832681       -11.6574633971575     
  0.220521053081113       -6.68573363849397        19.8060706066994     
   1.67135686165842       -6.65629570058091        28.7703599397274     
   16.3257439216667        28.0754606040511       -20.4791709099639     
  -6.57282221564942       -1.60754450634445        28.4522382880746     
  -3.52977810143318       -1.37644220116545        16.8977782661717     
   45.3587290763540        17.8069113852849       -11.6691273979313     
  -6.64794510457903        3.38189825514191        27.5543657913342     
   29.6323036870451        15.0768092018332        10.5036063314923     
  -1.63508023546338        2.29318113659790        6.98081704192847     
  0.000000000000000E+000  0.000000000000000E+000  0.000000000000000E+000
  0.000000000000000E+000  0.000000000000000E+000  0.000000000000000E+000
  0.000000000000000E+000  0.000000000000000E+000  0.000000000000000E+000
  0.000000000000000E+000  0.000000000000000E+000  0.000000000000000E+000
 -0.522009885700101       0.554157059512750        7.25869261410688     
   5.39552780862824        6.08870878738534        15.1421456300523     
   11.6124017822344       -32.8185791308718        47.2304958770159     
  -5.09526338141375        27.5610996651797        3.95265524051911     
 -0.159009141576043        16.9251381752430        1.86325244682573     
   8.14015250956173        18.9756075959250       -9.31438664709867     
   13.6567634715838        23.3539155284590       -24.4626148906335     
   10.4135072556559        14.8312862831917       -5.55275455279540     
   12.3013922997436        7.53958144971687        4.39998376243497     
   27.8928967943851        10.1617179050854        2.51852381185220     
  -34.8015415550100       -6.84029354200355        47.4247892913204     
   6.65638934622770        8.45851533105385        13.5236879290824     
  0.433290091361042       4.841998202082468E-002   7.47374875830045     
  0.000000000000000E+000  0.000000000000000E+000  0.000000000000000E+000
  0.000000000000000E+000  0.000000000000000E+000  0.000000000000000E+000
  0.000000000000000E+000  0.000000000000000E+000  0.000000000000000E+000
  0.000000000000000E+000  0.000000000000000E+000  0.000000000000000E+000
 -0.689345737940152        3.93519016565428        3.40711300670283     
   7.90349076686590       -14.7201661126988        23.0211934657749     
   4.96214400224790       -1.72523702712948        28.1167251214626     
  -4.85525093112221        28.8273393628891       -4.63393289764145     
   3.53580044069925        10.3748448772329        12.4614194700398     
   2.62658296083730       0.867673379978345        23.4636134390408     
   1.69284282733737        3.15376275323162        10.6185065510306     
   1.15379036600890        3.89254035754131        19.0719492881987     
   5.60431694867592        7.55824928042303        15.1490195461314     
   27.9619647599663        10.6681336392308       -5.13391272865197     
  -5.38661953337327        3.04869038897771        28.9436387551742     
  -13.4443333721352       4.190035447041836E-002   21.3242090979063     
   3.47827201606167        1.57715346824244        3.65362552170345     
  0.000000000000000E+000  0.000000000000000E+000  0.000000000000000E+000
  0.000000000000000E+000  0.000000000000000E+000  0.000000000000000E+000
  0.000000000000000E+000  0.000000000000000E+000  0.000000000000000E+000
  0.000000000000000E+000  0.000000000000000E+000  0.000000000000000E+000
 -0.224828073828513        1.34257541424958        1.38039229343503     
   2.45599342301735       -7.22011842854143        17.7839770747263     
  -12.6664519609590        34.7646397286408       -16.6753446738435     
  -7.17042103235798        28.0431173064792       -18.4396880120173     
  -2.83416345748208        22.2951052551191       -10.9207352779385     
   1.97679940850156        14.6415840055030       -13.0635593874509     
  0.573951816098387        1.14499193611656        8.47240401985585     
   13.2211162186460        9.33210344083358       -17.6973655547503     
   19.5617613862614        8.51436751973858       -8.93515257938728     
   30.0383699611577        8.25846507240466       -21.1700605585834     
   34.8384617166648        6.19262200659842       -14.9788223322865     
  -6.40879898295201       -1.09844531630036        16.8844753294380     
   1.21886406492662       0.532281175544285        1.55639753762632     
  0.000000000000000E+000  0.000000000000000E+000  0.000000000000000E+000
  0.000000000000000E+000  0.000000000000000E+000  0.000000000000000E+000
  0.000000000000000E+000  0.000000000000000E+000  0.000000000000000E+000
  0.000000000000000E+000  0.000000000000000E+000  0.000000000000000E+000
  0.489446867013693       0.794504519667436        2.43032613854161     
  -1.39398942060373       0.880067364901629        4.34504989785992     
   1.23274346005490        14.7947191881465       -8.53667542309665     
  -2.07212044334656        16.8973727463053       -10.0150291334923     
  -5.57586922117854        26.3811512264661       -33.6483664974578     
  -3.70245759964607        18.6001839289521       -41.4776327330733     
   1.34752346425820        2.18075363410303        5.96797464745177     
   17.5458710394448        5.81548632404433       -39.5427692970203     
   24.1499272189450        7.92878279289796       -30.5020423774856     
   16.9773653477793        6.97098785858821       -11.9176762399702     
   12.0744818099135        8.43990372441837       -8.24599812476093     
   1.45466909496607      -0.669433168118161        4.31772651841387     
  0.471109703221240       0.812857235889224        2.37264496686179     
  0.000000000000000E+000  0.000000000000000E+000  0.000000000000000E+000
  0.000000000000000E+000  0.000000000000000E+000  0.000000000000000E+000
  0.000000000000000E+000  0.000000000000000E+000  0.000000000000000E+000
  0.000000000000000E+000  0.000000000000000E+000  0.000000000000000E+000
  0.000000000000000E+000  0.000000000000000E+000  0.000000000000000E+000
  0.000000000000000E+000  0.000000000000000E+000  0.000000000000000E+000
  0.000000000000000E+000  0.000000000000000E+000  0.000000000000000E+000
  0.000000000000000E+000  0.000000000000000E+000  0.000000000000000E+000
  0.000000000000000E+000  0.000000000000000E+000  0.000000000000000E+000
  0.000000000000000E+000  0.000000000000000E+000  0.000000000000000E+000
  0.000000000000000E+000  0.000000000000000E+000  0.000000000000000E+000
  0.000000000000000E+000  0.000000000000000E+000  0.000000000000000E+000
  0.000000000000000E+000  0.000000000000000E+000  0.000000000000000E+000
  0.000000000000000E+000  0.000000000000000E+000  0.000000000000000E+000
  0.000000000000000E+000  0.000000000000000E+000  0.000000000000000E+000
  0.000000000000000E+000  0.000000000000000E+000  0.000000000000000E+000
  0.000000000000000E+000  0.000000000000000E+000  0.000000000000000E+000
  0.000000000000000E+000  0.000000000000000E+000  0.000000000000000E+000
  0.000000000000000E+000  0.000000000000000E+000  0.000000000000000E+000
  0.000000000000000E+000  0.000000000000000E+000  0.000000000000000E+000
  0.000000000000000E+000  0.000000000000000E+000  0.000000000000000E+000
  0.000000000000000E+000  0.000000000000000E+000  0.000000000000000E+000
  0.000000000000000E+000  0.000000000000000E+000  0.000000000000000E+000
  0.000000000000000E+000  0.000000000000000E+000  0.000000000000000E+000
  0.000000000000000E+000  0.000000000000000E+000  0.000000000000000E+000
  0.000000000000000E+000  0.000000000000000E+000  0.000000000000000E+000
  0.000000000000000E+000  0.000000000000000E+000  0.000000000000000E+000
  0.000000000000000E+000  0.000000000000000E+000  0.000000000000000E+000
  0.000000000000000E+000  0.000000000000000E+000  0.000000000000000E+000
  0.000000000000000E+000  0.000000000000000E+000  0.000000000000000E+000
  0.000000000000000E+000  0.000000000000000E+000  0.000000000000000E+000
  0.000000000000000E+000  0.000000000000000E+000  0.000000000000000E+000
  0.000000000000000E+000  0.000000000000000E+000  0.000000000000000E+000
  0.000000000000000E+000  0.000000000000000E+000  0.000000000000000E+000
  0.000000000000000E+000  0.000000000000000E+000  0.000000000000000E+000
  0.000000000000000E+000  0.000000000000000E+000  0.000000000000000E+000
