          80  8.000000000000007E-003  8.000000000000007E-003
  0.000000000000000E+000  0.000000000000000E+000  0.000000000000000E+000
  0.000000000000000E+000  0.000000000000000E+000  0.000000000000000E+000
  5.269956564290117E-002  6.921668397155875E-002 -6.575947757723108E-002
  6.671068291890754E-002  0.147751502754973      -0.107181319448847     
  9.604045461508694E-002  0.200881551148446      -0.148460827119114     
  0.113282071020776       0.240616752159889      -0.175015704474828     
  0.130388184226384       0.259888885421655      -0.195898632090069     
  0.143622435606094       0.267930118468691      -0.207620172023152     
  0.154069699602696       0.266927080292680      -0.211624229342369     
  0.160146832169127       0.258338654412878      -0.207590930052098     
  0.159799903262612       0.242852966650379      -0.195856006600510     
  0.151712773675583       0.218468376231925      -0.175023063176091     
  0.125982665273579       0.183702395609924      -0.148484576393940     
  9.464759412922689E-002  0.131734807056270      -0.107220418045779     
  3.366106261314335E-002  8.033246160204036E-002 -6.579704422099475E-002
  0.000000000000000E+000  0.000000000000000E+000  0.000000000000000E+000
  0.000000000000000E+000  0.000000000000000E+000  0.000000000000000E+000
  0.000000000000000E+000  0.000000000000000E+000  0.000000000000000E+000
  0.000000000000000E+000  0.000000000000000E+000  0.000000000000000E+000
  4.251573616191750E-002  6.303127832648102E-002 -5.585153994210620E-002
  6.417099386014238E-002  0.139584468819438      -0.104545951951499     
  8.541203917689177E-002  0.192193376485702      -0.139829445774597     
  0.105061642699125       0.227114021857754      -0.170353318734018     
  0.119683651608710       0.245823918831799      -0.189664943225131     
  0.133592864352880       0.251599078127653      -0.203206314358187     
  0.144231609129965       0.249880449340418      -0.206615557975786     
  0.151036030357302       0.241507181566582      -0.203196073784121     
  0.152979163466920       0.226559467779217      -0.189632396070191     
  0.144128330391750       0.204591340334086      -0.170359268989973     
  0.123753586824890       0.170127974456039      -0.139838335430395     
  8.883144951081166E-002  0.125434622575431      -0.104576418105678     
  3.338619158262132E-002  6.840254773521838E-002 -5.587608433811246E-002
  0.000000000000000E+000  0.000000000000000E+000  0.000000000000000E+000
  0.000000000000000E+000  0.000000000000000E+000  0.000000000000000E+000
  0.000000000000000E+000  0.000000000000000E+000  0.000000000000000E+000
  0.000000000000000E+000  0.000000000000000E+000  0.000000000000000E+000
  3.332399870394707E-002  4.954442181057328E-002 -4.139956990081024E-002
  5.189326988242310E-002  0.126366363084831      -9.317468846207140E-002
  7.213596398209488E-002  0.175058014645347      -0.128222874520723     
  8.625397106009346E-002  0.205425902521571      -0.157524609628341     
  0.101599318265601       0.218648930852138      -0.179208046572781     
  0.113643251424448       0.220764848885143      -0.191938465536188     
  0.125194221962405       0.216897966092298      -0.196852072350628     
  0.134327786323712       0.208838572063003      -0.191961201729407     
  0.138497785989815       0.197323310362610      -0.179194045055073     
  0.134742445172848       0.177440207830553      -0.157520187035098     
  0.115520216904608       0.150027042884908      -0.128214833507770     
  8.349955684269329E-002  0.108147487143779      -9.317495611866618E-002
  2.628463951480802E-002  5.367427926516705E-002 -4.140248008189289E-002
  0.000000000000000E+000  0.000000000000000E+000  0.000000000000000E+000
  0.000000000000000E+000  0.000000000000000E+000  0.000000000000000E+000
  0.000000000000000E+000  0.000000000000000E+000  0.000000000000000E+000
  0.000000000000000E+000  0.000000000000000E+000  0.000000000000000E+000
  2.875431216295318E-002  2.655377021537594E-002 -2.758417043847350E-002
  3.946225404615452E-002  0.107794091319504      -7.580001914824724E-002
  5.381906172865480E-002  0.153200678661170      -0.111368512942220     
  6.625627112340828E-002  0.177934543377385      -0.140855695804237     
  7.729171792799969E-002  0.183550433559711      -0.161914768898985     
  8.859798250219811E-002  0.179262634579188      -0.174725685185560     
  9.928733388818672E-002  0.172013188039801      -0.178959468503982     
  0.110917230802802       0.166416427086848      -0.174783506810726     
  0.120265021087171       0.158730194771429      -0.161921493937747     
  0.120927953060280       0.146360384599091      -0.140843482488026     
  0.105722596415631       0.123190009607446      -0.111334945902013     
  7.358455194524791E-002  8.804384811109769E-002 -7.575634840090774E-002
  8.631609316590089E-003  3.820234098254859E-002 -2.757153506228803E-002
  0.000000000000000E+000  0.000000000000000E+000  0.000000000000000E+000
  0.000000000000000E+000  0.000000000000000E+000  0.000000000000000E+000
  0.000000000000000E+000  0.000000000000000E+000  0.000000000000000E+000
  0.000000000000000E+000  0.000000000000000E+000  0.000000000000000E+000
  2.181058165027744E-002  1.090487814827782E-003 -1.594840481234381E-002
  3.056559536897573E-002  9.293894238795897E-002 -6.105536093395718E-002
  4.246919723889712E-002  0.134555496363426      -9.659517990808551E-002
  4.843768539276130E-002  0.152782255868744      -0.125730292191205     
  5.864753475008531E-002  0.152891483671522      -0.145419320577870     
  6.694656507833224E-002  0.142805057041092      -0.156889252488958     
  7.727704412771197E-002  0.133880276658035      -0.160694843783878     
  9.018980743891301E-002  0.129458909621022      -0.156977072661916     
  0.103051614387324       0.127272435920708      -0.145447745909762     
  0.108066155835853       0.118344110796814      -0.125716875115954     
  9.523314849848277E-002  0.104018586870163      -9.654115514681144E-002
  6.513187743349569E-002  7.287104065739694E-002 -6.098084449014945E-002
 -9.979468889910545E-003  1.942664739030608E-002 -1.590998147237833E-002
  0.000000000000000E+000  0.000000000000000E+000  0.000000000000000E+000
  0.000000000000000E+000  0.000000000000000E+000  0.000000000000000E+000
  0.000000000000000E+000  0.000000000000000E+000  0.000000000000000E+000
  0.000000000000000E+000  0.000000000000000E+000  0.000000000000000E+000
  1.129925853687186E-002 -1.363175795968251E-002 -8.982826420138056E-003
  3.263012333902033E-002  8.514355470649178E-002 -5.109546784341708E-002
  2.852033814569830E-002  0.112341560989635      -8.371230096290389E-002
  3.658160268627943E-002  0.130165257313762      -0.110999541420182     
  4.153537020362648E-002  0.122888578878192      -0.128667175959082     
  4.916461948273715E-002  0.110916728207912      -0.138270838225624     
  5.786756289916595E-002  0.100247418796392      -0.141132513052743     
  7.150884599491185E-002  9.816738869127513E-002 -0.138400346621677     
  8.566448922251683E-002  9.748135803354739E-002 -0.128729731659518     
  9.442001829795717E-002  9.678653855438017E-002 -0.110991197895855     
  8.297929027716887E-002  8.081260476556780E-002 -8.365112258411046E-002
  5.734538522585703E-002  7.076929220645391E-002 -5.100924294438142E-002
 -1.748729447825423E-002  2.950881888663618E-003 -8.941193382337113E-003
  0.000000000000000E+000  0.000000000000000E+000  0.000000000000000E+000
  0.000000000000000E+000  0.000000000000000E+000  0.000000000000000E+000
  0.000000000000000E+000  0.000000000000000E+000  0.000000000000000E+000
  0.000000000000000E+000  0.000000000000000E+000  0.000000000000000E+000
  1.548080483523360E-002 -9.933440864908825E-003 -8.131111724166648E-003
  2.319449802934407E-002  6.561636980845394E-002 -3.988641618981635E-002
  2.152678001098760E-002  9.306038077141203E-002 -7.109114099320160E-002
  2.404532104064831E-002  0.102542187219794      -9.472046106142011E-002
  2.711541696971207E-002  9.367125743393173E-002 -0.109851145985771     
  3.317382305860268E-002  8.092422902091474E-002 -0.117425150796035     
  4.080596009203814E-002  7.068827222316293E-002 -0.119656508021660     
  5.359571345804038E-002  6.937890619109167E-002 -0.117613763133465     
  6.761288345062008E-002  7.043126322126733E-002 -0.109959950995936     
  7.678819298029509E-002  7.212630457100164E-002 -9.473193272842415E-002
  6.980233410316737E-002  6.514872914777835E-002 -7.102868018415297E-002
  4.517020123438688E-002  5.279816733594650E-002 -3.981545539702976E-002
 -1.636460440084633E-002  8.453599953560599E-003 -8.044384727554789E-003
  0.000000000000000E+000  0.000000000000000E+000  0.000000000000000E+000
  0.000000000000000E+000  0.000000000000000E+000  0.000000000000000E+000
  0.000000000000000E+000  0.000000000000000E+000  0.000000000000000E+000
  0.000000000000000E+000  0.000000000000000E+000  0.000000000000000E+000
  8.883592940318628E-003 -1.188866735689581E-002 -3.742551363662226E-003
  1.973347905220921E-002  4.785914537402425E-002 -2.970865953488389E-002
  1.400419555831749E-002  6.705397908057464E-002 -5.557249206960064E-002
  1.308998232760730E-002  7.132466867787715E-002 -7.383474535701376E-002
  1.460477991241743E-002  6.407264346908619E-002 -8.673866716104919E-002
  1.918891493267019E-002  5.308398702211459E-002 -9.307431486883271E-002
  2.576698706295000E-002  4.461478901964580E-002 -9.499034609519322E-002
  3.653162270217303E-002  4.339095336397256E-002 -9.333448424373068E-002
  4.825508425910756E-002  4.481004040178743E-002 -8.689206103738478E-002
  5.521937821487063E-002  4.705273484878374E-002 -7.385793478887874E-002
  5.109266477962186E-002  4.564560573402471E-002 -5.554392795500339E-002
  3.154948503811306E-002  4.094269196028690E-002 -2.963133351018593E-002
 -1.473273037866715E-002  1.755747886925224E-003 -3.651522110875424E-003
  0.000000000000000E+000  0.000000000000000E+000  0.000000000000000E+000
  0.000000000000000E+000  0.000000000000000E+000  0.000000000000000E+000
  0.000000000000000E+000  0.000000000000000E+000  0.000000000000000E+000
  0.000000000000000E+000  0.000000000000000E+000  0.000000000000000E+000
  3.535875778790896E-003 -9.165403246084624E-003 -6.094640051186237E-004
  1.495967915954479E-002  2.822575638413864E-002 -1.921563885916320E-002
  6.512310660668218E-003  3.456834053632701E-002 -3.259324111939500E-002
  5.064530872518135E-003  4.002168588944872E-002 -4.664301768441814E-002
  5.092038762027186E-003  3.462614795734242E-002 -5.648506733441060E-002
  7.590425770280624E-003  2.818955114902678E-002 -6.240579316182730E-002
  1.306485094124929E-002  2.259117872767544E-002 -6.467979843004310E-002
  2.077055215774999E-002  2.085701267832343E-002 -6.268516772711376E-002
  2.748219655541131E-002  2.181065189880698E-002 -5.660948481667266E-002
  3.211548599190472E-002  2.442395811735446E-002 -4.670315709060236E-002
  2.668861610698273E-002  2.295652355860331E-002 -3.251567871650544E-002
  1.698078470646771E-002  2.697750371074062E-002 -1.929906439858036E-002
 -9.666804688194896E-003 -1.438025959925803E-003 -3.353766472728703E-004
  0.000000000000000E+000  0.000000000000000E+000  0.000000000000000E+000
  0.000000000000000E+000  0.000000000000000E+000  0.000000000000000E+000
  0.000000000000000E+000  0.000000000000000E+000  0.000000000000000E+000
  0.000000000000000E+000  0.000000000000000E+000  0.000000000000000E+000
 -2.648070606135959E-004 -3.877679887670387E-003 -2.856473372734163E-003
  8.473622671840307E-003  5.804621457385699E-003 -3.975383226059948E-003
  2.150677293532893E-003  7.564962079741123E-003 -9.160747934715966E-003
  4.017889233204050E-003  1.139039178428277E-002 -1.495415206315936E-002
  4.178223594532968E-004  9.742776307490712E-003 -1.945067952600250E-002
  1.768167077020715E-003  8.372252252855695E-003 -2.388815994275952E-002
  3.271672198292656E-003  5.580556845854751E-003 -2.535460011996970E-002
  6.457499803646922E-003  5.837055901543530E-003 -2.407120609184570E-002
  8.196056791356028E-003  5.296835097701816E-003 -1.949819337236579E-002
  7.873086640252099E-003  9.160875558713999E-003 -1.497799601768701E-002
  5.466453459518335E-003  5.661487128625544E-003 -9.111895657733297E-003
  8.150797334171640E-004  1.019294387628656E-002 -4.044512838799193E-003
 -3.203638994194440E-003 -2.111970837139176E-003 -2.693435218081004E-003
  0.000000000000000E+000  0.000000000000000E+000  0.000000000000000E+000
  0.000000000000000E+000  0.000000000000000E+000  0.000000000000000E+000
  0.000000000000000E+000  0.000000000000000E+000  0.000000000000000E+000
  0.000000000000000E+000  0.000000000000000E+000  0.000000000000000E+000
  0.000000000000000E+000  0.000000000000000E+000  0.000000000000000E+000
  0.000000000000000E+000  0.000000000000000E+000  0.000000000000000E+000
  0.000000000000000E+000  0.000000000000000E+000  0.000000000000000E+000
  0.000000000000000E+000  0.000000000000000E+000  0.000000000000000E+000
  0.000000000000000E+000  0.000000000000000E+000  0.000000000000000E+000
  0.000000000000000E+000  0.000000000000000E+000  0.000000000000000E+000
  0.000000000000000E+000  0.000000000000000E+000  0.000000000000000E+000
  0.000000000000000E+000  0.000000000000000E+000  0.000000000000000E+000
  0.000000000000000E+000  0.000000000000000E+000  0.000000000000000E+000
  0.000000000000000E+000  0.000000000000000E+000  0.000000000000000E+000
  0.000000000000000E+000  0.000000000000000E+000  0.000000000000000E+000
  0.000000000000000E+000  0.000000000000000E+000  0.000000000000000E+000
  0.000000000000000E+000  0.000000000000000E+000  0.000000000000000E+000
  0.000000000000000E+000  0.000000000000000E+000  0.000000000000000E+000
  0.000000000000000E+000  0.000000000000000E+000  0.000000000000000E+000
  0.000000000000000E+000  0.000000000000000E+000  0.000000000000000E+000
  0.000000000000000E+000  0.000000000000000E+000  0.000000000000000E+000
  0.000000000000000E+000  0.000000000000000E+000  0.000000000000000E+000
  0.000000000000000E+000  0.000000000000000E+000  0.000000000000000E+000
  0.000000000000000E+000  0.000000000000000E+000  0.000000000000000E+000
  0.000000000000000E+000  0.000000000000000E+000  0.000000000000000E+000
  0.000000000000000E+000  0.000000000000000E+000  0.000000000000000E+000
  0.000000000000000E+000  0.000000000000000E+000  0.000000000000000E+000
  0.000000000000000E+000  0.000000000000000E+000  0.000000000000000E+000
  0.000000000000000E+000  0.000000000000000E+000  0.000000000000000E+000
  0.000000000000000E+000  0.000000000000000E+000  0.000000000000000E+000
  0.000000000000000E+000  0.000000000000000E+000  0.000000000000000E+000
  0.000000000000000E+000  0.000000000000000E+000  0.000000000000000E+000
  0.000000000000000E+000  0.000000000000000E+000  0.000000000000000E+000
  0.000000000000000E+000  0.000000000000000E+000  0.000000000000000E+000
  0.000000000000000E+000  0.000000000000000E+000  0.000000000000000E+000
  0.000000000000000E+000  0.000000000000000E+000  0.000000000000000E+000
  0.000000000000000E+000  0.000000000000000E+000  0.000000000000000E+000
  0.000000000000000E+000  0.000000000000000E+000  0.000000000000000E+000
 -0.121386042878348       0.758073558203941       0.111292816024514     
 -0.231489844625129       0.344509396086412       0.436687460955842     
 -0.368600486067383       0.290389409500217       0.767501899082595     
 -0.245632182150668        1.44367285833033       0.751397392390155     
 -4.928755827813163E-002   1.13351255155445        1.00164113703339     
  0.278476030688926        1.16721362241313       0.956818611282331     
  0.681133656747833        1.19361199658756       0.819431177241904     
  0.874577700683959       0.851268588715832       0.946447860358852     
   1.01223326123946       0.548451861551608       0.989438831790494     
   1.35628627379098       0.512966773581405       0.750120348282233     
  0.421875590495124      -0.171394509649598       0.770313402496592     
  0.410768710512649      -2.545476303544759E-002  0.438256569619439     
  0.721016774099138       0.276413067040992       0.107660528874785     
  0.000000000000000E+000  0.000000000000000E+000  0.000000000000000E+000
  0.000000000000000E+000  0.000000000000000E+000  0.000000000000000E+000
  0.000000000000000E+000  0.000000000000000E+000  0.000000000000000E+000
  0.000000000000000E+000  0.000000000000000E+000  0.000000000000000E+000
 -4.980601589131137E-002  0.628807753975682       9.694985294223611E-002
 -0.230157060536678       0.570188053476828       0.346194853654372     
 -0.264315852754963       0.544333073259579       0.634370758870327     
 -0.190813936947551        1.25216315266247       0.792767643960851     
 -5.966175824125534E-002   1.04221039825604        1.08272521658966     
  0.101650470460156       0.778478834217139        1.15663049433225     
  0.380898849369651       0.674842514698097        1.06306840438433     
  0.621251004095563       0.497869392281405        1.14837801194952     
  0.929388780561686       0.485694889449202        1.07446216462968     
   1.16236454034972       0.462947612018074       0.792876266325414     
  0.588835817084349       4.422739034755687E-002  0.638560954546905     
  0.607377800068728       8.991269640693454E-002  0.346856348060370     
  0.573532034741648       0.273427116888654       9.356950676212046E-002
  0.000000000000000E+000  0.000000000000000E+000  0.000000000000000E+000
  0.000000000000000E+000  0.000000000000000E+000  0.000000000000000E+000
  0.000000000000000E+000  0.000000000000000E+000  0.000000000000000E+000
  0.000000000000000E+000  0.000000000000000E+000  0.000000000000000E+000
 -2.154000042162005E-003  0.416552399038853       0.102191475456394     
 -0.185863379547314       0.841073648733131       0.189584992636014     
 -0.184674803003674        1.09937710093926       0.436045604173407     
 -0.134103514542196        1.21635503651175       0.726258758959272     
 -0.119393711917464       0.791728654661613        1.18327295259225     
 -0.247950206636679       8.876982159684717E-003   1.52645816535060     
 -0.294237426183552      -0.494720753407566        1.61715571560514     
  0.120319340995028      -0.201885160653698        1.52263659240352     
  0.730334802285551       0.294647907781787        1.18162851056098     
   1.09925145337023       0.488267798205634       0.730035307501267     
   1.02933114546735       0.389179173912849       0.441048544311676     
  0.824687010874162       0.265504597474271       0.188564006808811     
  0.365596635572356       0.208779440237719       9.905022491577876E-002
  0.000000000000000E+000  0.000000000000000E+000  0.000000000000000E+000
  0.000000000000000E+000  0.000000000000000E+000  0.000000000000000E+000
  0.000000000000000E+000  0.000000000000000E+000  0.000000000000000E+000
  0.000000000000000E+000  0.000000000000000E+000  0.000000000000000E+000
  4.106597590780671E-002  0.186709478907422       0.116573491482551     
 -0.140521219114341       0.785822580151818       0.130909716487206     
 -0.132015078443190        1.06368949298057       0.346522453148111     
 -0.120666098140107        1.06590014161581       0.660365623138463     
 -0.168308393758268       0.613655267987022        1.14140267388540     
 -0.520695056762479      -0.713533032754648        1.84426895634888     
 -0.992360272138395       -1.70914407667786        2.28737736513871     
 -0.375466191496200      -0.814425037650968        1.84658245129752     
  0.599097565819949       0.155494366729566        1.14301023208653     
  0.973703920042398       0.428005601203266       0.661883445105560     
  0.989033310891960       0.423820170826408       0.346549748007902     
  0.761921556933844       0.279669527100445       0.126590542269778     
  0.142594498105977       0.131261224453904       0.113937916985490     
  0.000000000000000E+000  0.000000000000000E+000  0.000000000000000E+000
  0.000000000000000E+000  0.000000000000000E+000  0.000000000000000E+000
  0.000000000000000E+000  0.000000000000000E+000  0.000000000000000E+000
  0.000000000000000E+000  0.000000000000000E+000  0.000000000000000E+000
  4.493945360676505E-002  3.522069198039667E-002  0.116558766666967     
 -9.352600868840617E-002  0.544804553537104       0.143815104385912     
 -8.244014086389001E-002  0.848386558835820       0.305250875647795     
 -0.101293471765511       0.796544435957278       0.583465643271681     
 -0.193288197274404       6.536191242799817E-002   1.17334544668433     
 -0.585079714761470       -1.14563779647451        1.94548789463832     
  -1.03538439085048       -1.78910135594717        2.40578555552060     
 -0.712845887476070       -1.09041392195991        1.94882232967944     
  0.139606752375760      -0.144208573716420        1.17574561522219     
  0.736872865351134       0.310805649813295       0.582857178641794     
  0.787320832670701       0.363199270839336       0.300873962172581     
  0.531377233266856       0.199897460475709       0.138835804763459     
  6.773175817328937E-003  5.754267258191451E-002  0.114661967824758     
  0.000000000000000E+000  0.000000000000000E+000  0.000000000000000E+000
  0.000000000000000E+000  0.000000000000000E+000  0.000000000000000E+000
  0.000000000000000E+000  0.000000000000000E+000  0.000000000000000E+000
  0.000000000000000E+000  0.000000000000000E+000  0.000000000000000E+000
  1.693988292984905E-002 -1.076170663690173E-002  9.345744062490512E-002
 -1.410768521168003E-002  0.435013131182502       0.102934721940997     
 -7.188447991012806E-002  0.803732606588347       0.203561193174979     
 -5.744195470336173E-002  0.136750462430429       0.626928567365848     
 -0.257943879558412       -1.02386238422916        1.43704021316283     
 -0.666227310699449       -1.73933975081681        2.07390680129413     
 -0.984141338914783       -1.70716918969742        2.26357022646057     
  -1.18137718334942       -1.46175115609980        2.07836852721986     
 -0.763885441286191      -0.744159294981099        1.43553719499232     
  0.147787566089689       1.962491788793871E-002  0.623133656054134     
  0.737962818751742       0.345367288529186       0.198722163534375     
  0.391136165636089       0.213466990981432       9.860207039273830E-002
 -1.875761777390316E-002  9.067926766031371E-003  9.199531775482812E-002
  0.000000000000000E+000  0.000000000000000E+000  0.000000000000000E+000
  0.000000000000000E+000  0.000000000000000E+000  0.000000000000000E+000
  0.000000000000000E+000  0.000000000000000E+000  0.000000000000000E+000
  0.000000000000000E+000  0.000000000000000E+000  0.000000000000000E+000
  4.417041298175598E-002 -4.468527826447326E-002  4.860999207370260E-002
 -2.178729701391697E-002  0.469465668201112       4.252239419970997E-002
 -9.829665291180423E-003  0.511340352229024       0.126765190204556     
  8.480534295496162E-003 -0.848266583201954       0.889633620923684     
 -0.147046452525733       -1.11343568408736        1.31826275899672     
 -0.290610971378819      -0.894608700925283        1.39020218005498     
 -0.332290183441756      -0.581935727936027        1.30825179094213     
 -0.632506403069354      -0.710896157044927        1.39151795283965     
 -0.886067006305819      -0.686435644291165        1.30831433309157     
 -0.730109498257001      -0.413362455093272       0.879843022382214     
  0.448204739922898       0.249271631461632       0.122989995614435     
  0.417823664510575       0.219501199476987       4.061234728690010E-002
 -6.152409033188982E-002  1.667319860350533E-002  4.628756380509505E-002
  0.000000000000000E+000  0.000000000000000E+000  0.000000000000000E+000
  0.000000000000000E+000  0.000000000000000E+000  0.000000000000000E+000
  0.000000000000000E+000  0.000000000000000E+000  0.000000000000000E+000
  0.000000000000000E+000  0.000000000000000E+000  0.000000000000000E+000
  2.124349179665341E-002 -3.728118264476268E-002  5.834866013612675E-002
  2.125477727156378E-002  0.395113619210011      -4.171333183332821E-002
  7.666737754376908E-002 -8.776899108214344E-002  0.241126883286775     
  8.573697157131481E-002 -0.713718424307678       0.745681325087986     
  3.631395240312950E-002  0.207142205980527       0.189304856800175     
  7.431095015092080E-002  0.244514113380126       0.236767510183181     
  0.174100083628845       0.302064150414105       0.222935672318249     
  0.174025990900379       0.184964060889214       0.227345077880663     
  0.162788320282065       0.133543422689718       0.177576354682962     
 -0.654672385069656      -0.281354897862068       0.736439157708412     
 -0.115730494655283       2.213104683943162E-002  0.238971193210339     
  0.328556829622689       0.216849420111428      -4.211477363623658E-002
 -4.365980299195403E-002  9.935102422965252E-005  5.691040756690129E-002
  0.000000000000000E+000  0.000000000000000E+000  0.000000000000000E+000
  0.000000000000000E+000  0.000000000000000E+000  0.000000000000000E+000
  0.000000000000000E+000  0.000000000000000E+000  0.000000000000000E+000
  0.000000000000000E+000  0.000000000000000E+000  0.000000000000000E+000
 -2.414741416681503E-003 -7.597524612989884E-003  2.414767164100979E-002
  5.824490472494005E-002  0.175857002754341      -3.723012784316550E-002
  5.587849070209746E-002 -0.248249765597465       0.281240273916343     
 -1.215187443837003E-002  0.340430602667805      -0.175442195334059     
  2.439726729767017E-002  0.720056938761704      -0.776311974813390     
  7.274871479501090E-002  3.246822337723776E-002  0.229446282143678     
 -6.109791321221445E-002 -9.619721962181617E-002  0.618682944884692     
 -1.090176452747638E-002  8.222873187088146E-002  0.215044049241103     
  0.599326066738258       0.376457279328234      -0.774645417491459     
  0.294724827419584       0.158075646320574      -0.173845541088831     
 -0.245792674913991      -7.724706856409622E-002  0.280925686929891     
  0.121690255595116       0.138233167867129      -3.640945325291968E-002
 -6.491045614035790E-003 -6.124045199192000E-003  2.236824712088395E-002
  0.000000000000000E+000  0.000000000000000E+000  0.000000000000000E+000
  0.000000000000000E+000  0.000000000000000E+000  0.000000000000000E+000
  0.000000000000000E+000  0.000000000000000E+000  0.000000000000000E+000
  0.000000000000000E+000  0.000000000000000E+000  0.000000000000000E+000
 -6.587716081365543E-004  6.495528731798171E-003  8.385529690683039E-003
  3.357116199214223E-002  1.403988452074859E-002  1.167962448380907E-002
  1.587603033119420E-002 -1.912013264338642E-002  7.809672521465445E-002
  1.112177422789455E-002  0.365998356886301      -0.413438418854314     
 -3.586448348618295E-002  0.209126090298453      -0.293023412574335     
 -8.144521558275114E-003 -5.675545202171594E-002  0.492656729721234     
 -8.396187670970831E-002 -0.130758050239580       0.907964792961679     
 -4.730820214470185E-002 -3.205937182789999E-002  0.480475995227846     
  0.189372620059900       7.287128364389558E-002 -0.285912667647118     
  0.304092803696661       0.190600754097095      -0.409154939974622     
 -2.563393659760105E-002  3.302801744981037E-003  7.873663083542329E-002
 -5.042281274140181E-003  3.583584731234547E-002  1.097716599369854E-002
  5.837568501290310E-003  2.822420221475499E-003  9.081932967859967E-003
  0.000000000000000E+000  0.000000000000000E+000  0.000000000000000E+000
  0.000000000000000E+000  0.000000000000000E+000  0.000000000000000E+000
  0.000000000000000E+000  0.000000000000000E+000  0.000000000000000E+000
  0.000000000000000E+000  0.000000000000000E+000  0.000000000000000E+000
  0.000000000000000E+000  0.000000000000000E+000  0.000000000000000E+000
  0.000000000000000E+000  0.000000000000000E+000  0.000000000000000E+000
  0.000000000000000E+000  0.000000000000000E+000  0.000000000000000E+000
  0.000000000000000E+000  0.000000000000000E+000  0.000000000000000E+000
  0.000000000000000E+000  0.000000000000000E+000  0.000000000000000E+000
  0.000000000000000E+000  0.000000000000000E+000  0.000000000000000E+000
  0.000000000000000E+000  0.000000000000000E+000  0.000000000000000E+000
  0.000000000000000E+000  0.000000000000000E+000  0.000000000000000E+000
  0.000000000000000E+000  0.000000000000000E+000  0.000000000000000E+000
  0.000000000000000E+000  0.000000000000000E+000  0.000000000000000E+000
  0.000000000000000E+000  0.000000000000000E+000  0.000000000000000E+000
  0.000000000000000E+000  0.000000000000000E+000  0.000000000000000E+000
  0.000000000000000E+000  0.000000000000000E+000  0.000000000000000E+000
  0.000000000000000E+000  0.000000000000000E+000  0.000000000000000E+000
  0.000000000000000E+000  0.000000000000000E+000  0.000000000000000E+000
  0.000000000000000E+000  0.000000000000000E+000  0.000000000000000E+000
  0.000000000000000E+000  0.000000000000000E+000  0.000000000000000E+000
  0.000000000000000E+000  0.000000000000000E+000  0.000000000000000E+000
  0.000000000000000E+000  0.000000000000000E+000  0.000000000000000E+000
  0.000000000000000E+000  0.000000000000000E+000  0.000000000000000E+000
  0.000000000000000E+000  0.000000000000000E+000  0.000000000000000E+000
  0.000000000000000E+000  0.000000000000000E+000  0.000000000000000E+000
  0.000000000000000E+000  0.000000000000000E+000  0.000000000000000E+000
  0.000000000000000E+000  0.000000000000000E+000  0.000000000000000E+000
  0.000000000000000E+000  0.000000000000000E+000  0.000000000000000E+000
  0.000000000000000E+000  0.000000000000000E+000  0.000000000000000E+000
  0.000000000000000E+000  0.000000000000000E+000  0.000000000000000E+000
  0.000000000000000E+000  0.000000000000000E+000  0.000000000000000E+000
  0.000000000000000E+000  0.000000000000000E+000  0.000000000000000E+000
  0.000000000000000E+000  0.000000000000000E+000  0.000000000000000E+000
  0.000000000000000E+000  0.000000000000000E+000  0.000000000000000E+000
  0.000000000000000E+000  0.000000000000000E+000  0.000000000000000E+000
  0.000000000000000E+000  0.000000000000000E+000  0.000000000000000E+000
  0.000000000000000E+000  0.000000000000000E+000  0.000000000000000E+000
  -497.943727223954        20377.8346125294       -4436.48931351671     
  -31.5124780246765        12229.2132188053       -8954.97159020380     
   448.123125463617        5916.11230640382       -9707.71021252665     
   382.140240887306        9601.78914719200       -10909.2698833255     
   1048.98863125788        5526.49082819113       -10119.8031203219     
   2743.96934203869        6374.68923718778       -11105.5698627906     
   864.503656867417        1620.90420940754       -11098.4564335495     
   4329.90052060660        5958.31954604151       -11197.5453966546     
   4456.37909624911        3947.49518817324       -10178.0515498809     
   8372.43494235879        5373.11280539994       -10978.3833708771     
   4924.73357078157        3384.13540799181       -9672.30691359534     
   10457.6858481546        6023.08541808523       -8838.88512517237     
   18022.8312382356        9811.86452459462       -4442.75920729900     
  0.000000000000000E+000  0.000000000000000E+000  0.000000000000000E+000
  0.000000000000000E+000  0.000000000000000E+000  0.000000000000000E+000
  0.000000000000000E+000  0.000000000000000E+000  0.000000000000000E+000
  0.000000000000000E+000  0.000000000000000E+000  0.000000000000000E+000
  -96.0352850589596        16228.1704253217       -3117.60284985156     
  -1144.63577083206        13311.1972433587       -8359.52287444844     
   342.820220336219        7187.80611566372       -9980.55904410894     
   49.7013549773505        6109.37857359624       -9865.57529857020     
   643.711633069732        5094.70587427386       -9496.28470560582     
   1689.97297024945        5264.99154455727       -10581.3318530224     
   1288.53073998067        2325.46979683363       -11158.6453042409     
   3770.06837913554        4305.73152450638       -10593.3371165462     
   4125.80378631414        3229.78136910718       -9472.25819724572     
   5378.60606669851        3229.72358319900       -9871.46458497681     
   5977.65586102745        3869.60917227226       -9903.06662506495     
   11996.6177266007        5621.06156440837       -8256.34039008466     
   14213.1151692973        8084.39328581929       -3125.52358050401     
  0.000000000000000E+000  0.000000000000000E+000  0.000000000000000E+000
  0.000000000000000E+000  0.000000000000000E+000  0.000000000000000E+000
  0.000000000000000E+000  0.000000000000000E+000  0.000000000000000E+000
  0.000000000000000E+000  0.000000000000000E+000  0.000000000000000E+000
   589.659986471076        9437.80872846651       -1176.85453991029     
  -2059.06619794013        12539.7257418839       -6518.78939778750     
  -922.923269121242        10633.4215818828       -9451.45301596709     
  -429.127095317670        1338.70439782634       -8279.01423368241     
  -66.4516840456059        1883.94718829775       -8092.25267216135     
   1252.77663386535        4330.91761821960       -9416.92791896229     
   757.792267872665        1391.32449482318       -10093.7566421023     
   2888.01107352779        3078.93795117916       -9276.95755143336     
   1327.22253848472        655.055517964688       -7891.88969274372     
   1253.33153505060        237.103334714671       -8192.17483493103     
   9455.44066767899        4397.65007781841       -9314.95701868060     
   11857.7038417295        4477.23071296622       -6443.30160938144     
   7971.08250382979        5277.57002996883       -1186.38573987370     
  0.000000000000000E+000  0.000000000000000E+000  0.000000000000000E+000
  0.000000000000000E+000  0.000000000000000E+000  0.000000000000000E+000
  0.000000000000000E+000  0.000000000000000E+000  0.000000000000000E+000
  0.000000000000000E+000  0.000000000000000E+000  0.000000000000000E+000
   583.854648910880        3469.29543121078        566.312538760213     
  -2049.01548736642        1331.97169417399       -1494.23040038543     
  -1613.46051357187       -6117.33808797465       -2655.45019969280     
  -1672.25503253623       -14602.1019033583       -1812.61204666288     
  -97.9788795068201       -2929.95278252844       -5909.30509922568     
   2939.25135228671        6847.83892265120       -9893.74451867510     
  -115.897829953804       -230.252138987721       -7779.84395967670     
   4430.88635158214        5902.46551821447       -9816.08203706608     
  -2486.25868746569       -1541.37206152344       -5848.55248788225     
  -11842.2148284417       -8769.64755063751       -1753.95748952548     
  -4590.54582137058       -4512.90786935636       -2555.59446147426     
   2270.55184628659       -1069.07344653584       -1482.92357901324     
   2758.96052204839        2274.32962738543        564.694009122817     
  0.000000000000000E+000  0.000000000000000E+000  0.000000000000000E+000
  0.000000000000000E+000  0.000000000000000E+000  0.000000000000000E+000
  0.000000000000000E+000  0.000000000000000E+000  0.000000000000000E+000
  0.000000000000000E+000  0.000000000000000E+000  0.000000000000000E+000
  -729.943079748040        1556.24098590062        1379.73078376574     
  -1658.10690359539       -9778.51999936235        2427.06871757481     
  -1428.74985137079       -23508.7546805320        4148.53000980319     
  -1894.21931237788       -22891.0662103403        3364.86537933702     
  -557.587300510875       -5469.38966394902       -3595.79477167319     
   2700.36361478785        6345.97627708399       -9621.98743320170     
   4068.04055830701        6933.40712991103       -9061.07469856744     
   4458.92304201719        5738.10050822532       -9744.43023505325     
  -4401.96816991044       -3216.22386140461       -3582.05906590446     
  -18954.7390587640       -13137.5170214488        3435.39380784546     
  -19560.0226676222       -12937.4649881786        4163.58953197460     
  -7489.43877516433       -6260.94729300303        2402.61166147336     
   1712.34239544299        160.668885673063        1384.35383442653     
  0.000000000000000E+000  0.000000000000000E+000  0.000000000000000E+000
  0.000000000000000E+000  0.000000000000000E+000  0.000000000000000E+000
  0.000000000000000E+000  0.000000000000000E+000  0.000000000000000E+000
  0.000000000000000E+000  0.000000000000000E+000  0.000000000000000E+000
  -1673.29929185316        1263.96083922764        1087.47623850210     
  -1928.36453570028       -15134.1546485871        3905.41436875887     
  -789.014713251679       -25747.7373022980        7596.37952374563     
  -1932.61623301061       -10033.2812338344        1695.00373453119     
   380.301637406660        4455.97111774460       -5807.09829200387     
   1548.37431445539        3831.56582345980       -6441.73121173132     
   5168.44845347781        8883.64732505290       -8881.96967996516     
   2678.49100959075        3285.80547627908       -6518.94843551048     
   3578.01013625001        2413.01304078568       -5745.10507545747     
  -7800.56345525522       -6758.37886695698        1766.44741964758     
  -21805.0518821340       -13514.2503103277        7581.95976713238     
  -12014.8206986356       -9154.49411699369        3870.30103646796     
   1926.02914429582       -819.192937089927        1090.90194696090     
  0.000000000000000E+000  0.000000000000000E+000  0.000000000000000E+000
  0.000000000000000E+000  0.000000000000000E+000  0.000000000000000E+000
  0.000000000000000E+000  0.000000000000000E+000  0.000000000000000E+000
  0.000000000000000E+000  0.000000000000000E+000  0.000000000000000E+000
  -2226.17778365072        1381.95756387769        796.298395290892     
  -1723.17500575642       -14156.3739688025        3923.16215523555     
  -955.430971742898       -15361.6518022793        5943.80525474395     
  -2343.03176105762       -5597.93366696587        1233.94620287672     
  -1208.97064304920        901.525830467582       -1907.30373730991     
   1890.36755808383        5464.11054692006       -4559.11435486267     
   7581.18362802521        13036.0512806568       -11690.0269251335     
   3685.87722685416        4190.29563780989       -4437.67176310381     
   1363.16078964715       -658.792586828133       -1909.08186247710     
  -3704.96561023913       -4896.17327061894        1298.25840260012     
  -12792.4919318007       -8523.13768401780        5952.97566063192     
  -11321.1041512976       -8520.67005743104        3904.98184591271     
   2302.61309047325       -1229.15387341837        787.771450908599     
  0.000000000000000E+000  0.000000000000000E+000  0.000000000000000E+000
  0.000000000000000E+000  0.000000000000000E+000  0.000000000000000E+000
  0.000000000000000E+000  0.000000000000000E+000  0.000000000000000E+000
  0.000000000000000E+000  0.000000000000000E+000  0.000000000000000E+000
  -1262.02050566179        1509.81247652674        62.0812044784770     
  -2104.50257468895       -9035.65741449998        2793.89088424298     
  -982.631470441006       -7653.58639123120        3103.92271322635     
  -907.163792652826       -11541.6357874231        5581.00417510425     
  -1159.12886558161       -10208.2395700213        8303.33056852253     
  -1252.51796307793       -2526.90680699747        5052.19333479728     
   1531.72028426291        2652.35839406063       -3103.86436463381     
  -1173.63244650738       -1975.91660735781        4540.97365248324     
  -8087.58432294740       -6062.03996238872        8164.87998868824     
  -9554.28136883129       -6608.22820752614        5646.02448384626     
  -6147.47664559712       -4728.48405595972        3139.04165864487     
  -6745.76728151150       -6324.17011282681        2798.05958008705     
   1934.43908085630       -336.859022202198        59.8871120226366     
  0.000000000000000E+000  0.000000000000000E+000  0.000000000000000E+000
  0.000000000000000E+000  0.000000000000000E+000  0.000000000000000E+000
  0.000000000000000E+000  0.000000000000000E+000  0.000000000000000E+000
  0.000000000000000E+000  0.000000000000000E+000  0.000000000000000E+000
  -435.390523866253        1126.70962654645       -28.0632382151827     
  -2069.24892069707       -4346.67761217860        1477.62263930997     
  -517.501619737673       -4026.24119884980        1625.65974211315     
  -342.818261864709       -6781.14352734273        3963.83756583254     
   70.0206514624063       -1230.15722403661        120.563339165894     
   791.874641115549       -1725.29692822449        4401.44933555601     
  -4464.82542687657       -7733.06088845376        15880.6636777553     
  -1811.54113266200       -131.314690241629        4268.10842793040     
  -1163.01365905638       -587.111161608446        262.297146822340     
  -5682.76905270816       -3695.36827462871        3977.70566835392     
  -3209.48892837424       -2485.79473001693        1636.02675679575     
  -2732.10267701241       -3970.81391289805        1504.18722502793     
   1195.40265956840        183.103346848993       -36.7631943356984     
  0.000000000000000E+000  0.000000000000000E+000  0.000000000000000E+000
  0.000000000000000E+000  0.000000000000000E+000  0.000000000000000E+000
  0.000000000000000E+000  0.000000000000000E+000  0.000000000000000E+000
  0.000000000000000E+000  0.000000000000000E+000  0.000000000000000E+000
   22.6146544314184        360.672078599009        225.464430387399     
  -1137.46323837765       -710.769085637853       -321.028487772618     
  -360.068756025204       -1430.00828999117        271.640853989865     
  -423.047404585362       -1019.44452795881       -512.928561826252     
  -702.669879334671        3389.26415502889       -7684.30468631949     
  -679.856719679522        2588.12413264181       -7781.60995622131     
  -1143.20047908172       -1946.17212150258        9212.51611469001     
   2365.76117518814        551.648984012829       -6978.92359168210     
   3038.14428417550        1005.70087154908       -7285.56296911594     
  -623.936543234489       -889.844257716030       -524.305033867544     
  -1042.77620155001       -1029.02058470291        275.639126368221     
  -39.2681665052968       -1345.24372030093       -318.030564470974     
   301.056717270423        200.190571383386        234.545934617833     
  0.000000000000000E+000  0.000000000000000E+000  0.000000000000000E+000
  0.000000000000000E+000  0.000000000000000E+000  0.000000000000000E+000
  0.000000000000000E+000  0.000000000000000E+000  0.000000000000000E+000
  0.000000000000000E+000  0.000000000000000E+000  0.000000000000000E+000
  0.000000000000000E+000  0.000000000000000E+000  0.000000000000000E+000
  0.000000000000000E+000  0.000000000000000E+000  0.000000000000000E+000
  0.000000000000000E+000  0.000000000000000E+000  0.000000000000000E+000
  0.000000000000000E+000  0.000000000000000E+000  0.000000000000000E+000
  0.000000000000000E+000  0.000000000000000E+000  0.000000000000000E+000
  0.000000000000000E+000  0.000000000000000E+000  0.000000000000000E+000
  0.000000000000000E+000  0.000000000000000E+000  0.000000000000000E+000
  0.000000000000000E+000  0.000000000000000E+000  0.000000000000000E+000
  0.000000000000000E+000  0.000000000000000E+000  0.000000000000000E+000
  0.000000000000000E+000  0.000000000000000E+000  0.000000000000000E+000
  0.000000000000000E+000  0.000000000000000E+000  0.000000000000000E+000
  0.000000000000000E+000  0.000000000000000E+000  0.000000000000000E+000
  0.000000000000000E+000  0.000000000000000E+000  0.000000000000000E+000
  0.000000000000000E+000  0.000000000000000E+000  0.000000000000000E+000
  0.000000000000000E+000  0.000000000000000E+000  0.000000000000000E+000
  0.000000000000000E+000  0.000000000000000E+000  0.000000000000000E+000
  0.000000000000000E+000  0.000000000000000E+000  0.000000000000000E+000
  0.000000000000000E+000  0.000000000000000E+000  0.000000000000000E+000
  0.000000000000000E+000  0.000000000000000E+000  0.000000000000000E+000
  0.000000000000000E+000  0.000000000000000E+000  0.000000000000000E+000
  0.000000000000000E+000  0.000000000000000E+000  0.000000000000000E+000
  0.000000000000000E+000  0.000000000000000E+000  0.000000000000000E+000
  0.000000000000000E+000  0.000000000000000E+000  0.000000000000000E+000
  0.000000000000000E+000  0.000000000000000E+000  0.000000000000000E+000
  0.000000000000000E+000  0.000000000000000E+000  0.000000000000000E+000
  0.000000000000000E+000  0.000000000000000E+000  0.000000000000000E+000
  0.000000000000000E+000  0.000000000000000E+000  0.000000000000000E+000
  0.000000000000000E+000  0.000000000000000E+000  0.000000000000000E+000
  0.000000000000000E+000  0.000000000000000E+000  0.000000000000000E+000
  0.000000000000000E+000  0.000000000000000E+000  0.000000000000000E+000
  0.000000000000000E+000  0.000000000000000E+000  0.000000000000000E+000
  0.000000000000000E+000  0.000000000000000E+000  0.000000000000000E+000
