          80  8.000000000000007E-003  8.000000000000007E-003
  0.000000000000000E+000  0.000000000000000E+000  0.000000000000000E+000
  0.000000000000000E+000  0.000000000000000E+000  0.000000000000000E+000
  2.462618464124982E-002  5.973658156041095E-002 -6.765102027984951E-002
  2.330477321671491E-002  7.616467839670865E-002 -0.110694693975450     
  2.857413553668692E-002  0.100075404072703      -0.162303108423078     
  2.979597876489652E-002  0.134771365318139      -0.193647379380018     
  3.626325629272460E-002  0.142595260957896      -0.217331482403480     
  4.577367368359120E-002  0.118727877704670      -0.221009076932742     
  5.993469974572573E-002  0.103862645421771      -0.221432941819936     
  7.989143736291489E-002  9.901549070592389E-002 -0.221022336454892     
  0.105311864707060       0.102735329337266      -0.217361902899625     
  0.101813206979794       9.325506845506294E-002 -0.193675901019756     
  7.240312459317402E-002  7.485428841556190E-002 -0.162351054052233     
  5.428595835810716E-002  5.826634049183051E-002 -0.110704003736562     
  3.942868265517875E-002  5.121142059576562E-002 -6.770383076423145E-002
  0.000000000000000E+000  0.000000000000000E+000  0.000000000000000E+000
  0.000000000000000E+000  0.000000000000000E+000  0.000000000000000E+000
  0.000000000000000E+000  0.000000000000000E+000  0.000000000000000E+000
  0.000000000000000E+000  0.000000000000000E+000  0.000000000000000E+000
  2.016646233167022E-002  5.823242817576803E-002 -6.067868175461335E-002
  2.018621997682967E-002  8.326606444881307E-002 -0.108751702777383     
  2.329616184847175E-002  0.107792216324191      -0.156510909729121     
  2.619001032556020E-002  0.138368854234184      -0.192217329779650     
  3.444048854253560E-002  0.136386936251773      -0.214850863480622     
  4.526467672329532E-002  0.112160530862251      -0.218652014930842     
  5.654216023629440E-002  9.798617154672717E-002 -0.218269254086294     
  7.446061964756949E-002  9.530257082334442E-002 -0.218679454407392     
  0.100847019987805       9.804469351135080E-002 -0.214881658163533     
  0.106702170286053       9.191554139745338E-002 -0.192244137150331     
  8.170609823884865E-002  7.411846894057711E-002 -0.156541862559801     
  6.198865908940701E-002  5.911841024865291E-002 -0.108753809089744     
  4.036052857044483E-002  4.658501411051155E-002 -6.071825075709812E-002
  0.000000000000000E+000  0.000000000000000E+000  0.000000000000000E+000
  0.000000000000000E+000  0.000000000000000E+000  0.000000000000000E+000
  0.000000000000000E+000  0.000000000000000E+000  0.000000000000000E+000
  0.000000000000000E+000  0.000000000000000E+000  0.000000000000000E+000
  1.661948639201742E-002  5.516469049543651E-002 -5.149459476384070E-002
  1.307551788567286E-002  9.917803858970757E-002 -0.102900882050324     
  1.593296861001949E-002  0.125881059291133      -0.149651955290911     
  2.026951216365339E-002  0.144642864440164      -0.188482405561667     
  3.080189078218584E-002  0.127358877087503      -0.207443752816273     
  4.066293996986434E-002  0.101952731851270      -0.210682920214793     
  5.032542487825061E-002  8.722037618139881E-002 -0.210524897940825     
  6.792918345340469E-002  8.622753613290636E-002 -0.210727943645264     
  9.483956884999425E-002  9.038909041325942E-002 -0.207483877159158     
  0.115051913313714       8.987785737276484E-002 -0.188483853161594     
  0.101004897747106       7.677691899696679E-002 -0.149667465442501     
  7.932097032177070E-002  6.088899382612261E-002 -0.102867759775664     
  3.947284288249658E-002  4.198330512978907E-002 -5.152374085225697E-002
  0.000000000000000E+000  0.000000000000000E+000  0.000000000000000E+000
  0.000000000000000E+000  0.000000000000000E+000  0.000000000000000E+000
  0.000000000000000E+000  0.000000000000000E+000  0.000000000000000E+000
  0.000000000000000E+000  0.000000000000000E+000  0.000000000000000E+000
  1.610496465736957E-002  4.532426669171834E-002 -4.280211167268226E-002
  6.190772545115283E-003  0.110756414094934      -9.556411108301284E-002
  9.134486897195719E-003  0.139742955005722      -0.143359065897750     
  1.403584619311479E-002  0.144751912553951      -0.180335240122342     
  2.469425078149386E-002  0.122273117999831      -0.196433720141126     
  3.446256722144920E-002  9.328908033318256E-002 -0.197781396221427     
  4.488399098105533E-002  7.777953187883709E-002 -0.196673154753728     
  6.357391160819580E-002  7.658832648568541E-002 -0.197892334449340     
  9.350316566476830E-002  8.255497461528218E-002 -0.196491043929134     
  0.118224159559467       8.454800729078818E-002 -0.180320608866544     
  0.116355209202189       7.775866198957636E-002 -0.143321279587845     
  9.273427940817608E-002  6.073277440254693E-002 -9.551241183056684E-002
  3.121705220505723E-002  3.658634808529299E-002 -4.281270043852393E-002
  0.000000000000000E+000  0.000000000000000E+000  0.000000000000000E+000
  0.000000000000000E+000  0.000000000000000E+000  0.000000000000000E+000
  0.000000000000000E+000  0.000000000000000E+000  0.000000000000000E+000
  0.000000000000000E+000  0.000000000000000E+000  0.000000000000000E+000
  1.790147120933252E-002  2.646137104213223E-002 -3.452278431177735E-002
  3.080594531443899E-003  0.109695896725850      -8.680096544991646E-002
  6.085903413682472E-003  0.139345848233021      -0.134988363960258     
  9.596275997637614E-003  0.141198633385781      -0.170720485997313     
  1.956361706978436E-002  0.117263189385520      -0.185496530751799     
  3.004552763610233E-002  8.871178946753702E-002 -0.186167176793468     
  4.179600551902693E-002  7.242601720651909E-002 -0.184889509913585     
  6.190242833038517E-002  7.052066375899285E-002 -0.186382417718445     
  9.176620802224104E-002  7.566553112703960E-002 -0.185613494057754     
  0.117349328914147       7.889180659194771E-002 -0.170675412585886     
  0.117502006758324       7.496436399027515E-002 -0.134942656846071     
  9.336435674143449E-002  5.744046762727351E-002 -8.669699152004980E-002
  1.394173051311767E-002  2.875424917969911E-002 -3.454492185635613E-002
  0.000000000000000E+000  0.000000000000000E+000  0.000000000000000E+000
  0.000000000000000E+000  0.000000000000000E+000  0.000000000000000E+000
  0.000000000000000E+000  0.000000000000000E+000  0.000000000000000E+000
  0.000000000000000E+000  0.000000000000000E+000  0.000000000000000E+000
  1.689349930521766E-002  6.199138593377293E-004 -2.313698011920294E-002
  3.451072394454827E-003  0.107913574192137      -7.796583494873785E-002
  4.841400707582640E-003  0.132637310411374      -0.126624947374316     
  5.676264306413094E-003  0.133153771965479      -0.158552630498608     
  1.618296531190559E-002  0.111970723571907      -0.174338051718270     
  2.611315702539104E-002  8.466672890016723E-002 -0.174537294535640     
  4.014967354149240E-002  6.954297111367282E-002 -0.174488535460492     
  6.046441199447264E-002  6.517852708532455E-002 -0.174918390823382     
  8.890568737224501E-002  7.008729306536332E-002 -0.174504553996466     
  0.112365140826791       7.157157401653820E-002 -0.158544594919178     
  0.112280543837795       7.042139353883131E-002 -0.126502239130552     
  9.167700065165588E-002  5.700776284813443E-002 -7.792512868354766E-002
 -7.882563842842775E-003  1.485007371022611E-002 -2.313140592081882E-002
  0.000000000000000E+000  0.000000000000000E+000  0.000000000000000E+000
  0.000000000000000E+000  0.000000000000000E+000  0.000000000000000E+000
  0.000000000000000E+000  0.000000000000000E+000  0.000000000000000E+000
  0.000000000000000E+000  0.000000000000000E+000  0.000000000000000E+000
  1.104726231630888E-002 -1.448344240883799E-002 -1.515734941127405E-002
  7.882129433738623E-003  0.106814481154536      -7.180263427719928E-002
  1.280267177484404E-004  0.113680856825686      -0.111734717006701     
  4.712939880742938E-003  0.122406241508375      -0.144237613279209     
  1.147611356733698E-002  0.100595467960255      -0.158295274737370     
  2.281744334166891E-002  7.917388235429364E-002 -0.160782280213125     
  3.691736563284057E-002  6.391431389531704E-002 -0.161067664969915     
  5.743061261568869E-002  5.961370233247257E-002 -0.161325638783467     
  8.145376245775422E-002  6.036838654693503E-002 -0.158534186740534     
  0.103546148981481       6.533277187482862E-002 -0.144254826704380     
  9.828256029805181E-002  5.702253813435698E-002 -0.111644016709379     
  8.846406968809800E-002  6.005469123365776E-002 -7.167270860623112E-002
 -1.799772778183613E-002  2.511615124203629E-003 -1.524310295405767E-002
  0.000000000000000E+000  0.000000000000000E+000  0.000000000000000E+000
  0.000000000000000E+000  0.000000000000000E+000  0.000000000000000E+000
  0.000000000000000E+000  0.000000000000000E+000  0.000000000000000E+000
  0.000000000000000E+000  0.000000000000000E+000  0.000000000000000E+000
  1.168435321157026E-002 -8.588598609883227E-003 -1.210764772369875E-002
  6.354906719649452E-003  8.146305806992939E-002 -5.685095260825804E-002
  1.325621423707000E-003  9.249474951829063E-002 -9.228694115344643E-002
  2.551941369674054E-003  0.100071428743814      -0.121413059270950     
  8.333925118335066E-003  8.514853143236506E-002 -0.135244892281789     
  1.861139006883726E-002  6.831344061115163E-002 -0.140268918007163     
  3.210517960362973E-002  5.552346865492153E-002 -0.141239864180250     
  5.018293113371015E-002  5.055987924791638E-002 -0.140964282099189     
  6.965222238689540E-002  4.994632399791898E-002 -0.135548850435087     
  8.530836040928345E-002  5.230184220273854E-002 -0.121449072157644     
  7.944540989952603E-002  4.748651973435421E-002 -9.227404569905270E-002
  6.724147301252723E-002  4.614291974819615E-002 -5.672390905330504E-002
 -1.324759394173607E-002  5.813287859997185E-003 -1.208391483458224E-002
  0.000000000000000E+000  0.000000000000000E+000  0.000000000000000E+000
  0.000000000000000E+000  0.000000000000000E+000  0.000000000000000E+000
  0.000000000000000E+000  0.000000000000000E+000  0.000000000000000E+000
  0.000000000000000E+000  0.000000000000000E+000  0.000000000000000E+000
  3.444080790395808E-003 -8.454915350891851E-003 -5.170159258587926E-003
  1.099150135479411E-002  4.989586118076353E-002 -3.713532419041026E-002
  9.648074131282815E-005  5.895093342342411E-002 -6.126615607524054E-002
  8.351801939126660E-004  6.856827251053210E-002 -8.576214235926546E-002
  4.510506590675173E-003  5.875580726395128E-002 -9.824019169063948E-002
  1.160190739992494E-002  4.816653796830005E-002 -0.104130783097666     
  2.269657249525252E-002  3.917493011419763E-002 -0.106485666094726     
  3.618306344048967E-002  3.432253418777177E-002 -0.104773347652126     
  4.865709228599125E-002  3.339135857326517E-002 -9.850077786862554E-002
  5.892125206523204E-002  3.506809022975399E-002 -8.583471307056446E-002
  5.102837722279947E-002  2.962553616913034E-002 -6.128032371839208E-002
  3.767499239645655E-002  3.442477566825899E-002 -3.707011789030413E-002
 -9.056712048102782E-003 -1.278101405051933E-003 -5.146062805257632E-003
  0.000000000000000E+000  0.000000000000000E+000  0.000000000000000E+000
  0.000000000000000E+000  0.000000000000000E+000  0.000000000000000E+000
  0.000000000000000E+000  0.000000000000000E+000  0.000000000000000E+000
  0.000000000000000E+000  0.000000000000000E+000  0.000000000000000E+000
 -1.514694139901214E-003 -2.828757969584234E-003 -4.382782039238003E-003
  1.099847577920636E-002  9.434634368673162E-003 -1.012756607821912E-002
  4.013435271297723E-003  1.834360942782127E-002 -1.810614051947146E-002
  7.735646523673187E-003  2.534875666293305E-002 -3.165941604042965E-002
  4.135638213193378E-003  2.516840716486713E-002 -3.871906260424361E-002
  7.482169889466830E-003  2.285269409115472E-002 -4.647627116663088E-002
  1.107953389616216E-002  1.901199671773479E-002 -4.747646139205067E-002
  1.621625688750240E-002  1.808395619611824E-002 -4.693158333035111E-002
  1.972271370725408E-002  1.626200241598012E-002 -3.884569198316967E-002
  1.807350375034853E-002  1.937150891790327E-002 -3.165314085727316E-002
  1.393910730362463E-002  1.266481252120619E-002 -1.813439891250816E-002
  2.654315854922175E-003  1.422369480274028E-002 -1.011395478401014E-002
 -1.672961561593366E-003 -2.737000418353269E-003 -4.378019621348619E-003
  0.000000000000000E+000  0.000000000000000E+000  0.000000000000000E+000
  0.000000000000000E+000  0.000000000000000E+000  0.000000000000000E+000
  0.000000000000000E+000  0.000000000000000E+000  0.000000000000000E+000
  0.000000000000000E+000  0.000000000000000E+000  0.000000000000000E+000
  0.000000000000000E+000  0.000000000000000E+000  0.000000000000000E+000
  0.000000000000000E+000  0.000000000000000E+000  0.000000000000000E+000
  0.000000000000000E+000  0.000000000000000E+000  0.000000000000000E+000
  0.000000000000000E+000  0.000000000000000E+000  0.000000000000000E+000
  0.000000000000000E+000  0.000000000000000E+000  0.000000000000000E+000
  0.000000000000000E+000  0.000000000000000E+000  0.000000000000000E+000
  0.000000000000000E+000  0.000000000000000E+000  0.000000000000000E+000
  0.000000000000000E+000  0.000000000000000E+000  0.000000000000000E+000
  0.000000000000000E+000  0.000000000000000E+000  0.000000000000000E+000
  0.000000000000000E+000  0.000000000000000E+000  0.000000000000000E+000
  0.000000000000000E+000  0.000000000000000E+000  0.000000000000000E+000
  0.000000000000000E+000  0.000000000000000E+000  0.000000000000000E+000
  0.000000000000000E+000  0.000000000000000E+000  0.000000000000000E+000
  0.000000000000000E+000  0.000000000000000E+000  0.000000000000000E+000
  0.000000000000000E+000  0.000000000000000E+000  0.000000000000000E+000
  0.000000000000000E+000  0.000000000000000E+000  0.000000000000000E+000
  0.000000000000000E+000  0.000000000000000E+000  0.000000000000000E+000
  0.000000000000000E+000  0.000000000000000E+000  0.000000000000000E+000
  0.000000000000000E+000  0.000000000000000E+000  0.000000000000000E+000
  0.000000000000000E+000  0.000000000000000E+000  0.000000000000000E+000
  0.000000000000000E+000  0.000000000000000E+000  0.000000000000000E+000
  0.000000000000000E+000  0.000000000000000E+000  0.000000000000000E+000
  0.000000000000000E+000  0.000000000000000E+000  0.000000000000000E+000
  0.000000000000000E+000  0.000000000000000E+000  0.000000000000000E+000
  0.000000000000000E+000  0.000000000000000E+000  0.000000000000000E+000
  0.000000000000000E+000  0.000000000000000E+000  0.000000000000000E+000
  0.000000000000000E+000  0.000000000000000E+000  0.000000000000000E+000
  0.000000000000000E+000  0.000000000000000E+000  0.000000000000000E+000
  0.000000000000000E+000  0.000000000000000E+000  0.000000000000000E+000
  0.000000000000000E+000  0.000000000000000E+000  0.000000000000000E+000
  0.000000000000000E+000  0.000000000000000E+000  0.000000000000000E+000
  0.000000000000000E+000  0.000000000000000E+000  0.000000000000000E+000
  0.000000000000000E+000  0.000000000000000E+000  0.000000000000000E+000
  0.000000000000000E+000  0.000000000000000E+000  0.000000000000000E+000
  1.009531899670541E-003 -1.070065864812408E-002 -0.224340814840976     
 -1.759057855398004E-002  3.987217629666156E-003 -0.511303131228374     
  3.213986202667020E-002  5.087673217298833E-002 -0.809195882365817     
  2.046134106549915E-004 -3.392596400448419E-002  -1.02419182068806     
 -6.106251876645470E-002 -0.500568616049929      -0.994447010015019     
  2.563562030781843E-002  8.139406765046472E-004  -1.20741683781351     
  9.344995261679409E-002  0.160571747973254       -1.34886634649421     
 -4.736576374607279E-003  2.918283011501885E-002  -1.21414384765993     
 -0.411393865203930      -0.311130555484928      -0.993593383126502     
 -3.030895286202225E-002 -1.953306427636201E-002  -1.02672533170894     
  2.554822808309343E-002  4.981427360919614E-002 -0.812600641998559     
  1.416474807048277E-002 -1.236338194556216E-002 -0.512879546215212     
 -1.374737271880489E-002 -6.159267483558158E-003 -0.224023126773561     
  0.000000000000000E+000  0.000000000000000E+000  0.000000000000000E+000
  0.000000000000000E+000  0.000000000000000E+000  0.000000000000000E+000
  0.000000000000000E+000  0.000000000000000E+000  0.000000000000000E+000
  0.000000000000000E+000  0.000000000000000E+000  0.000000000000000E+000
 -1.838006217812173E-002 -2.333048956543866E-002 -0.192737489396711     
 -3.237376365545021E-002 -5.250784355328426E-003 -0.488337728644559     
  4.354200765496414E-003  3.233115565888285E-002 -0.774667215045351     
 -3.162953963211076E-002 -8.430253706033679E-002  -1.01732892482265     
 -3.802171045256768E-002 -0.332827528167462       -1.00682155573537     
 -1.117708511641816E-002  9.824630774033416E-004  -1.21486408325422     
  4.846774860102003E-002  8.426185045887212E-002  -1.33708673184989     
  1.110746688686972E-002 -6.384916573632686E-003  -1.22112325324877     
 -0.274559082516377      -0.204533109440931       -1.00637014493410     
 -5.705068217265088E-002 -7.139128167221089E-002  -1.01999898275630     
  2.501998025921380E-002  1.721502618810842E-002 -0.777897435693222     
  1.225470553451719E-002 -3.091985812729702E-002 -0.489660369020392     
 -1.497917627165698E-002 -2.920243767190646E-002 -0.192293242376647     
  0.000000000000000E+000  0.000000000000000E+000  0.000000000000000E+000
  0.000000000000000E+000  0.000000000000000E+000  0.000000000000000E+000
  0.000000000000000E+000  0.000000000000000E+000  0.000000000000000E+000
  0.000000000000000E+000  0.000000000000000E+000  0.000000000000000E+000
 -2.666362161392671E-002 -5.101662571093851E-002 -0.166533124358114     
 -4.443579553006334E-002 -1.446514587852801E-002 -0.437800554419379     
 -2.761088894981508E-002 -8.539540923129164E-002 -0.723088742755752     
 -5.860535934380132E-002 -6.845244941975495E-002 -0.963852720904127     
 -2.510409861218113E-002 -3.276138060266482E-002  -1.09258372958238     
 -4.933437718968994E-002 -0.119809175604283       -1.17424162293297     
  2.665618401503287E-002  4.717670438252217E-002  -1.26374550877588     
 -8.067510441535201E-002 -0.105049254437574       -1.17762435188571     
 -1.907849626003822E-002 -4.160010802778888E-002  -1.09357237372377     
 -2.517284414231075E-002 -8.413640961643862E-002 -0.967928722069932     
 -5.908734850215248E-002 -6.844596841056448E-002 -0.725690283060699     
  7.587559623956153E-003 -4.794587608323341E-002 -0.438743223664275     
 -3.496891745556710E-002 -5.022344695648641E-002 -0.165877949486379     
  0.000000000000000E+000  0.000000000000000E+000  0.000000000000000E+000
  0.000000000000000E+000  0.000000000000000E+000  0.000000000000000E+000
  0.000000000000000E+000  0.000000000000000E+000  0.000000000000000E+000
  0.000000000000000E+000  0.000000000000000E+000  0.000000000000000E+000
 -2.541257390970097E-002 -5.201194963454633E-002 -0.153257484356246     
 -4.455368945894760E-002  6.460347000437613E-002 -0.405352019541540     
 -4.305571875471427E-002 -0.160304592582866      -0.616018379842245     
 -7.407691451070152E-002  0.196815109416262      -0.992712139362829     
 -1.345968674976772E-002  0.148645259575759       -1.20949022871878     
 -2.870623992476240E-002 -1.254239586508791E-003  -1.16628709462146     
  0.215134563673298       0.374410270231630       -1.58070408893768     
  1.855213626492796E-003 -3.621897072946904E-002  -1.15968479943811     
  0.131457741594466       5.893898444876574E-002  -1.20957361864751     
  0.209402735368966       3.396106885309629E-002 -0.995910018716894     
 -0.111780830921730      -0.117190405192641      -0.618937280997121     
  7.593087321500609E-002 -8.326009277529215E-003 -0.405642781120011     
 -3.599955717124532E-002 -4.972722075407298E-002 -0.152582094326882     
  0.000000000000000E+000  0.000000000000000E+000  0.000000000000000E+000
  0.000000000000000E+000  0.000000000000000E+000  0.000000000000000E+000
  0.000000000000000E+000  0.000000000000000E+000  0.000000000000000E+000
  0.000000000000000E+000  0.000000000000000E+000  0.000000000000000E+000
 -1.475642505209875E-002 -4.141459443786191E-002 -0.153279154785982     
 -7.521235067788423E-002  0.171718335082869      -0.380951204352529     
 -7.065410141423180E-002  2.071158904586259E-002 -0.600126325216381     
 -5.144814975224113E-002  0.112359551113107      -0.885213565158574     
 -2.531901429011871E-002  0.152152429491195       -1.14557463199635     
  0.116512434886482       0.451872983049819       -1.52901725227574     
  0.260758726609299       0.453927878874933       -1.67718546503322     
  0.324730846961399       0.320185637708887       -1.52414434557574     
  0.149876208543475       5.642047947397990E-002  -1.15381867584246     
  0.127308718709198       1.226632699049250E-002 -0.888245047806035     
  6.375757643994952E-002 -4.829179332197622E-002 -0.604693067091722     
  0.190624390596104       2.047505170455183E-002 -0.381918509546669     
 -3.140316317558811E-002 -3.483273239561394E-002 -0.152985478834448     
  0.000000000000000E+000  0.000000000000000E+000  0.000000000000000E+000
  0.000000000000000E+000  0.000000000000000E+000  0.000000000000000E+000
  0.000000000000000E+000  0.000000000000000E+000  0.000000000000000E+000
  0.000000000000000E+000  0.000000000000000E+000  0.000000000000000E+000
 -9.584987210594116E-003 -2.497958605960147E-002 -0.132902484257856     
 -5.470650869827170E-002  9.888132469921414E-002 -0.309410837228894     
 -7.356544871667123E-002  5.056693737650462E-002 -0.524851256010750     
 -7.054508529258170E-002  0.288783482687494      -0.878564418791023     
 -7.361895870664708E-003  0.260875568454357       -1.12339537359794     
  0.192626803909108       0.703166426053759       -1.78710971389791     
  0.368289967843361       0.639880783578657       -1.85384289978477     
  0.512130897097571       0.518085775406192       -1.79073263023725     
  0.233554260719796       0.124593299490226       -1.12983143165864     
  0.283761466523605       8.201911619897929E-002 -0.876498543440740     
  8.282116032106292E-002 -3.916672989393212E-002 -0.525343564406573     
  0.121735579031533       3.639956184500746E-003 -0.311813443291557     
 -1.798722900237695E-002 -2.203887411466059E-002 -0.132925189863461     
  0.000000000000000E+000  0.000000000000000E+000  0.000000000000000E+000
  0.000000000000000E+000  0.000000000000000E+000  0.000000000000000E+000
  0.000000000000000E+000  0.000000000000000E+000  0.000000000000000E+000
  0.000000000000000E+000  0.000000000000000E+000  0.000000000000000E+000
 -2.331391698794374E-002 -5.174396247863564E-003 -0.125370213987299     
  1.506221560576955E-002 -0.113905148670136      -0.179960761947980     
 -6.421002689182541E-002  2.093713309784606E-003 -0.385115671545571     
 -9.401854053921693E-002  0.356359466850763      -0.823031816446992     
  1.062341214712864E-003  0.172053160124931      -0.871440389337167     
  0.156331367160018       0.566133433034702       -1.55396637287372     
  0.373962941172690       0.647116747810448       -1.84116638105921     
  0.410871227837994       0.416785014600941       -1.55449693424671     
  0.150496057549489       8.612237660609491E-002 -0.875553512075632     
  0.349379764654660       9.370487141560119E-002 -0.816001681502197     
  2.598558906939009E-002 -5.725883475376496E-002 -0.379157024201370     
 -0.100391561262758      -4.446928381137892E-002 -0.181823741422295     
  6.793639873767826E-003 -2.219551542935978E-002 -0.125261112885279     
  0.000000000000000E+000  0.000000000000000E+000  0.000000000000000E+000
  0.000000000000000E+000  0.000000000000000E+000  0.000000000000000E+000
  0.000000000000000E+000  0.000000000000000E+000  0.000000000000000E+000
  0.000000000000000E+000  0.000000000000000E+000  0.000000000000000E+000
 -2.531756533633091E-002 -6.054050010004858E-003 -0.111749405392520     
  4.844011368851813E-002 -0.215982380055648      -5.876477099073089E-002
 -4.265392992165015E-002 -3.973335886281863E-002 -0.243629253684485     
 -3.173848080583451E-002  6.829353261975588E-002 -0.453352849001186     
  3.156098423072275E-002 -0.211442175429290      -0.172965229654971     
  6.640269450290004E-002  0.216459598480218      -0.883670883005898     
  0.123675389207833       0.212603212662167      -0.989772961964015     
  0.157222365104504       0.167643215737282      -0.893083736662346     
 -0.188822615750178      -7.558227494775284E-002 -0.188729637837414     
  7.319976677374992E-002  4.940672698942356E-003 -0.450601908748706     
 -2.195286283643208E-002 -5.988677150172213E-002 -0.235782150779921     
 -0.211730876310173      -6.733540627783773E-002 -5.851973458886865E-002
  8.357636589199278E-003 -2.501026527312599E-002 -0.111275032458648     
  0.000000000000000E+000  0.000000000000000E+000  0.000000000000000E+000
  0.000000000000000E+000  0.000000000000000E+000  0.000000000000000E+000
  0.000000000000000E+000  0.000000000000000E+000  0.000000000000000E+000
  0.000000000000000E+000  0.000000000000000E+000  0.000000000000000E+000
 -1.246769208940209E-002 -7.647488397150497E-003 -7.434980099457798E-002
  1.865054738061074E-002 -0.163305330681788       3.083224142234620E-004
  3.639451401532755E-003 -4.662763701611019E-002 -0.123219339808415     
 -1.569658375153262E-002 -2.041021237417445E-002 -0.226155322343865     
  6.751296793102669E-002 -0.202575362386880       0.124887780311390     
  2.165571331584973E-002  5.294655903991117E-002 -0.499994811400794     
 -3.444186725019120E-002 -6.049965662246969E-002  7.069320216270249E-003
  3.729975868278804E-002  4.736991718779869E-002 -0.508708958131882     
 -0.198922918416779      -4.106285022801300E-002  0.106682185885025     
 -1.203332489785040E-002 -2.494384180019557E-002 -0.222529044167744     
 -5.100503529531471E-002 -2.234954433087805E-002 -0.115374681723112     
 -0.152243250159569      -6.722254278546042E-002  1.796013844905172E-003
 -8.971696330592254E-005 -1.451358943477822E-002 -7.442625886514477E-002
  0.000000000000000E+000  0.000000000000000E+000  0.000000000000000E+000
  0.000000000000000E+000  0.000000000000000E+000  0.000000000000000E+000
  0.000000000000000E+000  0.000000000000000E+000  0.000000000000000E+000
  0.000000000000000E+000  0.000000000000000E+000  0.000000000000000E+000
 -2.149570413979482E-003 -1.158682607445812E-002 -3.061773956331446E-002
 -1.239589001759485E-002 -4.031594181969711E-002 -2.768971312028486E-002
  2.218752560730642E-002 -4.917473782274380E-002 -3.659544554536357E-002
 -2.976176189331042E-004 -2.925484296665947E-002 -6.653663977040189E-002
  2.178152250622596E-002 -4.776859858117941E-002 -3.408511469007358E-002
  6.621236148516856E-003 -9.912923716431769E-002  0.106543799487492     
 -3.185239949630059E-002 -5.514906289995882E-002  0.247511885685247     
 -8.420137413564535E-002 -4.129258795787383E-002  9.482025232179227E-002
 -4.836527498383169E-002 -2.909404559181659E-003 -4.261412585768122E-002
 -2.808123272847379E-002 -1.471913302152044E-002 -6.386423595377247E-002
 -5.664907392588983E-002 -7.659237082891870E-003 -3.418107781521246E-002
 -2.835548464262741E-002 -3.175011429281852E-002 -2.732383126864311E-002
 -8.882363616542681E-003 -7.573218408075433E-003 -3.045843232568268E-002
  0.000000000000000E+000  0.000000000000000E+000  0.000000000000000E+000
  0.000000000000000E+000  0.000000000000000E+000  0.000000000000000E+000
  0.000000000000000E+000  0.000000000000000E+000  0.000000000000000E+000
  0.000000000000000E+000  0.000000000000000E+000  0.000000000000000E+000
  0.000000000000000E+000  0.000000000000000E+000  0.000000000000000E+000
  0.000000000000000E+000  0.000000000000000E+000  0.000000000000000E+000
  0.000000000000000E+000  0.000000000000000E+000  0.000000000000000E+000
  0.000000000000000E+000  0.000000000000000E+000  0.000000000000000E+000
  0.000000000000000E+000  0.000000000000000E+000  0.000000000000000E+000
  0.000000000000000E+000  0.000000000000000E+000  0.000000000000000E+000
  0.000000000000000E+000  0.000000000000000E+000  0.000000000000000E+000
  0.000000000000000E+000  0.000000000000000E+000  0.000000000000000E+000
  0.000000000000000E+000  0.000000000000000E+000  0.000000000000000E+000
  0.000000000000000E+000  0.000000000000000E+000  0.000000000000000E+000
  0.000000000000000E+000  0.000000000000000E+000  0.000000000000000E+000
  0.000000000000000E+000  0.000000000000000E+000  0.000000000000000E+000
  0.000000000000000E+000  0.000000000000000E+000  0.000000000000000E+000
  0.000000000000000E+000  0.000000000000000E+000  0.000000000000000E+000
  0.000000000000000E+000  0.000000000000000E+000  0.000000000000000E+000
  0.000000000000000E+000  0.000000000000000E+000  0.000000000000000E+000
  0.000000000000000E+000  0.000000000000000E+000  0.000000000000000E+000
  0.000000000000000E+000  0.000000000000000E+000  0.000000000000000E+000
  0.000000000000000E+000  0.000000000000000E+000  0.000000000000000E+000
  0.000000000000000E+000  0.000000000000000E+000  0.000000000000000E+000
  0.000000000000000E+000  0.000000000000000E+000  0.000000000000000E+000
  0.000000000000000E+000  0.000000000000000E+000  0.000000000000000E+000
  0.000000000000000E+000  0.000000000000000E+000  0.000000000000000E+000
  0.000000000000000E+000  0.000000000000000E+000  0.000000000000000E+000
  0.000000000000000E+000  0.000000000000000E+000  0.000000000000000E+000
  0.000000000000000E+000  0.000000000000000E+000  0.000000000000000E+000
  0.000000000000000E+000  0.000000000000000E+000  0.000000000000000E+000
  0.000000000000000E+000  0.000000000000000E+000  0.000000000000000E+000
  0.000000000000000E+000  0.000000000000000E+000  0.000000000000000E+000
  0.000000000000000E+000  0.000000000000000E+000  0.000000000000000E+000
  0.000000000000000E+000  0.000000000000000E+000  0.000000000000000E+000
  0.000000000000000E+000  0.000000000000000E+000  0.000000000000000E+000
  0.000000000000000E+000  0.000000000000000E+000  0.000000000000000E+000
  0.000000000000000E+000  0.000000000000000E+000  0.000000000000000E+000
  -164.617826019089        288.572591198229        42.8503139547043     
  -688.478928881221       -573.856971606885        502.628283959740     
  -331.985488874010        2164.59455174668        2956.32826846305     
   1643.14999483422       -550.126243681068        3161.49350487907     
   1524.85680214741       -13009.6341183410        5535.17703289079     
   1418.55855257105       -3866.11631939183        1773.56955114660     
   2987.16629364382        5127.44161438390       -3373.17670422267     
  -3902.38928458197       -554.699346611327        1627.84196466395     
  -12410.5565500570       -5465.99193828389        5691.09183921509     
  -1356.59810597543        1094.96823693828        3150.48721459632     
   1990.11171476354        768.118254616815        2932.81234611627     
  -128.321656602660       -838.071156488884        536.047675824621     
   284.671700540108       -25.7074694947366        58.3931798943483     
  0.000000000000000E+000  0.000000000000000E+000  0.000000000000000E+000
  0.000000000000000E+000  0.000000000000000E+000  0.000000000000000E+000
  0.000000000000000E+000  0.000000000000000E+000  0.000000000000000E+000
  0.000000000000000E+000  0.000000000000000E+000  0.000000000000000E+000
  -162.784996953865        119.321738487310        71.4111174754834     
  -660.409193842975       -705.972456319491        383.331049467453     
   9.59963888844048        1788.73311699226        2635.00467678304     
   1773.40047036033       -4271.62246432905        3148.60174255039     
   1920.41837634235       -9133.97377101374        5318.02926453256     
   1729.85148940000       -181.388903259172        1009.30262772963     
   2041.05023448515        3537.24548252709       -3470.04963462303     
  -896.689545442190        1482.95703739425        866.221631527721     
  -9095.03183373818       -3059.05979103778        5446.05051314056     
  -4559.65999017051       -586.481775029979        3137.66669409740     
   1516.21937771111        880.130049309400        2617.96546485975     
  -273.530995810851       -890.305693657327        417.796466817818     
   134.101643000484       -106.424063036134        85.1204731914635     
  0.000000000000000E+000  0.000000000000000E+000  0.000000000000000E+000
  0.000000000000000E+000  0.000000000000000E+000  0.000000000000000E+000
  0.000000000000000E+000  0.000000000000000E+000  0.000000000000000E+000
  0.000000000000000E+000  0.000000000000000E+000  0.000000000000000E+000
  -152.987986823607       -353.670784173532        14.3163805828649     
  -623.022002330301       -660.244089049157        449.211499324642     
   825.621949076357       -583.646587622839        1491.62899462562     
   2214.10453571460       -11576.0583809851        5666.30544722358     
   2316.55129040589        864.019582824929        2254.26662878125     
   2749.00733033121        2853.46931778005       -2016.26098237228     
   1460.37151972346        2517.08630187783       -1956.68785365314     
   1168.00806910437        3835.98973725176       -2116.59505217887     
  -494.115951143701        2372.33569488548        2296.85259802276     
  -10754.3188913686       -3662.06936124161        5557.22631707482     
  -880.923774788575        430.315275911354        1504.56640991198     
  -297.230871015894       -863.746140030154        478.105323995502     
  -284.697821032777       -332.085852458984        30.3259090919682     
  0.000000000000000E+000  0.000000000000000E+000  0.000000000000000E+000
  0.000000000000000E+000  0.000000000000000E+000  0.000000000000000E+000
  0.000000000000000E+000  0.000000000000000E+000  0.000000000000000E+000
  0.000000000000000E+000  0.000000000000000E+000  0.000000000000000E+000
  -272.698921074713       -849.425156076941        194.963592586812     
  -296.983560420787        4.78990645373671       -19.6915936039246     
   1643.38496177075       -5743.31844406695        2469.93872599693     
   1905.66472402570       -127.928442834447        2298.12707617819     
   2478.94590359204        748.166528174380        321.840856912136     
   983.918900649292       -273.517633121187        1174.53664481995     
   4069.64926909140        7038.53273827635       -6918.23809283082     
  -671.479681155001        709.588285640071        1086.33195301846     
  -642.347719757385        2448.12292644264        404.784208292940     
  -1015.50667517980        1609.26306526650        2274.33497199178     
  -5664.68910217003       -1401.01095632908        2456.80165676722     
   100.293056028882       -261.467545414397        20.7180585427106     
  -643.248695719569       -678.368952130669        207.570000662067     
  0.000000000000000E+000  0.000000000000000E+000  0.000000000000000E+000
  0.000000000000000E+000  0.000000000000000E+000  0.000000000000000E+000
  0.000000000000000E+000  0.000000000000000E+000  0.000000000000000E+000
  0.000000000000000E+000  0.000000000000000E+000  0.000000000000000E+000
  -415.899138095361       -404.577649097671        174.866924109301     
   60.1810253786387       -852.810385998658        29.1659512906489     
   1582.63098978609       -4775.38260446418        2462.59526995566     
   1501.72349479123        2060.96143024640        101.505604710753     
   1279.45260695832       -5674.14017369585        5262.20994346013     
   880.192682320551        425.169023856554        971.932315392274     
   1563.32270359501        2679.64693270447       -3470.06346592278     
  -90.6102615655490        924.494031290679        988.976977904351     
  -5439.27681527730       -1692.16811643854        5170.09787898546     
   899.713415407079        2262.47944139513        228.620843492821     
  -4991.95340614698       -1040.18332753274        2494.69989322773     
  -744.896436513971       -356.487001565978        51.8079066723362     
  -171.596923466276       -579.115177699429        182.382849044477     
  0.000000000000000E+000  0.000000000000000E+000  0.000000000000000E+000
  0.000000000000000E+000  0.000000000000000E+000  0.000000000000000E+000
  0.000000000000000E+000  0.000000000000000E+000  0.000000000000000E+000
  0.000000000000000E+000  0.000000000000000E+000  0.000000000000000E+000
  -547.363259148720        196.291131410277       -1.65182443846957     
   767.739847092138       -3002.55387799846        729.712550396411     
   811.446001597141       -1205.02649532691        1055.88883717003     
   951.960409970498        2293.49864939939       -523.024014872018     
   1260.27426353092       -7175.03501770822        7462.67722970994     
  -163.295669847741       -4844.12540720879        4962.10270467852     
  -4261.28904154039       -7369.04220492016        11041.4723126995     
  -4003.76271861771       -2509.39290324225        4825.27339983860     
  -6872.69319408541       -2571.84734076932        7509.74517732363     
   1589.32245063015        1999.43494269971       -575.311947932874     
  -1497.34750959375        84.0953251814659        1103.47782171466     
  -2968.88230008314       -819.782753164899        737.749906835354     
   440.233384470141       -386.461672830586        3.19329290332333     
  0.000000000000000E+000  0.000000000000000E+000  0.000000000000000E+000
  0.000000000000000E+000  0.000000000000000E+000  0.000000000000000E+000
  0.000000000000000E+000  0.000000000000000E+000  0.000000000000000E+000
  0.000000000000000E+000  0.000000000000000E+000  0.000000000000000E+000
  -481.180010383145        340.225980303622       -145.749069675624     
   963.184804600000       -3739.46426965778        1209.14215865287     
   280.586409636699        293.539745611247        327.540747316602     
   280.183639084494        3995.55775526242       -2501.66797996274     
   1397.29429731745       -3516.23818166450        4532.32109231539     
  -1107.25483777087       -5743.21781824920        5737.78091321484     
  -334.280267254510       -629.002301077323        598.659523196145     
  -4503.54711727274       -3943.07873325154        5950.23775082933     
  -3866.62588393781       -654.729224120283        4683.87737302272     
   3370.60888126442        2239.23172733263       -2554.06532862655     
   134.453820735199        399.592448700430        331.153507979624     
  -3735.84778445847       -1033.54377675068        1227.04589760163     
   541.124563232190       -247.166403498625       -145.396182570730     
  0.000000000000000E+000  0.000000000000000E+000  0.000000000000000E+000
  0.000000000000000E+000  0.000000000000000E+000  0.000000000000000E+000
  0.000000000000000E+000  0.000000000000000E+000  0.000000000000000E+000
  0.000000000000000E+000  0.000000000000000E+000  0.000000000000000E+000
  -430.020439537664        133.275690629025       -182.631256625516     
   780.948841253244       -2709.69851798626        1160.37370079635     
   205.857026143706        813.076851819106       -618.104335882995     
   1221.87184763161        14.7614458815075        1484.20972608316     
   409.292225422461       -486.150194956502        1279.90373971226     
  -991.660875543556       -1384.55198465112        689.396500458596     
   1440.28461171041        2459.41844594901       -8404.18603167754     
  -667.315445844807       -1514.87714321476        568.166728511566     
  -596.509254187534        85.3422717366286        1218.33554117930     
  -585.984982481637        1040.69625290429        1486.36322431402     
   448.976034247814        545.919607450603       -498.889912091274     
  -2761.63686412407       -677.153346219876        1169.29784022921     
   338.006322061317       -307.535143496304       -180.472967342949     
  0.000000000000000E+000  0.000000000000000E+000  0.000000000000000E+000
  0.000000000000000E+000  0.000000000000000E+000  0.000000000000000E+000
  0.000000000000000E+000  0.000000000000000E+000  0.000000000000000E+000
  0.000000000000000E+000  0.000000000000000E+000  0.000000000000000E+000
  -125.189978768884        93.6704211839975       -237.434832026382     
   198.597704263249       -1246.42879775639        749.216194550895     
  -974.648883905578        3038.20054541510       -3012.33128238289     
   827.169047025970        762.559188293485        151.957162706370     
  -524.163139016946        222.553922550065        897.270384653737     
  -611.369384935200        750.459702379910       -3937.44113524105     
  -662.658902464878       -1123.33057597333        3277.44592303512     
   999.740036486665       -132.372505725349       -4144.10847640239     
   369.465696400808       -360.024058433147        994.009057870501     
   332.987869796295        1089.12364433909        32.2939959445395     
   2897.35345744355        648.227243502815       -2805.02529048514     
  -1214.76068376814       -468.247834785545        766.288013839164     
   150.811214432573       -59.0921974819887       -237.670561838591     
  0.000000000000000E+000  0.000000000000000E+000  0.000000000000000E+000
  0.000000000000000E+000  0.000000000000000E+000  0.000000000000000E+000
  0.000000000000000E+000  0.000000000000000E+000  0.000000000000000E+000
  0.000000000000000E+000  0.000000000000000E+000  0.000000000000000E+000
   33.5234955163185       -9.41127350357381       -9.89913657950528     
  -106.742990395925       -225.147260229692       -18.3686764019484     
   385.748170066119        1320.24924301905       -1380.70306567205     
  -704.777636611859        2096.92941398937       -2130.00602552794     
  -917.647354592983        1610.65871213849       -1635.71565472887     
  -665.281499863768        676.783708418363       -2797.41003569971     
  -108.065273601196       -146.148479139873        3120.47580074192     
   897.865582668039       -246.374766554282       -2748.08046504697     
   1787.58599645969        1.50369429615307       -1547.98960063533     
   2194.75688958438        446.926136289328       -2213.99733552366     
   913.772834358040        970.391179423088       -1346.99899965156     
  -142.679195984495       -214.445701918291       -14.8370762010919     
  -25.0121011164952        25.9150917812716       -8.26090881650782     
  0.000000000000000E+000  0.000000000000000E+000  0.000000000000000E+000
  0.000000000000000E+000  0.000000000000000E+000  0.000000000000000E+000
  0.000000000000000E+000  0.000000000000000E+000  0.000000000000000E+000
  0.000000000000000E+000  0.000000000000000E+000  0.000000000000000E+000
  0.000000000000000E+000  0.000000000000000E+000  0.000000000000000E+000
  0.000000000000000E+000  0.000000000000000E+000  0.000000000000000E+000
  0.000000000000000E+000  0.000000000000000E+000  0.000000000000000E+000
  0.000000000000000E+000  0.000000000000000E+000  0.000000000000000E+000
  0.000000000000000E+000  0.000000000000000E+000  0.000000000000000E+000
  0.000000000000000E+000  0.000000000000000E+000  0.000000000000000E+000
  0.000000000000000E+000  0.000000000000000E+000  0.000000000000000E+000
  0.000000000000000E+000  0.000000000000000E+000  0.000000000000000E+000
  0.000000000000000E+000  0.000000000000000E+000  0.000000000000000E+000
  0.000000000000000E+000  0.000000000000000E+000  0.000000000000000E+000
  0.000000000000000E+000  0.000000000000000E+000  0.000000000000000E+000
  0.000000000000000E+000  0.000000000000000E+000  0.000000000000000E+000
  0.000000000000000E+000  0.000000000000000E+000  0.000000000000000E+000
  0.000000000000000E+000  0.000000000000000E+000  0.000000000000000E+000
  0.000000000000000E+000  0.000000000000000E+000  0.000000000000000E+000
  0.000000000000000E+000  0.000000000000000E+000  0.000000000000000E+000
  0.000000000000000E+000  0.000000000000000E+000  0.000000000000000E+000
  0.000000000000000E+000  0.000000000000000E+000  0.000000000000000E+000
  0.000000000000000E+000  0.000000000000000E+000  0.000000000000000E+000
  0.000000000000000E+000  0.000000000000000E+000  0.000000000000000E+000
  0.000000000000000E+000  0.000000000000000E+000  0.000000000000000E+000
  0.000000000000000E+000  0.000000000000000E+000  0.000000000000000E+000
  0.000000000000000E+000  0.000000000000000E+000  0.000000000000000E+000
  0.000000000000000E+000  0.000000000000000E+000  0.000000000000000E+000
  0.000000000000000E+000  0.000000000000000E+000  0.000000000000000E+000
  0.000000000000000E+000  0.000000000000000E+000  0.000000000000000E+000
  0.000000000000000E+000  0.000000000000000E+000  0.000000000000000E+000
  0.000000000000000E+000  0.000000000000000E+000  0.000000000000000E+000
  0.000000000000000E+000  0.000000000000000E+000  0.000000000000000E+000
  0.000000000000000E+000  0.000000000000000E+000  0.000000000000000E+000
  0.000000000000000E+000  0.000000000000000E+000  0.000000000000000E+000
  0.000000000000000E+000  0.000000000000000E+000  0.000000000000000E+000
