          80  8.000000000000007E-003  8.000000000000007E-003
  0.000000000000000E+000  0.000000000000000E+000  0.000000000000000E+000
  0.000000000000000E+000  0.000000000000000E+000  0.000000000000000E+000
  4.025105432510121E-002  3.170148924937450E-002 -8.300095610828909E-002
  3.927221820340460E-002  1.774183580045413E-002 -0.119691246893754     
  5.090520639526422E-002  1.871692295923878E-002 -0.164721654607021     
  4.767049806735504E-002  2.572028725146722E-002 -0.185820405020521     
  5.119382300083777E-002  1.453900315037497E-002 -0.201632524558643     
  4.691731282380496E-002  6.050178628996744E-002 -0.217329343972934     
  6.853800419287175E-002  0.118752142846547      -0.230843495841262     
  2.890855222369798E-002  7.088518019751520E-002 -0.217316415871100     
 -1.296472436402566E-002  5.165032962064712E-002 -0.201630643096409     
 -1.509609159526386E-003  5.419843667819452E-002 -0.185834558492736     
 -9.224048143940665E-003  5.348426997154070E-002 -0.164772814547623     
 -4.281434800695164E-003  4.288211664993952E-002 -0.119708490104774     
  7.312014281783795E-003  5.072342747443215E-002 -8.307402270547254E-002
  0.000000000000000E+000  0.000000000000000E+000  0.000000000000000E+000
  0.000000000000000E+000  0.000000000000000E+000  0.000000000000000E+000
  0.000000000000000E+000  0.000000000000000E+000  0.000000000000000E+000
  0.000000000000000E+000  0.000000000000000E+000  0.000000000000000E+000
  2.768668052069046E-002  3.715097739100465E-002 -7.185872272734499E-002
  3.601818742527334E-002  2.597451615868703E-002 -0.119502655263405     
  4.101740783653639E-002  2.730633171047828E-002 -0.158167914173351     
  4.398067214620210E-002  3.180607308702868E-002 -0.185827614798591     
  4.547709011726538E-002  2.541349040609255E-002 -0.199935646546301     
  4.214618100781942E-002  6.261280556767033E-002 -0.216044370306362     
  6.410875044840431E-002  0.111066066477651      -0.232733209044303     
  3.309718036897516E-002  6.779959412927479E-002 -0.216034342930110     
 -7.110582740412564E-004  5.212663877100158E-002 -0.199936955810694     
  5.570436422662773E-003  5.403115633298083E-002 -0.185846800732231     
  3.133561945868133E-003  4.919146715783545E-002 -0.158205851982382     
  4.458788553349352E-003  4.417529708964134E-002 -0.119517586307227     
  1.832094371243308E-002  4.255349744080261E-002 -7.191365555171635E-002
  0.000000000000000E+000  0.000000000000000E+000  0.000000000000000E+000
  0.000000000000000E+000  0.000000000000000E+000  0.000000000000000E+000
  0.000000000000000E+000  0.000000000000000E+000  0.000000000000000E+000
  0.000000000000000E+000  0.000000000000000E+000  0.000000000000000E+000
  1.655988757282315E-002  4.752161942074497E-002 -5.792143578906764E-002
  2.290384708133890E-002  4.407600797530505E-002 -0.111172266851457     
  2.978737230409969E-002  4.342087192328983E-002 -0.151944733933983     
  3.384952111604976E-002  4.530402586921649E-002 -0.180794724162970     
  3.782491135137478E-002  4.852902215219123E-002 -0.198179288957213     
  4.316401886263281E-002  8.624151806313143E-002 -0.214880581769412     
  5.842816853237090E-002  0.101219185338075      -0.233115371541085     
  5.299879562929517E-002  8.044255051195613E-002 -0.214849973971499     
  2.301974775071695E-002  5.701300691707157E-002 -0.198195347069221     
  2.228576671618659E-002  5.197094578668542E-002 -0.180799387016779     
  2.264222456401390E-002  4.750362870436534E-002 -0.151970645288242     
  2.667518106137162E-002  4.183176926819815E-002 -0.111156176715327     
  3.286843560113253E-002  3.809803294369129E-002 -5.795285665401394E-002
  0.000000000000000E+000  0.000000000000000E+000  0.000000000000000E+000
  0.000000000000000E+000  0.000000000000000E+000  0.000000000000000E+000
  0.000000000000000E+000  0.000000000000000E+000  0.000000000000000E+000
  0.000000000000000E+000  0.000000000000000E+000  0.000000000000000E+000
  1.163177807822123E-002  5.097083736819922E-002 -4.756129875637529E-002
  1.056773041448551E-002  8.072402683835028E-002 -0.100112694102482     
  1.710821175431132E-002  8.899758776174828E-002 -0.144845392757223     
  2.232528166350463E-002  0.107639326734994      -0.179748243783498     
  3.244687815880085E-002  0.112074151529923      -0.205004796157884     
  4.501454626486084E-002  0.104264326929109      -0.221694853577367     
  5.485694711112697E-002  9.504254816410176E-002 -0.224180911593731     
  6.777897011807220E-002  9.115671003311773E-002 -0.221725538070551     
  8.072480300731685E-002  8.411068146309231E-002 -0.205006035476983     
  8.196783194655961E-002  7.315643350629106E-002 -0.179752914570600     
  6.845538644215780E-002  5.929353030312980E-002 -0.144833491703297     
  6.455705948748029E-002  4.947959414458702E-002 -0.100062038290887     
  3.833595000029295E-002  3.553828800456451E-002 -4.756872296662284E-002
  0.000000000000000E+000  0.000000000000000E+000  0.000000000000000E+000
  0.000000000000000E+000  0.000000000000000E+000  0.000000000000000E+000
  0.000000000000000E+000  0.000000000000000E+000  0.000000000000000E+000
  0.000000000000000E+000  0.000000000000000E+000  0.000000000000000E+000
  1.306263577251939E-002  3.697370221605917E-002 -3.972323419559281E-002
  2.017781344239025E-003  0.102778313469456      -9.384111869729443E-002
  7.444611778951131E-003  0.129254752294091      -0.141580669619162     
  1.468098691454192E-002  0.137341555021691      -0.182135558968836     
  2.719916463707544E-002  0.121942403143832      -0.204133472002713     
  3.981588646684566E-002  0.104559656565604      -0.212452061310375     
  5.349087496451413E-002  9.266840429261193E-002 -0.215662461356583     
  7.070579058446100E-002  8.687401548732371E-002 -0.212593432519871     
  9.198895027526420E-002  8.458499934710657E-002 -0.204202187065820     
  0.111452574236016       8.134942114442770E-002 -0.182102977515106     
  0.108097713224720       7.106701455265590E-002 -0.141544863848230     
  8.789444509747804E-002  5.306060003801222E-002 -9.374454431939250E-002
  2.551637532429948E-002  2.982167002153092E-002 -3.974044542568992E-002
  0.000000000000000E+000  0.000000000000000E+000  0.000000000000000E+000
  0.000000000000000E+000  0.000000000000000E+000  0.000000000000000E+000
  0.000000000000000E+000  0.000000000000000E+000  0.000000000000000E+000
  0.000000000000000E+000  0.000000000000000E+000  0.000000000000000E+000
  1.664170085385304E-002  7.187890056561689E-003 -2.788186631010009E-002
 -4.883222072217519E-004  0.106232771872437      -8.527754651564652E-002
  5.217712722678856E-003  0.134513987828499      -0.136292076549283     
  9.431384933728665E-003  0.138834773176686      -0.173418809035596     
  2.335815398140333E-002  0.124552794330521      -0.194682882105281     
  3.683192878210037E-002  0.104526534770761      -0.203255141924802     
  5.255443225910211E-002  9.103252048292167E-002 -0.205261147252468     
  7.227196096159402E-002  8.436378386165816E-002 -0.203544414762067     
  9.622989621201503E-002  8.260068863219414E-002 -0.194835502471616     
  0.115407690860908       7.761961011969414E-002 -0.173397447363274     
  0.113681984610207       7.168854495781048E-002 -0.136188452340407     
  9.214585741459332E-002  5.269725025686155E-002 -8.519438340226429E-002
 -2.027816068382947E-003  1.796759954992765E-002 -2.789504902755246E-002
  0.000000000000000E+000  0.000000000000000E+000  0.000000000000000E+000
  0.000000000000000E+000  0.000000000000000E+000  0.000000000000000E+000
  0.000000000000000E+000  0.000000000000000E+000  0.000000000000000E+000
  0.000000000000000E+000  0.000000000000000E+000  0.000000000000000E+000
  1.243878446950145E-002 -1.467386793917371E-002 -1.771574684943752E-002
  3.813929981159606E-003  0.113247717252644      -8.000201684291008E-002
  6.272020267875441E-004  0.122112837119311      -0.124327250656006     
  8.458097795856144E-003  0.136043006343188      -0.163024051437402     
  1.917956225832893E-002  0.118562531028167      -0.182902101825634     
  3.380257391769552E-002  0.102071000841981      -0.191372799308000     
  5.066750445254599E-002  8.774084150250192E-002 -0.194167179046533     
  7.174155008342896E-002  8.057785720375286E-002 -0.191814187600502     
  9.321496151171196E-002  7.605060648312162E-002 -0.183157090016467     
  0.113466052204458       7.537184770796004E-002 -0.163019141121841     
  0.105317077060686       6.162868401631315E-002 -0.124234346340805     
  9.595391707206791E-002  5.975869684588234E-002 -7.984944368778958E-002
 -1.879691596964771E-002  3.582579075552341E-003 -1.779454849073973E-002
  0.000000000000000E+000  0.000000000000000E+000  0.000000000000000E+000
  0.000000000000000E+000  0.000000000000000E+000  0.000000000000000E+000
  0.000000000000000E+000  0.000000000000000E+000  0.000000000000000E+000
  0.000000000000000E+000  0.000000000000000E+000  0.000000000000000E+000
  1.412542314949780E-002 -6.668109858162730E-003 -1.505566869024901E-002
  2.221120187733648E-003  9.043098261777942E-002 -6.575768581598489E-002
  1.936900538334775E-003  0.109303980522211      -0.110238356430450     
  6.077323654808699E-003  0.117806535112580      -0.144199772464517     
  1.578350713517787E-002  0.107268638139531      -0.164119022762353     
  3.009815055432393E-002  9.329711618697301E-002 -0.174481916831982     
  4.651039261766105E-002  8.049345605002942E-002 -0.177099466364552     
  6.611058857753115E-002  7.307307680905131E-002 -0.175172279290352     
  8.518007991260151E-002  6.752895779218768E-002 -0.164510286285535     
  9.892024213289510E-002  6.423133276751444E-002 -0.144242411499327     
  9.365047221376964E-002  5.639149770044585E-002 -0.110193419194367     
  7.705186357520416E-002  4.704733634619118E-002 -6.561217497151724E-002
 -1.283444051808075E-002  8.871030548119803E-003 -1.503468401520248E-002
  0.000000000000000E+000  0.000000000000000E+000  0.000000000000000E+000
  0.000000000000000E+000  0.000000000000000E+000  0.000000000000000E+000
  0.000000000000000E+000  0.000000000000000E+000  0.000000000000000E+000
  0.000000000000000E+000  0.000000000000000E+000  0.000000000000000E+000
  4.716308790750442E-003 -9.629812080394578E-003 -5.308599701627517E-003
  8.233283617732887E-003  6.136173385555218E-002 -4.645844553624845E-002
 -5.204004943842987E-004  7.433461292450470E-002 -7.958174431266890E-002
  1.772973126867686E-003  8.546806846706266E-002 -0.108653072898835     
  9.915726081553078E-003  7.833077642882899E-002 -0.126887660318322     
  2.034951776252456E-002  6.888379947889292E-002 -0.136268150843490     
  3.453092505938939E-002  5.970566338671040E-002 -0.140124876508765     
  4.981381348365539E-002  5.235335574853726E-002 -0.136970631302488     
  6.301307217310277E-002  4.791630009533115E-002 -0.127283668110588     
  7.309825156550928E-002  4.435287362920903E-002 -0.108767482839253     
  6.466456866947430E-002  3.679136061679454E-002 -7.960260408577186E-002
  4.896562172427824E-002  3.776097575782740E-002 -4.636910687184190E-002
 -1.071555284046083E-002 -7.548211063046952E-004 -5.297297640010747E-003
  0.000000000000000E+000  0.000000000000000E+000  0.000000000000000E+000
  0.000000000000000E+000  0.000000000000000E+000  0.000000000000000E+000
  0.000000000000000E+000  0.000000000000000E+000  0.000000000000000E+000
  0.000000000000000E+000  0.000000000000000E+000  0.000000000000000E+000
 -2.116018833938825E-003 -3.201641735963787E-003 -4.985764868825430E-003
  1.377358408007090E-002  1.279743059794126E-002 -1.374885452418136E-002
  4.390333490107726E-003  2.673702748205437E-002 -2.809189780862667E-002
  8.924885524386410E-003  3.632082330038104E-002 -4.749323170830043E-002
  6.566954087868209E-003  3.825850341218756E-002 -6.174208585533613E-002
  1.247458352048082E-002  3.667819369570170E-002 -7.381085062416798E-002
  1.865376106517958E-002  3.204973550916624E-002 -7.635762876485011E-002
  2.578479545249588E-002  2.937214920703116E-002 -7.446492081390528E-002
  2.987324963411404E-002  2.499194147720826E-002 -6.203727859742051E-002
  2.699142050240705E-002  2.590618702473665E-002 -4.752456472304049E-002
  2.101054367363707E-002  1.720017922807821E-002 -2.813480877890004E-002
  4.215741483995020E-003  1.829374627604951E-002 -1.372474879817112E-002
 -1.728691076631178E-003 -3.432931216976169E-003 -4.986405567937088E-003
  0.000000000000000E+000  0.000000000000000E+000  0.000000000000000E+000
  0.000000000000000E+000  0.000000000000000E+000  0.000000000000000E+000
  0.000000000000000E+000  0.000000000000000E+000  0.000000000000000E+000
  0.000000000000000E+000  0.000000000000000E+000  0.000000000000000E+000
  0.000000000000000E+000  0.000000000000000E+000  0.000000000000000E+000
  0.000000000000000E+000  0.000000000000000E+000  0.000000000000000E+000
  0.000000000000000E+000  0.000000000000000E+000  0.000000000000000E+000
  0.000000000000000E+000  0.000000000000000E+000  0.000000000000000E+000
  0.000000000000000E+000  0.000000000000000E+000  0.000000000000000E+000
  0.000000000000000E+000  0.000000000000000E+000  0.000000000000000E+000
  0.000000000000000E+000  0.000000000000000E+000  0.000000000000000E+000
  0.000000000000000E+000  0.000000000000000E+000  0.000000000000000E+000
  0.000000000000000E+000  0.000000000000000E+000  0.000000000000000E+000
  0.000000000000000E+000  0.000000000000000E+000  0.000000000000000E+000
  0.000000000000000E+000  0.000000000000000E+000  0.000000000000000E+000
  0.000000000000000E+000  0.000000000000000E+000  0.000000000000000E+000
  0.000000000000000E+000  0.000000000000000E+000  0.000000000000000E+000
  0.000000000000000E+000  0.000000000000000E+000  0.000000000000000E+000
  0.000000000000000E+000  0.000000000000000E+000  0.000000000000000E+000
  0.000000000000000E+000  0.000000000000000E+000  0.000000000000000E+000
  0.000000000000000E+000  0.000000000000000E+000  0.000000000000000E+000
  0.000000000000000E+000  0.000000000000000E+000  0.000000000000000E+000
  0.000000000000000E+000  0.000000000000000E+000  0.000000000000000E+000
  0.000000000000000E+000  0.000000000000000E+000  0.000000000000000E+000
  0.000000000000000E+000  0.000000000000000E+000  0.000000000000000E+000
  0.000000000000000E+000  0.000000000000000E+000  0.000000000000000E+000
  0.000000000000000E+000  0.000000000000000E+000  0.000000000000000E+000
  0.000000000000000E+000  0.000000000000000E+000  0.000000000000000E+000
  0.000000000000000E+000  0.000000000000000E+000  0.000000000000000E+000
  0.000000000000000E+000  0.000000000000000E+000  0.000000000000000E+000
  0.000000000000000E+000  0.000000000000000E+000  0.000000000000000E+000
  0.000000000000000E+000  0.000000000000000E+000  0.000000000000000E+000
  0.000000000000000E+000  0.000000000000000E+000  0.000000000000000E+000
  0.000000000000000E+000  0.000000000000000E+000  0.000000000000000E+000
  0.000000000000000E+000  0.000000000000000E+000  0.000000000000000E+000
  0.000000000000000E+000  0.000000000000000E+000  0.000000000000000E+000
  0.000000000000000E+000  0.000000000000000E+000  0.000000000000000E+000
  0.000000000000000E+000  0.000000000000000E+000  0.000000000000000E+000
  7.125789550270516E-003  1.185481504162005E-002 -0.145434691507648     
  8.756719032355617E-002 -5.418100256022008E-003 -0.305069990610715     
  0.239500227224053       3.474192351679216E-002 -0.541778680181877     
  0.282242666677441      -2.323321703103421E-002 -0.794991164958882     
  0.206427623518036      -9.769046443460092E-002  -1.10386135309869     
  9.732829204507643E-002  9.159893936697093E-002  -1.22932810491903     
 -0.175489545076280      -0.305112941590204       -1.20884049565523     
  3.072837988910757E-002  0.129252615270945       -1.23012711849767     
 -0.196162453373488       0.124794270768741       -1.10546002671179     
 -0.161244530128317       0.232843107453174      -0.795989710962047     
 -9.255419065395902E-002  0.223416879780347      -0.542546017886296     
 -5.267096635599081E-002  7.077354155793336E-002 -0.304972584384844     
  6.249657071425412E-003  1.185119674729605E-002 -0.145841879993349     
  0.000000000000000E+000  0.000000000000000E+000  0.000000000000000E+000
  0.000000000000000E+000  0.000000000000000E+000  0.000000000000000E+000
  0.000000000000000E+000  0.000000000000000E+000  0.000000000000000E+000
  0.000000000000000E+000  0.000000000000000E+000  0.000000000000000E+000
 -1.450920876655496E-002 -3.323384776714712E-003 -0.117165951218436     
  6.891489125797808E-002  3.732680073974963E-003 -0.286010422965708     
  0.182930572467880       1.045708781786168E-002 -0.485346785870192     
  0.203814421947953      -1.292230237170834E-002 -0.777866535971031     
  0.125462699676868      -2.821880132066786E-002  -1.07756257062138     
  5.946784157678790E-002  6.445235131555865E-002  -1.27481545073939     
 -0.123553501679038      -0.215023075244291       -1.21508411232276     
  2.487643563890614E-002  8.224814389198927E-002  -1.27573669778415     
 -9.038308672855794E-002  9.243556418605281E-002  -1.07867885704378     
 -0.112349533161289       0.170373955569072      -0.778853325915614     
 -8.458919428536825E-002  0.162487954496336      -0.485833297791398     
 -3.398408055211097E-002  5.993407687999384E-002 -0.285912757826288     
  3.286731234744681E-003 -1.482244690121980E-002 -0.117513764753613     
  0.000000000000000E+000  0.000000000000000E+000  0.000000000000000E+000
  0.000000000000000E+000  0.000000000000000E+000  0.000000000000000E+000
  0.000000000000000E+000  0.000000000000000E+000  0.000000000000000E+000
  0.000000000000000E+000  0.000000000000000E+000  0.000000000000000E+000
 -2.291930259460374E-002 -4.082299780229892E-002 -9.474221554177122E-002
  4.090184312093056E-002  3.549911900996770E-002 -0.230380788156688     
  0.117641241366267      -2.433305209587720E-002 -0.405188947357673     
  9.149510760037623E-002  3.481032509556678E-002 -0.694167275609554     
  5.478362333419475E-002  5.871223554421786E-002  -1.04669391819342     
  2.272868996529477E-002 -8.638735824390664E-002  -1.30305197207427     
 -6.436662574972865E-002 -0.110683929765410       -1.21765229624398     
 -8.862804893797713E-002 -2.449705330839819E-002  -1.30458973349248     
  2.501813646677614E-002  7.771103747749791E-002  -1.04784990606341     
 -1.564509771326071E-002  9.653813372854711E-002 -0.695352540895055     
 -7.893594480513884E-002  8.989706574598193E-002 -0.405360997522089     
  1.013432034425078E-002  5.348362006034653E-002 -0.230345941957643     
 -2.641652668696288E-002 -4.180962482361510E-002 -9.496596641959258E-002
  0.000000000000000E+000  0.000000000000000E+000  0.000000000000000E+000
  0.000000000000000E+000  0.000000000000000E+000  0.000000000000000E+000
  0.000000000000000E+000  0.000000000000000E+000  0.000000000000000E+000
  0.000000000000000E+000  0.000000000000000E+000  0.000000000000000E+000
 -1.276972074477302E-002 -7.679101448597100E-002 -7.766261524751970E-002
  8.489241066329001E-003 -3.621320830755238E-004 -0.181891677553039     
  3.990050531231233E-002  3.668931695360370E-002 -0.332928985993134     
  7.370837174011193E-003 -2.161837413764719E-002 -0.604517602762101     
  3.275980128152195E-003 -0.147009605491693      -0.917631653225644     
 -3.261994322287450E-002 -7.814883927457258E-002  -1.16443576091654     
  0.146407558202885       0.255523205249198       -1.46309340386418     
 -5.646461879891481E-002 -7.008301329918055E-002  -1.16385210194432     
 -0.129289231975738      -6.980463494122521E-002 -0.919733692807376     
 -2.408963303504321E-002 -5.558943118100861E-003 -0.604308547091229     
  1.189825724948978E-002  5.312045175208093E-002 -0.333799501317464     
 -8.172093132051018E-003  4.990054632670327E-003 -0.181939312542944     
 -6.466266549650752E-002 -5.164303633161612E-002 -7.772799088202868E-002
  0.000000000000000E+000  0.000000000000000E+000  0.000000000000000E+000
  0.000000000000000E+000  0.000000000000000E+000  0.000000000000000E+000
  0.000000000000000E+000  0.000000000000000E+000  0.000000000000000E+000
  0.000000000000000E+000  0.000000000000000E+000  0.000000000000000E+000
 -1.670921270078207E-002 -2.523669627821357E-002 -6.881834843234207E-002
  4.309858179235401E-002 -0.199148167852610      -0.130526640264836     
  2.581756982758533E-002 -0.349868224485442      -0.240084800482133     
 -3.055387689047490E-002 -0.243961927211355      -0.411039094360641     
 -5.055465946376646E-002 -7.357664485712181E-002 -0.745083414239298     
  6.149640770364063E-002  0.320559612095093       -1.30439080699607     
  0.306283839416824       0.532137281276420       -1.73678670521508     
  0.244646827107720       0.212963531296841       -1.30502080615756     
 -4.392215140736565E-002 -8.279644101350139E-002 -0.743911549095858     
 -0.193743239843617      -0.146472056910139      -0.412628024616513     
 -0.313285161971493      -0.152183299533263      -0.240955454013288     
 -0.204275575348852      -6.615830193278215E-002 -0.129822340806599     
 -1.624098913775975E-002 -2.862017927174383E-002 -6.877921478306451E-002
  0.000000000000000E+000  0.000000000000000E+000  0.000000000000000E+000
  0.000000000000000E+000  0.000000000000000E+000  0.000000000000000E+000
  0.000000000000000E+000  0.000000000000000E+000  0.000000000000000E+000
  0.000000000000000E+000  0.000000000000000E+000  0.000000000000000E+000
 -2.458790129326003E-002 -5.733495960495332E-003 -5.741106054657329E-002
  4.910686480303853E-002 -0.237870758914743      -8.158600631414087E-002
 -2.898957450569805E-002 -0.149846773373983      -0.204077762608774     
 -8.965987346729223E-002  0.163587538026238      -0.506011901010737     
 -8.138826270125107E-002  9.333903622476893E-002 -0.695330759445162     
  2.554195236406680E-002  0.278377222908211       -1.15617808637522     
  0.101719903416839       0.178966296200305       -1.27759070357853     
  0.227749436746842       0.164472498946838       -1.16195265447706     
  0.121056900484374      -2.247336987225994E-002 -0.697076972012661     
  0.182817813459651       3.804831440889750E-003 -0.503811601982196     
 -0.111378927207204      -9.861312657652717E-002 -0.207113332745167     
 -0.231572611931678      -7.711909790184557E-002 -8.245800408880440E-002
  6.327586087656702E-003 -2.535968325076889E-002 -5.847413329590973E-002
  0.000000000000000E+000  0.000000000000000E+000  0.000000000000000E+000
  0.000000000000000E+000  0.000000000000000E+000  0.000000000000000E+000
  0.000000000000000E+000  0.000000000000000E+000  0.000000000000000E+000
  0.000000000000000E+000  0.000000000000000E+000  0.000000000000000E+000
 -2.454271680427757E-002  4.218345156334177E-003 -5.509630161273218E-002
  3.731028777402453E-002 -0.261956897939484      -1.731242755949215E-002
 -9.595303081084067E-002  0.127219526769655      -0.280962401052323     
 -0.174582216287843       0.461193702569771      -0.666700229973687     
 -0.133733995142111       3.772747321434980E-002 -0.444075088296597     
 -0.150452543109375      -6.391738624939468E-002 -0.572928419760466     
 -4.971791905298460E-002 -8.311447889454611E-002 -0.780307870988265     
  1.545287982520558E-002 -0.162895695652386      -0.572783073779481     
  9.404199419603571E-002 -9.791924898947768E-002 -0.441619036716967     
  0.492441130985647       8.408429827664753E-002 -0.671102980414666     
  0.163820446287337      -1.723199810635650E-002 -0.284547465427410     
 -0.242912010481168      -9.884730019611210E-002 -1.972514666350995E-002
  1.605577508936056E-002 -1.898829740735748E-002 -5.624244831187794E-002
  0.000000000000000E+000  0.000000000000000E+000  0.000000000000000E+000
  0.000000000000000E+000  0.000000000000000E+000  0.000000000000000E+000
  0.000000000000000E+000  0.000000000000000E+000  0.000000000000000E+000
  0.000000000000000E+000  0.000000000000000E+000  0.000000000000000E+000
 -3.502797670446822E-002  3.290813758385560E-003 -4.459398818803925E-002
  5.664756643609104E-002 -0.276969908666195       4.309722982827390E-002
 -0.100601044717332       1.762431792696939E-002 -0.156645142778945     
 -0.142765786318881       0.132698919443427      -0.352553970972716     
 -0.133936658988075       0.121751181974017      -0.399131447061389     
 -0.129827625424172      -6.513950787014409E-002 -0.387440886261820     
 -0.122948429127456      -0.211120983337248      -0.328181307988181     
  8.506738479816450E-003 -0.144500677479971      -0.392322135225293     
  0.169947395279338      -5.598433306313151E-002 -0.395164319307870     
  0.185495911508921      -5.594568005866846E-002 -0.351771908819080     
  7.280250466077008E-002 -7.599471139632887E-002 -0.161707022983797     
 -0.268391969091633      -8.979913562914844E-002  4.204075869633252E-002
  2.064475257333077E-002 -2.877524279200452E-002 -4.557753318292181E-002
  0.000000000000000E+000  0.000000000000000E+000  0.000000000000000E+000
  0.000000000000000E+000  0.000000000000000E+000  0.000000000000000E+000
  0.000000000000000E+000  0.000000000000000E+000  0.000000000000000E+000
  0.000000000000000E+000  0.000000000000000E+000  0.000000000000000E+000
 -1.563564812675561E-002  9.761457079589021E-003 -4.385745451587416E-002
  2.327562171357670E-002 -0.219636262582212       8.333795860828376E-002
 -1.857949697249687E-002 -8.539476986400946E-002 -2.238112794198050E-002
 -2.180992441091678E-002 -0.142370232446736       3.646735488132685E-002
 -7.761152232294366E-002  2.327094340091310E-002 -0.221587978350950     
 -7.839482960672860E-002  4.557398639468677E-003 -0.332677042202842     
  1.665836585096250E-002  2.759298029779965E-002 -0.622011175669410     
  4.295359643581934E-002 -6.799415509667717E-002 -0.331354120555585     
  6.012062223252509E-002 -5.598853679691568E-002 -0.222853724490488     
 -0.116195874157461      -8.988177108422871E-002  4.359423656803775E-002
 -6.090610579084459E-002 -5.815979398984237E-002 -2.589517417510704E-002
 -0.202553965121696      -8.986415316048614E-002  8.332540190015503E-002
  1.615656285467092E-002 -8.749351855924594E-003 -4.466570611232849E-002
  0.000000000000000E+000  0.000000000000000E+000  0.000000000000000E+000
  0.000000000000000E+000  0.000000000000000E+000  0.000000000000000E+000
  0.000000000000000E+000  0.000000000000000E+000  0.000000000000000E+000
  0.000000000000000E+000  0.000000000000000E+000  0.000000000000000E+000
  3.700403089434084E-003 -2.525352378919396E-003 -8.116023115119622E-003
 -3.886898525082932E-002 -4.198177882418010E-002 -6.097799101667172E-003
  1.321503412520575E-002 -9.585846356104374E-002  2.682285271983264E-002
  5.671131229549357E-004 -4.180008439913906E-002 -2.368675949560799E-002
  2.815498874203260E-003 -3.387931469318064E-003 -0.148056408969644     
 -1.207328681602719E-002  5.468584510823921E-002 -0.319485268679581     
  4.885270694099175E-002  8.218576898635978E-002 -0.713974288083220     
  5.499532384551949E-002  1.683873213743663E-002 -0.327151228712766     
 -7.792717208726339E-003 -9.182428574733976E-004 -0.139652792210501     
 -3.260152492341545E-002 -1.998300549849720E-002 -2.768539590058456E-002
 -8.887998914986177E-002 -3.590790035137804E-002  2.704592949851363E-002
 -1.723982428209582E-002 -5.478623464556019E-002 -6.254546928218642E-003
 -4.053053228561145E-003  1.862837164152594E-003 -8.347464605334393E-003
  0.000000000000000E+000  0.000000000000000E+000  0.000000000000000E+000
  0.000000000000000E+000  0.000000000000000E+000  0.000000000000000E+000
  0.000000000000000E+000  0.000000000000000E+000  0.000000000000000E+000
  0.000000000000000E+000  0.000000000000000E+000  0.000000000000000E+000
  0.000000000000000E+000  0.000000000000000E+000  0.000000000000000E+000
  0.000000000000000E+000  0.000000000000000E+000  0.000000000000000E+000
  0.000000000000000E+000  0.000000000000000E+000  0.000000000000000E+000
  0.000000000000000E+000  0.000000000000000E+000  0.000000000000000E+000
  0.000000000000000E+000  0.000000000000000E+000  0.000000000000000E+000
  0.000000000000000E+000  0.000000000000000E+000  0.000000000000000E+000
  0.000000000000000E+000  0.000000000000000E+000  0.000000000000000E+000
  0.000000000000000E+000  0.000000000000000E+000  0.000000000000000E+000
  0.000000000000000E+000  0.000000000000000E+000  0.000000000000000E+000
  0.000000000000000E+000  0.000000000000000E+000  0.000000000000000E+000
  0.000000000000000E+000  0.000000000000000E+000  0.000000000000000E+000
  0.000000000000000E+000  0.000000000000000E+000  0.000000000000000E+000
  0.000000000000000E+000  0.000000000000000E+000  0.000000000000000E+000
  0.000000000000000E+000  0.000000000000000E+000  0.000000000000000E+000
  0.000000000000000E+000  0.000000000000000E+000  0.000000000000000E+000
  0.000000000000000E+000  0.000000000000000E+000  0.000000000000000E+000
  0.000000000000000E+000  0.000000000000000E+000  0.000000000000000E+000
  0.000000000000000E+000  0.000000000000000E+000  0.000000000000000E+000
  0.000000000000000E+000  0.000000000000000E+000  0.000000000000000E+000
  0.000000000000000E+000  0.000000000000000E+000  0.000000000000000E+000
  0.000000000000000E+000  0.000000000000000E+000  0.000000000000000E+000
  0.000000000000000E+000  0.000000000000000E+000  0.000000000000000E+000
  0.000000000000000E+000  0.000000000000000E+000  0.000000000000000E+000
  0.000000000000000E+000  0.000000000000000E+000  0.000000000000000E+000
  0.000000000000000E+000  0.000000000000000E+000  0.000000000000000E+000
  0.000000000000000E+000  0.000000000000000E+000  0.000000000000000E+000
  0.000000000000000E+000  0.000000000000000E+000  0.000000000000000E+000
  0.000000000000000E+000  0.000000000000000E+000  0.000000000000000E+000
  0.000000000000000E+000  0.000000000000000E+000  0.000000000000000E+000
  0.000000000000000E+000  0.000000000000000E+000  0.000000000000000E+000
  0.000000000000000E+000  0.000000000000000E+000  0.000000000000000E+000
  0.000000000000000E+000  0.000000000000000E+000  0.000000000000000E+000
  0.000000000000000E+000  0.000000000000000E+000  0.000000000000000E+000
  0.000000000000000E+000  0.000000000000000E+000  0.000000000000000E+000
  -226.034629495175        180.226675590824       -796.159901040893     
  -208.051245418163        41.2627699324834       -218.204098053527     
   1549.42887026063        192.471247014110       -491.156087115109     
   2338.17499597690       -657.119094409256       -3202.54283174575     
   2260.52505576014        4504.31151717544       -4742.22158202898     
   1243.46426225090       -1174.79692179552       -6890.68741842578     
   1063.67361029716        1798.48305457978       -7399.35259168746     
  -1760.07840478461        378.561228398877       -6866.88409518399     
   2924.46167103765        4266.66193291481       -4753.70665041880     
  -1808.18872683319        1652.66519015607       -3212.82212613174     
  -501.925582939810        1496.62306032660       -492.604273798416     
   106.231770509449       -173.469270835812       -212.812987560199     
   322.095858816131       -77.5231506707430       -791.664421225997     
  0.000000000000000E+000  0.000000000000000E+000  0.000000000000000E+000
  0.000000000000000E+000  0.000000000000000E+000  0.000000000000000E+000
  0.000000000000000E+000  0.000000000000000E+000  0.000000000000000E+000
  0.000000000000000E+000  0.000000000000000E+000  0.000000000000000E+000
  -288.627881486048       -256.096137513557       -715.049928586516     
  -107.246843891590        234.932451208449       -305.175478002266     
   1258.67745526543        73.9221123817996       -105.258714932872     
   1609.97600714409       -127.361169663519       -2769.81392835429     
   1619.12493201887        751.635048970716       -5173.74246430700     
   882.823406826532       -422.821648068544       -6726.23821987451     
   921.851895028373        1563.99097478552       -7730.19452714460     
  -840.266844074233        495.333417182149       -6694.47991999195     
  -66.5318774908852        1818.50710418369       -5196.14159068737     
  -950.492990217576        1294.16913091226       -2778.09584199950     
  -510.411160609913        1159.17335235498       -106.983592059257     
   245.043663961290        20.3842643415844       -299.032625155772     
  -38.3509089828736       -355.499623307510       -711.200190787893     
  0.000000000000000E+000  0.000000000000000E+000  0.000000000000000E+000
  0.000000000000000E+000  0.000000000000000E+000  0.000000000000000E+000
  0.000000000000000E+000  0.000000000000000E+000  0.000000000000000E+000
  0.000000000000000E+000  0.000000000000000E+000  0.000000000000000E+000
  -358.579996699454       -1264.36376640437       -606.466801969146     
   5.21256691634963        961.969041369391       -343.723558847549     
   678.590010723635       -601.575520966427        423.408662523850     
   727.257796925018        782.417199521006       -1964.77526279084     
   600.705855533553       -935.844873263515       -4591.69803436765     
   158.628902207097       -15.0873004611106       -6338.78386167508     
   1819.94502133346        3118.08193457181       -9331.37439766929     
  -17.3804796753592        163.237930736797       -6362.47050133362     
  -1043.10750555442        65.4807902376935       -4606.24367059110     
   238.676493168162        965.094355718343       -1969.03928403356     
  -852.399641147091        276.559473745296        416.598036937049     
   853.218544269908        502.182630528087       -335.281410237271     
  -901.010320728500       -933.418045893546       -603.975745613379     
  0.000000000000000E+000  0.000000000000000E+000  0.000000000000000E+000
  0.000000000000000E+000  0.000000000000000E+000  0.000000000000000E+000
  0.000000000000000E+000  0.000000000000000E+000  0.000000000000000E+000
  0.000000000000000E+000  0.000000000000000E+000  0.000000000000000E+000
  -144.708006314221       -2821.61742690610       -387.822033015398     
  -380.939279795832       -96.8567443488877       -456.667146300343     
   146.854221736190        905.686847168333        458.036466215527     
  -699.400004480967       -428.532051140148       -730.232071230511     
  -732.964192330959       -276.884067468082       -3768.56607523025     
  -1072.41458510111       -2862.28674332682       -4972.01148049180     
  -3010.14071585461       -5272.41499203613       -4251.12107960017     
  -2034.12844340599       -2476.38597662427       -4916.94806759990     
   83.9224157033406       -798.198982018309       -3786.61643323062     
   19.7778998847963       -802.247868082867       -727.171038022211     
   692.119699637684        560.777074980117        460.757936983834     
   76.8760046120491       -392.878260012852       -457.914955172165     
  -2380.98747987263       -1535.53644717721       -381.301865057040     
  0.000000000000000E+000  0.000000000000000E+000  0.000000000000000E+000
  0.000000000000000E+000  0.000000000000000E+000  0.000000000000000E+000
  0.000000000000000E+000  0.000000000000000E+000  0.000000000000000E+000
  0.000000000000000E+000  0.000000000000000E+000  0.000000000000000E+000
  -201.468226273751       -1843.93282869420       -255.494635894656     
   237.905568066714       -4658.92782821627        137.474809286098     
  -329.743694786854       -2723.71220663385        452.694674503983     
  -1303.49462058026       -1440.10841940534       -54.3127427966084     
  -1873.41690865952       -2650.84286686470       -681.444887815513     
  -1490.46722253490       -837.004141745772       -4741.74862617087     
  -1491.02396670184       -2589.11883704209       -3922.50161998099     
   108.180845799689       -1651.39548220815       -4861.80921578050     
  -1311.05823342345       -2925.70047889504       -723.141944118705     
  -647.615235461527       -1866.38690439504       -19.8496139796817     
  -1953.33177324382       -1556.97263594408        401.475141956369     
  -4260.61878609419       -2170.66440710609        154.735791210190     
  -1506.63052917341       -1096.95613081904       -248.155162874408     
  0.000000000000000E+000  0.000000000000000E+000  0.000000000000000E+000
  0.000000000000000E+000  0.000000000000000E+000  0.000000000000000E+000
  0.000000000000000E+000  0.000000000000000E+000  0.000000000000000E+000
  0.000000000000000E+000  0.000000000000000E+000  0.000000000000000E+000
  -736.071477000030       -389.070826968891       -423.376046064906     
   698.071283966185       -5051.29487018164        222.685880992379     
  -135.615515200008       -5854.85985780912        1676.67099686151     
  -1416.11974742723       -1146.51592943621       -209.782387205112     
  -1241.26891115705        575.334472322549       -1768.96178821658     
  -767.355926227552        1051.97124999499       -4519.18935152811     
   4204.60645737063        7280.10994998816       -13701.1804980594     
   1350.74628477970       -95.9460230714069       -4626.72040320089     
   1013.09953160291       -852.748266844180       -1693.53959448079     
  -353.538311998595       -1808.08472098695       -125.754443477674     
  -4990.63356686313       -3041.87378532889        1662.80322810511     
  -4764.18850509128       -1945.52268628263        229.000358240067     
   27.8574499583679       -826.525650708303       -424.825520240395     
  0.000000000000000E+000  0.000000000000000E+000  0.000000000000000E+000
  0.000000000000000E+000  0.000000000000000E+000  0.000000000000000E+000
  0.000000000000000E+000  0.000000000000000E+000  0.000000000000000E+000
  0.000000000000000E+000  0.000000000000000E+000  0.000000000000000E+000
  -408.768734530469        381.542524739318       -670.421953037898     
   43.3406714174601       -3963.48786482341        270.813026628774     
  -1332.85991327491        624.571753472594       -1509.04453842990     
  -1005.69260629350       -3711.37536329648        1308.51322665991     
  -669.729933701927       -741.802623441844       -225.115616325758     
   107.547878853459        489.779182296462       -2609.42073969076     
  -1380.40618763807       -2379.16714557282       -843.849547921222     
   452.037040259724        413.085283491551       -2765.78178619516     
  -331.834331334750       -960.188566774547       -194.717463594774     
  -2588.27848386362       -2641.11642048726        1230.98949254809     
   1154.38974259468       -856.282998547129       -1459.72288071141     
  -3448.67519665813       -1952.34196797122        248.631236341893     
   539.341779953259       -165.761040087581       -663.028081943843     
  0.000000000000000E+000  0.000000000000000E+000  0.000000000000000E+000
  0.000000000000000E+000  0.000000000000000E+000  0.000000000000000E+000
  0.000000000000000E+000  0.000000000000000E+000  0.000000000000000E+000
  0.000000000000000E+000  0.000000000000000E+000  0.000000000000000E+000
  -228.361829841150       -464.336507000403       -323.755847630756     
  -899.934642690083        288.190270734625       -887.471047005444     
  -1996.93114455853        2624.04652504480       -3372.82663048682     
  -59.6156335756752       -5087.27033424949        2809.74231757105     
   717.427611065220       -5044.70397355697        5469.60868598831     
  -914.412419517317       -4878.20270425540        3609.33467356133     
   197.860881017322        372.047932445646       -2761.73307311533     
  -3701.12339710325       -3170.35912435872        3479.19529471038     
  -4718.72963705168       -1910.03251344913        5492.35911049124     
  -4517.97732978110       -2623.36528865571        2968.00780359559     
   3176.52430833104       -417.380718179668       -3319.86662983686     
   727.457591956403       -642.085197296183       -914.408889774657     
  -289.200893120517       -425.769858901374       -322.947041537453     
  0.000000000000000E+000  0.000000000000000E+000  0.000000000000000E+000
  0.000000000000000E+000  0.000000000000000E+000  0.000000000000000E+000
  0.000000000000000E+000  0.000000000000000E+000  0.000000000000000E+000
  0.000000000000000E+000  0.000000000000000E+000  0.000000000000000E+000
   17.9186380003533       -200.277310419180       -46.1716542096070     
  -854.686586145006        1559.51583064659       -1697.99151187140     
  -1321.11000268829        581.509951988943       -2078.85864941863     
   971.907978123452       -4005.70803281214        3829.59192949181     
   711.115507972550       -1777.93167401455        240.188617403566     
  -178.988422646107       -5581.42183182768        9480.59916242966     
   1465.11362901597        2489.79362084383       -13765.5800149874     
  -4773.23870240787       -2951.68955951347        9600.01189613371     
  -1987.30019535790       -296.265515664619        358.550106792563     
  -3978.85265463603       -1143.98339290896        3877.41083899985     
   1057.24110458695       -861.863309267249       -1994.18279477785     
   1777.47235884640        34.3003981245190       -1714.59010325161     
  -178.649618255114       -83.9966841454271       -43.5885105638473     
  0.000000000000000E+000  0.000000000000000E+000  0.000000000000000E+000
  0.000000000000000E+000  0.000000000000000E+000  0.000000000000000E+000
  0.000000000000000E+000  0.000000000000000E+000  0.000000000000000E+000
  0.000000000000000E+000  0.000000000000000E+000  0.000000000000000E+000
  -42.1138960326991       -54.4685851542714       -182.556444074299     
   2.38974507224728        125.174659297449       -284.422972257119     
  -449.525421240440       -832.556091210547        201.613097861071     
   1228.66064517800       -3793.97485875108        4186.50608663719     
   713.977466168034       -3973.43976725339        6192.75409172109     
   282.445391291467        1224.80338394129       -5570.23913730515     
  -675.242520523692       -1208.39630969136       -3676.15172196217     
   911.964069263346        864.073613499314       -5610.12102109009     
  -3892.42109978973       -1398.58699859827        6412.03223242769     
  -3765.97039476042       -820.584386926560        3990.74083557320     
  -506.168057930104       -797.460215160376        208.219156372657     
   100.088045976757        55.6484066747577       -293.895994645890     
  -24.9548404439461       -62.3073327703199       -181.925338929454     
  0.000000000000000E+000  0.000000000000000E+000  0.000000000000000E+000
  0.000000000000000E+000  0.000000000000000E+000  0.000000000000000E+000
  0.000000000000000E+000  0.000000000000000E+000  0.000000000000000E+000
  0.000000000000000E+000  0.000000000000000E+000  0.000000000000000E+000
  0.000000000000000E+000  0.000000000000000E+000  0.000000000000000E+000
  0.000000000000000E+000  0.000000000000000E+000  0.000000000000000E+000
  0.000000000000000E+000  0.000000000000000E+000  0.000000000000000E+000
  0.000000000000000E+000  0.000000000000000E+000  0.000000000000000E+000
  0.000000000000000E+000  0.000000000000000E+000  0.000000000000000E+000
  0.000000000000000E+000  0.000000000000000E+000  0.000000000000000E+000
  0.000000000000000E+000  0.000000000000000E+000  0.000000000000000E+000
  0.000000000000000E+000  0.000000000000000E+000  0.000000000000000E+000
  0.000000000000000E+000  0.000000000000000E+000  0.000000000000000E+000
  0.000000000000000E+000  0.000000000000000E+000  0.000000000000000E+000
  0.000000000000000E+000  0.000000000000000E+000  0.000000000000000E+000
  0.000000000000000E+000  0.000000000000000E+000  0.000000000000000E+000
  0.000000000000000E+000  0.000000000000000E+000  0.000000000000000E+000
  0.000000000000000E+000  0.000000000000000E+000  0.000000000000000E+000
  0.000000000000000E+000  0.000000000000000E+000  0.000000000000000E+000
  0.000000000000000E+000  0.000000000000000E+000  0.000000000000000E+000
  0.000000000000000E+000  0.000000000000000E+000  0.000000000000000E+000
  0.000000000000000E+000  0.000000000000000E+000  0.000000000000000E+000
  0.000000000000000E+000  0.000000000000000E+000  0.000000000000000E+000
  0.000000000000000E+000  0.000000000000000E+000  0.000000000000000E+000
  0.000000000000000E+000  0.000000000000000E+000  0.000000000000000E+000
  0.000000000000000E+000  0.000000000000000E+000  0.000000000000000E+000
  0.000000000000000E+000  0.000000000000000E+000  0.000000000000000E+000
  0.000000000000000E+000  0.000000000000000E+000  0.000000000000000E+000
  0.000000000000000E+000  0.000000000000000E+000  0.000000000000000E+000
  0.000000000000000E+000  0.000000000000000E+000  0.000000000000000E+000
  0.000000000000000E+000  0.000000000000000E+000  0.000000000000000E+000
  0.000000000000000E+000  0.000000000000000E+000  0.000000000000000E+000
  0.000000000000000E+000  0.000000000000000E+000  0.000000000000000E+000
  0.000000000000000E+000  0.000000000000000E+000  0.000000000000000E+000
  0.000000000000000E+000  0.000000000000000E+000  0.000000000000000E+000
  0.000000000000000E+000  0.000000000000000E+000  0.000000000000000E+000
