         140  1.399999999999997E-002  1.399999999999997E-002
  0.000000000000000E+000  0.000000000000000E+000  0.000000000000000E+000
  0.000000000000000E+000  0.000000000000000E+000  0.000000000000000E+000
  5.633006211798591E-002  9.378244513984016E-002 -8.899291559721058E-002
  7.480409665284653E-002  0.139943804551320      -0.139509930989789     
  0.111711403563731       0.197717365052294      -0.199896865591357     
  0.130186920216004       0.248796898658137      -0.234112864201575     
  0.153872111538639       0.304850130446772      -0.270239771986245     
  0.175238542741888       0.329551607605275      -0.292928782303700     
  0.192891490948568       0.334167646339437      -0.301954108763791     
  0.197717019888451       0.316542308918912      -0.292908273671042     
  0.187029751930167       0.285696915572762      -0.270216551741491     
  0.150417899714728       0.237237756848944      -0.234145146856373     
  0.115413423131636       0.195678138680355      -0.199928571282107     
  8.382542762324513E-002  0.134812270934532      -0.139571674642437     
  5.307384391607955E-002  9.572643793991961E-002 -8.906899941918991E-002
  0.000000000000000E+000  0.000000000000000E+000  0.000000000000000E+000
  0.000000000000000E+000  0.000000000000000E+000  0.000000000000000E+000
  0.000000000000000E+000  0.000000000000000E+000  0.000000000000000E+000
  0.000000000000000E+000  0.000000000000000E+000  0.000000000000000E+000
  4.175966252137187E-002  9.183089201791451E-002 -7.647680926463830E-002
  7.028765535996058E-002  0.145278094471543      -0.138050770874244     
  9.681049496576054E-002  0.199436505308585      -0.189151906763077     
  0.120775344805166       0.250875731743467      -0.231705293212382     
  0.141018676727765       0.291267461502503      -0.262676293110620     
  0.163455190918968       0.312633922845112      -0.287577083770508     
  0.180460882049802       0.312632960280902      -0.294495992071381     
  0.188969391624670       0.297890430085211      -0.287574748814037     
  0.181677682136111       0.267763402728441      -0.262651572588382     
  0.156891781666711       0.230103646356285      -0.231734877415375     
  0.124338064565897       0.183609484261106      -0.189167689690925     
  9.069536045207968E-002  0.133556514836229      -0.138106134994181     
  5.867255026414299E-002  8.211310162496241E-002 -7.653423550801750E-002
  0.000000000000000E+000  0.000000000000000E+000  0.000000000000000E+000
  0.000000000000000E+000  0.000000000000000E+000  0.000000000000000E+000
  0.000000000000000E+000  0.000000000000000E+000  0.000000000000000E+000
  0.000000000000000E+000  0.000000000000000E+000  0.000000000000000E+000
  3.131816318311268E-002  8.657969848016904E-002 -6.136062404110133E-002
  5.355279547425425E-002  0.157854104589680      -0.125751882229411     
  7.880502017828976E-002  0.207919210727262      -0.176345848395688     
  9.796760296912510E-002  0.255289523763919      -0.218994872069461     
  0.120322553941893       0.275435385540702      -0.253036419211427     
  0.139677467976121       0.279907363380856      -0.273075857063126     
  0.158845829754279       0.275188790188854      -0.281668330743915     
  0.172500399331072       0.260930698603115      -0.273096682168490     
  0.178288323087128       0.241910454046892      -0.253019151707809     
  0.172071501654384       0.212515594575873      -0.219005764400658     
  0.140672710373320       0.172231611644178      -0.176347308636541     
  0.109950341764210       0.125309758876269      -0.125769778735226     
  5.934284938674228E-002  7.042027206671153E-002 -6.139089376635227E-002
  0.000000000000000E+000  0.000000000000000E+000  0.000000000000000E+000
  0.000000000000000E+000  0.000000000000000E+000  0.000000000000000E+000
  0.000000000000000E+000  0.000000000000000E+000  0.000000000000000E+000
  0.000000000000000E+000  0.000000000000000E+000  0.000000000000000E+000
  2.967139118978311E-002  7.559119768476145E-002 -4.975576115665147E-002
  3.906721748771366E-002  0.163814152396664      -0.110048370539295     
  5.730841722696588E-002  0.212787524626728      -0.159752375995180     
  7.389850892450690E-002  0.238886971243600      -0.201340378606303     
  9.177761435052717E-002  0.243585412043452      -0.232064530919700     
  0.110294898866742       0.235838524606347      -0.251528540221354     
  0.128918182651625       0.223349644427618      -0.257718330137269     
  0.149008233401845       0.213454591504447      -0.251584673755481     
  0.164987036093693       0.201279480448971      -0.232072449962981     
  0.169895754979178       0.183451065560532      -0.201332633537474     
  0.155591223067797       0.155996494062834      -0.159718346160698     
  0.122310962246777       0.115693400672592      -0.110012328752630     
  5.064367348308927E-002  6.348342142055260E-002 -4.976812628037284E-002
  0.000000000000000E+000  0.000000000000000E+000  0.000000000000000E+000
  0.000000000000000E+000  0.000000000000000E+000  0.000000000000000E+000
  0.000000000000000E+000  0.000000000000000E+000  0.000000000000000E+000
  0.000000000000000E+000  0.000000000000000E+000  0.000000000000000E+000
  3.282451292154918E-002  5.348209921208628E-002 -4.070797492987173E-002
  3.014436180395267E-002  0.153675129300256      -9.785588813045765E-002
  4.309507840471913E-002  0.195490169059217      -0.143954767314008     
  5.405457259215930E-002  0.214694348162198      -0.183563164193089     
  6.899913845748784E-002  0.209332341125316      -0.212254205074813     
  8.455994132577556E-002  0.193266300002996      -0.228428983007779     
  0.102518455430716       0.177620230641223      -0.234162097715897     
  0.125022506916222       0.169915861279944      -0.228521097570532     
  0.146736843211778       0.164457736954728      -0.212292971759359     
  0.158883684634722       0.154175081994169      -0.183551744594093     
  0.147692277466122       0.135015120660032      -0.143893308037983     
  0.117925954499633       0.102849756942076      -9.777844870565977E-002
  2.990766974413890E-002  5.514249459222125E-002 -4.071625406873899E-002
  0.000000000000000E+000  0.000000000000000E+000  0.000000000000000E+000
  0.000000000000000E+000  0.000000000000000E+000  0.000000000000000E+000
  0.000000000000000E+000  0.000000000000000E+000  0.000000000000000E+000
  0.000000000000000E+000  0.000000000000000E+000  0.000000000000000E+000
  3.281199690397989E-002  2.293771981795095E-002 -3.026882160359327E-002
  2.296709005139375E-002  0.138526360259424      -8.493189402758171E-002
  3.142620695033375E-002  0.173296445140624      -0.129350287516399     
  3.702175307788168E-002  0.183716031688099      -0.166249210851972     
  4.791875413284929E-002  0.171483981277648      -0.190761023464714     
  6.104607856769199E-002  0.150727067290337      -0.204011411563301     
  7.676067954935255E-002  0.132997111928178      -0.207828002752804     
  9.999781443872338E-002  0.128362611568595      -0.204164080546788     
  0.124553448891891       0.127339429465767      -0.190852809989527     
  0.140592753030598       0.123957789428731      -0.166249569724583     
  0.134300735756813       0.113817118639016      -0.129275820361744     
  0.108359605065669       8.902191469610900E-002 -8.481645957673037E-002
  3.434437124599203E-003  3.982647323591321E-002 -3.027355554678661E-002
  0.000000000000000E+000  0.000000000000000E+000  0.000000000000000E+000
  0.000000000000000E+000  0.000000000000000E+000  0.000000000000000E+000
  0.000000000000000E+000  0.000000000000000E+000  0.000000000000000E+000
  0.000000000000000E+000  0.000000000000000E+000  0.000000000000000E+000
  2.538711817116356E-002 -1.711011369125042E-003 -2.000658942354162E-002
  1.907107246679204E-002  0.126952222857768      -7.345608439605451E-002
  2.042111891055742E-002  0.141887341201458      -0.114141655320777     
  1.988759123415086E-002  0.145280533046099      -0.145204042508984     
  2.794207532726624E-002  0.127404352052765      -0.165051168621973     
  3.746759236905530E-002  0.104963688926214      -0.174843476402030     
  5.076134825289221E-002  8.795079509963788E-002 -0.177533724609738     
  7.225683050210824E-002  8.516430082221069E-002 -0.175087862455104     
  9.641765130561274E-002  8.805181249730179E-002 -0.165211829028123     
  0.115897193249330       8.993596770727544E-002 -0.145242128183291     
  0.112617505916924       8.861047614094415E-002 -0.114078366636153     
  0.100295805444036       7.987979500651411E-002 -7.332378360150069E-002
 -1.420928896009289E-002  2.102442012403517E-002 -2.000637636851081E-002
  0.000000000000000E+000  0.000000000000000E+000  0.000000000000000E+000
  0.000000000000000E+000  0.000000000000000E+000  0.000000000000000E+000
  0.000000000000000E+000  0.000000000000000E+000  0.000000000000000E+000
  0.000000000000000E+000  0.000000000000000E+000  0.000000000000000E+000
  1.609425581151983E-002 -9.625245454294233E-003 -1.257553552915960E-002
  2.015475030279400E-002  0.105064981692924      -6.197980348625420E-002
  6.341167632583634E-003  0.103041602547137      -9.406820615953958E-002
  5.840451636217125E-003  9.984554363201065E-002 -0.116324480993565     
  9.079954677769293E-003  7.931853814422446E-002 -0.131405589361679     
  1.544019736171831E-002  5.804879909691119E-002 -0.137914336946282     
  2.499587127541388E-002  4.328626986119284E-002 -0.139130389794651     
  4.275390424573437E-002  4.270803235095681E-002 -0.138299194305885     
  6.421469100297333E-002  4.768021007641991E-002 -0.131616338199707     
  8.355792169509189E-002  5.506660256409462E-002 -0.116397596787917     
  8.607424203534669E-002  5.702921087682777E-002 -9.404762513301133E-002
  8.081307680180300E-002  6.991763337509389E-002 -6.186052730092569E-002
 -1.639519618342275E-002  9.015960635853307E-003 -1.257741231879085E-002
  0.000000000000000E+000  0.000000000000000E+000  0.000000000000000E+000
  0.000000000000000E+000  0.000000000000000E+000  0.000000000000000E+000
  0.000000000000000E+000  0.000000000000000E+000  0.000000000000000E+000
  0.000000000000000E+000  0.000000000000000E+000  0.000000000000000E+000
  1.238148468305928E-002 -7.924939954624489E-003 -8.574195174436453E-003
  1.434138545018835E-002  6.879379745693336E-002 -4.324774253188447E-002
 -3.899806042928262E-003  5.734276729942488E-002 -6.118272582402095E-002
 -2.732480048832392E-003  5.686033745280469E-002 -7.813020418997318E-002
 -3.667998853161864E-003  3.945331433736859E-002 -8.886319269871662E-002
  1.136277505241612E-003  2.649823715028444E-002 -9.590122521188092E-002
  9.076688141494401E-003  1.568721162316017E-002 -9.792448766743017E-002
  2.260069602338463E-002  1.446822296118443E-002 -9.630613850322317E-002
  3.599049047099512E-002  1.663264316360287E-002 -8.899553781805813E-002
  5.055844655248439E-002  2.611502894615367E-002 -7.818712487285402E-002
  5.166137156989908E-002  2.533743673840186E-002 -6.123246089551330E-002
  5.235887370538998E-002  4.677921013547053E-002 -4.315926311294971E-002
 -1.306366976417237E-002  6.687450480463084E-003 -8.583387745749387E-003
  0.000000000000000E+000  0.000000000000000E+000  0.000000000000000E+000
  0.000000000000000E+000  0.000000000000000E+000  0.000000000000000E+000
  0.000000000000000E+000  0.000000000000000E+000  0.000000000000000E+000
  0.000000000000000E+000  0.000000000000000E+000  0.000000000000000E+000
  3.694586302130985E-003 -5.518746665693762E-003 -5.583827557246099E-003
  1.244395918092312E-002  1.714627660363041E-002 -1.099367962495549E-002
 -1.416059912145882E-003  2.139497196529510E-002 -2.425167889747772E-002
 -2.039887067816541E-003  2.187367307011695E-002 -3.565691789171090E-002
 -7.716778744753578E-003  1.484486117378716E-002 -4.283999352691186E-002
 -4.953089788727718E-003  8.192126122394840E-003 -5.265114420553978E-002
  3.851920335321356E-004  4.554010345550124E-004 -5.396708356876813E-002
  9.711487797472522E-003 -8.271224544280401E-005 -5.298525320748326E-002
  1.659345505177455E-002  8.188983719400649E-004 -4.284346976103765E-002
  1.989498579448612E-002  9.179883049238977E-003 -3.563798025731083E-002
  1.928143674414328E-002  9.480831789872197E-003 -2.428568419763577E-002
  8.643900422263515E-003  1.933924054572306E-002 -1.098579145965596E-002
 -6.628547724404873E-003  4.135469447946080E-004 -5.580906135796124E-003
  0.000000000000000E+000  0.000000000000000E+000  0.000000000000000E+000
  0.000000000000000E+000  0.000000000000000E+000  0.000000000000000E+000
  0.000000000000000E+000  0.000000000000000E+000  0.000000000000000E+000
  0.000000000000000E+000  0.000000000000000E+000  0.000000000000000E+000
  0.000000000000000E+000  0.000000000000000E+000  0.000000000000000E+000
  0.000000000000000E+000  0.000000000000000E+000  0.000000000000000E+000
  0.000000000000000E+000  0.000000000000000E+000  0.000000000000000E+000
  0.000000000000000E+000  0.000000000000000E+000  0.000000000000000E+000
  0.000000000000000E+000  0.000000000000000E+000  0.000000000000000E+000
  0.000000000000000E+000  0.000000000000000E+000  0.000000000000000E+000
  0.000000000000000E+000  0.000000000000000E+000  0.000000000000000E+000
  0.000000000000000E+000  0.000000000000000E+000  0.000000000000000E+000
  0.000000000000000E+000  0.000000000000000E+000  0.000000000000000E+000
  0.000000000000000E+000  0.000000000000000E+000  0.000000000000000E+000
  0.000000000000000E+000  0.000000000000000E+000  0.000000000000000E+000
  0.000000000000000E+000  0.000000000000000E+000  0.000000000000000E+000
  0.000000000000000E+000  0.000000000000000E+000  0.000000000000000E+000
  0.000000000000000E+000  0.000000000000000E+000  0.000000000000000E+000
  0.000000000000000E+000  0.000000000000000E+000  0.000000000000000E+000
  0.000000000000000E+000  0.000000000000000E+000  0.000000000000000E+000
  0.000000000000000E+000  0.000000000000000E+000  0.000000000000000E+000
  0.000000000000000E+000  0.000000000000000E+000  0.000000000000000E+000
  0.000000000000000E+000  0.000000000000000E+000  0.000000000000000E+000
  0.000000000000000E+000  0.000000000000000E+000  0.000000000000000E+000
  0.000000000000000E+000  0.000000000000000E+000  0.000000000000000E+000
  0.000000000000000E+000  0.000000000000000E+000  0.000000000000000E+000
  0.000000000000000E+000  0.000000000000000E+000  0.000000000000000E+000
  0.000000000000000E+000  0.000000000000000E+000  0.000000000000000E+000
  0.000000000000000E+000  0.000000000000000E+000  0.000000000000000E+000
  0.000000000000000E+000  0.000000000000000E+000  0.000000000000000E+000
  0.000000000000000E+000  0.000000000000000E+000  0.000000000000000E+000
  0.000000000000000E+000  0.000000000000000E+000  0.000000000000000E+000
  0.000000000000000E+000  0.000000000000000E+000  0.000000000000000E+000
  0.000000000000000E+000  0.000000000000000E+000  0.000000000000000E+000
  0.000000000000000E+000  0.000000000000000E+000  0.000000000000000E+000
  0.000000000000000E+000  0.000000000000000E+000  0.000000000000000E+000
  0.000000000000000E+000  0.000000000000000E+000  0.000000000000000E+000
  0.000000000000000E+000  0.000000000000000E+000  0.000000000000000E+000
  1.372554154399523E-005 -1.066966540837851E-004  3.462403514437546E-004
  2.389137054829128E-004  9.235809466204047E-005  3.969610497776432E-004
  3.703076199518934E-004  2.223858318981037E-004  1.819024262973891E-004
  6.044180570510110E-004  8.174722354248306E-005 -5.631861214096429E-004
  5.577889082033661E-004  4.765322964385827E-004 -2.195943664634107E-003
  1.029001645732016E-003  2.284906128519384E-003 -3.889756542828753E-003
  6.694860296383368E-004  1.248658422226831E-003 -4.120278681126824E-003
  1.401551894655091E-003  2.100099461511639E-003 -3.907454304646406E-003
  7.900828111596812E-005  7.953838855747339E-004 -2.225197040959815E-003
 -2.919250540219685E-004  6.294391955934764E-004 -5.962559496805163E-004
 -4.156695351321628E-005  4.889879099858580E-004  1.733473215746698E-004
 -2.543314852427019E-005  3.061032745120179E-004  4.148363314060849E-004
 -9.285759567752274E-005 -3.880276768157702E-005  3.607625693748811E-004
  0.000000000000000E+000  0.000000000000000E+000  0.000000000000000E+000
  0.000000000000000E+000  0.000000000000000E+000  0.000000000000000E+000
  0.000000000000000E+000  0.000000000000000E+000  0.000000000000000E+000
  0.000000000000000E+000  0.000000000000000E+000  0.000000000000000E+000
  7.378461712847489E-005 -1.312985375344538E-004  3.004365945618408E-004
  2.100347675025300E-004 -7.523507068574267E-006  4.250234736229256E-004
  3.019855759075041E-004  2.241097097437839E-004  3.030983130122783E-004
  2.498141940672669E-004 -2.836758467535935E-004 -4.443623565191091E-004
  1.733391856927000E-005 -1.197114003688038E-003 -1.670178447891290E-003
  2.073944197445839E-005 -1.009180813198918E-004 -3.028281214534682E-003
 -5.027968861477017E-004 -7.770409180914013E-004 -3.200800905951518E-003
 -1.504543619532101E-004  5.170459895485790E-005 -3.055735573282097E-003
 -1.075735508740949E-003 -4.902766508747362E-004 -1.705867029994658E-003
 -4.188513153076498E-004  1.417077802761339E-004 -4.732459610490700E-004
  8.074973553422645E-006  4.293930226121273E-004  3.025768818192613E-004
 -1.078370163205197E-004  2.215014441366308E-004  4.484370876300257E-004
 -1.529689644643998E-004  8.573206578980159E-007  3.129827760411835E-004
  0.000000000000000E+000  0.000000000000000E+000  0.000000000000000E+000
  0.000000000000000E+000  0.000000000000000E+000  0.000000000000000E+000
  0.000000000000000E+000  0.000000000000000E+000  0.000000000000000E+000
  0.000000000000000E+000  0.000000000000000E+000  0.000000000000000E+000
  1.191725337006618E-004 -1.270502510992493E-004  2.751833594373405E-004
  1.553813724860804E-004 -4.087848598935923E-004  4.233550649806184E-004
  4.391249971532715E-005  5.570626643736222E-004  3.074687262028336E-004
 -2.817537656767060E-004 -2.622708575538155E-003 -2.366609372330033E-004
 -1.188927281848826E-003 -4.183806548320890E-003 -7.208038496225774E-004
 -2.093130242584268E-003 -4.918002539506682E-003 -1.325199987391232E-003
 -3.212723776390374E-003 -5.494286826042023E-003 -1.269315632157253E-003
 -3.219461224339350E-003 -4.167053539841796E-003 -1.367766566783835E-003
 -3.001353827417107E-003 -3.001536369674682E-003 -7.684799256432178E-004
 -2.134696092656108E-003 -1.478584527999100E-003 -2.555328343614096E-004
  4.308872159572562E-004  3.638757225181225E-004  3.189112252271207E-004
 -4.549763995978894E-004 -4.399856617399036E-005  4.492310506952222E-004
 -1.853547875434858E-004  4.088129769014995E-005  2.879021706666553E-004
  0.000000000000000E+000  0.000000000000000E+000  0.000000000000000E+000
  0.000000000000000E+000  0.000000000000000E+000  0.000000000000000E+000
  0.000000000000000E+000  0.000000000000000E+000  0.000000000000000E+000
  0.000000000000000E+000  0.000000000000000E+000  0.000000000000000E+000
  1.089471251226248E-004 -2.318134178048525E-005  2.354073598103420E-004
  1.370372022228275E-004 -5.767344189861629E-004  4.503680944447306E-004
 -1.125615128421562E-004 -2.189441225477941E-003  4.858734167038240E-004
 -8.471698930112489E-004 -3.247741850098502E-003  2.106225529158118E-004
 -1.093016861161494E-003 -7.951599154418125E-004 -1.471352847215549E-003
 -8.449047694802475E-004 -4.158614482591141E-004 -2.510387467913563E-003
 -1.224832577462073E-003 -2.107019536396274E-003 -2.171493695974832E-003
  4.517210838749660E-005 -9.238720416460341E-004 -2.531089794399576E-003
 -1.623084010894787E-004 -1.313159438701318E-003 -1.493886761514872E-003
 -2.426219295351170E-003 -2.331050295077787E-003  2.086807913570795E-004
 -1.922258482981105E-003 -1.188483871781624E-003  5.133704763967893E-004
 -6.414884618419353E-004 -1.643501982055587E-004  4.839181473989326E-004
 -8.492532265953755E-005  8.984825951743750E-005  2.479536295240966E-004
  0.000000000000000E+000  0.000000000000000E+000  0.000000000000000E+000
  0.000000000000000E+000  0.000000000000000E+000  0.000000000000000E+000
  0.000000000000000E+000  0.000000000000000E+000  0.000000000000000E+000
  0.000000000000000E+000  0.000000000000000E+000  0.000000000000000E+000
  4.898920685478885E-005  1.534745085434030E-005  2.259124032416584E-004
 -1.601597899986995E-004  1.659699713278379E-004  2.717291150756921E-004
 -5.073039737370211E-004 -9.707205225975428E-004  2.928452068852343E-004
 -1.175634108604630E-003 -1.476962996638479E-003 -2.756044455986339E-004
 -1.501008752272053E-003 -1.575403341916529E-004 -1.427912594266442E-003
 -1.003048934076862E-003  2.804402084092511E-004 -2.065430441785622E-003
 -3.853304264336524E-004 -6.755292752339259E-004 -1.726928947527580E-003
  7.594081288669082E-004 -7.226250480165271E-004 -2.105155330464423E-003
  6.265282409308469E-004 -1.371016314218238E-003 -1.459076651790977E-003
 -7.247659276364002E-004 -1.761559092855203E-003 -2.697157896489576E-004
 -6.566351239138707E-004 -9.292100773916858E-004  3.246110276723014E-004
  1.679156872085328E-004 -4.527264736753196E-005  3.055740892454955E-004
 -1.083705124296445E-005  5.890027821424623E-005  2.362597846348933E-004
  0.000000000000000E+000  0.000000000000000E+000  0.000000000000000E+000
  0.000000000000000E+000  0.000000000000000E+000  0.000000000000000E+000
  0.000000000000000E+000  0.000000000000000E+000  0.000000000000000E+000
  0.000000000000000E+000  0.000000000000000E+000  0.000000000000000E+000
  4.260854111213191E-005 -3.413122900348448E-005  2.260197592707289E-004
 -4.858851948345464E-004  9.599916869293016E-004 -3.264874501489509E-005
 -5.358680078476335E-004 -1.979312395302405E-003  4.079242548525904E-004
 -1.506639077693389E-003 -1.052157881548254E-003 -5.507869024087594E-004
 -1.714779536092380E-003  1.520846953678022E-004 -1.470473166762259E-003
 -2.768451994634961E-003 -4.347332166863212E-003  1.173374079558155E-003
 -3.573515544976425E-003 -6.196647289617122E-003  2.667646743957938E-003
 -2.425252725886291E-003 -4.645283990729698E-003  1.176820158855044E-003
  9.975348727694546E-004 -1.431308269272925E-003 -1.500167890242687E-003
 -7.782436625709221E-005 -1.797827861826450E-003 -5.886488867608699E-004
 -1.406603866880376E-003 -1.429579860567242E-003  4.132433865380681E-004
  1.077823021923166E-003  7.919044500248547E-005 -1.301336021915577E-005
 -5.351624846549290E-005  2.716540417656978E-005  2.351562702319949E-004
  0.000000000000000E+000  0.000000000000000E+000  0.000000000000000E+000
  0.000000000000000E+000  0.000000000000000E+000  0.000000000000000E+000
  0.000000000000000E+000  0.000000000000000E+000  0.000000000000000E+000
  0.000000000000000E+000  0.000000000000000E+000  0.000000000000000E+000
 -3.593271639058393E-005  5.451718272890229E-005  2.778035859835471E-004
 -4.178339858740390E-004  5.299515797381685E-004 -1.531590100304339E-004
 -2.088643776692099E-004 -4.026655146793180E-003  1.080504548000564E-003
 -1.201036528263616E-003 -1.775762597936784E-003 -5.615304316314079E-004
 -1.147944922896121E-003  4.331118001982378E-004 -2.187451823109813E-003
 -1.403031954824023E-003 -2.624745469545841E-003  8.875170028952764E-004
 -1.930645938615473E-003 -3.340233930399068E-003  2.286349684196157E-003
 -1.620717650167862E-003 -2.601846082488477E-003  9.074063675611188E-004
  8.865270143225897E-004 -8.579947673756610E-004 -2.158135772323624E-003
 -8.575096801137430E-004 -1.912184731128681E-003 -6.043990023228300E-004
 -3.260246791657393E-003 -2.149807030111693E-003  1.050616676338149E-003
  7.202651712376934E-004 -6.974210423523300E-005 -1.439875689218611E-004
  5.467744660681408E-005  1.507300388361854E-006  2.855954980600022E-004
  0.000000000000000E+000  0.000000000000000E+000  0.000000000000000E+000
  0.000000000000000E+000  0.000000000000000E+000  0.000000000000000E+000
  0.000000000000000E+000  0.000000000000000E+000  0.000000000000000E+000
  0.000000000000000E+000  0.000000000000000E+000  0.000000000000000E+000
 -5.472746186111756E-005  1.379386108033703E-004  1.968956926759703E-004
 -2.583541462460705E-004 -3.043159797248120E-004 -9.622237087531057E-005
  1.367637162259079E-004 -3.505796278105900E-003  8.920859494769400E-004
 -3.496627233154626E-004 -1.399290708931621E-003 -1.175899223657884E-003
 -2.208185540945574E-004  1.946441794281993E-003 -4.047026402120063E-003
  9.125935265086804E-004  3.819470544930817E-003 -4.855322792244899E-003
  2.724061454443317E-003  4.712486956455393E-003 -5.893060569773311E-003
  2.827920420893682E-003  2.642847031098006E-003 -4.847939773197367E-003
  1.734382188815606E-003  7.140405685209081E-004 -4.004723123858230E-003
 -1.015176024957312E-003 -1.016687628096728E-003 -1.178284700743948E-003
 -3.008438285742407E-003 -1.613018957525884E-003  8.668538769238521E-004
 -7.518022714497290E-005 -3.476780884979342E-004 -9.652454464713612E-005
  1.383839003016856E-004  2.314479610210396E-005  2.073796880124515E-004
  0.000000000000000E+000  0.000000000000000E+000  0.000000000000000E+000
  0.000000000000000E+000  0.000000000000000E+000  0.000000000000000E+000
  0.000000000000000E+000  0.000000000000000E+000  0.000000000000000E+000
  0.000000000000000E+000  0.000000000000000E+000  0.000000000000000E+000
 -5.750556660012026E-005  1.281514481336845E-004  5.935987030243292E-005
 -1.442666292736136E-004 -6.117225290314808E-004  1.450502411676018E-004
  6.410349426131098E-006 -1.283191091868353E-003 -3.369988519670677E-004
 -3.682288679542036E-005 -1.317137087191338E-004 -2.098167605446335E-003
 -1.099604469157140E-004  2.096180972587895E-003 -5.113226053273127E-003
  8.174305595377086E-004  2.170390419851372E-003 -4.071162227420390E-003
  5.500171233295119E-005  8.490803886166166E-005  1.923638819960516E-005
  1.476316520658744E-003  1.774113821182590E-003 -4.124594359398384E-003
  1.928881002325218E-003  9.402395120019917E-004 -5.213551261235401E-003
 -1.089985843535052E-004 -1.170241817697628E-004 -2.063386824281186E-003
 -1.093253086086078E-003 -6.357226459274637E-004 -3.212464938455366E-004
 -4.196169899934654E-004 -4.102609837146599E-004  1.391993411423323E-004
  1.344630148467422E-004  1.549268298212755E-005  6.680323864840500E-005
  0.000000000000000E+000  0.000000000000000E+000  0.000000000000000E+000
  0.000000000000000E+000  0.000000000000000E+000  0.000000000000000E+000
  0.000000000000000E+000  0.000000000000000E+000  0.000000000000000E+000
  0.000000000000000E+000  0.000000000000000E+000  0.000000000000000E+000
 -3.585608949196126E-005  6.782117010795321E-005  2.789037625442250E-005
 -1.005760124040086E-004 -2.138873111475204E-004 -9.723490074398286E-005
  1.029973681200184E-004 -4.409972543338493E-004 -5.840457769423467E-004
  3.060627497425410E-004 -1.953415311888892E-004 -1.645288561217858E-003
  1.903963902659991E-004  1.676921540869083E-004 -2.114808495849110E-003
  4.351879831526226E-004 -2.118492274839305E-005 -2.046221573564828E-004
  1.657827651449288E-004  3.394080972258032E-004  8.953159076672466E-003
 -2.104479763097581E-004  3.486935603968374E-004 -2.679670491838361E-004
  1.180952842386845E-004  2.233999364775253E-004 -2.294311796900381E-003
 -3.309718815846797E-004  1.681932880427359E-004 -1.598627519732418E-003
 -4.348516365282831E-004 -1.379204167251285E-004 -5.628020533628174E-004
 -1.249462700814016E-004 -1.864618393441276E-004 -9.012970673912720E-005
  7.509455123530284E-005  3.860083976205886E-006  3.078521813851215E-005
  0.000000000000000E+000  0.000000000000000E+000  0.000000000000000E+000
  0.000000000000000E+000  0.000000000000000E+000  0.000000000000000E+000
  0.000000000000000E+000  0.000000000000000E+000  0.000000000000000E+000
  0.000000000000000E+000  0.000000000000000E+000  0.000000000000000E+000
  0.000000000000000E+000  0.000000000000000E+000  0.000000000000000E+000
  0.000000000000000E+000  0.000000000000000E+000  0.000000000000000E+000
  0.000000000000000E+000  0.000000000000000E+000  0.000000000000000E+000
  0.000000000000000E+000  0.000000000000000E+000  0.000000000000000E+000
  0.000000000000000E+000  0.000000000000000E+000  0.000000000000000E+000
  0.000000000000000E+000  0.000000000000000E+000  0.000000000000000E+000
  0.000000000000000E+000  0.000000000000000E+000  0.000000000000000E+000
  0.000000000000000E+000  0.000000000000000E+000  0.000000000000000E+000
  0.000000000000000E+000  0.000000000000000E+000  0.000000000000000E+000
  0.000000000000000E+000  0.000000000000000E+000  0.000000000000000E+000
  0.000000000000000E+000  0.000000000000000E+000  0.000000000000000E+000
  0.000000000000000E+000  0.000000000000000E+000  0.000000000000000E+000
  0.000000000000000E+000  0.000000000000000E+000  0.000000000000000E+000
  0.000000000000000E+000  0.000000000000000E+000  0.000000000000000E+000
  0.000000000000000E+000  0.000000000000000E+000  0.000000000000000E+000
  0.000000000000000E+000  0.000000000000000E+000  0.000000000000000E+000
  0.000000000000000E+000  0.000000000000000E+000  0.000000000000000E+000
  0.000000000000000E+000  0.000000000000000E+000  0.000000000000000E+000
  0.000000000000000E+000  0.000000000000000E+000  0.000000000000000E+000
  0.000000000000000E+000  0.000000000000000E+000  0.000000000000000E+000
  0.000000000000000E+000  0.000000000000000E+000  0.000000000000000E+000
  0.000000000000000E+000  0.000000000000000E+000  0.000000000000000E+000
  0.000000000000000E+000  0.000000000000000E+000  0.000000000000000E+000
  0.000000000000000E+000  0.000000000000000E+000  0.000000000000000E+000
  0.000000000000000E+000  0.000000000000000E+000  0.000000000000000E+000
  0.000000000000000E+000  0.000000000000000E+000  0.000000000000000E+000
  0.000000000000000E+000  0.000000000000000E+000  0.000000000000000E+000
  0.000000000000000E+000  0.000000000000000E+000  0.000000000000000E+000
  0.000000000000000E+000  0.000000000000000E+000  0.000000000000000E+000
  0.000000000000000E+000  0.000000000000000E+000  0.000000000000000E+000
  0.000000000000000E+000  0.000000000000000E+000  0.000000000000000E+000
  0.000000000000000E+000  0.000000000000000E+000  0.000000000000000E+000
  0.000000000000000E+000  0.000000000000000E+000  0.000000000000000E+000
  0.000000000000000E+000  0.000000000000000E+000  0.000000000000000E+000
  0.746516275534200        4.94700088587323        6.19415369478410     
  0.579484742116692       -9.25865077185190        3.86448616667235     
  0.168560733526833        6.01982818162009        1.05958131900001     
   1.87655273623802       -5.20644388495148       -8.30041162322219     
 -0.657173340161985        15.5083455423532       -26.5495836383630     
 -0.632914732505277        2.29230022282655       -29.6253223041677     
  -29.6213063395156       -51.4090208325947       -7.53141840369309     
   1.86234575139969      -0.115730491740568       -29.0514009707719     
   13.7883312389510        6.85189620407551       -26.3311491986599     
  -4.77442250237205      -0.954665464840876       -8.43042998352556     
   5.51678023592178        3.15506836584573       0.834439442866640     
  -8.92281805560351       -4.56131535100820        3.66107053884644     
   3.60702656126574        3.03193331748997        6.25323418404659     
  0.000000000000000E+000  0.000000000000000E+000  0.000000000000000E+000
  0.000000000000000E+000  0.000000000000000E+000  0.000000000000000E+000
  0.000000000000000E+000  0.000000000000000E+000  0.000000000000000E+000
  0.000000000000000E+000  0.000000000000000E+000  0.000000000000000E+000
  0.994646467982851        9.75665194406803        5.03422826736159     
 -0.467413397988147       -5.58061523146871        4.27253237480434     
 -0.689384910703073        1.66251931975371        1.57804283379500     
  -2.70986214317861       -2.98478897984860       -6.80794603622141     
  -4.02275856793530        2.70446813793859       -23.4047748946327     
  -5.86809183416715       -4.51868365129677       -27.3647627473149     
  -18.9929651200988       -33.0955381289383       -14.8653618301838     
 -0.979871644519925       -7.61194145699702       -26.9642682576285     
   4.51347736137497       -2.29352097442220       -23.2273551470099     
 -0.651626748424823       -3.78027264710666       -6.96105997937177     
   1.91323170199180       8.755268054705498E-002   1.32284591824711     
  -5.04714427369369       -3.55242025106256        4.08305946057569     
   7.82990756112848        5.71483819502148        5.08457230280996     
  0.000000000000000E+000  0.000000000000000E+000  0.000000000000000E+000
  0.000000000000000E+000  0.000000000000000E+000  0.000000000000000E+000
  0.000000000000000E+000  0.000000000000000E+000  0.000000000000000E+000
  0.000000000000000E+000  0.000000000000000E+000  0.000000000000000E+000
 -2.259842034958509E-002   18.5086353404900        3.02809051633375     
  0.501862115608201        7.25314079937180        5.19131499629382     
  -3.04927680477534       -11.7090759882641        4.71976606304931     
  -6.89234396685982       -12.5198675534521       -3.66642527942228     
  -13.5664906937299       -29.0314785090187       -11.9508444304952     
  -9.45344650998700       -14.9964278270648       -19.8803576772784     
   7.03384496918174        11.9082615780694       -30.8045002707852     
  -7.78767558463930       -15.5428265088790       -19.7812361750940     
  -18.0271923804811       -26.2091253789046       -11.9197133818966     
  -7.01766064237946       -12.1999450726791       -3.86334025661443     
  -8.75747256624097       -8.80270374117314        4.48869511392756     
   6.00800856790685        3.94228077216419        5.06298796153930     
   16.2165691143746        9.32094648542660        3.03228886480977     
  0.000000000000000E+000  0.000000000000000E+000  0.000000000000000E+000
  0.000000000000000E+000  0.000000000000000E+000  0.000000000000000E+000
  0.000000000000000E+000  0.000000000000000E+000  0.000000000000000E+000
  0.000000000000000E+000  0.000000000000000E+000  0.000000000000000E+000
  0.451768893314574        14.5670142288606        1.92290210472576     
  -5.96252399165249        56.7444476299307       6.066171926842733E-002
  -5.28126668770042        62.6055494629118      -0.671080507201493     
  -8.68811512056756        12.2384968924039       -3.52733843112741     
  -5.71930297163485        41.7780290733558       -22.6025451205473     
   4.55924765972522        40.6990410591900       -29.8520208491121     
  -8.70356152474280       -15.4058927637242       -13.8623411029568     
   32.1617925990455        23.1340011739496       -29.2555835244279     
   37.7273416458666        14.7256983284157       -22.1097877836544     
   14.3946934085316       -1.89746722095635       -3.57988382811648     
   57.2975532793290        26.7842219234477      -0.891780234682117     
   53.0360234355282        23.5035079016106      -0.135178531381490     
   12.6831041980188        7.78908243346853        1.89081813211788     
  0.000000000000000E+000  0.000000000000000E+000  0.000000000000000E+000
  0.000000000000000E+000  0.000000000000000E+000  0.000000000000000E+000
  0.000000000000000E+000  0.000000000000000E+000  0.000000000000000E+000
  0.000000000000000E+000  0.000000000000000E+000  0.000000000000000E+000
   4.04039779343610        6.19103112329391        2.84904930679488     
  -8.96758361782151        48.9176210442682       0.559878898724125     
  -7.06875256012273        61.3970055764226       -2.96793483587701     
  -10.3323273975442        24.1655584790575       -2.28181773981124     
  -11.6783968263578        16.9756024430476       -12.3111764118737     
  -24.4945047430722       -52.8311400513585        13.9227477983750     
  -79.1827871572770       -137.229070187992        69.0877421523681     
  -32.0159426463504       -46.1214798360448        12.7761940928607     
   20.9837803394035       -1.30460499755696       -12.6259610255905     
   25.1519765834105        2.50179494461674       -2.07779979145663     
   57.0591096950761        24.6728547796217       -3.11508056224491     
   47.8660744916220        16.9663796915568       0.357418226558612     
   3.46333489415862        6.69636900776293        2.84171219530383     
  0.000000000000000E+000  0.000000000000000E+000  0.000000000000000E+000
  0.000000000000000E+000  0.000000000000000E+000  0.000000000000000E+000
  0.000000000000000E+000  0.000000000000000E+000  0.000000000000000E+000
  0.000000000000000E+000  0.000000000000000E+000  0.000000000000000E+000
   1.68804297030281        1.89291014990084        5.76116377547353     
  0.945763751067077        8.88280925538703        11.0376349069249     
  0.257340795392451       -19.7537013068215        19.2901887953889     
  -7.58138679155029       -18.0864180295859        11.6904865743790     
  -20.1796666605713       -96.4022750062102        43.8664752350691     
  -10.2183876695024       -12.3344275361096        6.48454295843360     
   83.8532327217764        145.344982002722       -88.0514639074722     
  -6.47934938187999       -15.9203328768178        7.00368999369885     
  -72.7305348065478       -65.0704002466229        43.0869917343351     
  -11.8147286670590       -15.5734454164834        11.6620211922794     
  -17.7941738407564       -9.93740081600635        19.4930152752878     
   7.80767238636447        5.40778400059785        11.0092392129368     
  0.798035251854315        2.44681041778688        5.81734010516208     
  0.000000000000000E+000  0.000000000000000E+000  0.000000000000000E+000
  0.000000000000000E+000  0.000000000000000E+000  0.000000000000000E+000
  0.000000000000000E+000  0.000000000000000E+000  0.000000000000000E+000
  0.000000000000000E+000  0.000000000000000E+000  0.000000000000000E+000
 -0.210571589711178        1.77896144740147        6.24636935517544     
   5.10342333869634       -12.8075210429397        13.4307393934695     
   4.95927617923191       -48.1362623822254        31.3670165472555     
  -7.83239719100274       -4.96135830550416        5.97860848004643     
  -3.39850149512237        15.2024141735942       -9.87574377861428     
   15.1204796040430        42.8860927543148       -23.8594868077381     
   21.8445437040098        38.1939425483474       -33.9768263769172     
   30.4704092227466        36.0048195871229       -24.9895832932616     
   13.3460263267543        3.62487337268151       -8.83210916118562     
 -0.322553576283798       -9.14759996118934        5.95469360596091     
  -44.9223969859968       -20.1413303278934        31.8894410508408     
  -13.4115198959124       -1.94913737246195        13.4691010510402     
   1.66087144676030       0.719308451561087        6.33862744349617     
  0.000000000000000E+000  0.000000000000000E+000  0.000000000000000E+000
  0.000000000000000E+000  0.000000000000000E+000  0.000000000000000E+000
  0.000000000000000E+000  0.000000000000000E+000  0.000000000000000E+000
  0.000000000000000E+000  0.000000000000000E+000  0.000000000000000E+000
  0.277474260685984        1.00470790955034        4.99473011900992     
   1.62856687400030       -8.82549701676483        11.2139157084998     
  0.860436271498763       -12.0598205578423        15.1305003501349     
  -9.90565959545824        24.2902667735602       -16.3810016547871     
 -2.480284066597499E-002   14.4635203717909       -10.6428596484743     
  0.984898830218903       -30.2238507222442        35.8394486344726     
  -28.0852423894081       -48.1554659857936        84.5119698929045     
  -25.6777668550511       -13.3838443612015        34.5116215530206     
   12.1268210350980        6.98712551407308       -9.78697823310948     
   26.3080719244406        3.61668027178612       -16.5016373835300     
  -11.3481537109396       -5.40930937424253        15.7125046455867     
  -8.30184865869051       -3.03723928733764        11.2770250974857     
  0.746181433090723       0.758234253403563        5.09673734246074     
  0.000000000000000E+000  0.000000000000000E+000  0.000000000000000E+000
  0.000000000000000E+000  0.000000000000000E+000  0.000000000000000E+000
  0.000000000000000E+000  0.000000000000000E+000  0.000000000000000E+000
  0.000000000000000E+000  0.000000000000000E+000  0.000000000000000E+000
  0.270214020617395       0.559173945033227        3.75118180581186     
 -0.745922075963136      -0.236814482026182        4.93700089700645     
  -7.67202491368913        15.4381088934049       -8.05359264547116     
  -5.43570865914450        13.6565652566156       -14.9790947251193     
   5.64926161126489       -19.0278380079148        33.0741089209441     
  -8.74646493760012      -0.180572770784309        22.8214821513401     
   16.5089283363438        27.6425732967064       -61.7537476390631     
   3.03405510179840       -8.45710707389688        25.7413348332167     
  -18.8205846265345       -4.39096234546452        32.6887127191251     
   16.1723989151893        2.27297241217033       -16.1839914089005     
   16.5963711119124        1.00270176179548       -7.26489286937272     
  0.198336695146664      -0.803583478824689        5.00044571798704     
  0.378740951406238       0.519970195459888        3.83091372482857     
  0.000000000000000E+000  0.000000000000000E+000  0.000000000000000E+000
  0.000000000000000E+000  0.000000000000000E+000  0.000000000000000E+000
  0.000000000000000E+000  0.000000000000000E+000  0.000000000000000E+000
  0.000000000000000E+000  0.000000000000000E+000  0.000000000000000E+000
  0.200501464854098       0.688668971065741        1.90374631204429     
 -0.390624633405934        1.02908287381127        1.93026451712223     
  -2.53854338533112        6.39948917748588       -6.85513783552773     
   1.37796608469353       -1.96233580142284        10.1591659580683     
  -10.1179990632855        12.5742665970037       -20.9022144409195     
   5.84656334921407       -3.18349617655461       -5.90224159502605     
  -3.27360912585235       -5.10476461600439        50.8829019239937     
  -5.04166192948251        3.36705841997889       -6.63127080837121     
   15.7725432270243       -2.59125583462059       -19.4344230273382     
  -1.84819406984280       0.230789697767319        9.57068270638373     
   6.68851421113110       0.988602604152665       -6.50799793188116     
   1.10497533931227       0.136975756693331        1.93979052458037     
  0.526744985052632       0.533789119433586        1.95655316933325     
  0.000000000000000E+000  0.000000000000000E+000  0.000000000000000E+000
  0.000000000000000E+000  0.000000000000000E+000  0.000000000000000E+000
  0.000000000000000E+000  0.000000000000000E+000  0.000000000000000E+000
  0.000000000000000E+000  0.000000000000000E+000  0.000000000000000E+000
  0.000000000000000E+000  0.000000000000000E+000  0.000000000000000E+000
  0.000000000000000E+000  0.000000000000000E+000  0.000000000000000E+000
  0.000000000000000E+000  0.000000000000000E+000  0.000000000000000E+000
  0.000000000000000E+000  0.000000000000000E+000  0.000000000000000E+000
  0.000000000000000E+000  0.000000000000000E+000  0.000000000000000E+000
  0.000000000000000E+000  0.000000000000000E+000  0.000000000000000E+000
  0.000000000000000E+000  0.000000000000000E+000  0.000000000000000E+000
  0.000000000000000E+000  0.000000000000000E+000  0.000000000000000E+000
  0.000000000000000E+000  0.000000000000000E+000  0.000000000000000E+000
  0.000000000000000E+000  0.000000000000000E+000  0.000000000000000E+000
  0.000000000000000E+000  0.000000000000000E+000  0.000000000000000E+000
  0.000000000000000E+000  0.000000000000000E+000  0.000000000000000E+000
  0.000000000000000E+000  0.000000000000000E+000  0.000000000000000E+000
  0.000000000000000E+000  0.000000000000000E+000  0.000000000000000E+000
  0.000000000000000E+000  0.000000000000000E+000  0.000000000000000E+000
  0.000000000000000E+000  0.000000000000000E+000  0.000000000000000E+000
  0.000000000000000E+000  0.000000000000000E+000  0.000000000000000E+000
  0.000000000000000E+000  0.000000000000000E+000  0.000000000000000E+000
  0.000000000000000E+000  0.000000000000000E+000  0.000000000000000E+000
  0.000000000000000E+000  0.000000000000000E+000  0.000000000000000E+000
  0.000000000000000E+000  0.000000000000000E+000  0.000000000000000E+000
  0.000000000000000E+000  0.000000000000000E+000  0.000000000000000E+000
  0.000000000000000E+000  0.000000000000000E+000  0.000000000000000E+000
  0.000000000000000E+000  0.000000000000000E+000  0.000000000000000E+000
  0.000000000000000E+000  0.000000000000000E+000  0.000000000000000E+000
  0.000000000000000E+000  0.000000000000000E+000  0.000000000000000E+000
  0.000000000000000E+000  0.000000000000000E+000  0.000000000000000E+000
  0.000000000000000E+000  0.000000000000000E+000  0.000000000000000E+000
  0.000000000000000E+000  0.000000000000000E+000  0.000000000000000E+000
  0.000000000000000E+000  0.000000000000000E+000  0.000000000000000E+000
  0.000000000000000E+000  0.000000000000000E+000  0.000000000000000E+000
  0.000000000000000E+000  0.000000000000000E+000  0.000000000000000E+000
