3
3 3
17 12
0 0 0 0 1 2 3 4 5 6 7 8 9 10 11 12 13 14 14 14 14 
0 0 0 0 1 2 3 4 5 6 7 8 9 9 9 9 
0.74585311479549 -1.29185549872189 1.41256799602813 1
0.709215563542056 -1.20743577887452 1.39575782407203 1
0.64045818540242 -1.05143488699045 1.36421020002601 1
0.527222472781591 -0.866233196764634 1.31225129113047 1
0.42808211705981 -0.695837751856187 1.2667605266677 1
0.338508354425925 -0.529681558880502 1.22566000950788 1
0.245911122176175 -0.367670056274755 1.18317171093608 1
0.174183424664635 -0.192620606737182 1.1502618300061 1
0.148285195998969 1.41673732510708E-05 1.13838560159698 1
0.174194677947398 0.192690371186836 1.15028579997665 1
0.245908631644935 0.367685003465628 1.18320645757776 1
0.338529430366967 0.529740585642954 1.22572138802549 1
0.42806396849621 0.695824487737845 1.26682011891067 1
0.527318571904608 0.866398883977121 1.31237995707896 1
0.640467627810651 1.05146503683905 1.36431716732684 1
0.709220004990443 1.20744699108655 1.39587772284338 1
0.745855913890469 1.29186008212142 1.41269538109489 1
0.745712871517994 -1.29161258989278 1.40043614555182 1
0.713336482434852 -1.21058149101279 1.38021821238902 1
0.652081530725662 -1.05928125272071 1.34220824363735 1
0.541751209007163 -0.876561269298728 1.27976873903255 1
0.440694220093464 -0.706030644767943 1.22433721728325 1
0.347036465056524 -0.538228612290165 1.17454571981221 1
0.250342507142863 -0.373439398408049 1.12531158387119 1
0.175269135529954 -0.195374671451565 1.08794689462513 1
0.147683915941125 1.79542784542748E-05 1.07430978992809 1
0.17527980232862 0.195448505812364 1.08797045462371 1
0.250342514575684 0.373461154039484 1.1253484170514 1
0.347063974580814 0.538289330387225 1.17460971078263 1
0.440679212877585 0.70602340834281 1.22439976660225 1
0.54184516926827 0.876720580392506 1.27989171032634 1
0.652090043066588 1.05930499341454 1.34232220479719 1
0.713339162967804 1.21058815078337 1.38034228101111 1
0.745715766552614 1.29161722996637 1.40056502686932 1
0.745432505470166 -1.29112698095939 1.37618286916224 1
0.72118880600283 -1.21687020120981 1.34913805528017 1
0.674440607768219 -1.07496721687693 1.2981907518841 1
0.573239912130599 -0.897208609740461 1.21492199840912 1
0.473393193344766 -0.726407886545964 1.13980412555111 1
0.37709984127528 -0.555315747662941 1.07284278254141 1
0.2773862002404 -0.384973646140121 1.01031414110721 1
0.199536576064993 -0.200881067355687 0.964188470951523 1
0.170235978786274 2.48443988374379E-05 0.947092465046643 1
0.199546337682919 0.200961772100212 0.964211221251745 1
0.277389992593303 0.385007971034278 1.01035510082647 1
0.377136811581241 0.555379101473958 1.07291187029256 1
0.473383346451151 0.726412271509828 1.13987254503736 1
0.573330431999942 0.89735503405136 1.21503361621194 1
0.674446538278131 1.0749781950683 1.29831866800972 1
0.721188240272946 1.21686778211383 1.34927047016465 1
0.74543559230163 1.29113173433241 1.37631474169555 1
0.745024024077138 -1.29041946942183 1.34084687822509 1
0.731830591123486 -1.22603255405172 1.30367902164889 1
0.705200710463912 -1.09782093020422 1.23365765998769 1
0.624174527220962 -0.927291096293374 1.12156096599355 1
0.536524584135469 -0.756097244388356 1.02006739216166 1
0.447832496421905 -0.580211992126117 0.930619568690716 1
0.354418388532588 -0.401779973326006 0.851086592291221 1
0.280619659518042 -0.20890537647416 0.793986239448351 1
0.252249072470563 3.30289011652749E-05 0.772608847476344 1
0.280628655430849 0.208992641531026 0.794007932324657 1
0.354425193788055 0.401829772402903 0.851133011193587 1
0.447876213101408 0.580277154653389 0.930694526470765 1
0.536519938607914 0.756117392741584 1.02014385202306 1
0.624261763520793 0.927418363560349 1.12165642445056 1
0.705201384255519 1.09781345103431 1.23380557738972 1
0.731825862844047 1.22601696766608 1.30382372205205 1
0.745027390348437 1.2904243878673 1.34098310883246 1
0.7446109610886 -1.28970402231673 1.30511455291354 1
0.742090683607211 -1.23529764270908 1.25736072516357 1
0.73516652995084 -1.1209309048726 1.16760631852469 1
0.678852751543645 -0.957711187180635 1.02936485521956 1
0.610081534232271 -0.786120197723599 0.905763713969439 1
0.536253303512693 -0.60538851096704 0.798581992868034 1
0.455921163354426 -0.418776247779943 0.706534117146587 1
0.391297429972474 -0.217021443088291 0.641877368302824 1
0.366018526091993 3.94180438952486E-05 0.617670642062721 1
0.391305998567024 0.21711183100829 0.641898233842613 1
0.455929446017179 0.418838805304274 0.706584962189806 1
0.536299427398664 0.605453434881772 0.798659808027492 1
0.610080694901036 0.786155096963843 0.905847290848392 1
0.678937752045007 0.95781869418411 1.02944472938237 1
0.735160950153401 1.12090490082493 1.16777380753072 1
0.742082101855858 1.23526880265322 1.25751809695904 1
0.744614609933979 1.28970910768613 1.30525519047585 1
0.744196166016905 -1.28898557515132 1.26923239244234 1
0.75204395425636 -1.2446015570494 1.21052531332602 1
0.764462526174763 -1.14413772828962 1.10054381795607 1
0.735975233025894 -0.988258997808873 0.938826459662955 1
0.690731860734834 -0.816269536012794 0.797242899510167 1
0.636841176331993 -0.630671454811575 0.676878165497963 1
0.574332159524215 -0.435844984224398 0.576588143298268 1
0.522467921805186 -0.225172991077764 0.507616126317636 1
0.501795705968866 4.42767989369954E-05 0.481954513603931 1
0.522476303554697 0.225263617846795 0.507636384650791 1
0.574340830080373 0.435917969607626 0.576642421755076 1
0.636886634990829 0.630734433030705 0.67695600499239 1
0.690733828690774 0.816318266643724 0.797332686573983 1
0.73605874564327 0.988346341242978 0.938891383124858 1
0.764450011697178 1.14409323679576 1.10073035622296 1
0.752031751277137 1.24455945833344 1.21069563891216 1
0.744200098621271 1.28899082814459 1.26937745543913 1
0.7437825664442 -1.28826919865385 1.23345364951271 1
0.76176294058034 -1.25387863998673 1.16360844662573 1
0.793206599341959 -1.16727762950556 1.03318245700257 1
0.794234780545302 -1.01871886773164 0.849919364662094 1
0.775137121795928 -0.846332293475063 0.693232541443676 1
0.744071605898334 -0.655882075322274 0.562823205342951 1
0.70208839586242 -0.452865288667385 0.457214098860074 1
0.665030814030486 -0.233301971737064 0.386133097313728 1
0.649834730825927 4.81254578326409E-05 0.359950069775842 1
0.665039151848214 0.233390983451031 0.386152900074212 1
0.702096809265912 0.452947146807247 0.457271122944555 1
0.744114589702348 0.655942022110875 0.562899162012279 1
0.775141292527823 0.846394187884584 0.693327892916951 1
0.794317254612301 1.01878590072868 0.849969849031164 1
0.793186785316981 1.16721477748313 1.03338758447555 1
0.761747272791847 1.25382335318294 1.16379184234897 1
0.743786781989719 1.28827461878789 1.23360312518924 1
0.743368374696052 -1.28755179647696 1.19762367999983 1
0.771374517051931 -1.26316899413425 1.11646021973679 1
0.821715958074123 -1.19045063570839 0.965351323477473 1
0.853345888240765 -1.04922242073879 0.761924490962076 1
0.86201622262998 -0.876438313697958 0.592257514984552 1
0.855546478542875 -0.681129174061581 0.454141086737222 1
0.8357436561268 -0.469910496789902 0.345404616369408 1
0.814743679886957 -0.241443240862181 0.273875803252474 1
0.80555247243739 5.12811878284814E-05 0.247875539875346 1
0.814752057726713 0.241529335772588 0.273895263485898 1
0.835751432021253 0.470000171058496 0.34546387578336 1
0.855585914938491 0.681185319852674 0.454213711218811 1
0.862022247338353 0.876512950569631 0.592357962543842 1
0.853427584895968 1.04926897048997 0.761960870970094 1
0.821688606944496 1.19036944850022 0.965574759434432 1
0.7713554656386 1.26310052304985 1.11665682088875 1
0.743372873587829 1.28755738399107 1.197777574674 1
0.742954701062877 -1.28683529170281 1.16183853041341 1
0.780871699879236 -1.27244771715306 1.06922852908236 1
0.849956884296333 -1.21359463244586 0.897281156211756 1
0.913031192287059 -1.0796878785123 0.674941533087325 1
0.95077202918619 -0.906506863564656 0.494171329103112 1
0.970333696968894 -0.706345020425169 0.350397858533169 1
0.974054805208897 -0.486934843181268 0.240445994238783 1
0.970129974022521 -0.249574885258863 0.169913718078862 1
0.967375652687811 5.38317961094789E-05 0.144707556051117 1
0.970138462725001 0.24965694853848 0.169932934853529 1
0.974061623769211 0.487031403385534 0.240507040060811 1
0.970368688395078 0.706396711312673 0.350465899923677 1
0.950779608584296 0.906593848092521 0.494276453162824 1
0.913112334098435 1.07971384692696 0.674964134713082 1
0.849921813865032 1.21349517742815 0.897522611116592 1
0.78084934176039 1.27236609781 1.06943842028309 1
0.742959482946471 1.28684104638762 1.16199683855747 1
0.742541130276713 -1.28611896506517 1.12606227768533 1
0.790294396855472 -1.28172412564892 1.02189247588618 1
0.878026792200771 -1.2367328577381 0.828963912385666 1
0.973158300866789 -1.11014581049173 0.588715298572915 1
1.04090456271809 -0.936568086359365 0.398361285941457 1
1.08752432130122 -0.731554855896141 0.250595330298874 1
1.115729647243 -0.503955317830618 0.140983644833139 1
1.1296067708857 -0.257704946433764 0.0726244992778521 1
1.13359739860851 5.5910430983516E-05 0.0487107324928031 1
1.12961542036913 0.257782102165028 0.0726435530562672 1
1.11573528281393 0.504058040623937 0.141046112979511 1
1.08755423336389 0.731601576577081 0.250657766720614 1
1.04091348719216 0.936667118430564 0.398470748528022 1
0.973239044096442 1.11015110569169 0.588724376568322 1
0.877983869378223 1.23661517429536 0.829223164423474 1
0.790268784064341 1.28162937662796 1.02211573627044 1
0.742546195081769 1.28612488687911 1.12622499820201 1
0.742265473211858 -1.2856415123412 1.10221635541884 1
0.796537362226493 -1.28790711986714 0.990275775512863 1
0.896650854084653 -1.25215515419737 0.783278776119824 1
1.01347245190571 -1.13044694284131 0.531659784863159 1
1.10170856989638 -0.956604855945207 0.335777831005829 1
1.16690106308409 -0.748358094385296 0.186293776565605 1
1.21192868229299 -0.515300163985589 0.0777906716426599 1
1.23805182274401 -0.263124114229358 0.0115472527124804 1
1.24669932710599 5.70341915400099E-05 -0.0112224491943572 1
1.23806060538789 0.26319751202689 0.0115662434371858 1
1.21193341179632 0.515406593638554 0.0778538816256018 1
1.16692725884422 0.748401215541363 0.186351897058535 1
1.10171828200674 0.956711753124783 0.335889994375433 1
1.01355301072675 1.13043840488064 0.531659991464613 1
0.89660262714504 1.25202534032088 0.783549767239613 1
0.796509606754588 1.28780362803248 0.990507993593253 1
0.742270726592369 1.2856475455516 1.10238201691135 1
0.742127572802821 -1.28540266148509 1.09028717654528 1
0.799654212250738 -1.29100022834734 0.974445896124482 1
0.905953506076276 -1.25987032186542 0.76039408772575 1
1.03367967629545 -1.14060280767497 0.503201264027004 1
1.13224784455174 -0.96662848121472 0.304727440788179 1
1.20682122632365 -0.756764122762269 0.154574193817453 1
1.26034824003346 -0.520975583961928 0.0468036289631556 1
1.29266103828455 -0.265835158267145 -0.0182467157392015 1
1.30366507430663 5.75457206984206E-05 -0.0403870473784669 1
1.29266989187873 0.265906581895259 -0.0182277473578522 1
1.26035249665898 0.521083790473566 0.0468671684486101 1
1.20684550780154 0.756805387730412 0.154630038162604 1
1.13225793252448 0.966739281082814 0.304840916714172 1
1.03376015641584 1.14058733910517 0.503197061376138 1
0.905902613976208 1.25973444335286 0.760670926579043 1
0.799625389324925 1.29089236447138 0.974682604821642 1
0.74213292052023 1.28540875042278 1.09045430929254 1
1
