3
3 3
17 12
0 0 0 0 1 2 3 4 5 6 7 8 9 10 11 12 13 14 14 14 14 
0 0 0 0 1 2 3 4 5 6 7 8 9 9 9 9 
0.74585311479549 -1.29185549872189 1.41256799602813 1
0.711648968705859 -1.21301116242393 1.38640887487924 1
0.64671545268858 -1.06517183149917 1.33674803090528 1
0.537566014831747 -0.881515079829217 1.25326791668578 1
0.43556699640863 -0.709864766577564 1.17525661636899 1
0.343796018370307 -0.539356209319444 1.10506874613116 1
0.249400108281149 -0.37402221965423 1.03287279981929 1
0.174789302680622 -0.196332306211818 0.975811189784465 1
0.147976821057623 3.07516591254334E-05 0.955311690868736 1
0.174791733833986 0.196404150926373 0.975832087045456 1
0.249445369000099 0.374143673485583 1.03294368687834 1
0.343809922761058 0.539413362377898 1.10513167436894 1
0.435577891233375 0.709912566342045 1.17533377271429 1
0.537651594849405 0.881667924848123 1.25341884653248 1
0.646725539266818 1.06520475223134 1.33685901487983 1
0.71165176682193 1.2130200314407 1.38652861554358 1
0.745855913890469 1.29186008212142 1.41269538109489 1
0.745705963845949 -1.29160062543674 1.39983859217254 1
0.715638621821503 -1.21607442712596 1.37076014889685 1
0.658310828993214 -1.07305133445318 1.31555309099582 1
0.552790259634688 -0.892228962776734 1.22259785195317 1
0.449017016897479 -0.72049703844747 1.13508356013949 1
0.352884876356646 -0.548219688323594 1.05653490755073 1
0.254034011414056 -0.379829083483112 0.978147525085437 1
0.176011678841133 -0.198939984408164 0.91735456626867 1
0.147571618144719 3.39786903093198E-05 0.895435723903679 1
0.17601448558013 0.199017075314826 0.917375828917918 1
0.254077675634314 0.379950165776516 0.978216668014862 1
0.352906646416098 0.548279991077548 1.056601773657 1
0.449029038914066 0.720547303154975 1.13516122055775 1
0.552873876968773 0.89237548827236 1.22274247285386 1
0.658319731488978 1.07307687581912 1.31567099159771 1
0.715639928254469 1.21607900475732 1.37088389920888 1
0.745708863606069 1.29160526830181 1.39996754718776 1
0.745427050130677 -1.29111753202072 1.37571095090589 1
0.722107252896759 -1.22188057442623 1.3408043555205 1
0.67745152181962 -1.08798623437387 1.27461467742589 1
0.588143339306424 -0.912536594035766 1.16621649459692 1
0.497020908489087 -0.740650623936567 1.06500723485727 1
0.410579170665687 -0.565021377939723 0.975452397541543 1
0.320124325809506 -0.390837860752243 0.88986963181115 1
0.248033505361304 -0.203885439512418 0.825346587190809 1
0.221549294165548 3.70987939030248E-05 0.802096469295064 1
0.248036558338792 0.203966885379963 0.825368416866987 1
0.320165892873839 0.390953643995963 0.889935719297661 1
0.410603185856826 0.565084406634259 0.97552331350368 1
0.497034185761251 0.740703755950839 1.06508561312547 1
0.588225740291207 0.912670620352118 1.166349832367 1
0.677456329060938 1.08799801627725 1.27474518898169 1
0.722106455605195 1.22187710569755 1.34093590091624 1
0.74543014069411 1.29112228759832 1.37584288164204 1
0.745045864334639 -1.29045729791152 1.34273618616991 1
0.73051215650476 -1.22981569508495 1.2995996353839 1
0.702480243557707 -1.10839739921504 1.21797798662873 1
0.639048014226441 -0.940290774407379 1.09073411816669 1
0.571595214285629 -0.76819463515196 0.974685283487449 1
0.505551261190446 -0.587984826159578 0.87443598048504 1
0.433280327694766 -0.405884632335216 0.783096554976338 1
0.374235390988493 -0.210645870316912 0.716477295757376 1
0.352432504790279 3.96727611182893E-05 0.692628173668466 1
0.374238594973336 0.210730115575269 0.71649978763843 1
0.433319398696244 0.405990581695454 0.783158691542362 1
0.505573299435589 0.588049750476154 0.874509365320101 1
0.571609855990917 0.768250667828011 0.974764429467677 1
0.639129750377481 0.940407424472722 1.09085264169314 1
0.70247871647499 1.10839050470534 1.21812528520039 1
0.730508772404083 1.2298012789932 1.29974200936676 1
0.745049215665141 1.29046220753107 1.34287218376431 1
0.744613395421976 -1.28970823871185 1.30532513675794 1
0.740392310658382 -1.23881837792172 1.25276103331905 1
0.731770161271598 -1.13155460780168 1.15348711946604 1
0.694754442500322 -0.971778855851764 1.0056336091259 1
0.649110623540548 -0.799444202233465 0.874072273274792 1
0.600551509158613 -0.614037502343723 0.763173826893209 1
0.543605478359931 -0.422955482309664 0.66669508832264 1
0.495455681452426 -0.218315516299878 0.598722272107751 1
0.477375839690178 4.29194794582963E-05 0.574610178652468 1
0.495459203463708 0.218403546453591 0.598745476797628 1
0.54364142484598 0.423050775372311 0.666752819200394 1
0.600575294125057 0.61410493074489 0.763248966106944 1
0.649127090879341 0.799503722443482 0.87415221741658 1
0.694834635570053 0.971875848699845 1.00573553229901 1
0.731762030795091 1.13152649943951 1.15365331053008 1
0.740385763747085 1.23879153210671 1.25291575253045 1
0.744617042602041 1.28971332309749 1.30546574834843 1
0.744200608515639 -1.28899326979583 1.26961669414532 1
0.749608329279174 -1.24741133189579 1.2079767291915 1
0.759170500313086 -1.15365788848001 1.09173052617508 1
0.749199942088152 -1.00183394631945 0.924865742333531 1
0.727513644435331 -0.829271773350374 0.779630891662768 1
0.699165811144973 -0.638904854249829 0.659838419513242 1
0.660150404035926 -0.439249925363625 0.559645726785524 1
0.624831724990586 -0.225636720093002 0.491258122551577 1
0.611294240567519 4.53648205815938E-05 0.467251671890573 1
0.624835459216408 0.225727143818584 0.491281974663753 1
0.660183550406902 0.439334044849391 0.559699318201993 1
0.699188779366767 0.638973965152565 0.659914337285473 1
0.727531681464206 0.829334228696072 0.779711535290898 1
0.749279153417174 1.00191206292366 0.924951997795084 1
0.759155703912593 1.15360958136591 1.09191461896354 1
0.749598905442965 1.24737264116148 1.20814328298979 1
0.744204538080917 1.28899852099383 1.26976170974524 1
0.74378784905086 -1.28827834841005 1.23391062538542 1
0.758790907833282 -1.2560037117244 1.16315449305955 1
0.786483832129638 -1.17575969224324 1.02987188074665 1
0.803836861867613 -1.03188705597204 0.844346301569975 1
0.806587249842996 -0.859097421198202 0.686037960138632 1
0.798988441117493 -0.663770660203764 0.558023859003332 1
0.778408030523278 -0.455543436991507 0.454747489390984 1
0.756291817939558 -0.232957621831959 0.386408959015116 1
0.747447721731357 4.76119955723063E-05 0.362696733765438 1
0.756295750386084 0.233050069670864 0.386433441085139 1
0.77843840485203 0.455616080024396 0.45479697637351 1
0.799010212466053 0.663841239133029 0.558100081501798 1
0.806606830001011 0.859162692225508 0.686119270236629 1
0.80391516668834 1.03194626316096 0.844416984034167 1
0.786462314680971 1.17569120275805 1.03007380482193 1
0.758778628988525 1.25595318264952 1.16333290773163 1
0.743792060982578 1.28828376640933 1.234060044702 1
0.743371633361943 -1.28755744065991 1.1979055733501 1
0.768052386996858 -1.2646680379354 1.11792438341777 1
0.814031088595396 -1.19804656051179 0.967410782108034 1
0.858919335472883 -1.06219182329947 0.763346064124977 1
0.886281582374224 -0.889172844796625 0.592331549658208 1
0.899572520328146 -0.688844736353355 0.456561612681321 1
0.897550505177992 -0.471973462956488 0.350677136238636 1
0.888724512084536 -0.240339923721867 0.282757219490514 1
0.884603834875035 4.97719501003574E-05 0.259491766840103 1
0.888728645267814 0.240434214851559 0.282782322928991 1
0.897578082544885 0.472034370841558 0.350722512075389 1
0.89959310806763 0.688916680803435 0.456637765413391 1
0.886302720203166 0.889240891215643 0.592413505568555 1
0.858996721590729 1.06223194429957 0.763401117738558 1
0.814002797223626 1.19795772771263 0.967630631671082 1
0.768037227906601 1.26460557449352 1.11811477982592 1
0.743376130024485 1.28756302685716 1.19805943325767 1
0.742957104987311 -1.28683945542802 1.16204648370939 1
0.777245625686881 -1.27329723748418 1.07285403917668 1
0.841387017942604 -1.22024307395467 0.905141669540956 1
0.91396087806844 -1.09237374865471 0.682814382602996 1
0.966284736505879 -0.919126385251474 0.499490751488223 1
1.0008848040381 -0.713817237143112 0.35638389170975 1
1.01781867369151 -0.488336986623322 0.248265258600489 1
1.02257704618968 -0.247692424778342 0.181029780055668 1
1.02330214197976 5.17874030651849E-05 0.15831805999408 1
1.02258136622431 0.247788298545759 0.181055492295614 1
1.01784349151048 0.488385998782355 0.248306560001512 1
1.00090385748008 0.71389039461737 0.356459701700059 1
0.966307400953032 0.919197114050612 0.499573331577035 1
0.914037419492167 1.09239483723867 0.682853924751158 1
0.841351928151072 1.22013399062178 0.905379331983609 1
0.777227618341347 1.27322289202686 1.07305638436266 1
0.742961885226395 1.28684520914137 1.16220476620607 1
0.742542510682457 -1.28612135600147 1.12618169072517 1
0.786426241797753 -1.28192780813242 1.02775651668026 1
0.868710748889585 -1.24244311418592 0.842810728388348 1
0.969094857654948 -1.12256048251141 0.602388778645809 1
1.04659056883389 -0.949084717858753 0.407047117577219 1
1.10273445303926 -0.738793760256054 0.256930767510448 1
1.13884413742249 -0.504703184372328 0.146885788409064 1
1.15734873096943 -0.255046182189934 0.0805617316525091 1
1.16298530055691 5.37099397642896E-05 0.0584960768786655 1
1.15735323188707 0.2551434649494 0.0805880442694388 1
1.13886620721956 0.504740155943919 0.146923031724604 1
1.10275180882042 0.738868030007107 0.257006002964786 1
1.04661474879074 0.949158073307445 0.407130305817209 1
0.96917058650103 1.12256251944135 0.602412852679454 1
0.868668835755584 1.24231378417966 0.84306617267277 1
0.786405395065196 1.28184158149689 1.027970825787 1
0.742547574543185 1.28612727725757 1.12634439651434 1
0.742265844402844 -1.28564215526376 1.10224846557497 1
0.792546692684432 -1.28768714334579 0.997651019351032 1
0.886928953957788 -1.25725760079575 0.801187347429919 1
1.00592205323789 -1.1427046402887 0.548785295677701 1
1.10030239306319 -0.969076469699805 0.345586414884778 1
1.17092040700966 -0.755461072105851 0.190974865954717 1
1.21991794453902 -0.515624681229827 0.0798154223193267 1
1.24766299224436 -0.259953522588191 0.0142254810782758 1
1.25660446176095 5.49445770421053E-05 -0.00735785020874506 1
1.24766761133878 0.260051655496848 0.0142521896086059 1
1.21993818557763 0.515653543826785 0.0798499670344433 1
1.1709365611146 0.75553603180189 0.191049589403654 1
1.10032757955959 0.969151548864072 0.345670000005391 1
1.00599725343817 1.14269395530642 0.548799072986033 1
0.886882477428672 1.25711476348688 0.801454639061871 1
0.79252395510884 1.28759298959799 0.997873319547635 1
0.742271097529425 1.28564818832417 1.10241412310725 1
0.742127572802821 -1.28540266148509 1.09028717654528 1
0.795603527393061 -1.29056552972129 0.982602755041092 1
0.896028738099646 -1.26466154844191 0.780379175046451 1
1.02433951650937 -1.15277223941764 0.522008620348242 1
1.12718813466539 -0.979067902154398 0.314915273725771 1
1.205073319549 -0.763791026714901 0.158093452208248 1
1.26054317026024 -0.52108300892026 0.0464110922285678 1
1.29292939863171 -0.262406111650603 -0.0187868733424088 1
1.30353193817365 5.55504485582875E-05 -0.040118952444561 1
1.29293407592402 0.26250464860676 -0.0187599678854818 1
1.26056249905032 0.52110780170169 0.0464442901229064 1
1.20508884958076 0.763866319134365 0.15816789414934 1
1.12721382257216 0.979143836063762 0.31499905541561 1
1.02441445715107 1.15275519436649 0.522017256649472 1
0.895979977452929 1.26451196133474 0.780652383972462 1
0.795579846159557 1.29046741450739 0.98282905046911 1
0.74213292052023 1.28540875042278 1.09045430929255 1
1
