3
3 3
17 12
0 0 0 0 1 2 3 4 5 6 7 8 9 10 11 12 13 14 14 14 14 
0 0 0 0 1 2 3 4 5 6 7 8 9 9 9 9 
-1.49171157295599 -5.48350671752395E-08 1.41269494872654 1
-1.39645048709411 -0.0109099692227844 1.40685024704343 1
-1.22162831584422 -0.0298096656093665 1.39597549976603 1
-1.00002078581319 -0.0226532436066056 1.37806964046999 1
-0.802996987418772 -0.023195248174965 1.36306460469804 1
-0.616180307574799 -0.0286142988903126 1.34948657968421 1
-0.431427848662032 -0.0294103629194665 1.3354542301931 1
-0.248250902905621 -0.0565967698423941 1.32503767276495 1
-0.0744693387601146 -0.128839809091837 1.32130753461147 1
0.0751900714571359 -0.243354943291955 1.32502195631603 1
0.190230176601841 -0.388341186832546 1.33542124589268 1
0.283215619635808 -0.547784393662101 1.34942295165163 1
0.381246363841702 -0.706749856759443 1.36297530258142 1
0.480338109921739 -0.877259459947553 1.37797540892625 1
0.584885175014207 -1.07270097344735 1.39586012817101 1
0.688727066443141 -1.21474860759445 1.40672713716602 1
0.74585311479549 -1.29185549872189 1.41256799602813 1
-1.49143151171274 -3.23747595526808E-10 1.40058015544893 1
-1.40144565608064 -0.0130081341124081 1.39072514831174 1
-1.23455902780794 -0.0361418847310009 1.37229876050642 1
-1.01631044400175 -0.0300431691026647 1.34252337226202 1
-0.818053878867962 -0.0288761870269481 1.31680769762241 1
-0.627772223682146 -0.0316174006908232 1.29397917450953 1
-0.438680894743479 -0.0303428775999003 1.27261076290293 1
-0.251285492822509 -0.0561496176634969 1.25724896353815 1
-0.0741858228088319 -0.12835003920575 1.25164419159535 1
0.077097218957518 -0.245704557474175 1.25733102319871 1
0.193049776052796 -0.39506292175825 1.27262991944101 1
0.286428131560237 -0.559334618686398 1.29391234970927 1
0.383887766781445 -0.722653085445981 1.31669696283619 1
0.482114638440673 -0.895083596833114 1.34239237415534 1
0.585882616187443 -1.08708340115665 1.37217458510006 1
0.689412127880103 -1.22012876606767 1.3905994128342 1
0.745713051485987 -1.29161290160693 1.40045171381881 1
-1.4908734157797 1.08304441761003E-07 1.37643823284787 1
-1.41125342848383 -0.0169356842948145 1.35859619385994 1
-1.26001939165676 -0.0482279310978993 1.32512618585891 1
-1.04974462191115 -0.0464543075304296 1.27165775795543 1
-0.850845545695805 -0.0450237138343203 1.22454181115631 1
-0.655609031258991 -0.0458060310053117 1.18321849874705 1
-0.459674815559669 -0.0435288745987882 1.14717488121359 1
-0.265229823889031 -0.0689362154668551 1.12191612665194 1
-0.0820934922651146 -0.142048535869934 1.11255772776571 1
0.0730007232528223 -0.264064243369621 1.12219303473383 1
0.192128957271073 -0.419784259380925 1.14729796386151 1
0.288092377015816 -0.590556819381895 1.18314528247214 1
0.386362739792222 -0.75917448221118 1.22438830750242 1
0.484679461089735 -0.932292234281612 1.27145341042663 1
0.588177926264882 -1.11521134705005 1.32498447130871 1
0.690923794541704 -1.23059641430184 1.35846522870327 1
0.745433938380236 -1.29112946283598 1.37630682412838 1
-1.4900481119788 2.68942160570223E-07 1.34073752387651 1
-1.42539469475804 -0.0221161432873051 1.31096998016568 1
-1.29690889714116 -0.0647827104084663 1.25512784343831 1
-1.10159362736361 -0.0748919043090988 1.16762279516638 1
-0.906233442275303 -0.080846560523325 1.09027787313556 1
-0.708495111717033 -0.0870896918523774 1.0231283659248 1
-0.506904423889223 -0.0910593069080382 0.966792381623414 1
-0.305392024453563 -0.121691131516733 0.927958274071505 1
-0.114752952796351 -0.198618665622418 0.913498758513718 1
0.0474016478944258 -0.325060045507726 0.928523227694505 1
0.174584874297538 -0.48436998807092 0.967068603471254 1
0.278830332095409 -0.657032365551486 1.02304622667731 1
0.383121957845912 -0.825133965571 1.0900625941334 1
0.486058689086157 -0.991496189006125 1.16731204545752 1
0.592333469680706 -1.15548798714527 1.25496007250936 1
0.693521743454504 -1.24544792402655 1.31083121816675 1
0.745021190152881 -1.29041456091402 1.34060172747027 1
-1.48922730242802 4.28705115338728E-07 1.30523122563675 1
-1.43916448147201 -0.0267583464761071 1.26336811536162 1
-1.3329791061321 -0.0801762093782653 1.18501715942123 1
-1.15511660018398 -0.106563107122735 1.06571559516697 1
-0.966924462878001 -0.126182111805553 0.961217932447583 1
-0.770619716244359 -0.144649092596859 0.871512634378147 1
-0.56703037785761 -0.161113695403179 0.797889321871502 1
-0.361217777350717 -0.201667875788502 0.747731436840161 1
-0.164274318513841 -0.284394706511929 0.72912232056189 1
0.00605995595587898 -0.413232383361508 0.74858267567768 1
0.143984194282866 -0.571384366653608 0.798316729150317 1
0.260090844618941 -0.739648824285546 0.871422706669295 1
0.374290295764043 -0.900448598758022 0.960944235364064 1
0.485468774183311 -1.05377541952277 1.06530326626093 1
0.597085104135734 -1.19447363390912 1.18482322800086 1
0.696400180210801 -1.25970823147111 1.26322146900737 1
0.744610689575143 -1.28970355204096 1.30509106543721 1
-1.48839670030439 5.90374103453411E-07 1.2693013236364 1
-1.45285900624927 -0.0310410155263407 1.21483278877434 1
-1.36897659444306 -0.0948820035960348 1.11330234101574 1
-1.21086950205557 -0.14136864652466 0.965021141554273 1
-1.03289877211843 -0.179955729132747 0.837575896538282 1
-0.841234911932715 -0.216318256394202 0.729914139644975 1
-0.638573504958424 -0.250537459652411 0.64329977857906 1
-0.430629099306524 -0.304977195714513 0.585070409886768 1
-0.228247613762921 -0.39520344631088 0.563699084061986 1
-0.0486943091801178 -0.524834734887231 0.586211051152546 1
0.10231973044388 -0.677968483010783 0.643878433051129 1
0.233377260184343 -0.836675903671006 0.729818019732905 1
0.360790967892488 -0.984564293527698 0.837247783456729 1
0.483276116416118 -1.11956164450418 0.964512622543156 1
0.602396730279779 -1.23305260495418 1.11308155433286 1
0.699552631078151 -1.27372352297583 1.21467796182764 1
0.744195291568017 -1.28898406055925 1.26915674758183 1
-1.48756873317227 7.51530214944448E-07 1.23348540519615 1
-1.46632544260757 -0.0349902661171155 1.16613553955577 1
-1.4044721195005 -0.108869475763562 1.04115162753621 1
-1.26767220964138 -0.178188561397814 0.866744768568353 1
-1.10217814846172 -0.239646177462497 0.7203385949409 1
-0.917599538305653 -0.298106998188499 0.59898443381374 1
-0.718137382415917 -0.353963854219635 0.503311125273697 1
-0.509778934606116 -0.425208812948558 0.439963116834812 1
-0.302702463098629 -0.524167871780368 0.417080049528892 1
-0.113233434855776 -0.653332814042053 0.441391984672618 1
0.052540609427974 -0.798499266337784 0.504039041816239 1
0.200774118938902 -0.943743593833167 0.598883601057329 1
0.343817728438467 -1.07450467379073 0.71996029919334 1
0.479860404896669 -1.18726973759046 0.866146068880671 1
0.608079464460702 -1.27083718418423 1.04090374010221 1
0.702879827354765 -1.28737434348738 1.16597238325875 1
0.743781211364199 -1.28826685158308 1.23333642729537 1
-1.48674459835598 9.11940401758045E-07 1.19783526376035 1
-1.47960337071969 -0.03870267358906 1.11740375296925 1
-1.43953836865198 -0.1223332069682 0.96878898477152 1
-1.32505025759367 -0.216290071143339 0.770650155030738 1
-1.17353842174237 -0.303220304240781 0.60859135678337 1
-0.99769269915961 -0.386587961374265 0.477069999715449 1
-0.802969118710508 -0.466674369962536 0.3755813173001 1
-0.595367767941352 -0.556672082168497 0.309547058506308 1
-0.384114014280337 -0.665182647262946 0.286180992398095 1
-0.184279082514365 -0.793024104825041 0.31126260673583 1
-0.00264363042340393 -0.928233960230296 0.376456566388186 1
0.164239306429373 -1.0573875095949 0.476965677064558 1
0.324519866712045 -1.16819152768074 0.608166452021375 1
0.47561996833757 -1.25612040371588 0.769966385877116 1
0.614001009580366 -1.30798764673525 0.968513849919047 1
0.706317870914216 -1.30074329546473 1.11723216211381 1
0.743369047765588 -1.28755296226926 1.19768190438766 1
-1.48591783914649 1.07286140232977E-06 1.16207159722314 1
-1.49285210437875 -0.0423030850764912 1.06830652599378 1
-1.47456617696442 -0.135579786356358 0.895754352938876 1
-1.38308587591335 -0.255335491107933 0.675646374905805 1
-1.24648637016157 -0.369353524814916 0.500490141851624 1
-1.0803532733883 -0.479356336017606 0.361569421515911 1
-0.89126374086009 -0.585274520340136 0.256836594577248 1
-0.685084237824987 -0.695232057977243 0.190055880305233 1
-0.469920857726982 -0.813811242058109 0.167031747606116 1
-0.259405996755475 -0.939838202660217 0.192058850274842 1
-0.0611960053814765 -1.06391191091012 0.257858643457415 1
0.125275458429573 -1.17539953842606 0.361462569433146 1
0.303799199739078 -1.26453495862941 0.500021182428014 1
0.470889883305676 -1.32601513419469 0.67488106211527 1
0.620091592803714 -1.34499625640836 0.895451663799768 1
0.709838379169051 -1.31403093349316 1.06812635743506 1
0.742955571664069 -1.28683679963047 1.16191384242609 1
-1.48509022140085 1.2339495089888E-06 1.1262707924233 1
-1.50605548517197 -0.0458048378459429 1.01897163312855 1
-1.50950622260455 -0.148625079639001 0.822251835175272 1
-1.44157446083584 -0.295101730961812 0.58178415103024 1
-1.32063513693549 -0.437504370258018 0.395829814019282 1
-1.1650119886662 -0.575533722481455 0.251988268305409 1
-0.982290423365344 -0.708571738587586 0.146307287347113 1
-0.77808199360551 -0.839458692802818 0.0805092229702002 1
-0.55923727687267 -0.968519450220189 0.0585611768690087 1
-0.337798998347904 -1.09232744733315 0.0827997608231943 1
-0.122449273613033 -1.2043041757091 0.147475398884632 1
0.0843585724704273 -1.29684726615211 0.251879746797145 1
0.281931189232267 -1.36292870208032 0.395319153899312 1
0.465761118639126 -1.39666456862447 0.580940580923934 1
0.626312699376859 -1.38182814812169 0.82192136771523 1
0.7134216867586 -1.32722991573181 1.0187827747126 1
0.742541666194268 -1.28611989330293 1.12610863763752 1
-1.48453831591974 1.34137278437793E-06 1.1023966542704 1
-1.51482944023925 -0.0480865645057294 0.985964234821928 1
-1.53274155398756 -0.157212212776214 0.773009293607569 1
-1.48078317391234 -0.32197537685097 0.519908069408052 1
-1.37066930695856 -0.483968858667831 0.328089917282745 1
-1.22246577201455 -0.641399893354647 0.182404052596191 1
-1.0443708105606 -0.793181438203248 0.0774199522128749 1
-0.841762741703372 -0.938520716716312 0.0132771522921249 1
-0.620584376200762 -1.07478133230148 -0.00752911519405172 1
-0.391740389397542 -1.19689943474069 0.015759369718663 1
-0.164674803531181 -1.3003136297801 0.0786849529204972 1
0.056074339288369 -1.37956547330536 0.182294916467582 1
0.266760587349162 -1.42956166795182 0.327552835798151 1
0.462135398177138 -1.44413395849882 0.51901426123729 1
0.630526141739724 -1.40627756527823 0.772660188921011 1
0.715842126084951 -1.33597831091926 0.985769521801855 1
0.742265649037013 -1.28564181687973 1.10223156530648 1
-1.48426222789963 1.39511075298064E-06 1.09045373331747 1
-1.51921297639672 -0.0492182996116021 0.969429555430236 1
-1.54435317140711 -0.161487539738227 0.748327882912428 1
-1.50043429121349 -0.33548314544852 0.489106928559208 1
-1.39580508939028 -0.507396875953951 0.29463902813932 1
-1.25138765379744 -0.674662525506943 0.148335396144253 1
-1.07567600494503 -0.835939750153921 0.0439818392736765 1
-0.873920326872852 -0.988598502327423 -0.0191208160507407 1
-0.651596545683464 -1.12849889091808 -0.0392659408364148 1
-0.419025904230952 -1.24973354476126 -0.016542730531332 1
-0.186047675934058 -1.34877456703056 0.0452951992411081 1
0.0417443566028101 -1.42125829902613 0.148226058325244 1
0.25906506264019 -1.46307899206616 0.294089023733319 1
0.460284398082171 -1.46794482231833 0.48818840237204 1
0.632645645115252 -1.41848791217078 0.747969431083132 1
0.717058534115583 -1.34034495999972 0.96923190101364 1
0.742127572802821 -1.28540266148509 1.09028717654528 1
1
