3
3 3
17 12
0 0 0 0 1 2 3 4 5 6 7 8 9 10 11 12 13 14 14 14 14 
0 0 0 0 1 2 3 4 5 6 7 8 9 9 9 9 
0.745855913890469 1.29186008212142 1.41269538109489 1
0.688664500029014 1.23097492362487 1.39673408269339 1
0.581981330828282 1.11702372140048 1.3667439301477 1
0.456199622478441 0.953155130319526 1.31447734367768 1
0.339947434283481 0.802484771341532 1.26661918643795 1
0.223226601588453 0.661255206878726 1.22432363882704 1
0.111813460081358 0.520534326558661 1.1805641960881 1
-0.0157994123834615 0.392364007720522 1.14935092598159 1
-0.165967866428289 0.287388840586973 1.13888287793961 1
-0.331875499839022 0.209874455909785 1.14934917788603 1
-0.506766942829438 0.163420404494875 1.18057760890797 1
-0.684363461042147 0.137294950019947 1.22434470736891 1
-0.865079138105084 0.106814355076854 1.26664872205338 1
-1.05394824068476 0.0814536738242591 1.31458174850137 1
-1.25832605752495 0.0544961079107308 1.36672885846015 1
-1.41035166106944 0.0190976965015963 1.3967281026426 1
-1.49171157295599 -5.48350671752395E-08 1.41269494872654 1
0.74571542872112 1.29161664456027 1.40053578610201 1
0.689532230209559 1.23540664563024 1.3812134515564 1
0.583618641842005 1.12931797604495 1.34487621833864 1
0.458878662110393 0.969472313077097 1.28299920806453 1
0.343390548402086 0.817582821467928 1.2263204504749 1
0.227076098405412 0.672470025099078 1.1765779721573 1
0.115130158093455 0.527143046906457 1.12737481199609 1
-0.0135695026012226 0.394679010218743 1.09268941120921 1
-0.165641981889705 0.286829903350475 1.08081307276607 1
-0.335031820647245 0.209137853041662 1.09258910603429 1
-0.51416354339271 0.163878040899114 1.12733748508009 1
-0.695984589724027 0.139587417261739 1.17660578655364 1
-0.879840947807646 0.111396980842514 1.22637525511105 1
-1.06936465276435 0.0873108446309814 1.2831220476372 1
-1.26979039556432 0.0592251175796146 1.3448632821425 1
-1.41462759719869 0.0205608294614477 1.38120709636129 1
-1.49143047589303 -1.22134909622729E-10 1.40053534831473 1
0.745430308237024 1.29112257792247 1.37585738320113 1
0.691525071687895 1.24399967080529 1.34965030619351 1
0.587521322104323 1.15326577213974 1.30033625108401 1
0.462890692993878 1.0050568536912 1.21950279771969 1
0.34567115989497 0.856377079576837 1.14581989177651 1
0.226543105583186 0.709684026288093 1.08195861059872 1
0.110130134277414 0.560872112403942 1.02263314681796 1
-0.0232999772622547 0.424066182222629 0.981591406913271 1
-0.180289636709223 0.312207672070596 0.967144835283739 1
-0.355693428165727 0.232330893286304 0.981290954143512 1
-0.540904752559507 0.185119937597979 1.02249232216905 1
-0.727911255949704 0.158685164566833 1.08199885701656 1
-0.914504307917475 0.128843380530449 1.14592497528113 1
-1.10207596965866 0.101662680457127 1.21966247082342 1
-1.29247840337911 0.0678195364243025 1.3003277439517 1
-1.42307394468969 0.0231288147524353 1.34964316354485 1
-1.49085997773269 1.10920032788361E-07 1.37585693441592 1
0.745028343968447 1.29042604033304 1.3410656487415 1
0.694704213771025 1.25547404627456 1.30497861491993 1
0.593947914321164 1.18542631942574 1.2371088113954 1
0.466273769104089 1.05916066906363 1.13105415356063 1
0.341378431867692 0.924071646654757 1.03586035657108 1
0.212480728393227 0.785200379305211 0.954823138562329 1
0.0843701119556232 0.640827089246564 0.88376650867704 1
-0.0597558858881829 0.504873659414868 0.835657175039761 1
-0.225357101253701 0.390270862219279 0.81837674896425 1
-0.407559390990658 0.304404621644789 0.835074218875568 1
-0.597312576833676 0.247465197057688 0.883478348200741 1
-0.786225247013222 0.208648418152931 0.954877459118106 1
-0.970874964952185 0.166431474471416 1.03603356556602 1
-1.15046226512945 0.125826660206756 1.13126416264372 1
-1.32354004872132 0.0783357759470998 1.23710680889344 1
-1.43461187073378 0.0261087957721353 1.30497029058688 1
-1.49005568660478 2.67467829981188E-07 1.34106518445136 1
0.744620663962411 1.28971959831602 1.30577919264742 1
0.698024448649048 1.26694552525146 1.2594831810763 1
0.600705740113186 1.21762880203894 1.17251071435598 1
0.469115268244157 1.11505502434412 1.04250724557568 1
0.335076972575984 0.996101799870834 0.928166796317022 1
0.194765297674705 0.867770589935941 0.832669328043142 1
0.0533898472423533 0.730325031500674 0.75246907739591 1
-0.102628767743177 0.597045327927957 0.699245622714184 1
-0.277399628288516 0.480413655641744 0.679947595107508 1
-0.466061266124655 0.387718032234096 0.698375783455178 1
-0.659375654726448 0.319101659608744 0.752029941222512 1
-0.848819623468043 0.265298878121277 0.832734177883602 1
-1.02999335476221 0.207924420228341 0.928406108044624 1
-1.20012539467387 0.151353928816659 1.0427665794433 1
-1.35480366880982 0.0885864280995347 1.17251559155381 1
-1.44621793411281 0.0289650257827526 1.25947358066979 1
-1.48923995884609 4.26241661124313E-07 1.30577871263187 1
0.74420306928059 1.28899597580582 1.26963457876646 1
0.70147389633268 1.27861205537222 1.2127220511206 1
0.607749145678946 1.25040449348202 1.10594324015236 1
0.471727820059725 1.17282488113349 0.952786302483986 1
0.327637813768745 1.0715885733773 0.821089073831622 1
0.174873685037073 0.955371470919836 0.713280007726635 1
0.0192027491933375 0.826248329194561 0.626040443201411 1
-0.14952571622121 0.696621777568646 0.569313536029346 1
-0.333909415806441 0.578293213079043 0.548672388688362 1
-0.528967207866918 0.478220631891662 0.568149530419936 1
-0.725401095074012 0.396728403143923 0.625445354685105 1
-0.914680663867245 0.326347979371918 0.713352479437959 1
-1.09153316962047 0.252129997264018 0.821393568921364 1
-1.25129392703951 0.178017410167399 0.9530947019042 1
-1.38670645382015 0.098876551854862 1.10595540306254 1
-1.45805776858187 0.0318067516967513 1.21271107806782 1
-1.48840439279232 5.88876832130653E-07 1.26963408264307 1
0.743786802404898 1.28827465416402 1.23360489221066 1
0.704966914239799 1.2901470408386 1.16602149690865 1
0.61490657710206 1.28283971554338 1.03936703396057 1
0.473996666997758 1.23099189040511 0.863892487435456 1
0.319114507446836 1.14875381089714 0.716141512012795 1
0.153081281190903 1.04609512680967 0.597443276381181 1
-0.0176364587477763 0.926647788048447 0.504473994840753 1
-0.199628529042717 0.801691749072492 0.445214672390056 1
-0.393842282485971 0.682100792770506 0.423634973429815 1
-0.595028006008103 0.574245423434552 0.44375726630242 1
-0.793976963554097 0.478888710619592 0.503722727900938 1
-0.982295245313696 0.390602404850115 0.597521595558495 1
-1.15398424532267 0.298112003024428 0.716509585178444 1
-1.302634659537 0.205176086327983 0.864248989329189 1
-1.41837145934968 0.108897844090551 1.03938659147576 1
-1.46980539577371 0.0345449539020895 1.16600911931524 1
-1.48757148354855 7.50994879749231E-07 1.23360438003064 1
0.743373592627348 1.28755862996762 1.19783981063372 1
0.708475257527886 1.30152634621916 1.11961027611641 1
0.62211394666905 1.31485921656645 0.973145596158892 1
0.475996843613416 1.2891681422883 0.775981385208377 1
0.309821428778448 1.22679383230469 0.613054234723724 1
0.129973203106245 1.13870814538804 0.484388924893415 1
-0.0562795071529411 1.02990232592881 0.386515645601039 1
-0.251884212549131 0.910355640530592 0.325326879543367 1
-0.456042001690066 0.789833979844008 0.303059217786602 1
-0.663124399257552 0.673930426974618 0.32357812456068 1
-0.864123260080822 0.5640374654556 0.385608907707883 1
-1.05088816517332 0.456939175560043 0.484471983111142 1
-1.21680839319285 0.345196678860686 0.613484567942289 1
-1.35384997384051 0.232571082800615 0.776385144974554 1
-1.44970147298732 0.118668131396091 0.973172574368182 1
-1.48142575217088 0.0371920511163428 1.11959648222348 1
-1.48674469125871 9.11922319103787E-07 1.19783928251499 1
0.742960741290044 1.28684322688889 1.1621057536001 1
0.712007538710304 1.31284905462797 1.07318576245444 1
0.629382554709396 1.34673406236332 0.906847646865432 1
0.477829356851854 1.3475812828987 0.688475877032716 1
0.299988358951379 1.30571527244622 0.511144157835255 1
0.105913518859581 1.23292352793616 0.373361180706919 1
-0.0962548662479305 1.13543263659521 0.271370528648424 1
-0.305754345397711 1.02179966847696 0.208837419960304 1
-0.51997012633201 0.900560397852889 0.18612569364836 1
-0.732821448873073 0.776403265893836 0.20679746580716 1
-0.935574318613728 0.651477316132 0.270308015860337 1
-1.12039269926199 0.524900175505462 0.373447910097927 1
-1.28012566839725 0.393188884346409 0.511635847376638 1
-1.40518654241386 0.260229241299756 0.688926363140266 1
-1.48093685920568 0.128313133666405 0.90688211959722 1
-1.49300903612754 0.039790106913981 1.07317053145234 1
-1.4859186161727 1.07271016139621E-06 1.16210520955649 1
0.742546853651354 1.28612602807127 1.12628200022908 1
0.71556502182099 1.32417189447775 1.02659851124475 1
0.636710269237969 1.37861815371333 0.840267700847142 1
0.479566010179625 1.4063150224513 0.601034883130255 1
0.289798793918125 1.38540944633164 0.409916849520199 1
0.0812051651742613 1.32839417662699 0.263718758113603 1
-0.137157497599362 1.24265991280317 0.158275456613883 1
-0.360764595277914 1.13526370911941 0.0948980332889171 1
-0.585137830802923 1.01343355446012 0.0719510571950794 1
-0.803698311367349 0.880873544442264 0.0925660601457706 1
-1.00803152295137 0.740568491539466 0.157056399301687 1
-1.19065964977816 0.594049978318341 0.26380825004506 1
-1.34393343073463 0.441875738984071 0.410469316223754 1
-1.45675228139565 0.288130541286156 0.601531789613978 1
-1.51220981259843 0.137911624586221 0.840309756169503 1
-1.50460505313229 0.0423663826915333 1.02658182051081 1
-1.48509046754912 1.23390159851527E-06 1.12628144022062 1
0.742270854763516 1.285647767651 1.10239311067472 1
0.717947922791116 1.33170409666894 0.995506897637438 1
0.641623261692705 1.39983393258267 0.795806314875071 1
0.480658831822934 1.44559433250465 0.542879900129173 1
0.28278839374023 1.4389263761611 0.342924575861347 1
0.06434638940509 1.39272007680291 0.19150959557612 1
-0.164970370566663 1.31509413186604 0.0841311892553989 1
-0.398100667148636 1.21205708652208 0.0204646236873035 1
-0.629295559643943 1.08991639284684 -0.00252501183979412 1
-0.851614933557046 0.951669441531343 0.0179378707953397 1
-1.05688631708165 0.800908592526791 0.0828075350222631 1
-1.23789873566524 0.64082358992374 0.191600430322906 1
-1.38669868743424 0.47471530251968 0.343517172614878 1
-1.49120379447519 0.306849225935391 0.543407531528764 1
-1.53303749708789 0.144266390565129 0.795853464289701 1
-1.51232718304587 0.044065975109748 0.995489223143015 1
-1.48453822080941 1.34139129672095E-06 1.10239254002018 1
0.74213292052023 1.28540875042278 1.09045430929254 1
0.71914110096223 1.33546445152398 0.979963619235469 1
0.644084327008353 1.4104268874196 0.773574077214587 1
0.48119089774873 1.46524910371892 0.513845767434002 1
0.279238322018689 1.46575277501902 0.309542100090794 1
0.0558384943595502 1.42501068630991 0.155595526178288 1
-0.178986191003348 1.35149493907688 0.0473203913708252 1
-0.41690079239195 1.25067966019248 -0.0164382033132248 1
-0.651515308646953 1.12840179280074 -0.0394272758407908 1
-0.875702830056193 0.987294684230326 -0.0190623093302718 1
-1.08141810848967 0.831265165251173 0.04594442392034 1
-1.26158956337284 0.664342122815507 0.155686936340823 1
-1.40811770451799 0.491207840008297 0.310154675964789 1
-1.50843547810832 0.316228505253398 0.514388709914109 1
-1.54344069282531 0.147432355595813 0.773623779691061 1
-1.51618413221064 0.0449114013131851 0.979945451111079 1
-1.48426222789963 1.39511075298064E-06 1.09045373331747 1
1
