3
3 3
17 12
0 0 0 0 1 2 3 4 5 6 7 8 9 10 11 12 13 14 14 14 14 
0 0 0 0 1 2 3 4 5 6 7 8 9 9 9 9 
0.745855913890469 1.29186008212142 1.41269538109489 1
0.684211913131518 1.24070542906316 1.40738007983333 1
0.568758534278984 1.14599127575779 1.3977985135113 1
0.420600275274157 1.00638572422328 1.37933475379536 1
0.282375256537912 0.878928260879252 1.36306108855306 1
0.149104609384429 0.759635330119941 1.34859879024088 1
0.0204171275136521 0.642134448551578 1.33384483615537 1
-0.114337946087594 0.537189565014473 1.32457509373061 1
-0.257424075540454 0.445827612417438 1.32158653948197 1
-0.407985930156671 0.367642382154846 1.32457181072792 1
-0.566430285858668 0.303341804845846 1.333852869014 1
-0.732484531731905 0.250669922103055 1.34860555191846 1
-0.902608976350286 0.194838055958426 1.36308159976683 1
-1.08214162683787 0.138858703937606 1.37936225658292 1
-1.27685171310928 0.0804263706194722 1.39779768682136 1
-1.41653737663963 0.0278273245961399 1.40737626328528 1
-1.49171157295599 -5.48350671752397E-08 1.41269494872654 1
0.745715822316271 1.29161732659557 1.40056985345343 1
0.685299905004383 1.2446566798155 1.39143059869824 1
0.571043661731301 1.1569366941579 1.37467730374418 1
0.424261451969243 1.02119893819954 1.34593093207993 1
0.286827083929554 0.892771706663463 1.3207491700373 1
0.153706622648355 0.770064487642834 1.29912530476169 1
0.0243673882472913 0.64841365803815 1.2791507715535 1
-0.111728334762005 0.539415082570037 1.266624153672 1
-0.257079194629088 0.445236165219419 1.26238686178028 1
-0.411252834360013 0.366531344679343 1.26652334499679 1
-0.573849806280054 0.303084936864872 1.27910439295914 1
-0.74380339632237 0.25191616790963 1.29913644446039 1
-0.916783575328652 0.197923062194449 1.32079307663059 1
-1.09675359177265 0.143113474735353 1.34598496502324 1
-1.28746880928682 0.0839203736306563 1.37467657375575 1
-1.42050817247632 0.0288590767018679 1.3914265893273 1
-1.49143126343837 -2.75423295631022E-10 1.40056941568134 1
0.745427839044844 1.29111829922085 1.3756436640093 1
0.687844908638246 1.2522450416946 1.35851058305896 1
0.576533398768451 1.17806499073184 1.32680589067346 1
0.429847063488919 1.05501074231442 1.2781002275286 1
0.289524290923429 0.932406571029967 1.23655268981195 1
0.151764416525 0.811249563353332 1.20234068310718 1
0.0165541774066891 0.688914641050848 1.17358826475457 1
-0.125610248415443 0.5773198046496 1.15579508459608 1
-0.276979135197411 0.479709550772128 1.1495783129328 1
-0.437215022096557 0.397577261187353 1.15549381431167 1
-0.605036612243681 0.330151537415637 1.17343045528253 1
-0.778467370132843 0.27421297043615 1.20235804446811 1
-0.952370277183701 0.215431571471963 1.2366420852495 1
-1.12872630410589 0.155211186223289 1.27820647583016 1
-1.30850315044082 0.0897331209139773 1.32680589906308 1
-1.42836212729706 0.0304453956004788 1.3585060548762 1
-1.49085503712101 1.11881676960995E-07 1.37564321512885 1
0.74503522432749 1.2904379628572 1.34166117337768 1
0.691688178815525 1.26194345953609 1.31345465445216 1
0.584977313936145 1.20520790874773 1.26109145233777 1
0.435111501864772 1.10517777067654 1.18672759636467 1
0.285383590380074 0.999980258834506 1.1254328970425 1
0.135305189114043 0.891315860884362 1.07687070808119 1
-0.0133976174646401 0.777552906589301 1.038725820568 1
-0.16784827270458 0.669367321814368 1.01563491853826 1
-0.329071990428542 0.569936938520556 1.00749362930564 1
-0.495922438592277 0.480274095582342 1.01506038012975 1
-0.666855391715639 0.400476427780027 1.03841665013591 1
-0.839529189245723 0.328514904179795 1.07689289094182 1
-1.00869706169279 0.252827182788846 1.12558087664937 1
-1.17465953502085 0.175763559493334 1.18690197139335 1
-1.33622168282468 0.0959985964801589 1.26109317837343 1
-1.43869567050901 0.0319604842460592 1.31344925763946 1
-1.49006945352928 2.64788226005806E-07 1.34166070935294 1
0.744629998802625 1.28973577405005 1.30658716317454 1
0.69557280024011 1.27209555779057 1.26695410279617 1
0.593481583315718 1.23358782140848 1.19327287900113 1
0.441061541704808 1.15606171166332 1.09240386387814 1
0.282827770561025 1.06674949970945 1.01069002597707 1
0.121352168266334 0.968698280619541 0.947275400971167 1
-0.0400705618068633 0.861694105945482 0.899398514638662 1
-0.206320357898528 0.755500365414773 0.870812060666587 1
-0.377352809950129 0.653563402523041 0.860673059411592 1
-0.551392901578865 0.556756090730127 0.869955476361642 1
-0.726418629837722 0.465715574663152 0.89893311335858 1
-0.899519154369134 0.379308376745939 0.947302614003889 1
-1.06511679311118 0.288451809527468 1.0108985219235 1
-1.22155306985109 0.196084102995314 1.09264859884191 1
-1.365041067862 0.102829905274486 1.19327636740324 1
-1.44944329810941 0.0336665351577715 1.26694781182425 1
-1.48925863694698 4.22606142281059E-07 1.30658668351906 1
0.744209591899442 1.2890072784254 1.27019913945201 1
0.699490409423304 1.28282289424204 1.21873176923043 1
0.602015377082767 1.26353157000697 1.12296573133171 1
0.447942586591457 1.20762573926244 0.994418565995056 1
0.282531283500982 1.13194179766672 0.891223305389756 1
0.111036999432985 1.04177471045186 0.812073897882397 1
-0.0619288230921558 0.938919322754413 0.753801960349264 1
-0.239211027746855 0.832698767023813 0.719295870944508 1
-0.419922544469311 0.727300394562992 0.706994575026891 1
-0.601918760043254 0.623941847710198 0.718146671138353 1
-0.782399030884112 0.523329974300016 0.753174410790114 1
-0.957598347388298 0.424803801415899 0.812106753880425 1
-1.12129735446615 0.321336507356541 0.891494982687368 1
-1.2694972974283 0.215943107987979 0.994736651548287 1
-1.39522876616842 0.110416961933726 1.12297096570669 1
-1.46070622445927 0.0356315807576639 1.21872456930083 1
-1.48841744391373 5.86336552576392E-07 1.27019864358022 1
0.743790440434642 1.2882809582678 1.23391977931561 1
0.70341748753082 1.29348153904235 1.17063704336138 1
0.610578057623629 1.29329174330323 1.05282642398257 1
0.454669903309727 1.25926641620423 0.896829033616806 1
0.281792732238541 1.19770648769435 0.772456438364217 1
0.099970101281693 1.11598805756045 0.677882268212306 1
-0.0848153128906356 1.01780758537099 0.609487190234968 1
-0.27332432989308 0.911954003718168 0.569255241371853 1
-0.463779511255104 0.803266482731049 0.554870533588004 1
-0.653614590954088 0.693214345463218 0.567814302332419 1
-0.839305830439987 0.582666098658837 0.608698028581907 1
-1.01628619246498 0.471517741355442 0.677920407855085 1
-1.17775268192561 0.354889357869797 0.772790787269152 1
-1.31743116186574 0.235972801329148 0.897219964462616 1
-1.4252720316802 0.117887354583951 1.05283346563337 1
-1.4719143295884 0.0375540673191122 1.1706289220962 1
-1.48757876288971 7.49578023607682E-07 1.23391926727591 1
0.743376433210953 1.28756355222916 1.19808567534907 1
0.707346446814913 1.30392264819411 1.12311139922654 1
0.619164276866751 1.32246391975724 0.983493522603483 1
0.460999584192329 1.31081892890097 0.800570499399363 1
0.280015331452821 1.26447875985797 0.65559048880748 1
0.0871877395241086 1.19249652891467 0.546120710641588 1
-0.110007885221018 1.10020760271026 0.468037944258381 1
-0.310143782529016 0.99564791400403 0.422377934913788 1
-0.510444253037567 0.884094687012463 0.406028961497956 1
-0.707800789652297 0.767048047785907 0.420648840313767 1
-0.898101340389885 0.645754215791687 0.467089221122567 1
-1.07610400381596 0.520862494055097 0.546163626600408 1
-1.23456206691984 0.389843427853157 0.655986325319389 1
-1.36509093179046 0.256300777604752 0.801033011657891 1
-1.45481815131886 0.125043664435382 0.983502435291572 1
-1.48293475351504 0.0393661571753786 1.12310234843358 1
-1.48675037498826 9.10816033941707E-07 1.19808514733991 1
0.742962975388837 1.28684709821256 1.16229912444935 1
0.711278873561327 1.31433486786908 1.07564152418482 1
0.627761400342776 1.35155876871542 0.914233880353791 1
0.467266245991288 1.36239761609117 0.704485626136214 1
0.278058627737505 1.33147701311834 0.539032360896194 1
0.0741014095406495 1.26945923884894 0.41480383583405 1
-0.135615491284661 1.18327489620407 0.327153464600456 1
-0.347456079664021 1.08016885063477 0.276150991904599 1
-0.557627121976351 0.965820128647822 0.257872601291951 1
-0.762456787885859 0.841721863525476 0.274134125225085 1
-0.957267319356528 0.709535284275736 0.326045414861131 1
-1.13616318443238 0.570697218492344 0.414851369313247 1
-1.29147755554263 0.42506540837013 0.539489460488479 1
-1.41274192340847 0.276696101918375 0.705019497384582 1
-1.4843027990415 0.132151923580151 0.914244691207594 1
-1.49393186365167 0.0411607947167153 1.07563153837894 1
-1.48592308638555 1.07184007598766E-06 1.16229858049192 1
0.742547979639297 1.28612797922213 1.12637945932332 1
0.715217218466177 1.32480089959632 1.02799444131102 1
0.636368132315046 1.38080057990241 0.84471498271427 1
0.473611012349017 1.41407326914869 0.608047346817766 1
0.276276890200518 1.3984088782967 0.422053972642434 1
0.061288363284086 1.34615067358263 0.283021997510553 1
-0.160868445181138 1.26587205701873 0.185777768596812 1
-0.384363723046042 1.16406307632388 0.129419785517801 1
-0.604403581720535 1.04684183981009 0.109207607963827 1
-0.816772643944049 0.9157323380149 0.127114076435895 1
-1.01620344468587 0.772774433846757 0.18450980162555 1
-1.19612398682383 0.620160075547348 0.283074152412454 1
-1.34842267717661 0.4601030988348 0.422572550749747 1
-1.46051551849693 0.297072663534526 0.608652831393443 1
-1.51391945462847 0.139325300868373 0.844727701372384 1
-1.50497859662473 0.0429772036152867 1.02798351642934 1
-1.4850927205407 1.23346307463148E-06 1.12637889935829 1
0.7422711955572 1.28564835819009 1.10242260783237 1
0.717845312598854 1.33177888014051 0.996213219930292 1
0.642112017003288 1.40029741237864 0.798341989402303 1
0.477833951684446 1.44855381924586 0.543744161560692 1
0.275059468876283 1.44309987485921 0.344090842775243 1
0.0526912457756978 1.3973894850199 0.195228817793559 1
-0.177782854464626 1.3210850845719 0.0916254695439108 1
-0.409066228056271 1.22016703697447 0.0317245207929338 1
-0.635694295845633 1.10104058891305 0.0102344884369309 1
-0.853085668478596 0.965244267644667 0.0292261668163276 1
-1.05558306602387 0.815076519026255 0.0902508532839277 1
-1.23616657425117 0.653238561852438 0.195283998728139 1
-1.38643164481483 0.483522023480641 0.344650371633647 1
-1.49238714385361 0.3106780414378 0.544397362084414 1
-1.5336689095505 0.144103459297818 0.79835599140899 1
-1.51234489520406 0.0441862604125086 0.99620166624688 1
-1.48453890270419 1.34125857223552E-06 1.10242203719097 1
0.74213292052023 1.28540875042278 1.09045430929254 1
0.719159747582734 1.3352623249598 0.980335048244077 1
0.644985381214021 1.41003091965974 0.775172538162644 1
0.479934205831891 1.46579584936208 0.511626016620843 1
0.274419907865759 1.46548079696853 0.305163072068687 1
0.0483409105821275 1.42308318744226 0.151406152177313 1
-0.186310339174676 1.34880234715816 0.0446405609833916 1
-0.421500566852717 1.24835726779272 -0.0170196779938386 1
-0.651426575148996 1.12829048510975 -0.0391436989756985 1
-0.871320359181851 0.990141269968611 -0.0196142728330576 1
-1.07533366486266 0.836343776455853 0.0432126683188714 1
-1.25622632025046 0.66985972435012 0.15146282405003 1
-1.40545139685464 0.495275851080028 0.305743039492338 1
-1.50831888774006 0.31749126463686 0.51230303756285 1
-1.54353144450519 0.146483862065358 0.775187185340845 1
-1.51602343029781 0.0447876796483166 0.980323179509018 1
-1.48426222789963 1.39511075298064E-06 1.09045373331747 1
1
